SAMPLES:	27982
BITSPERSAMPLE:	16
CHANNELS:	1
SAMPLERATE:	16000
NORMALIZED:	FALSE
11
7
13
0
2
1
2
-6
-8
-5
-13
-4
-10
0
-3
0
-3
-3
0
-1
5
-3
5
4
9
13
4
3
5
10
6
9
7
6
4
3
3
7
9
4
9
14
16
13
10
9
10
9
14
13
13
10
14
16
18
17
18
18
16
18
11
11
7
7
6
7
3
5
5
7
9
18
9
14
9
11
11
7
11
-3
14
2
6
4
13
1
7
4
6
14
11
12
3
19
7
15
1
6
1
5
2
5
6
2
5
7
9
7
22
7
20
11
24
14
22
18
17
16
7
16
4
12
8
9
5
8
8
7
13
15
13
15
14
14
14
12
16
9
16
10
15
16
19
14
9
16
7
7
-3
-2
-9
-1
-2
-2
-4
-5
2
-7
1
-8
1
-8
-1
-1
0
2
4
13
2
14
10
10
3
10
10
4
1
2
4
-2
6
3
2
0
9
4
3
0
3
3
-3
5
4
0
-3
5
-1
7
8
6
5
2
1
0
-1
-2
3
-6
-10
-18
-14
-14
-13
-15
-15
-10
-19
-15
-19
-10
-17
-13
-12
-7
-4
-9
-4
-6
-7
-6
-4
-8
-11
-15
-10
-15
-13
-13
-7
-10
-13
-6
-9
-16
-17
-8
-15
-12
-13
-15
-12
-15
-14
-10
-10
-12
-7
-7
-3
0
3
-10
-7
-2
-7
-4
-7
-2
-4
1
-7
-7
-6
-7
-2
0
6
1
6
4
4
1
6
1
7
4
6
0
1
7
-3
5
-3
3
1
1
3
6
0
0
-4
-1
6
-1
5
3
7
0
7
13
8
13
9
9
4
1
-4
-1
1
-1
0
-5
-5
-3
-4
-9
-7
-5
-1
2
-4
-1
0
5
6
3
7
7
5
0
6
-1
-2
-2
-6
-7
-8
-5
-12
-10
-12
-9
-6
-10
-12
-3
-7
-6
-4
-4
-3
-2
-3
1
6
0
9
6
6
-3
5
-1
-4
-5
-3
-4
-7
-2
-6
1
-3
0
-1
3
0
-2
-4
-1
2
3
8
3
6
6
10
1
3
-4
-3
-1
-5
0
-9
-6
-12
-10
-16
-16
-13
-15
-6
-6
6
1
0
0
3
7
6
6
9
9
10
16
16
15
12
17
13
12
8
12
1
-3
-6
-8
-10
-13
-9
-13
-4
-7
-7
-6
0
-2
1
6
12
9
6
8
2
4
3
4
0
2
4
-2
-4
-10
-4
-9
-5
-6
-9
-9
-8
-2
-2
-1
-7
-2
-8
-2
-7
-3
-4
-2
4
-3
4
-6
-1
-4
3
-6
-3
-6
-10
-4
-9
-10
-9
-16
-14
-10
-15
-5
-6
-2
-9
-6
-8
-7
-9
-3
-7
-13
-4
-4
-6
-14
-9
-16
-10
-6
-16
-12
-16
-23
-16
-13
-20
-17
-12
-9
-5
0
-4
-3
-2
0
5
-2
4
1
5
1
4
9
5
6
1
6
8
8
4
10
3
8
7
9
5
7
19
15
22
18
18
14
23
25
24
23
22
20
23
14
10
10
4
6
-2
2
0
0
0
3
0
-2
1
0
-2
-3
3
7
4
13
15
16
19
16
19
10
12
7
12
10
7
12
5
3
3
-7
-6
-4
-7
-4
-11
-5
-12
-7
-7
-4
-7
-7
-7
-7
-1
-3
3
-9
-5
-15
-13
-11
-12
-10
-12
-5
-10
-7
-8
-6
-12
-6
-10
-12
-9
-9
-4
-10
-9
-8
-4
-5
-3
-4
-2
-5
-4
-9
-11
-10
-10
1
-7
-11
-13
-3
-6
-1
-7
-3
-1
0
0
-2
4
-3
6
-6
4
0
7
2
1
7
3
3
-5
-3
-4
-6
-9
-4
-4
-7
-6
-4
1
0
1
-3
1
1
3
13
8
8
12
11
10
8
2
6
6
10
4
6
-3
-8
-6
0
-5
-4
1
-6
6
3
7
1
15
9
9
10
7
7
8
11
10
12
7
12
1
12
4
5
11
7
9
-4
7
3
3
3
-2
-1
3
6
-6
-5
-4
3
1
2
2
8
2
7
6
2
4
-3
0
0
15
3
8
2
5
3
7
4
2
5
-1
9
6
16
9
20
8
13
7
6
7
6
10
8
6
-3
12
0
11
4
8
8
-1
3
0
-1
-3
6
3
-2
-2
-1
-7
-3
-8
-6
-8
-11
-12
-19
-13
-16
-6
-14
-13
-15
-14
-13
-13
-9
-10
-10
-19
-13
-9
-13
-15
-11
-9
-9
-3
-3
-6
-3
-6
-5
-3
-6
2
-1
-1
-4
-7
-7
-8
-7
-7
-5
0
-3
-2
-7
-9
-3
-6
-7
-10
-5
-8
-2
-5
-2
-1
0
1
3
9
1
3
1
5
-3
1
4
2
6
10
1
4
6
2
9
5
15
3
13
4
3
4
5
12
2
7
2
8
6
12
1
1
2
0
-2
2
-1
-1
0
0
5
1
9
1
14
5
14
6
5
0
-2
4
-2
6
-1
7
-2
6
0
12
9
11
13
4
10
-3
8
-3
8
1
8
5
4
7
10
8
2
13
5
12
9
16
7
10
15
6
10
10
7
1
1
0
0
-8
-3
-5
-2
-4
-3
-2
-4
-3
-4
4
-3
0
-3
0
-3
4
4
2
6
0
-2
-6
-4
-16
-14
-22
-18
-23
-26
-19
-22
-24
-20
-19
-25
-18
-21
-15
-12
-7
-4
0
4
0
2
6
3
-3
-1
-11
-13
-10
-6
-8
-16
-14
-21
-17
-20
-24
-19
-19
-21
-17
-15
-13
-15
-17
-13
-15
-9
-10
-6
-16
-7
-2
-11
-16
-13
-13
-14
-6
-15
-13
-12
-9
-20
-12
-11
-12
-11
-1
-1
-10
3
3
3
9
14
9
15
15
13
9
15
19
15
25
19
21
12
16
16
12
15
14
16
9
13
11
15
13
17
14
16
22
23
21
16
23
16
18
18
17
15
14
12
23
16
17
24
16
22
17
21
20
20
13
15
15
12
11
12
11
2
2
3
3
4
7
6
9
11
9
3
4
-3
3
4
2
-3
-1
-3
1
2
-5
0
-8
1
3
3
-1
3
-2
-2
-4
0
-1
-9
-5
-6
-4
-15
-4
-10
-11
-14
-7
-15
-12
-10
-12
-4
-9
-3
-12
-6
-13
-5
-9
-7
-5
-5
-6
-11
1
-5
-12
-18
-9
-8
-5
-2
-3
-1
1
3
8
6
5
14
4
15
13
17
15
19
24
16
24
9
16
9
9
9
7
10
14
11
10
11
10
9
7
13
4
13
6
5
-1
3
1
-3
-2
-3
-1
-10
-1
-6
2
1
0
-6
-11
-9
-12
-16
-11
-13
-12
-3
-13
-10
-10
-12
-8
-6
-6
-9
-12
-7
-9
-11
-6
-7
-5
-7
-2
-3
-6
1
0
0
1
9
-1
4
1
0
7
-14
-4
-5
-7
-10
-1
-4
-6
-3
2
6
2
7
2
6
1
7
1
4
-4
-3
-5
0
-4
-2
5
-2
3
6
10
1
13
10
18
12
15
9
9
11
3
7
4
12
4
8
4
6
3
9
6
2
2
1
-3
-7
-4
-11
-8
-12
-5
-6
-4
-5
-2
-1
0
0
-3
1
-7
0
-5
-3
-4
-3
1
-7
-1
-5
-4
-3
-3
0
7
0
5
4
4
3
-6
0
-3
-4
-8
-6
-11
-7
0
1
-3
0
3
2
3
-1
6
-2
-4
-1
2
0
-1
9
8
7
9
8
5
2
5
6
10
12
10
6
-3
1
2
4
-3
1
-4
-10
-8
-9
-11
-19
-8
-5
1
-6
0
1
6
4
6
6
6
12
8
12
2
10
4
12
3
6
7
4
4
-2
-3
-6
-3
-12
-4
-7
-3
-9
3
-5
-6
-3
-3
7
-1
9
0
7
3
5
0
-3
-8
-2
-7
-12
-4
-18
-16
-21
-8
-13
-15
-18
-12
-18
-19
-10
-12
-8
-16
0
-7
1
-1
5
-1
-5
3
0
6
0
2
-4
0
-9
-4
-11
-10
-16
-13
-12
-13
-10
-18
-9
-19
-13
-16
-12
-16
-7
-7
-4
-2
-7
-2
-10
-1
-12
-4
-11
-9
-7
-6
-1
-4
-3
-1
1
-6
0
-11
-3
-6
-2
-7
-9
-4
-10
0
-5
6
-4
1
-5
-9
0
-6
-4
-10
-4
-10
0
-3
3
-4
1
5
3
7
0
2
-5
0
-4
-1
-10
-2
-4
2
4
6
8
5
9
6
19
9
11
8
10
7
2
1
0
2
0
3
4
5
0
5
3
5
5
3
3
6
10
12
9
5
9
6
13
9
7
1
6
9
3
8
11
16
12
22
19
22
17
22
17
16
22
15
23
18
24
21
25
24
16
14
12
12
9
9
7
10
9
9
10
13
14
12
8
6
7
4
1
4
0
2
3
6
0
-3
4
0
-3
-7
0
1
0
2
0
-3
-6
-10
-6
-10
-10
-7
-16
-12
-14
-9
-19
-12
-13
-19
-17
-16
-16
-13
-14
-12
-4
-12
-7
-15
-13
-23
-17
-15
-20
-20
-21
-16
-19
-13
-16
-17
-19
-9
-10
-2
-2
-1
-2
-1
1
5
9
5
12
3
6
1
3
-7
-7
-11
-10
-4
-16
-4
-14
-7
-13
-10
-14
-10
-6
-5
0
-5
-1
-9
-1
-9
2
-6
-7
-6
1
4
-3
-4
-12
-7
-12
-3
-6
-6
-8
-1
-4
0
-4
-7
0
-4
1
-4
3
-3
-2
-7
1
-3
-7
-2
-5
1
-4
-2
-9
-7
-15
-12
-15
-20
-13
-25
-20
-17
-11
-13
-9
-6
-4
-6
-1
-3
3
4
1
12
7
8
3
1
-7
0
-10
-6
-7
-8
0
-8
-7
-11
-6
-9
-7
-6
-4
-4
0
3
3
10
8
16
9
8
7
5
4
4
5
-3
2
0
6
1
3
0
1
1
3
0
-3
8
6
16
19
27
19
25
28
29
30
31
34
26
27
20
16
13
10
7
9
7
11
8
7
10
7
11
8
15
13
20
28
23
25
26
24
22
28
26
20
15
27
22
18
13
6
9
-3
-2
-4
-5
-6
-4
-5
-5
-1
0
-3
2
3
2
11
5
10
13
13
13
16
11
5
3
-1
-3
-4
-4
-12
-11
-13
-16
-13
-19
-14
-13
-9
-7
-4
3
4
2
0
9
4
6
10
10
15
12
17
14
14
13
16
12
2
2
3
-2
-1
-4
-6
-9
-14
-7
-10
-6
-12
-5
-5
0
3
3
5
5
8
5
11
5
10
4
5
5
7
1
-1
-6
-4
-4
-5
-3
-10
-2
-11
1
-3
-7
-9
-6
-1
0
3
0
8
6
11
4
7
-1
-3
-2
-3
-3
-13
-10
-17
-10
-21
-16
-12
-9
-12
-10
-1
-6
-1
-10
-1
-1
7
3
8
6
8
11
7
6
1
3
1
0
-6
3
-11
0
-1
-1
2
-5
0
-4
-4
-6
2
-4
0
0
5
-5
1
0
-3
1
-3
3
0
6
-4
8
3
-3
3
-1
4
2
2
7
9
4
7
9
12
9
11
10
4
10
5
7
5
8
8
6
9
4
9
0
5
1
-2
-2
2
0
-1
-1
2
-3
-7
-4
-9
-3
-6
2
-7
-4
-9
-1
-6
-2
-5
-7
-4
-9
-4
-13
-7
-17
-14
-21
-13
-19
-16
-20
-15
-12
-14
-9
-16
-5
-11
0
-7
-2
-1
4
3
0
2
0
6
-7
3
4
0
0
0
-2
-2
-6
-4
-1
-10
4
-4
-1
-1
0
3
1
7
3
3
3
4
-2
2
2
-3
-8
-11
-10
-16
-19
-14
-12
-13
-14
-16
-15
-17
-14
-20
-19
-19
-25
-18
-19
-15
-13
-9
-7
-4
-3
-3
-6
-4
-3
-3
-4
-2
-3
-9
-6
-9
-12
-13
-7
-11
-13
-10
-8
-4
0
2
7
2
7
5
9
8
5
3
-5
-3
-3
4
-2
1
-7
1
-2
3
0
-1
1
-1
4
6
12
10
14
7
15
7
5
6
6
12
9
17
7
7
4
6
5
2
2
-3
-6
-6
-3
-2
0
-4
6
-4
-4
-3
0
0
0
5
-6
1
-9
-5
-12
-2
-6
-2
2
4
6
-1
5
-5
2
-4
3
-3
0
-6
-5
-6
-1
4
0
3
-1
2
-2
7
4
15
10
18
9
13
7
0
7
0
11
2
10
3
3
2
3
2
5
5
4
6
6
9
2
5
0
4
11
16
8
2
8
9
7
8
16
11
11
13
4
6
3
5
1
4
3
1
4
6
10
13
10
14
22
16
24
23
22
19
22
16
22
17
16
20
14
14
14
16
17
14
7
19
15
22
14
21
13
10
19
12
14
12
24
17
25
18
19
22
18
19
21
25
16
13
10
9
3
4
-4
-4
-6
-10
-9
-10
0
-6
-3
-4
-4
-3
-10
-6
-11
-11
-16
-15
-22
-21
-26
-22
-19
-25
-28
-25
-21
-21
-18
-22
-20
-25
-21
-23
-15
-15
-23
-20
-16
-16
-14
-12
-15
-12
-14
-8
-8
-14
-12
-9
-12
-13
-13
-14
-17
-16
-23
-15
-18
-16
-12
-16
-7
-7
-4
-13
-8
-10
-1
-4
0
0
-5
-4
-9
-1
-9
-4
2
5
0
-1
-7
-1
-1
4
-1
0
-4
-13
-6
-8
-8
-12
-1
-11
-7
-7
-7
1
6
4
7
6
6
10
-2
7
-3
3
-4
-3
-4
-8
-1
-6
-2
-4
-3
-3
10
11
13
11
15
9
10
13
11
16
8
14
7
17
7
9
5
0
9
4
13
-5
3
-5
-3
-3
-4
0
0
6
5
7
-1
3
-4
3
-3
3
-3
0
-7
-12
-10
-13
-10
-13
-1
-11
-8
-9
-7
-8
-8
-8
-7
-7
-6
-2
-6
0
-8
0
-3
-3
-5
0
-3
4
3
-3
-1
-4
2
-10
-3
-1
-3
-5
-11
-17
-18
-12
-12
-6
-9
-9
-10
-3
-2
-7
2
-3
6
-6
3
0
0
-1
-4
1
-6
0
-2
2
-8
5
0
6
-4
-1
-3
-3
-6
-3
3
-8
0
-8
1
1
8
-4
2
3
0
-4
2
-4
-8
-1
1
9
-2
7
1
8
0
4
2
-2
2
1
6
3
5
0
6
1
7
8
9
12
10
15
8
12
3
7
8
7
7
4
6
2
9
6
10
9
15
15
23
19
19
21
19
21
22
25
19
22
13
9
7
9
1
3
0
4
3
2
9
3
5
-1
2
0
0
-3
-3
-4
-3
-10
-11
-12
-11
-9
-12
-14
-19
-21
-22
-12
-12
-7
-8
-9
-11
-16
-11
-14
-12
-13
-11
-10
-7
-7
-9
-9
-16
-20
-12
-19
-25
-25
-25
-24
-24
-19
-19
-20
-22
-11
-15
-12
-10
-11
-9
-13
-3
-7
-6
-2
0
1
4
3
6
-1
7
2
3
3
1
4
-3
6
1
6
-5
2
0
-1
-6
-1
-1
-4
9
0
9
-9
-3
-6
9
1
2
4
2
2
-6
-3
-15
-2
-8
-7
-7
-3
-10
-10
-7
-2
3
1
6
4
9
11
16
15
19
13
19
20
16
24
17
15
9
14
6
6
2
4
1
0
9
3
5
4
15
6
16
12
13
9
14
18
10
15
9
13
1
16
10
12
10
10
9
8
10
4
7
-2
4
-4
4
-1
5
10
3
10
9
10
3
16
13
16
13
20
15
16
17
16
16
7
16
5
4
-2
6
1
5
4
1
3
6
6
5
3
-2
10
6
11
10
15
16
18
20
22
22
23
22
10
17
6
13
4
3
5
-2
-5
-9
-7
-10
-7
-10
-4
-9
3
1
-2
-1
6
3
0
1
-6
1
-5
-3
-17
-10
-13
-19
-17
-15
-20
-25
-19
-28
-25
-27
-24
-25
-28
-23
-22
-21
-13
-14
-15
-13
-11
-12
-10
-4
-9
-5
-3
-4
-3
-4
-7
-10
-8
-9
-13
-6
-5
-6
3
6
7
6
9
9
13
8
12
12
10
16
16
24
28
32
28
32
31
26
28
25
21
24
22
20
20
12
17
10
14
6
7
5
4
4
4
7
8
10
10
17
9
19
4
6
0
-4
-9
-10
-13
-20
-12
-16
-12
-13
-9
-9
0
-5
6
5
0
2
5
5
1
8
3
6
1
10
7
13
4
2
4
-1
6
-5
0
-8
0
-6
2
-4
-7
-1
-9
-1
-6
-2
-8
-1
-3
5
4
9
7
0
8
6
1
-7
-4
-12
-9
-14
-6
-10
-14
-11
-12
-10
-17
-15
-17
-21
-23
-18
-19
-16
-18
-14
-17
-17
-12
-21
-11
-15
-15
-19
-17
-20
-19
-13
-21
-19
-22
-19
-26
-16
-16
-23
-22
-10
-12
-12
-1
3
8
0
19
11
13
4
6
6
5
6
-2
4
-8
-1
-9
-3
-9
-8
-6
-5
-10
-7
-3
-2
0
-5
-1
-3
6
4
3
4
9
1
4
2
3
3
-1
3
-4
1
-5
-3
-12
-12
-9
-9
-5
-5
5
0
6
-2
-2
7
0
7
0
7
10
19
15
14
16
13
11
12
11
8
10
9
11
4
9
3
8
7
12
13
7
9
1
4
1
9
9
11
6
6
8
6
6
9
7
3
10
5
2
-4
-3
-11
-6
-4
-7
-5
4
-1
-8
1
-3
-7
-7
-4
5
-3
1
0
-2
2
1
4
-5
-4
-15
-8
-13
-13
-15
-15
-17
-22
-10
-18
-14
-22
-20
-19
-15
-11
-10
-14
-3
-5
2
-6
-13
0
-7
-3
-13
-6
-13
-8
-3
0
1
-3
-1
-3
0
4
8
4
6
-3
9
3
16
14
18
23
21
25
13
28
19
24
15
16
12
8
7
3
7
0
4
5
6
0
13
8
15
14
17
16
11
22
11
20
9
22
19
22
20
18
19
13
17
4
6
-4
3
-5
-2
-1
-1
-6
-7
-1
-4
2
-7
-6
-9
1
-2
2
1
4
3
3
5
3
9
4
12
-1
0
-11
-10
-17
-12
-6
-11
-7
-11
-11
-17
-13
-17
-10
-15
-12
-9
-3
-3
-8
1
-4
1
-2
3
-6
-10
-15
-13
-16
-15
-7
-12
-1
-10
-2
-6
-5
0
-9
-1
-6
-2
-4
-5
-2
1
-3
4
3
6
7
9
2
-1
0
-13
-3
-17
-12
-15
-9
-11
-6
-9
-11
-8
-14
-3
-5
5
3
6
3
15
9
16
15
9
13
6
13
5
11
-2
0
-2
-6
-11
-10
-12
-14
-10
-13
-8
-15
-12
-13
-8
-9
-1
2
-1
5
6
5
-1
-1
-7
-2
-10
-11
-17
-24
-25
-22
-22
-30
-19
-23
-20
-19
-18
-16
-13
-9
-9
-4
-3
0
4
2
-4
-3
1
3
-5
1
-7
-7
-11
-7
-6
-11
-4
-3
-6
-9
-6
-12
-8
-5
-4
-12
-7
-7
-7
-3
3
4
4
9
10
18
12
17
11
9
5
2
4
5
0
4
3
1
3
1
-1
-3
12
1
9
0
5
9
12
13
10
13
9
12
10
13
3
8
-2
6
2
-1
1
2
-3
-5
3
1
5
-9
-2
-3
-2
3
7
12
4
12
13
18
19
24
20
20
19
19
24
16
22
14
21
17
18
6
12
13
12
18
14
15
16
16
6
15
12
20
9
18
19
20
15
14
20
11
19
12
17
10
15
13
15
11
8
4
0
6
4
6
4
17
19
19
16
21
19
13
22
20
19
15
16
15
18
17
16
15
6
9
12
7
6
0
2
6
-1
3
-2
-1
8
2
6
7
13
6
10
9
9
12
5
6
8
7
4
2
-2
2
-3
6
-7
-5
-14
-13
-19
-13
-13
-22
-17
-16
-12
-19
-10
-19
-12
-17
-3
-3
-4
-2
-5
-2
-9
-3
-8
-11
-13
-13
-12
-14
-19
-19
-23
-17
-19
-21
-16
-16
-16
-14
-9
-8
0
-4
-4
0
0
-2
-3
0
-9
-5
-6
-7
-4
-10
-10
-10
-3
-9
-4
-10
-8
-7
-9
-8
-11
-4
-7
-3
0
-4
-3
-6
-3
-1
-6
-6
-10
-8
-5
-3
-8
-7
-8
-8
-10
-12
-6
-11
-13
-8
-3
-7
-6
-6
-2
-9
-5
-3
-8
-7
-13
-16
-21
-19
-22
-24
-29
-22
-28
-22
-20
-22
-23
-24
-19
-20
-20
-25
-22
-22
-18
-21
-16
-25
-19
-20
-18
-11
-22
-17
-25
-17
-25
-15
-16
-16
-16
-14
-13
-9
-10
-9
-2
-9
-1
-6
-2
-3
6
1
7
6
4
4
4
6
3
3
-1
7
2
6
3
9
2
5
1
1
12
-2
8
0
13
8
10
13
6
10
3
16
6
15
14
13
17
10
8
5
3
1
5
2
10
2
9
0
-1
-1
2
-1
5
11
2
7
7
12
7
24
16
19
19
15
14
3
2
0
1
-3
0
-3
3
3
-2
-5
-2
1
3
8
13
7
7
9
10
9
6
17
11
14
15
21
18
10
18
10
16
12
13
9
8
15
9
19
8
13
13
13
5
5
13
8
11
9
15
8
11
10
16
11
19
13
16
9
14
17
13
16
6
11
12
20
12
19
12
6
7
8
6
1
5
7
13
12
19
9
15
7
6
6
1
0
-6
2
-5
-1
-4
2
0
4
0
5
6
5
9
8
10
3
12
0
9
0
2
4
2
3
-6
1
-10
-7
-11
-11
-11
-9
-6
-8
-13
-9
-12
-15
-20
-20
-16
-27
-16
-19
-16
-12
-12
-13
-16
-17
-21
-22
-19
-15
-18
-16
-17
-19
-17
-13
-15
-13
-7
-4
-3
-1
3
2
4
6
10
4
4
10
7
2
6
2
9
5
4
5
1
2
3
8
-3
-2
-8
0
-3
-2
-3
1
0
1
8
-6
1
-2
9
7
8
9
6
1
6
8
4
6
8
10
1
5
4
-1
1
7
0
5
0
-6
-1
-7
-1
-7
-9
-13
-15
-11
-7
-8
-5
-6
-9
-8
-9
-7
-11
-7
-19
-10
-11
-6
-6
3
0
-3
-1
-6
3
-5
0
-3
4
-2
3
-2
2
1
0
10
5
9
6
1
3
7
3
4
-2
-3
-5
-1
0
-7
-7
-6
-4
-8
-1
-3
-3
-6
-6
0
1
2
-1
3
-3
0
-2
-3
-5
-7
-7
-4
-10
-15
-15
-15
-14
-20
-13
-16
-11
-12
-11
-8
-12
-3
-3
0
-3
0
3
3
3
4
1
-3
-5
-9
-10
-13
-10
-19
-13
-16
-15
-15
-18
-17
-21
-12
-15
-5
-10
0
9
11
16
17
14
13
15
13
16
17
23
16
22
17
9
13
8
15
14
10
9
9
0
5
6
12
10
8
10
5
13
10
17
15
17
13
18
12
10
2
5
7
3
8
6
17
3
22
16
15
12
9
16
12
20
15
19
10
15
15
18
17
23
22
26
31
19
22
20
18
15
10
10
8
1
0
-4
-7
-3
1
-7
-5
-2
-5
-9
-3
-2
-1
6
7
9
5
11
8
6
6
8
1
3
-3
-5
-6
-6
-4
-9
-8
-16
-7
-15
-12
-10
-13
-13
-10
-6
0
1
-1
-3
-7
0
-3
-5
-4
-3
-12
-10
-13
-10
-8
-13
-7
-9
-4
-12
-10
-9
-1
-3
-4
-2
-3
-1
-7
-4
-12
-8
-15
-5
-7
-4
-7
-10
-6
-16
-8
-12
-5
-13
-7
-14
-12
-15
-16
-13
-20
-13
-19
-12
-13
-4
-13
-4
-3
0
-2
-4
-4
-9
-9
-15
-9
-12
-10
-16
-8
-16
-7
-6
-6
-2
-7
-3
-5
-3
-10
2
-3
1
6
8
5
4
6
6
9
4
10
-1
12
9
8
7
9
9
0
8
12
7
4
9
1
3
-2
1
3
11
16
14
17
16
19
12
15
13
18
17
15
15
7
6
0
2
-3
-6
-6
-4
2
-6
6
-1
-1
-6
-7
-6
-8
-4
-8
-1
-2
-1
0
-1
-7
-7
-10
-11
-18
-15
-21
-18
-23
-23
-20
-27
-21
-22
-19
-28
-20
-22
-13
-14
-10
-7
-10
-11
-7
1
-2
-2
-10
-7
-12
-12
-19
-13
-15
-22
-19
-22
-16
-17
-20
-23
-20
-20
-14
-15
-18
-13
-12
-11
-13
-4
-4
-2
-6
-3
-3
-7
-7
-13
-9
-10
-9
-12
-6
-3
-2
-3
-3
-5
-9
-3
-6
-4
-3
-3
-2
-3
1
-2
4
5
1
4
0
3
7
3
-4
4
7
6
12
5
13
10
22
20
13
12
12
17
7
16
22
25
23
37
33
37
32
31
32
28
26
22
20
20
17
18
17
10
16
5
10
1
13
12
16
13
16
23
20
31
25
31
29
38
31
29
22
19
18
21
19
16
17
16
22
16
19
12
14
4
7
7
0
3
6
10
14
14
13
20
18
23
19
25
14
12
11
4
13
4
11
0
3
-3
1
7
0
7
7
13
14
16
13
15
13
14
5
8
6
9
5
9
13
4
2
-4
-1
-12
-8
-12
-7
-13
-11
-3
-10
-10
-13
-9
-16
-12
-16
-16
-20
-18
-20
-19
-16
-19
-13
-20
-12
-17
-16
-18
-19
-17
-19
-15
-20
-16
-25
-24
-23
-20
-21
-15
-14
-14
-12
-21
-15
-20
-12
-13
-9
-10
-9
-9
-12
-11
-14
-11
-18
-9
-19
-13
-16
-16
-22
-19
-19
-16
-11
-10
-7
-18
-13
-20
-14
-22
-17
-20
-10
-13
-7
-5
-6
-6
-13
-5
-8
-5
-16
-6
-12
-4
-8
-12
-7
-12
-10
-11
-6
-6
-3
-8
-4
-4
-2
-2
1
-1
-2
-1
-6
-7
-10
-6
-13
-9
-9
-9
-15
-10
-3
-7
0
-9
0
-3
6
3
1
10
1
9
8
12
10
15
14
13
9
7
8
6
4
8
12
6
14
7
10
8
13
14
18
17
10
15
18
17
12
15
8
7
13
12
10
10
12
18
14
13
9
8
8
12
10
9
6
8
10
11
12
9
12
6
7
0
10
4
13
9
10
7
6
9
4
16
10
19
15
16
1
5
0
3
0
1
6
4
13
2
6
-3
9
-2
5
7
12
15
13
23
17
19
13
22
15
19
21
16
15
8
6
7
6
0
7
3
9
-2
8
9
8
11
8
16
7
19
15
16
16
17
12
15
18
12
10
4
5
1
6
0
14
8
7
7
-1
-4
-3
4
1
5
0
0
-3
2
-2
-1
0
-1
-10
-10
-6
-17
-15
-19
-16
-18
-14
-12
-11
-11
-13
-7
-5
-7
-8
-6
-10
-9
-9
-6
-5
2
-3
0
0
-6
-4
-9
0
-5
4
-5
-6
-7
-16
-7
-13
-9
-14
-7
-9
-8
-8
-9
-11
-9
-7
-13
-9
-9
-8
-12
-3
-11
-10
-13
-12
-13
-15
-7
-18
-12
-15
-18
-22
-22
-31
-26
-31
-25
-26
-28
-24
-30
-20
-17
-9
-18
-10
-16
-12
-10
-12
-6
-10
-9
-13
-11
-17
-15
-20
-11
-11
-10
-6
-13
-11
-12
-7
-7
-5
-10
-5
-7
1
-2
-8
1
-3
3
-2
2
-2
0
-3
-7
-9
-12
-15
-13
-10
-13
-14
-15
-13
-19
-8
-8
-4
-10
-10
-6
-11
-8
-10
-7
-4
1
-2
0
0
-3
-4
-1
-5
-3
-4
0
-6
-3
-2
-4
-14
-10
-7
-9
-8
-12
-1
-2
5
-3
0
-2
-1
-2
0
-3
-4
3
0
2
-1
-5
-3
6
-3
6
-4
3
4
6
1
-2
6
3
10
-1
5
3
6
2
10
9
11
10
9
13
4
5
0
6
-3
0
1
1
1
-2
9
2
9
10
9
9
11
10
13
15
9
9
18
23
14
20
13
16
1
8
-3
0
5
-1
8
1
14
4
12
4
10
5
10
9
15
16
22
25
17
29
21
33
25
32
29
31
29
28
26
26
22
23
32
24
28
28
25
19
27
19
31
34
34
34
31
37
32
35
33
36
35
31
31
34
23
18
27
15
12
12
11
13
11
12
8
5
3
15
7
12
15
23
15
6
9
1
6
-2
8
-5
2
-3
-4
-12
-12
-13
-14
-12
-18
-8
-16
-11
-14
-7
-18
-12
-13
-15
-15
-5
-9
-14
-10
-10
-7
-16
-4
-13
-7
-9
-3
-11
-15
-12
-19
-19
-22
-13
-14
-18
-18
-10
-12
-19
-11
-13
-9
-8
-10
-6
-13
-10
-4
-7
-3
-6
-4
-3
-7
-12
-13
-10
-22
-16
-17
-11
-15
-10
-9
-15
-10
-16
-9
-16
-12
-19
-10
-8
-6
0
1
-3
-6
0
-5
-1
0
1
-4
5
0
-3
-5
-6
-3
-7
-3
0
-4
-3
-1
-6
-4
4
7
13
13
13
15
10
11
6
14
10
6
1
3
3
-2
0
-6
2
-6
1
-3
0
-4
-10
-2
-3
-4
0
2
0
1
-6
5
-5
0
1
1
0
-5
-1
-10
-7
-7
-7
-15
-12
-15
-20
-17
-14
-19
-20
-12
-9
-15
-12
-3
-7
-2
-8
0
-6
-10
-10
-11
-4
-7
0
-3
-2
-10
-6
-13
-13
-13
-12
-7
-15
-3
-9
-7
-12
-7
-7
0
2
4
3
5
11
3
9
-1
3
-3
-1
-7
-8
-10
-12
-15
-21
-11
-18
-12
-17
-10
-16
-8
-4
-4
2
0
8
3
7
7
15
5
10
7
5
-2
-4
0
-5
0
-6
-2
-9
-6
-12
-8
-12
-14
-15
-16
-7
-11
-3
-4
0
-2
1
9
0
6
10
1
4
7
2
6
3
0
-2
-3
-1
-8
-4
0
0
-1
3
1
4
2
8
4
11
12
13
18
14
19
16
20
19
23
16
18
12
11
4
4
3
1
0
-6
-3
-9
-1
-8
-6
-10
-2
-3
5
7
6
11
8
15
10
19
12
17
15
15
15
12
12
9
10
9
10
9
8
7
8
5
6
-3
3
-3
-4
2
3
11
5
12
12
15
19
14
16
18
20
16
18
17
16
15
11
8
3
6
5
4
9
8
4
5
3
5
4
6
8
7
10
10
17
7
6
11
0
3
7
6
6
9
18
11
9
-3
-6
-4
-5
-2
-5
-3
5
5
2
7
6
9
9
11
12
13
7
9
3
4
6
6
6
0
7
-5
6
-5
3
2
1
7
3
4
0
6
-2
2
0
8
0
1
-7
-9
-14
-12
-13
-11
-7
-6
-1
-12
-4
-15
-3
-13
-6
-4
-11
-2
-12
-5
-11
-3
-3
2
0
7
4
7
4
6
9
0
12
-4
7
-8
-1
-6
-5
-1
-7
-3
-10
-4
-5
-2
-16
-8
-13
-4
-9
-6
-6
-9
-4
-6
-3
-7
-6
-9
-2
-12
-6
-9
-12
-10
-9
-4
-6
-2
-9
-9
-12
-8
-8
-9
-9
-3
-1
-4
-1
1
-2
-3
-4
-6
-9
-19
-13
-19
-21
-22
-23
-26
-28
-23
-24
-19
-27
-14
-22
-22
-11
-19
-6
-13
-4
-16
-13
-9
-11
-9
-14
-6
-13
-6
-20
-15
-19
-22
-28
-25
-30
-26
-26
-25
-24
-30
-19
-25
-17
-26
-13
-14
-14
-19
-11
-15
-12
-10
-17
-11
-22
-9
-15
-13
-16
-13
-9
-5
-4
-5
-1
-3
3
-1
4
6
6
12
16
18
24
24
25
29
29
31
32
34
29
34
32
28
28
28
26
19
28
23
27
24
29
25
26
32
26
32
30
35
26
32
24
19
24
28
31
29
32
28
29
25
19
16
13
14
13
17
13
15
14
10
8
8
16
12
18
20
27
23
21
27
19
16
16
15
7
7
5
2
1
-2
-9
-10
-10
-7
-6
-10
-5
-13
-9
-8
-2
-2
0
3
7
9
5
16
10
11
16
24
16
12
5
3
-4
-6
-3
-9
-7
-13
1
-5
-3
0
0
-5
1
3
-2
-1
-10
1
0
2
-1
6
1
-2
1
-1
-1
-5
-6
-14
-9
-15
-20
-22
-11
-21
-16
-18
-12
-14
-16
-4
-17
-6
-11
2
0
4
4
9
5
-1
3
3
-1
-10
-4
-18
-16
-21
-17
-19
-15
-19
-21
-20
-22
-18
-22
-17
-14
-9
-15
-14
-9
-9
-8
-4
-2
3
4
2
-2
-3
-4
-6
-6
-6
-2
-4
1
-7
-7
-8
-8
1
-6
1
4
0
6
6
6
4
13
10
12
13
13
9
7
10
6
2
2
7
-3
3
-4
-4
-9
-10
-7
-15
-10
-8
-8
-14
-10
-6
-4
-4
2
0
4
0
4
2
0
5
-2
6
4
2
-6
-9
-12
-8
-16
-17
-9
-13
-15
-18
-14
-23
-16
-20
-17
-17
-16
-16
-13
-16
-17
-9
-13
-9
-14
-11
-9
-9
-12
-13
-16
-13
-7
-9
-9
-14
-9
-17
-10
-15
-7
-10
-7
6
-5
2
-1
3
1
2
-1
2
0
-6
-4
-8
-6
-11
-5
-3
-1
-3
4
2
4
6
9
8
9
20
23
25
22
26
23
25
23
22
24
22
26
24
20
18
19
16
16
13
13
15
15
15
9
15
15
12
10
13
16
18
19
13
22
20
19
18
20
15
10
13
9
2
0
4
-4
1
1
-2
3
-2
6
3
9
6
6
5
6
8
7
11
10
12
9
13
5
10
-3
0
-5
4
0
-1
4
-9
-1
-7
-2
-10
-7
-9
-8
-8
-9
-11
-2
-5
-12
-7
-11
-1
-3
6
0
6
9
8
3
2
9
-2
2
0
1
-3
6
0
4
0
-2
-1
-4
2
-6
15
5
10
10
14
11
4
3
-6
3
0
6
0
-2
-1
-4
-2
-5
-7
-6
-3
1
-7
-6
9
-1
6
1
6
-3
-6
1
-3
-2
-13
-10
-13
-10
-19
-12
-15
-16
-18
-10
-10
-13
-7
-16
-7
-11
-8
-9
-15
-7
-8
-7
0
-8
-5
1
-4
-3
-8
-7
-9
-14
-12
-20
-23
-13
-19
-13
-10
-14
-7
-4
-7
-13
-12
-19
-15
-12
-12
-7
-8
5
-4
-3
-10
-2
-5
-6
-8
-10
-2
-17
-2
-15
-10
-28
-10
-14
-19
-9
-19
-10
-20
-10
-12
3
-9
5
7
8
9
6
5
-4
6
9
12
6
13
-1
6
-3
-6
6
-3
2
0
8
13
3
0
0
0
2
4
7
10
2
7
0
4
5
-15
-7
-11
-2
-9
-6
-9
-10
-8
-11
-1
-16
-11
-15
-9
-13
-4
-8
-12
-3
-20
-13
-16
-11
-11
-6
-4
1
-3
-6
7
-12
-1
-12
-9
-3
-16
4
-6
-10
-3
-14
-7
-3
-13
-3
-18
-1
-10
-12
3
0
2
-2
6
-2
5
-4
6
4
12
17
11
20
14
12
16
13
16
8
12
25
6
18
16
-1
16
6
16
18
0
37
-3
22
26
-1
33
8
30
27
23
36
17
24
16
15
16
14
6
21
7
29
19
10
23
1
25
8
21
20
8
16
15
6
15
4
3
18
-3
12
9
6
26
7
17
26
-4
38
9
22
33
8
40
17
31
23
12
31
16
30
18
11
27
4
21
5
19
5
10
14
-1
11
-7
16
1
9
9
5
2
9
-3
28
3
9
41
-18
49
-9
10
41
-35
59
-26
7
26
-47
47
-28
5
14
-26
26
-10
-9
22
-28
34
-9
-8
39
-33
27
-4
-2
20
-19
22
4
-29
24
-40
-3
-9
-38
24
-34
-4
0
-17
2
-16
-10
-2
-5
-11
23
-20
7
11
-23
34
-40
34
-15
-8
17
-34
22
-45
1
-16
-15
0
-15
0
-7
-16
-5
-8
-17
9
-23
12
-1
-2
12
-12
7
-25
-1
-26
-5
-6
-25
13
-40
8
-31
-27
0
-47
1
-22
-25
13
-50
13
-29
-29
21
-64
46
-42
15
16
-39
42
-41
12
11
-30
22
-3
-22
26
-51
5
-12
-53
44
-58
22
-7
-39
3
-52
2
-40
3
-12
28
-4
9
21
-22
47
-62
45
-7
-22
65
-61
53
-9
-21
46
-76
55
-47
-15
28
-65
40
-50
-8
0
-20
-3
-7
3
-6
-2
-20
-18
-31
-2
-27
-1
-3
-9
13
-38
3
-71
-1
-53
-59
37
-100
47
-66
-44
20
-122
41
-112
-10
8
-119
105
-128
51
-3
-102
108
-141
94
-58
-57
93
-165
81
-86
-65
58
-128
59
-66
-13
28
-83
31
-37
-23
24
-46
10
22
-45
46
-57
20
-6
-27
48
-50
74
-27
12
6
-6
-3
-16
7
-31
49
-33
14
0
-19
18
-58
46
-27
-3
50
-53
88
-34
38
6
-14
65
-36
68
-10
46
16
23
-18
28
6
3
38
-34
91
-65
64
-27
1
36
-52
74
-39
105
-72
82
-24
-32
103
-127
137
-78
102
-18
1
82
-88
83
-59
16
-12
32
-39
53
9
-13
63
-49
71
-18
46
12
4
82
-41
93
-3
23
54
12
20
6
57
-36
72
-62
68
-12
0
77
-63
126
-71
57
0
-7
49
-48
99
-33
80
16
31
39
9
35
-36
104
-49
80
-5
26
48
-22
62
-68
85
-7
-15
88
-18
34
76
-55
97
-40
41
29
-45
160
-109
152
-34
-22
136
-141
122
-80
27
60
-87
138
-95
84
-6
-50
95
-84
100
-70
66
4
-3
74
-97
129
-64
57
38
-47
107
-55
21
10
-17
40
-21
28
13
7
5
-9
-26
30
-59
27
34
-61
107
-96
87
-37
0
25
-85
103
-125
103
-37
4
53
-76
62
-94
49
-43
-25
34
-56
62
-13
-12
-10
14
-68
40
-84
9
47
-132
160
-176
135
-61
-68
93
-171
166
-174
83
-38
-62
90
-163
78
-62
-47
4
-99
33
-75
-12
-55
-51
48
-112
73
-78
8
-37
-35
2
-77
58
-111
80
-54
-25
41
-98
13
-115
4
-40
-91
75
-143
99
-57
-96
75
-175
53
-89
-23
17
-27
22
-3
15
-9
-26
6
-29
-6
32
-44
60
-26
25
-10
13
-37
-16
6
-12
28
-28
27
2
23
19
-34
65
-58
88
-31
10
108
-161
205
-182
138
-9
-37
101
-106
141
-120
60
-43
-17
31
6
-24
32
3
-22
51
-50
-3
-12
-4
22
-17
79
-33
47
-29
33
14
-7
36
-86
174
-84
98
-79
73
-46
26
32
-145
195
-183
122
-72
46
-17
-71
105
-123
135
-60
-32
84
-69
63
-39
17
-49
11
31
-65
50
-70
28
-30
22
-98
74
-106
9
16
-87
127
-172
107
-83
64
-14
-49
57
-51
74
-42
19
-14
39
-55
84
-25
-16
64
-112
96
-21
-49
57
-97
108
-66
23
15
-86
164
-176
172
-87
-20
68
-117
174
-104
72
-5
-9
101
-87
53
-56
4
5
-18
86
-87
78
-40
24
55
-95
26
-38
10
30
-48
108
-80
49
83
-117
142
-141
53
15
2
-4
-22
116
-118
156
-42
28
35
-73
34
30
7
-62
23
33
23
-4
72
-136
145
-68
-106
158
-185
82
-43
-29
135
-56
50
-107
70
48
-140
95
-181
134
15
-54
105
-23
69
-42
44
1
-58
3
-42
20
76
-31
26
31
3
-1
85
-207
82
-79
35
37
-135
194
-152
227
-126
12
107
-178
90
-60
41
9
-31
87
-69
211
-122
21
45
-136
175
-199
129
-168
122
-4
-115
175
-142
71
-86
-18
32
-126
39
-104
67
87
-174
204
-187
79
-80
-78
134
-241
118
-8
-63
191
-175
10
107
-221
202
-220
112
-105
-18
120
-213
247
-241
94
-25
-67
112
-163
113
-188
143
15
-197
215
-246
150
13
-119
79
-101
36
-99
18
19
-98
79
-71
6
98
-46
-124
4
58
-84
197
-214
92
72
-114
166
-149
136
-76
-39
172
-135
164
-118
-69
192
-104
185
-222
131
-57
55
136
-318
353
-262
177
28
-60
148
-251
241
-152
189
-11
-223
317
-150
87
67
-121
107
-102
137
-8
-28
24
-100
107
77
-129
27
33
-58
129
-104
66
-67
45
45
-49
76
-54
5
62
-19
58
25
-62
127
-149
202
-107
-12
99
-130
220
-164
102
-19
-48
94
-155
102
1
32
-12
-78
133
-102
54
-68
-21
18
101
1
-139
197
-162
71
-40
-23
32
126
-110
-30
234
-184
17
-110
141
7
37
-57
-30
211
-250
54
23
-63
115
-81
108
-28
-36
-86
-4
32
-96
131
-101
140
-110
127
-120
-137
104
-99
187
-202
141
-75
-5
72
-158
105
33
-110
107
95
-133
-26
17
38
-1
80
-129
115
8
-92
43
-121
95
-89
53
81
-118
107
-81
8
15
26
38
-103
95
-6
84
-149
122
3
42
91
-240
232
-157
-7
-45
49
93
-153
117
44
0
22
-157
-42
225
-231
135
-15
-90
231
-196
177
-9
24
-95
21
179
-193
90
-309
260
36
-29
104
-186
356
-260
107
-91
-88
86
-220
348
-69
28
135
-185
126
52
-102
6
-62
43
56
125
-78
-119
356
-188
9
128
-136
240
-235
-9
70
-101
111
-122
236
51
-119
197
-213
158
-90
-138
192
-160
247
34
40
-57
-53
192
-183
32
-50
-36
107
-144
52
4
78
-173
21
203
-236
10
-12
-30
94
-192
-87
158
-87
23
-72
280
-262
20
117
-312
352
-486
182
140
-174
122
-101
216
-373
148
22
-223
217
-294
237
-12
-132
-31
-8
50
-275
297
-101
57
-176
-124
286
-473
240
-173
-21
242
-269
265
-102
-134
-117
4
123
-131
65
71
-130
28
33
-42
74
-18
-115
167
-124
-3
65
-195
79
-144
239
-128
2
143
-239
138
-241
-32
124
-171
-15
136
31
-97
21
-40
-11
89
-171
83
105
-121
97
79
-80
19
-33
36
136
-91
61
-112
67
-102
-23
125
-218
124
-32
-18
137
-97
-48
35
-254
145
-32
18
96
-95
201
-211
34
29
52
63
-97
83
154
-106
-99
-13
-15
232
-187
145
159
-163
122
-250
84
-32
-186
213
-62
236
-164
-12
70
-157
187
-119
71
-7
-33
-19
83
-95
10
157
-26
165
-114
33
-152
-41
-26
-62
219
18
162
61
-81
-75
-117
-105
3
101
128
-42
-28
36
4
55
-135
24
112
-134
124
-119
38
61
-256
330
2
214
25
-70
72
-245
55
-47
163
188
-2
65
132
-108
-43
-117
-81
65
5
145
2
-2
-154
-156
58
-80
10
107
2
102
-80
-74
-13
-65
26
36
171
90
9
73
-42
52
-42
-85
137
-41
55
56
-21
71
-46
-9
1
15
39
-77
-26
-60
-30
134
-25
23
93
18
44
-85
-12
47
-16
38
24
137
68
-80
68
2
20
10
-87
103
17
15
42
-72
38
13
36
62
-58
25
-12
-31
-21
-36
49
-71
-12
30
47
37
-110
28
2
-54
-30
-72
80
-4
5
52
-2
48
-34
1
-24
-64
-4
58
47
15
45
51
-22
-59
-29
-36
-33
-76
-30
42
-33
-67
18
-15
-44
-67
-59
25
-35
-28
-13
1
24
-23
50
45
-16
4
5
25
-8
-17
-10
-7
12
20
15
21
0
-62
-16
-100
-81
-60
-67
-20
-1
49
-49
-24
-16
-101
-53
-78
-65
42
-26
24
68
92
4
-50
-2
-79
4
-27
-33
52
41
46
42
13
-8
-92
-73
-94
-50
9
-60
8
13
40
-27
-88
-56
-55
-53
-78
-23
56
44
48
-4
53
42
-44
23
-53
54
9
9
60
54
115
5
7
2
11
-51
-32
-30
59
43
-48
23
16
26
-96
-60
-10
-17
-20
-84
32
31
-31
-10
6
46
-20
-40
-16
45
25
-22
35
61
69
43
-4
17
46
25
40
44
81
38
-27
-25
-1
27
-20
-15
41
65
-2
-70
-38
-41
-67
-82
17
95
60
18
-23
24
13
-51
-11
51
46
78
51
90
71
-1
10
-4
57
2
-9
13
9
41
-12
-10
-17
4
-32
-59
-26
-29
-17
-44
-6
-2
-8
-32
-39
16
9
-24
-4
18
40
-7
-31
28
48
40
7
39
53
21
-39
-28
31
-13
-47
-34
11
42
-74
-60
-42
-14
-64
-136
-25
-39
-51
-95
-46
31
12
-50
-59
-28
-12
-67
-76
33
32
78
47
59
98
1
-35
-86
33
71
22
77
66
105
48
-42
-47
-30
-31
-54
-25
78
25
7
28
-34
41
-26
-54
3
18
55
18
92
104
56
142
48
73
107
29
73
68
85
87
95
113
63
86
57
-27
15
-25
-35
-22
-1
7
22
21
-22
-32
-24
-73
-104
-35
-62
-11
-2
-21
-17
-32
-60
-105
-81
-68
-121
-50
-64
-82
-33
-119
-116
-112
-98
-136
-152
-75
-106
-72
-65
-126
-35
-69
-103
-85
-57
-50
-104
-39
-36
-2
3
-41
-23
19
-13
-59
-5
-5
19
40
50
66
65
38
-20
-3
18
-13
58
73
104
128
99
124
58
106
68
79
160
106
205
177
187
211
159
233
172
234
262
235
348
293
319
347
298
342
256
279
249
219
243
141
183
132
71
67
-17
-55
-123
-186
-228
-278
-282
-333
-277
-274
-289
-285
-299
-324
-366
-337
-324
-244
-230
-186
-105
-123
-172
-222
-234
-248
-265
-223
-224
-212
-261
-335
-350
-423
-463
-467
-477
-457
-443
-385
-390
-391
-350
-321
-254
-260
-217
-164
-108
-83
-15
88
177
231
261
321
332
353
327
362
424
437
483
500
563
578
572
632
611
678
675
716
796
811
883
872
983
1000
962
1025
997
1076
1066
978
1002
911
833
644
559
625
527
472
235
51
-154
-816
-1327
-1594
-1668
-1704
-1734
-1415
-1201
-1390
-1867
-2287
-2342
-2587
-2739
-2144
-1426
-785
-441
-124
210
105
-46
63
513
949
1213
1793
2202
2147
2022
1749
1462
1039
680
625
552
390
170
-27
-311
-972
-1436
-1775
-2190
-2329
-2326
-2141
-2005
-1880
-1658
-1596
-1572
-1537
-1299
-933
-764
-337
294
735
998
1170
1427
1466
1307
1227
1224
1393
1399
1375
1501
1458
1181
762
397
132
-69
-53
-35
95
251
232
219
159
105
203
541
834
1117
1566
1927
2080
2210
2287
2287
2285
2217
2118
2275
2218
2087
2038
1632
1089
470
-310
-1691
-2620
-2414
-2366
-2406
-2560
-2422
-2217
-3554
-4755
-4825
-4284
-4337
-4230
-2158
-688
-642
-776
-487
449
137
-137
1296
2689
3132
2949
3738
4011
2892
2320
2164
1918
1367
735
997
796
-197
-805
-1177
-1872
-3106
-3516
-3370
-3627
-3630
-3302
-3046
-2800
-2861
-2546
-2266
-2180
-1590
-776
-23
370
1099
2005
1986
1833
2125
2364
2323
1926
2178
2467
2127
1368
651
576
127
-555
-702
-775
-877
-1369
-1952
-2217
-2259
-2032
-1993
-1467
-679
-336
-59
98
457
1117
1605
2102
2825
3614
3819
3779
4041
4129
4118
4062
3957
3850
3652
3275
2879
2569
2011
1368
997
387
-328
-699
-1064
-1418
-1703
-1986
-2943
-4065
-4193
-3934
-3694
-3624
-3332
-2212
-2349
-3486
-3598
-2831
-2460
-3026
-1718
336
689
254
100
1189
1502
276
767
2255
2696
1980
1917
2732
1885
895
603
471
227
-612
-714
-340
-1084
-1640
-1688
-2003
-2932
-3444
-2949
-3009
-3093
-2636
-2295
-2032
-2068
-1872
-1224
-1163
-833
24
707
901
1214
2117
2312
1971
2237
2570
2618
2141
1930
2402
2198
1492
939
824
704
-52
-487
-540
-833
-1191
-1776
-1814
-1545
-1382
-1151
-1122
-591
-254
-363
-119
218
923
1679
2199
2917
3356
3601
3486
3428
3695
3643
3945
4135
3987
3884
3538
2972
2394
1848
1409
982
571
79
-346
-893
-1514
-1913
-2469
-3784
-4892
-4523
-4202
-4250
-4284
-3653
-2873
-3730
-4746
-4232
-3294
-3233
-3459
-1290
702
385
-66
315
1555
1157
292
1663
3193
3186
2453
2731
3197
1744
847
830
713
200
-535
-202
-247
-1302
-1782
-1916
-2523
-3448
-3594
-3032
-3081
-2927
-2382
-2030
-1976
-1983
-1564
-1143
-1086
-336
733
1246
1454
1988
2655
2437
2093
2484
2789
2669
2331
2404
2630
2053
1298
762
371
-231
-827
-879
-972
-1078
-1115
-1750
-2110
-2132
-2185
-2039
-1726
-930
-96
418
563
741
1474
1609
1651
2645
3314
3919
4380
4439
4585
4479
4143
3718
3810
3745
3242
3388
2991
2302
1873
942
189
-324
-889
-1496
-1678
-1647
-2186
-2535
-3748
-5082
-4872
-4733
-4654
-4218
-3366
-2798
-3286
-3877
-3909
-3157
-2979
-3266
-1194
620
489
341
766
1576
1230
563
1492
2939
3166
2377
2612
3129
1841
945
836
616
275
-375
-413
-382
-1155
-1714
-2094
-2646
-3471
-3761
-3323
-3424
-3222
-2629
-2476
-2446
-2412
-2060
-1617
-1450
-660
331
972
1263
1745
2387
2308
2138
2560
2944
2916
2665
2830
3088
2518
1687
1189
848
279
-265
-472
-363
-400
-924
-1654
-1942
-1989
-2238
-2195
-1802
-1044
-38
30
13
704
966
1097
1423
2260
3169
3666
4023
4107
4619
4448
3642
3856
3692
3561
3634
3182
2998
2522
1863
1018
281
-208
-1083
-1175
-1439
-1920
-1770
-2508
-3604
-4695
-5123
-4588
-4292
-4077
-3684
-2836
-2859
-3982
-3953
-3247
-2899
-2880
-1856
149
722
315
431
1293
1502
547
1076
2649
2997
2465
2408
2871
2147
934
623
711
326
-516
-558
-246
-961
-1787
-2148
-2558
-3221
-3617
-3350
-3068
-2873
-2591
-2333
-2318
-2310
-1953
-1510
-1211
-517
555
1178
1334
1785
2379
2507
2333
2507
3051
3124
2770
2811
3056
2704
1867
1316
1054
520
-115
-573
-674
-620
-1020
-1615
-1729
-1818
-2114
-2207
-2050
-1544
-798
-452
-325
424
1025
1056
1474
2096
2401
3074
3473
3656
4316
4385
3968
3911
3807
3492
3364
3132
2643
2559
2414
1373
794
342
-589
-1064
-1387
-1585
-1620
-2039
-2845
-3859
-4560
-4775
-4588
-3991
-3849
-3385
-2757
-3354
-3983
-3793
-3273
-3089
-2798
-1185
196
349
252
444
1227
998
472
1749
2938
2943
2685
2856
2899
1872
1162
1012
796
528
-34
70
-50
-1127
-1656
-2146
-2892
-3399
-3481
-3133
-3111
-2919
-2602
-2661
-2623
-2589
-2144
-1500
-1110
-140
807
1173
1536
2046
2482
2508
2667
3226
3595
3618
3432
3433
3344
2416
1589
1464
1179
797
450
189
-56
-740
-1615
-2281
-2277
-2218
-2392
-1717
-1233
-1179
-850
-1092
-886
-160
372
955
1936
2891
2840
3169
3447
3107
3674
3854
3788
4452
4444
3974
3526
3203
2254
1771
1852
867
721
524
-420
-743
-1411
-2145
-2555
-2821
-3849
-5050
-4377
-4264
-4400
-3957
-4039
-3456
-3647
-4688
-4392
-3281
-2783
-3318
-1800
245
-88
-130
39
780
1456
652
1224
3138
3473
2691
2565
3111
2065
1075
1007
727
787
261
-256
-89
-865
-1979
-2440
-3005
-3539
-3697
-3223
-3181
-3037
-2629
-2921
-2993
-2656
-2438
-1670
-981
-168
841
1284
1557
2006
2661
2633
2680
3517
3837
3783
3750
3568
3605
2896
1984
1468
1106
775
238
80
-137
-716
-1281
-2153
-2682
-2668
-2625
-2485
-2151
-1485
-1025
-1017
-1058
-667
26
618
1180
2047
2951
3269
3246
3438
3612
3779
3945
4124
4420
4411
4101
3503
3079
2640
2000
1660
1114
749
478
-264
-870
-1263
-1745
-2459
-2983
-3789
-4825
-4500
-4193
-4124
-3681
-3810
-3614
-3859
-4607
-4449
-3460
-2862
-3112
-1452
184
-233
-1
108
733
1384
797
1832
3475
3539
2881
2897
3235
2019
1336
1443
1146
1222
530
163
200
-903
-1919
-2396
-2890
-3407
-3499
-3021
-3031
-2964
-2847
-3277
-3181
-2958
-2590
-1741
-1040
-172
592
957
1285
1722
2234
2340
2669
3512
3769
3711
3557
3425
3264
2432
1769
1532
1266
932
391
4
-326
-942
-1662
-2331
-2530
-2675
-2638
-2346
-2229
-1565
-1143
-1563
-1295
-534
4
601
1310
2006
2846
3316
2889
3280
3958
3780
4061
4534
4590
4621
4260
3522
3072
2929
2099
1551
1615
801
230
-174
-1089
-1392
-1748
-2573
-3224
-4227
-5232
-4886
-4070
-4243
-4290
-3656
-3710
-4615
-5080
-4811
-3438
-3077
-3481
-951
554
-318
-313
136
1244
1173
730
2641
3994
3962
2996
3213
3737
1807
1423
1719
1469
1442
581
611
210
-1205
-1865
-2672
-2938
-3521
-3564
-2656
-3066
-2991
-2995
-3506
-3332
-3206
-2539
-1677
-951
141
540
886
1231
1660
2276
2260
2899
3878
3882
3700
3483
3491
3233
2282
1866
1785
1673
977
53
-38
-459
-1325
-1772
-2295
-2110
-2098
-2692
-2499
-1961
-1471
-1546
-1324
-433
-44
548
969
1382
2707
2891
2868
3661
4086
4210
4353
4504
4384
4542
4402
3820
3836
3411
2591
2283
1659
706
267
-122
-1259
-1379
-1826
-2834
-3502
-5318
-5495
-4819
-4996
-4810
-4916
-3963
-4640
-5930
-5158
-5113
-3646
-3751
-3077
136
-410
-518
-77
373
1788
673
1892
3794
3959
4180
3031
3949
3272
1461
2046
1547
1765
1294
235
695
-659
-1620
-2371
-3298
-3151
-4072
-3673
-3250
-3613
-3067
-3802
-3858
-3342
-3386
-2396
-1837
-625
388
405
1193
1401
2093
2479
2271
3394
3656
3711
3767
3571
4028
3215
2447
2033
1495
1556
615
356
503
-161
-681
-1663
-1828
-1926
-2300
-2100
-1892
-925
-658
-823
-276
-388
34
441
928
2129
2855
3431
3438
3796
3997
3722
4165
4105
4246
4573
4115
3902
3585
3098
2209
1795
1366
362
318
-517
-1287
-1399
-2656
-4513
-5497
-4923
-4889
-5029
-4691
-4708
-4086
-5700
-6948
-5627
-4542
-4900
-4812
-1271
-164
-1327
-921
-618
1274
938
-314
3058
4643
4103
3293
4115
4672
2295
1884
2014
2264
2428
725
1048
1142
-794
-1708
-2627
-2894
-3640
-3904
-3487
-3689
-3074
-3505
-4379
-3832
-3937
-3598
-2835
-2046
-500
18
365
756
1471
1919
1469
2423
3525
3494
3759
3876
4291
4070
2917
2374
2087
1989
1296
879
1255
813
-17
-810
-1472
-1592
-1896
-2146
-1836
-1038
-429
-796
-678
-264
-274
50
368
1303
2603
2934
2998
3270
3858
3605
3216
3902
4038
4206
4156
3709
3707
3207
2139
1528
1706
1260
515
405
-359
-1134
-1780
-3536
-5379
-5086
-4563
-4932
-3911
-3918
-3985
-4340
-6503
-6555
-5215
-4721
-5274
-2901
164
-1027
-1016
-812
-590
910
-648
580
3701
4105
3571
3465
4760
3060
1410
1803
1364
2201
1776
819
1734
637
-1078
-2165
-2612
-3081
-3903
-3406
-3450
-3169
-2659
-3833
-3912
-3549
-4082
-3643
-3020
-1645
-555
-107
421
754
1506
1166
1115
2642
3179
3473
3726
3751
3937
3247
2375
1834
2287
2125
1438
1669
1469
839
-21
-1008
-1428
-897
-1053
-1577
-474
57
-368
-343
-568
-131
347
510
1013
2228
3191
2568
2970
3363
2964
3178
3099
3364
4098
3931
3649
3545
3242
2479
1635
1547
1235
1070
1015
369
241
-152
-1265
-1710
-3568
-5143
-4959
-4814
-3975
-3392
-2918
-2518
-3882
-5237
-6166
-5840
-5157
-5620
-2914
-966
-1158
-773
-1492
-924
-761
-1654
-268
1356
3029
3116
3214
4199
2556
1950
1355
877
1850
1548
1799
2071
1496
780
-873
-1539
-2635
-3495
-3099
-3499
-2861
-2615
-3244
-3206
-3773
-4196
-4345
-4037
-2851
-2192
-1094
-323
191
817
264
557
1204
1605
2315
2818
4052
4551
4292
3932
3297
3376
2684
2279
2463
2649
2875
1954
1718
1277
465
-5
-829
-439
-173
-223
-201
-233
169
-325
-366
-102
188
958
1076
1523
1865
1886
2137
2256
2781
3311
3324
3306
3488
3100
2832
2774
2378
2278
2244
1931
1210
1320
843
-132
-366
-2071
-3280
-3378
-4139
-3911
-3254
-3085
-3935
-4485
-5196
-6435
-6007
-6362
-5614
-3893
-3819
-3167
-2885
-2620
-2353
-2780
-1414
-667
193
1597
1773
2891
2995
2381
2478
2213
2435
2222
2385
2799
2159
2111
1193
386
19
-1161
-1743
-2153
-2373
-2570
-3019
-2964
-3378
-3680
-3892
-4302
-3875
-3509
-3221
-2490
-1680
-1218
-735
-233
213
789
1368
1718
2305
3176
3437
3779
4303
4294
4275
3876
3437
3378
3247
2981
2620
2754
2296
1657
1329
710
529
208
-77
-56
-6
7
-303
38
133
112
512
476
987
1319
1582
1815
2132
2642
2278
2645
2884
2608
2956
2750
2599
2557
2396
1979
1569
1671
712
363
196
-944
-1252
-1725
-2276
-2597
-2578
-3066
-3696
-3317
-4126
-4413
-4055
-4536
-4266
-4251
-3970
-3925
-3506
-2976
-3600
-2182
-2242
-2502
-1103
-1475
-533
-188
-223
456
127
844
270
589
1408
426
1257
732
493
788
-121
152
-544
-430
-741
-1357
-529
-1286
-1137
-1179
-1915
-1560
-1990
-1858
-1647
-1450
-932
-1000
-526
-346
-301
425
559
1015
1668
1688
2222
2363
2477
2804
2786
3101
2997
3110
3230
2894
3017
2632
2438
2334
1945
1924
1494
1441
1283
961
729
439
366
94
228
178
179
588
364
416
899
705
606
617
687
651
1076
1399
1131
1937
1765
1210
1260
936
615
490
408
361
711
277
-141
-340
-839
-1246
-2062
-1820
-2001
-2248
-2033
-2341
-2020
-2488
-2855
-2649
-3258
-3022
-2788
-3253
-2355
-2562
-2198
-2051
-2211
-1590
-2162
-1483
-1983
-1627
-882
-1563
-569
-657
-611
-296
-990
-385
-624
-637
-346
-603
-89
-464
-424
-372
-488
-257
-489
-380
-261
-439
-76
-121
-264
384
269
403
474
745
1000
895
1373
1281
1695
1826
1396
2106
2748
1982
2015
2846
2472
2024
2248
2796
2136
1867
1994
1779
2398
1549
1289
1904
1753
239
600
1601
273
759
891
1096
568
728
142
-198
1149
-599
481
834
-131
894
399
64
10
352
-198
-477
105
-157
85
-488
-800
-476
-400
-1395
-1042
-500
-1188
-797
-2247
-1167
-1113
-2242
-1321
-1865
-1409
-1624
-2297
-2103
-1418
-1789
-2010
-1646
-1881
-1160
-1799
-1842
-1268
-1212
-1197
-1681
-1023
-856
-892
-1133
-952
-416
-467
-729
-739
-349
-99
-300
-750
224
91
-584
-174
-154
171
-18
-133
159
249
378
-207
390
704
-50
430
754
799
513
1341
1171
717
1924
1196
956
1930
1627
1286
2475
1719
1205
2817
1571
1013
2430
2059
964
1670
2355
629
1654
2035
-171
1709
1835
-731
962
1629
-52
510
940
499
-195
1097
-527
-373
1736
-1175
241
824
-205
-41
211
-222
-435
394
-1346
357
-131
-1015
235
-691
-761
-702
-509
-1470
-686
-1002
-1026
-1192
-1487
-493
-2366
-332
-1859
-1485
-430
-2832
-664
-1608
-1610
-1315
-1427
-1166
-964
-1394
-1411
-812
-655
-1588
-1138
475
-2054
-371
-129
-1085
-261
-184
-554
-1150
1007
-900
-1034
560
150
-981
187
1049
-1367
843
-49
-425
152
446
-16
-424
2244
-695
625
1260
-141
881
550
1233
461
881
1780
1067
566
2448
760
1003
1451
629
1721
267
2188
926
1481
1639
69
1780
84
741
860
108
794
619
697
517
572
54
870
-737
-339
1133
-1222
842
229
190
82
-385
460
-1014
732
-1085
424
379
-896
745
-556
39
-368
-194
-704
573
-1212
-380
511
-1596
-6
-206
-1034
-570
138
-1324
-914
201
-1263
-1681
743
-2070
-1124
326
-1383
-909
-186
-987
-960
-244
-1143
-696
-617
-577
-542
138
-742
521
-1024
61
108
-490
-43
-387
335
-339
597
518
66
-684
1654
-869
-846
1454
-968
-184
1202
28
1
649
-62
142
-37
776
-821
105
1703
-954
1175
1345
-247
582
674
1104
94
887
578
790
1051
-84
2059
192
637
1597
-307
825
590
-57
-134
1077
34
121
1167
-448
-274
-228
235
-1390
-250
336
-1099
137
-323
413
-671
-564
-267
-1392
658
-1580
-56
1226
-1657
1161
-381
-399
-127
-983
432
-280
325
-791
435
287
-1265
602
-621
-199
-371
-875
755
-1474
-566
478
-2217
648
157
-1896
514
-700
-1163
-22
-481
-1271
112
-134
-1086
443
392
-835
504
52
-1122
708
298
-1194
1413
165
-695
2671
-1939
1764
-169
-842
1894
-2209
2308
-354
-27
793
1165
-670
403
710
-2053
1559
252
-740
826
2037
-1694
1306
614
-621
-173
1425
-263
-778
3776
-2046
1167
1737
-529
42
1476
-315
357
1551
-58
405
847
525
-1049
1806
-764
446
345
218
-427
456
-87
-1039
825
-328
-805
-91
591
-1852
632
-678
-171
-940
500
-1008
-280
193
-1179
915
-1405
828
-910
33
-183
124
-303
146
-141
-777
902
-209
-318
-143
1044
-674
-817
664
-199
-826
-287
132
98
-1144
725
-1361
673
-656
-1457
925
-1711
1144
-2786
2288
-1787
-133
786
-2247
2325
-2997
1933
-587
-319
254
87
161
855
-635
1093
113
-1304
2067
-496
309
243
1509
-1640
2430
-762
-156
826
-363
575
-250
1564
-1623
645
862
-1536
702
1179
-1460
1153
-972
2031
-1818
680
1035
-2014
2636
-2449
1805
685
-384
99
1129
-819
810
-464
-176
1873
-1604
1855
-1059
874
-190
-599
32
86
-839
643
-863
-363
1117
-1913
736
-1301
657
-1274
37
-955
11
544
-1779
1142
-298
-1201
853
-165
-1309
2606
-2004
687
897
-994
1078
-328
717
-423
601
295
-553
959
93
-456
1360
-2096
2010
-512
-1838
2353
-1920
61
799
-711
-882
1268
-1713
-354
888
-669
-1042
1261
-316
-603
833
-832
1060
-1657
1292
-267
370
152
523
636
-717
1551
-804
-31
1884
-1227
-60
2449
-2237
1063
971
-1393
526
1375
-2121
1046
683
-2238
2500
-1222
-436
947
-364
-1809
1933
-299
-2453
2965
-1395
-85
833
-557
-714
853
-206
-1253
2223
-1331
107
841
-646
596
-1275
554
690
-1643
1064
133
-723
514
-332
-350
-159
-240
-765
609
-161
-1027
309
-143
-405
397
-1156
522
203
-1567
1749
-1643
569
1464
-1998
762
998
-527
-1380
2630
-865
-1193
3234
-1929
338
2586
-2737
736
2011
-2412
1771
205
-524
103
682
-23
-1116
2416
-2809
1761
-12
-1691
1586
-924
412
-932
1406
-1311
551
218
-912
67
-65
619
-1228
2097
-1366
82
1442
-1917
1189
19
-1305
1534
-124
-1337
2326
-813
-1461
2023
-1122
-383
923
-1007
99
987
-918
-847
1140
-435
-562
16
463
472
-1317
925
-75
-290
417
-911
973
512
-976
1211
438
-1478
1588
-606
-526
1744
-1030
24
1225
-819
129
424
-154
-1198
1134
-526
-715
1561
-2425
2132
-1668
-281
1729
-2803
1487
-532
-962
867
-733
-21
627
-959
282
795
-355
-497
497
149
-92
466
161
88
842
-84
-566
1413
-598
-310
1037
-341
487
118
-254
274
254
-33
-1004
1536
-852
-1182
1562
-713
-332
-69
112
-74
219
-640
-216
1158
-1591
-574
1772
-552
-763
823
21
-598
506
-46
-347
124
535
-318
-192
323
-379
225
-777
1016
-398
-169
-502
346
294
-1887
1551
-1024
417
-337
225
620
-2023
1021
373
-475
-931
663
1619
-1878
502
1335
-607
-68
-960
1790
517
-826
-415
2118
-447
-1352
968
132
767
-1512
1801
-855
441
-27
-1163
810
-1150
878
-1039
165
397
-340
-199
-600
-165
286
-594
-554
521
-371
573
-139
-319
297
120
355
-1207
730
61
440
236
-1044
2006
-319
36
-625
545
648
-467
-353
-99
1395
-370
-293
-233
719
-464
501
-1230
247
1319
-1436
91
-17
960
-807
-216
-77
183
636
-388
-741
251
1151
-1001
75
130
316
501
-857
78
751
-144
-895
-26
881
-135
-502
-482
678
158
-928
-209
39
77
-733
528
-481
-144
72
-339
0
-85
305
-467
448
-536
488
336
-499
140
419
719
-145
79
164
505
110
65
107
-10
819
235
-342
442
7
144
-296
-293
78
224
97
-920
674
10
-367
-522
-383
309
-250
-494
-491
591
63
-99
-642
235
-22
-246
182
-667
661
77
-54
64
93
304
-186
39
-97
170
223
-185
21
214
219
43
-153
-136
304
-259
-192
221
-122
198
-207
193
4
75
11
-67
104
-82
237
-12
158
145
270
-23
278
-20
-112
281
88
138
-79
119
-26
181
-4
-281
16
-73
-233
-156
-332
-90
10
-207
-308
-352
61
-362
-405
-7
-168
-133
-138
-55
188
-140
-139
-6
145
192
-94
128
129
336
357
-30
28
442
138
4
481
-66
17
328
96
222
-101
114
114
37
-136
-188
240
-314
-129
76
-2
-126
-153
-213
86
-256
-273
104
-269
52
-208
10
-61
37
-157
-175
56
-7
-55
-136
-77
24
180
-261
124
-52
26
-176
15
142
-208
-21
5
159
-22
126
-196
88
132
34
-168
82
348
-49
145
22
281
112
-134
61
348
128
-36
216
273
33
-89
288
13
-66
49
-54
-6
60
-4
-211
26
-120
-192
-86
-349
-108
61
-303
-299
7
-193
-299
-100
-83
-324
-10
-106
-139
41
-112
-13
-42
95
5
69
-31
213
106
67
117
28
259
-28
298
165
17
158
145
185
-35
37
204
123
-20
4
99
24
-63
117
6
-115
19
-8
-116
-25
12
-138
-28
-68
-36
19
-198
-67
1
-144
-75
-182
20
89
-230
-44
-24
-132
-41
-29
-133
17
-18
-58
14
-11
-4
-15
26
9
130
-37
27
111
139
87
66
111
44
191
44
189
126
83
230
75
98
95
38
165
82
-10
196
-32
-25
102
19
-25
-135
-7
-95
-125
-22
-115
-161
-133
-64
-139
-253
-79
-114
-181
-61
-181
-33
-45
-106
8
-34
-61
16
-13
1
128
2
131
115
135
53
7
145
94
118
108
104
104
114
32
96
118
49
-58
133
39
-81
90
5
47
-23
-36
46
-84
-99
38
-59
-11
-49
-36
-4
-120
-51
-31
-113
-75
-42
-88
31
-161
1
12
-185
-3
-67
-114
-47
32
-73
23
-63
-71
61
-9
-42
33
39
-63
145
-43
22
118
29
67
-27
103
62
-28
96
129
17
77
46
35
4
47
110
-42
33
89
-10
-20
4
-70
11
-77
-63
-43
-103
-25
-112
-26
-119
-82
-139
-159
-79
-79
-36
-175
-10
-73
-90
33
-117
-59
42
-94
-8
76
4
41
32
57
18
38
16
26
68
44
105
62
60
78
39
19
89
8
45
84
-43
122
91
-42
42
88
-43
-18
13
-4
44
-17
15
64
-58
-33
37
-55
-65
-14
-27
-55
10
-9
23
-58
-77
16
-99
-35
13
-70
-2
14
-12
-16
0
-12
-53
-20
-1
-3
-1
44
23
68
23
32
44
-13
69
34
56
104
104
68
60
109
54
20
65
42
52
52
-7
36
77
38
-82
-47
-7
-59
-35
-97
27
-57
-117
-16
-46
-49
-101
-42
-44
-10
-45
-37
9
24
-18
-10
62
-88
18
61
-16
3
48
6
1
24
-38
26
-53
-7
39
-60
-19
34
-15
-6
16
-11
-35
-50
44
-43
9
51
-42
51
-5
12
31
-28
19
-3
-31
39
12
6
48
-15
-9
3
-30
-28
31
-3
-18
54
38
27
-14
28
26
-43
55
14
33
75
3
34
64
24
-57
52
-30
0
65
-18
61
-7
-17
24
-46
-21
42
-51
0
23
45
11
-42
63
-15
-37
7
41
22
19
65
27
-16
-1
14
-15
-41
-19
57
-50
2
36
-46
-7
-53
-16
-2
-24
-4
48
-19
41
56
0
-4
1
71
-33
26
65
33
-25
3
44
-65
-8
-19
-65
-9
-51
-51
-21
-111
-48
-79
-126
-54
-110
-68
-85
-89
-64
-91
-70
-64
-44
-54
-38
-36
-8
-24
-19
20
-22
24
28
43
29
13
87
41
32
67
76
54
44
64
73
59
2
37
47
28
9
18
86
21
9
72
23
-5
54
39
17
62
70
74
21
76
67
-1
43
39
61
74
43
53
80
23
21
23
-7
29
-13
6
33
-21
10
-31
-62
-24
-54
-71
-41
-43
-6
-54
-37
-13
-67
-72
-73
-36
-99
-37
-15
-52
-38
-26
-39
-94
-59
-66
-60
-66
-54
-14
-59
-54
-37
-107
-40
-68
-141
7
-85
-107
-18
-84
-89
-73
-69
-85
-127
-49
-42
-148
-32
-50
-81
-66
-66
-28
-63
-22
-27
22
19
22
67
66
79
86
107
114
141
114
168
149
155
203
146
158
140
181
136
107
186
121
106
145
126
142
95
117
148
40
110
163
70
119
169
118
118
135
115
134
100
127
135
83
146
89
103
82
18
57
16
-18
-26
-27
-64
-87
-86
-111
-127
-168
-178
-142
-242
-180
-155
-240
-158
-182
-200
-157
-211
-159
-151
-185
-114
-138
-101
-126
-98
-123
-135
-107
-192
-104
-128
-180
-102
-127
-177
-122
-195
-173
-204
-230
-118
-239
-172
-117
-193
-135
-139
-162
-100
-149
-115
-34
-100
-3
10
-23
32
58
5
81
97
77
189
85
203
199
149
193
189
230
165
233
242
209
260
221
234
276
163
263
235
188
268
222
259
205
246
237
192
224
219
234
189
222
211
197
204
153
202
171
130
152
121
95
99
44
57
27
-18
15
-62
-83
-90
-101
-182
-171
-174
-222
-219
-258
-220
-256
-273
-276
-266
-285
-298
-251
-279
-251
-233
-237
-237
-225
-200
-214
-194
-187
-142
-171
-158
-146
-145
-129
-185
-118
-118
-179
-122
-139
-157
-110
-180
-108
-148
-155
-74
-145
-92
-76
-42
-68
-52
23
-20
45
42
86
154
89
180
197
195
228
231
270
266
281
309
278
301
319
279
319
272
306
310
242
263
279
220
221
231
193
253
191
219
223
169
215
166
172
188
196
173
185
171
172
165
96
157
93
107
91
42
79
42
-22
-21
-52
-129
-96
-172
-175
-191
-209
-271
-280
-301
-356
-329
-416
-361
-367
-404
-400
-391
-392
-419
-394
-410
-361
-358
-363
-311
-322
-297
-288
-291
-262
-234
-217
-183
-194
-141
-126
-151
-131
-119
-72
-104
-60
-52
0
-19
-31
30
-32
50
38
35
111
102
127
136
130
168
168
159
217
238
273
300
278
320
319
290
303
321
330
341
339
340
335
309
282
256
246
234
238
213
212
220
161
146
102
113
82
54
109
69
122
96
65
79
60
40
48
43
64
87
58
78
40
41
-4
-34
-34
-36
-49
-69
-84
-110
-125
-202
-186
-223
-244
-231
-271
-244
-266
-274
-305
-323
-295
-329
-303
-291
-290
-245
-252
-258
-214
-220
-202
-163
-166
-115
-85
-106
-70
-33
-52
1
1
16
76
42
80
76
74
111
72
95
114
118
127
136
129
143
135
127
148
138
171
142
158
166
149
146
136
110
117
116
85
93
74
91
25
-1
-7
-61
-85
-123
-138
-159
-184
-233
-233
-283
-307
-303
-363
-325
-326
-348
-307
-315
-306
-263
-286
-251
-192
-176
-124
-107
-38
-3
16
56
88
135
140
182
208
205
238
254
233
262
271
255
266
250
263
256
228
253
239
262
279
270
315
339
331
390
396
417
475
444
508
529
539
576
587
583
640
626
586
635
561
543
470
371
316
189
82
-23
-132
-231
-318
-456
-548
-656
-780
-904
-1027
-1111
-1224
-1304
-1386
-1399
-1445
-1442
-1429
-1397
-1290
-1251
-1140
-1022
-905
-795
-659
-546
-412
-280
-174
1
125
297
459
571
726
824
908
964
1004
1015
1011
999
975
940
892
842
767
710
614
552
458
382
284
203
126
6
-54
-169
-232
-288
-346
-352
-356
-378
-360
-362
-367
-349
-391
-367
-346
-351
-316
-292
-250
-222
-203
-182
-141
-118
-116
-73
-47
-33
-11
26
44
107
128
202
272
335
425
447
569
597
638
713
746
793
843
875
937
1002
1010
1065
1071
1091
1052
998
949
851
736
583
483
311
167
8
-136
-236
-414
-553
-673
-816
-993
-1131
-1284
-1392
-1525
-1638
-1686
-1721
-1702
-1717
-1638
-1526
-1457
-1357
-1193
-1078
-939
-794
-679
-520
-394
-279
-133
53
193
337
510
646
744
811
866
901
898
878
835
803
746
654
589
531
433
341
256
161
89
-2
-87
-169
-221
-299
-402
-419
-443
-508
-496
-468
-474
-425
-395
-387
-326
-287
-235
-159
-58
21
124
236
302
381
455
502
509
593
639
676
768
845
910
1030
1108
1147
1247
1288
1301
1317
1323
1300
1285
1243
1204
1182
1191
1149
1104
1155
1114
1009
953
840
658
502
247
20
-155
-405
-659
-822
-967
-1145
-1297
-1434
-1545
-1681
-1825
-2014
-2114
-2195
-2374
-2474
-2453
-2433
-2433
-2303
-2148
-1953
-1741
-1568
-1311
-1034
-857
-670
-422
-228
-85
79
315
482
649
866
1032
1219
1368
1428
1498
1567
1502
1410
1333
1227
1065
917
786
644
551
387
253
181
57
-139
-239
-303
-477
-606
-668
-774
-841
-883
-938
-890
-839
-828
-746
-629
-552
-493
-406
-285
-224
-97
12
91
281
399
483
640
762
828
900
983
1036
1074
1134
1158
1231
1287
1331
1389
1434
1476
1437
1479
1479
1355
1347
1321
1198
1158
1114
1058
1063
1000
929
935
867
730
567
475
258
-57
-284
-540
-785
-1025
-1277
-1461
-1508
-1735
-1931
-1993
-2088
-2268
-2478
-2513
-2648
-2743
-2851
-2880
-2715
-2671
-2551
-2307
-1976
-1710
-1504
-1108
-749
-507
-237
14
252
474
591
755
1033
1168
1285
1467
1660
1764
1725
1846
1808
1728
1617
1346
1261
1018
705
493
345
144
-114
-226
-322
-442
-564
-627
-686
-737
-855
-993
-970
-1065
-1144
-1123
-1078
-985
-974
-774
-647
-477
-261
-163
66
172
293
382
502
623
695
812
926
1017
1085
1242
1274
1403
1505
1483
1611
1580
1558
1569
1564
1557
1482
1529
1442
1437
1391
1318
1337
1254
1245
1104
1102
1031
913
901
770
765
650
542
337
222
107
-242
-449
-729
-872
-1225
-1519
-1649
-1842
-1928
-2266
-2315
-2419
-2548
-2757
-2943
-2751
-2998
-2995
-3007
-2899
-2624
-2656
-2316
-2006
-1556
-1344
-1049
-521
-220
69
276
696
881
1063
1135
1327
1631
1531
1711
1812
1966
1902
1757
1886
1687
1558
1231
1056
882
458
163
-125
-235
-563
-728
-843
-884
-951
-1103
-989
-1072
-995
-1111
-1085
-979
-1090
-951
-975
-736
-634
-528
-180
-39
244
408
649
826
964
1035
1141
1273
1204
1318
1266
1355
1322
1274
1406
1311
1404
1340
1367
1361
1261
1272
1157
1207
1087
1079
1058
1046
1068
965
1069
989
1061
994
962
1074
972
1005
844
905
857
582
528
269
136
-189
-638
-885
-1127
-1461
-1820
-2019
-2138
-2273
-2615
-2717
-2772
-2867
-3029
-3274
-3068
-3120
-3225
-3117
-2953
-2509
-2355
-2035
-1469
-999
-569
-285
251
724
935
1150
1473
1692
1779
1808
1940
2161
2037
2072
2100
2072
1986
1652
1590
1345
983
591
197
-40
-509
-913
-1166
-1378
-1583
-1787
-1867
-1805
-1804
-1846
-1696
-1639
-1503
-1457
-1381
-1089
-1075
-809
-616
-374
-38
95
533
759
1073
1318
1458
1726
1707
1780
1788
1736
1714
1622
1541
1467
1379
1283
1211
1129
1120
977
913
869
676
708
584
540
609
546
684
743
851
926
1040
1204
1218
1301
1376
1439
1457
1422
1343
1425
1301
1088
983
745
562
73
-347
-656
-1073
-1445
-1976
-2198
-2362
-2761
-3039
-3210
-3288
-3416
-3673
-3716
-3524
-3656
-3630
-3487
-3167
-2742
-2620
-1981
-1455
-921
-415
-73
706
1013
1338
1702
1971
2265
2219
2364
2508
2525
2429
2377
2330
2235
1931
1619
1507
1037
665
149
-252
-565
-1221
-1491
-1856
-2077
-2309
-2541
-2413
-2429
-2329
-2197
-1948
-1777
-1572
-1372
-1094
-779
-634
-173
70
441
692
1010
1518
1655
2045
2222
2474
2570
2431
2447
2354
2204
1897
1777
1508
1392
1046
816
831
451
535
114
224
145
-264
51
-338
18
-121
-63
386
294
789
693
1195
1409
1390
1753
1759
2046
1912
1947
1923
1961
1798
1458
1470
1103
867
156
-192
-560
-1234
-1618
-2330
-2405
-2856
-3396
-3606
-3845
-3913
-4273
-4345
-4303
-4216
-4256
-4151
-3780
-3371
-2974
-2651
-1817
-1262
-712
-110
438
1196
1459
1886
2282
2565
2770
2705
2968
3063
2900
2809
2695
2587
2305
1846
1573
1251
694
116
-421
-811
-1375
-1918
-2231
-2547
-2775
-2983
-3069
-2927
-2830
-2727
-2395
-2174
-1893
-1614
-1305
-895
-623
-173
191
572
989
1237
1671
2045
2169
2490
2645
2688
2738
2527
2553
2261
2055
1837
1388
1443
828
733
609
180
314
-185
51
-264
-316
-164
-463
78
-278
122
382
504
975
992
1618
1662
1997
2193
2238
2599
2523
2568
2554
2579
2389
2270
1965
1722
1451
836
357
-408
-680
-1509
-2122
-2455
-3104
-3168
-3921
-4064
-4248
-4478
-4535
-4947
-4542
-4701
-4625
-4415
-4115
-3500
-3195
-2548
-1918
-1041
-558
79
859
1440
1963
2191
2772
2910
3070
3123
3142
3348
3033
2960
2800
2631
2254
1789
1586
1069
563
-97
-601
-1111
-1700
-2243
-2619
-2788
-3181
-3240
-3301
-3148
-2987
-2871
-2428
-2182
-1786
-1533
-1154
-667
-367
50
436
888
1202
1531
1848
2133
2368
2500
2650
2627
2658
2437
2365
2179
1793
1711
1231
1072
692
386
328
-158
-41
-316
-332
-228
-461
-88
-99
138
318
490
968
1021
1358
1561
1791
2139
2115
2318
2571
2612
2671
2640
2664
2724
2319
2085
1818
1325
868
-180
-554
-1097
-1983
-2433
-3166
-3159
-3667
-4249
-4218
-4483
-4383
-4847
-4890
-4471
-4708
-4561
-4468
-3873
-3264
-3115
-2324
-1453
-711
-95
474
1428
2146
2325
2834
3219
3431
3450
3218
3541
3382
3033
2935
2634
2571
1960
1511
1391
813
279
-407
-873
-1326
-2119
-2613
-2920
-3222
-3462
-3735
-3566
-3343
-3333
-2949
-2565
-2061
-1679
-1454
-817
-406
-19
349
724
1303
1486
1804
2146
2393
2662
2702
2911
2899
2863
2659
2476
2416
1889
1821
1327
1064
816
226
313
-256
-103
-342
-487
-146
-569
13
-121
167
544
533
1172
1058
1542
1639
1855
2196
2083
2462
2472
2605
2531
2646
2589
2486
2199
1788
1643
844
259
-665
-1077
-1771
-2686
-3091
-3708
-3750
-4492
-4704
-4749
-4880
-4933
-5387
-4881
-4974
-4847
-4739
-4367
-3526
-3420
-2646
-2000
-998
-356
200
1206
1831
2465
2676
3252
3517
3536
3509
3498
3606
3191
3062
2765
2636
2183
1604
1456
900
461
-295
-702
-1164
-1877
-2330
-2828
-2974
-3312
-3536
-3476
-3307
-3155
-2994
-2490
-2059
-1628
-1244
-769
-206
177
564
929
1461
1681
1937
2253
2459
2593
2549
2798
2718
2755
2577
2397
2540
1983
1874
1510
1230
998
275
411
-172
-195
-369
-664
-108
-534
-62
26
308
774
668
1413
1383
1754
1887
1913
2376
2156
2406
2418
2609
2613
2509
2652
2555
2416
1940
1744
1224
539
-426
-1078
-1606
-2588
-3136
-3891
-3888
-4430
-4977
-4810
-5111
-4744
-5332
-4986
-4654
-4872
-4448
-4648
-3590
-3385
-3046
-2165
-1527
-480
-164
785
1683
2291
2740
3091
3591
3630
3491
3324
3496
3075
2767
2528
2215
2116
1303
1225
860
407
-65
-808
-928
-1673
-2261
-2687
-3069
-3216
-3625
-3697
-3483
-3304
-3096
-2677
-2151
-1482
-1153
-686
-36
307
820
927
1383
1695
1758
2016
2069
2385
2403
2476
2649
2657
2600
2488
2384
2208
1956
1530
1290
861
434
110
-187
-212
-509
-360
-270
-177
95
151
621
803
1048
1324
1496
1768
1705
1922
2104
2067
2272
2277
2501
2556
2453
2600
2504
2358
1941
1558
1174
291
-620
-1172
-1917
-2575
-3311
-3890
-3751
-4465
-4689
-4771
-4863
-4517
-5318
-4679
-4639
-4669
-4262
-4640
-3281
-3317
-2866
-1973
-1460
-189
-88
902
1823
2282
2863
3012
3514
3677
3335
3312
3355
2969
2818
2304
2221
2038
1270
1239
642
438
-162
-911
-975
-1831
-2230
-2765
-3182
-3154
-3691
-3649
-3495
-3348
-2940
-2750
-2083
-1464
-1148
-533
-115
439
879
944
1561
1745
1954
2171
2143
2650
2495
2649
2800
2696
2912
2469
2525
2349
1938
1770
1176
1109
595
201
136
-228
-52
-293
-142
107
73
422
436
878
1073
1174
1559
1584
1872
1930
1950
2205
2187
2326
2384
2398
2548
2392
2333
2098
1796
1473
739
-33
-693
-1380
-2241
-2856
-3640
-3775
-4208
-4872
-4666
-5194
-4716
-5307
-5209
-4550
-5164
-4287
-4865
-3857
-3339
-3528
-2207
-2098
-748
-489
159
1414
1685
2544
2759
3316
3664
3460
3409
3570
3236
2979
2694
2323
2329
1402
1342
893
448
167
-804
-697
-1478
-2030
-2354
-2966
-2855
-3437
-3535
-3392
-3398
-3024
-2917
-2335
-1651
-1346
-690
-178
342
915
1000
1599
1837
1991
2236
2117
2535
2355
2466
2604
2494
2698
2358
2443
2250
1948
1781
1332
1183
710
351
161
-110
-157
-261
-180
53
105
365
594
859
1212
1308
1689
1868
1968
2118
2141
2324
2295
2342
2421
2440
2464
2393
2381
2250
1972
1672
1241
596
-315
-945
-1649
-2465
-3117
-3900
-3881
-4461
-4921
-4835
-5144
-4634
-5280
-4931
-4505
-4839
-4219
-4689
-3620
-3368
-3345
-2300
-2073
-864
-665
-4
1141
1493
2256
2482
2972
3384
3080
3145
3182
2848
2718
2193
1986
1816
1024
973
420
222
-195
-949
-884
-1652
-1970
-2417
-2869
-2736
-3321
-3321
-3254
-3217
-2818
-2799
-2110
-1536
-1173
-480
-100
626
1090
1270
1873
2096
2328
2496
2442
2771
2684
2700
2827
2658
2845
2509
2441
2436
1975
1973
1464
1280
972
435
379
-82
-24
-235
-300
-4
-152
210
233
604
947
1030
1489
1510
1869
1918
1927
2211
2130
2315
2225
2220
2360
2113
2146
1838
1727
1503
803
344
-467
-863
-1672
-2374
-2887
-3416
-3529
-4441
-4382
-4678
-4695
-4723
-5115
-4310
-4721
-4287
-4320
-3951
-3069
-3357
-2391
-2011
-1171
-653
-403
692
1072
1716
2008
2451
2949
2872
2905
3025
3007
2760
2543
2239
2162
1568
1176
920
507
248
-530
-673
-1088
-1637
-1949
-2439
-2389
-2728
-2961
-2891
-2891
-2643
-2632
-2270
-1706
-1430
-919
-551
-35
496
671
1132
1445
1701
1915
1963
2204
2297
2326
2425
2429
2450
2428
2222
2205
2020
1832
1692
1295
1237
825
659
484
237
356
77
284
193
286
440
393
787
754
1050
1126
1227
1496
1403
1634
1628
1758
1836
1691
1843
1691
1624
1437
1175
1078
566
42
-488
-924
-1459
-2086
-2545
-2878
-3098
-3687
-3826
-4072
-4121
-4231
-4543
-4048
-4323
-4058
-4047
-3845
-3134
-3215
-2498
-2098
-1421
-825
-601
269
630
1176
1565
1758
2323
2273
2372
2499
2420
2430
2184
2079
1974
1588
1335
1038
775
525
-13
-192
-537
-978
-1225
-1638
-1725
-1963
-2171
-2144
-2191
-1998
-1966
-1713
-1261
-1073
-576
-287
79
578
689
1077
1256
1506
1665
1680
1945
1885
2150
2045
2160
2298
2140
2291
1979
2224
1870
1791
1686
1232
1383
767
833
567
416
475
184
488
245
407
489
437
808
665
879
929
953
1094
980
1162
1075
1151
1161
1109
1186
1063
1007
901
793
526
222
-185
-543
-931
-1414
-1743
-2179
-2357
-2751
-2999
-3142
-3441
-3372
-3664
-3530
-3523
-3556
-3326
-3387
-2934
-2816
-2509
-2065
-1784
-1207
-960
-487
-59
251
709
898
1256
1455
1548
1704
1698
1743
1671
1560
1474
1305
1113
904
667
500
216
-32
-217
-512
-690
-949
-1128
-1235
-1396
-1426
-1486
-1407
-1334
-1243
-1005
-827
-555
-318
-89
222
420
629
809
992
1156
1252
1381
1461
1574
1599
1641
1707
1752
1744
1723
1788
1703
1690
1542
1483
1396
1179
1136
924
897
698
576
577
400
429
287
331
358
307
399
380
497
496
524
631
578
674
660
676
740
637
670
593
513
382
228
83
-142
-353
-608
-809
-1092
-1335
-1563
-1774
-1954
-2221
-2337
-2490
-2620
-2697
-2796
-2703
-2725
-2633
-2533
-2360
-2103
-1978
-1632
-1385
-1077
-789
-559
-210
-17
220
413
613
790
845
952
991
1043
1007
979
979
895
807
692
587
466
293
168
75
-65
-190
-342
-373
-459
-537
-553
-537
-470
-460
-407
-302
-183
-119
15
148
304
361
444
570
624
769
723
875
950
942
1090
1021
1230
1164
1237
1324
1244
1386
1169
1264
1162
1076
1038
859
902
675
657
519
421
430
256
338
267
263
270
253
337
287
367
360
406
454
432
505
515
515
543
513
498
425
320
271
105
12
-183
-355
-480
-724
-853
-1059
-1222
-1371
-1552
-1652
-1812
-1917
-2016
-2098
-2095
-2144
-2099
-2037
-1961
-1808
-1682
-1471
-1278
-1081
-850
-677
-472
-316
-174
-9
78
183
241
287
373
359
413
420
446
464
438
442
399
379
321
293
259
215
147
105
71
44
32
30
61
110
133
182
225
245
316
326
404
380
429
417
409
490
408
529
515
547
623
569
674
600
663
645
598
680
537
624
545
531
557
462
539
433
471
424
365
423
312
366
333
307
345
290
350
323
366
403
407
495
468
546
544
530
572
475
484
364
296
224
74
41
-129
-186
-306
-426
-498
-644
-711
-851
-946
-1065
-1183
-1268
-1398
-1448
-1525
-1567
-1551
-1572
-1512
-1464
-1380
-1268
-1163
-1036
-921
-799
-700
-591
-509
-425
-340
-265
-212
-139
-94
-31
25
76
138
168
218
229
263
274
274
287
303
299
315
304
300
308
308
313
318
349
329
365
373
388
424
436
485
506
544
575
602
621
611
625
611
581
533
503
461
412
378
338
341
299
293
300
284
273
254
251
224
206
181
153
155
126
140
155
180
216
247
312
359
431
489
547
600
625
635
636
612
561
505
430
353
268
173
73
-17
-104
-204
-286
-388
-480
-579
-685
-769
-887
-965
-1070
-1141
-1209
-1272
-1294
-1331
-1311
-1289
-1257
-1180
-1121
-1038
-943
-861
-755
-681
-599
-539
-470
-420
-385
-327
-293
-259
-228
-184
-146
-105
-57
-8
37
74
101
135
154
162
177
189
210
217
247
255
300
334
367
446
479
536
588
638
683
720
749
786
797
817
811
828
811
797
800
765
768
712
706
656
631
594
541
520
452
415
375
323
288
252
225
199
181
174
152
170
160
187
203
211
252
256
303
313
332
351
348
360
341
336
306
259
225
167
105
44
-32
-107
-199
-273
-367
-455
-537
-639
-709
-806
-877
-945
-1009
-1066
-1116
-1145
-1179
-1195
-1201
-1196
-1180
-1157
-1130
-1085
-1037
-976
-926
-851
-782
-717
-632
-578
-492
-435
-360
-291
-233
-168
-119
-69
-26
22
56
104
146
180
215
261
284
313
339
371
388
404
432
440
470
468
492
508
524
543
569
591
609
633
645
667
676
671
677
682
652
648
623
592
562
533
507
469
436
395
368
329
290
263
231
202
172
155
130
110
91
70
68
49
38
45
38
29
28
28
29
22
30
19
15
-1
-25
-44
-78
-102
-149
-183
-234
-284
-335
-379
-441
-500
-550
-595
-645
-687
-717
-762
-785
-806
-812
-825
-819
-819
-810
-791
-773
-737
-699
-670
-613
-568
-515
-452
-391
-326
-269
-197
-137
-73
-12
36
80
129
166
203
229
256
270
296
319
338
355
361
385
392
403
420
437
444
461
464
477
496
507
512
535
541
561
567
571
593
585
605
599
603
587
584
575
556
533
506
468
424
377
322
276
218
177
113
74
23
-16
-57
-91
-124
-154
-173
-198
-207
-234
-242
-250
-256
-256
-258
-262
-261
-260
-250
-238
-235
-225
-225
-212
-215
-212
-209
-226
-230
-250
-256
-281
-291
-325
-345
-368
-404
-414
-436
-448
-465
-465
-485
-483
-491
-487
-485
-474
-469
-456
-434
-421
-392
-369
-324
-299
-249
-219
-173
-126
-71
-23
16
62
100
135
167
209
224
259
278
300
310
325
335
343
357
359
362
361
368
361
366
362
362
363
366
366
370
378
378
389
390
400
405
415
411
419
421
414
417
399
389
361
342
313
282
254
214
177
132
99
57
14
-25
-54
-98
-127
-156
-178
-203
-221
-236
-255
-261
-274
-267
-274
-266
-256
-244
-241
-225
-219
-204
-190
-175
-158
-151
-130
-137
-118
-114
-115
-112
-115
-124
-125
-135
-156
-167
-183
-191
-206
-209
-220
-231
-246
-246
-255
-253
-256
-255
-250
-253
-228
-234
-218
-211
-195
-177
-161
-139
-118
-94
-75
-44
-26
7
29
50
74
92
112
116
129
135
138
143
149
147
150
148
153
154
162
163
164
172
179
189
192
207
212
222
232
249
251
259
275
277
292
295
307
311
310
319
308
300
287
270
253
228
204
173
140
106
79
43
11
-18
-53
-78
-108
-135
-160
-181
-196
-215
-228
-233
-244
-248
-247
-244
-241
-230
-219
-215
-200
-186
-164
-150
-126
-107
-89
-77
-56
-38
-34
-16
-14
-7
-4
-4
-18
-19
-27
-37
-51
-61
-79
-101
-111
-128
-141
-157
-169
-180
-179
-185
-181
-182
-179
-170
-167
-154
-139
-109
-104
-78
-64
-50
-27
-6
16
29
59
63
92
95
109
115
114
124
124
126
123
122
121
122
117
124
115
111
116
124
124
132
141
146
152
158
166
170
179
183
193
196
205
207
207
205
197
189
179
170
155
145
120
103
75
50
16
-7
-32
-63
-90
-127
-152
-183
-203
-229
-237
-254
-268
-272
-278
-272
-266
-258
-256
-246
-231
-209
-194
-170
-138
-115
-85
-63
-39
-17
6
25
49
66
77
83
85
91
82
83
63
58
32
13
-10
-34
-54
-81
-94
-115
-131
-152
-158
-166
-165
-176
-170
-171
-157
-152
-143
-127
-109
-91
-75
-47
-38
-12
10
32
41
67
83
94
99
112
115
114
121
122
131
129
130
123
129
129
135
141
149
147
146
162
155
163
169
180
188
201
209
215
229
227
244
242
248
247
250
236
226
223
209
196
170
155
127
103
72
44
14
-10
-37
-66
-92
-113
-131
-155
-174
-190
-206
-221
-225
-234
-225
-223
-219
-205
-191
-180
-164
-143
-124
-104
-85
-67
-44
-32
-13
4
15
31
33
44
41
43
35
32
32
19
1
-13
-27
-48
-66
-78
-95
-107
-112
-127
-128
-137
-139
-145
-138
-137
-138
-128
-130
-122
-124
-109
-110
-105
-92
-80
-72
-60
-47
-41
-32
-30
-16
-17
-4
-1
10
9
15
25
21
33
37
51
67
81
86
107
111
126
137
151
161
174
182
187
208
205
224
223
236
235
241
238
233
227
210
199
174
165
135
119
95
68
47
29
4
-19
-38
-62
-76
-99
-115
-130
-143
-161
-170
-180
-187
-192
-186
-177
-170
-154
-138
-127
-111
-89
-79
-59
-50
-35
-21
-14
6
3
16
28
35
38
35
33
25
29
23
13
3
-4
-18
-25
-41
-48
-61
-68
-73
-79
-83
-91
-80
-91
-84
-90
-85
-88
-89
-83
-83
-75
-81
-75
-79
-68
-72
-62
-56
-50
-50
-47
-38
-46
-44
-48
-38
-43
-33
-28
-22
-17
-8
1
15
27
46
57
63
83
88
101
104
119
121
133
143
148
166
173
186
196
197
196
204
191
186
174
163
152
131
113
92
71
49
35
18
2
-26
-38
-60
-76
-90
-109
-122
-136
-143
-149
-152
-160
-149
-145
-131
-113
-95
-80
-73
-49
-33
-22
-17
-2
10
18
22
38
40
41
47
49
52
57
64
57
56
48
50
38
32
25
15
10
2
-3
-9
-6
-9
-9
-8
-7
-7
-8
-13
-4
-16
-21
-27
-32
-37
-47
-41
-43
-42
-40
-36
-40
-32
-44
-41
-47
-41
-42
-42
-51
-48
-39
-40
-31
-22
-13
-16
12
17
29
30
49
56
70
73
76
92
84
101
105
110
116
132
129
139
142
138
134
129
123
110
106
81
71
53
48
26
14
12
-12
-16
-34
-37
-58
-56
-72
-76
-83
-91
-93
-100
-96
-104
-97
-105
-92
-100
-80
-77
-61
-57
-49
-38
-45
-30
-35
-27
-32
-18
-24
-18
-12
-3
-6
0
4
2
6
2
8
-3
6
-6
1
-3
1
3
6
13
9
19
14
12
14
10
2
3
-6
-7
-13
-14
-17
-18
-17
-19
-22
-29
-23
-23
-25
-26
-26
-31
-33
-42
-46
-51
-56
-51
-51
-44
-38
-39
-35
-25
-17
-12
-8
-8
9
17
29
32
41
51
58
71
74
90
89
100
98
101
94
92
86
72
69
51
40
25
18
6
0
-9
-8
-19
-20
-21
-29
-40
-38
-38
-48
-46
-46
-42
-41
-34
-41
-33
-32
-25
-24
-19
-16
-17
-12
-15
-12
-23
-19
-25
-23
-26
-29
-25
-32
-30
-22
-15
-11
-6
-7
-3
-4
-1
-2
4
8
10
17
19
31
27
40
38
38
43
39
38
26
34
27
27
25
19
12
15
12
9
8
9
6
0
5
-6
-3
-12
-7
-15
-16
-17
-23
-17
-26
-12
-22
-12
-6
-10
-10
-7
-1
-7
6
7
1
10
15
16
18
35
31
33
40
35
34
33
31
15
21
6
-3
-9
-11
-14
-22
-15
-22
-24
-17
-20
-16
-16
-19
-10
-13
-8
-15
-12
-10
-3
1
3
8
16
19
15
27
16
21
9
7
-2
2
-1
-5
-10
-20
-13
-25
-24
-40
-33
-38
-37
-32
-33
-32
-36
-31
-29
-22
-25
-19
-21
-17
-14
3
0
4
11
12
17
13
28
13
24
11
13
18
8
15
-4
4
-7
-6
-9
-16
-13
-16
-9
-13
-14
-19
-10
-14
-11
-14
-13
-6
-6
0
5
4
3
6
10
12
10
15
5
6
3
9
7
8
7
6
13
6
8
0
-2
-12
-9
-18
-16
-16
-26
-25
-23
-27
-28
-14
-21
-14
-12
3
2
8
17
19
25
29
42
38
42
40
47
47
50
46
42
44
36
37
29
28
21
26
23
25
25
17
12
9
16
4
9
8
8
0
1
6
3
-2
-4
-5
-5
-5
-6
-1
-13
0
-4
-13
-10
-10
-10
-12
-5
-2
1
-6
-4
1
3
0
2
7
5
6
12
12
10
15
14
8
8
11
7
12
12
10
8
12
11
12
18
12
18
9
15
9
10
13
7
12
3
6
1
6
1
2
2
-1
-3
-4
-4
-6
-12
-16
-18
-18
-18
-27
-20
-21
-23
-17
-16
-12
-10
-6
-8
-6
2
6
6
7
7
10
10
9
12
7
12
6
1
2
5
4
-6
1
-7
0
0
-4
-1
-5
1
-4
-6
-5
-3
-7
-3
-5
-3
-2
-7
-8
-11
-6
-12
-3
-10
-9
-10
-10
-7
-12
-9
-16
-16
-16
-17
-18
-13
-22
-16
-13
-8
-6
-6
-10
-6
-12
-10
-3
-19
-15
-17
-12
-19
-17
-22
-19
-17
-14
-11
-11
0
-5
-4
-2
3
4
3
6
-3
0
1
-1
3
1
-3
-5
-2
-7
-13
-9
-7
-14
-11
-12
-10
-19
-10
-10
-9
-4
-5
-6
-10
3
1
10
9
18
16
19
20
20
20
13
11
12
12
6
10
7
12
3
6
1
3
-1
-3
-1
0
4
2
6
0
3
3
8
5
8
7
7
9
7
8
-3
3
-1
-1
-2
-14
-10
-13
-10
-17
-19
-26
-31
-26
-30
-31
-37
-28
-29
-25
-29
-30
-23
-22
-24
-23
-24
-23
-19
-17
-14
-21
-19
-24
-15
-13
-13
-10
-9
-10
-13
-9
-8
-6
-3
9
7
12
11
13
14
12
13
15
14
13
12
10
12
7
14
6
7
2
6
3
3
-3
-3
4
6
11
11
22
16
28
26
34
29
30
36
36
40
31
37
29
34
33
34
35
35
32
27
25
21
25
15
21
13
12
12
10
8
9
15
5
12
8
9
4
2
1
0
0
5
8
3
2
-6
-5
-4
-4
-5
-10
-6
-11
-3
-8
-10
-7
-12
-10
-17
-10
-12
-6
-11
-7
-6
-13
-12
-15
-13
-10
-9
-16
-12
-15
-11
-9
-8
-7
-5
-1
-6
-3
-6
-6
-6
-1
0
6
7
-3
-2
-3
-7
-10
-9
-10
-10
-12
-9
-15
-18
-26
-17
-22
-29
-21
-29
-21
-28
-18
-22
-19
-13
-9
-6
-6
5
-9
-3
-9
-1
-10
-1
-5
-1
0
3
3
0
9
-1
12
5
16
8
13
14
15
19
22
22
22
24
16
29
27
27
21
28
22
20
22
23
13
10
9
3
7
6
9
7
11
8
7
7
5
-3
2
4
3
9
0
7
3
6
3
0
-3
-10
-1
-7
-4
-10
-9
-9
-6
-2
2
3
6
10
11
15
12
16
11
21
16
16
18
15
17
13
15
9
15
10
12
9
11
9
5
5
-5
-3
-6
1
-5
2
-3
0
-1
-3
1
1
6
7
12
10
13
10
13
14
19
10
15
10
11
10
13
12
4
15
6
7
0
6
7
8
8
7
6
5
14
7
6
5
7
0
2
2
-1
-4
-6
-5
-6
-12
-15
-13
-20
-13
-19
-22
-19
-22
-16
-20
-13
-18
-12
-13
-16
-10
-12
-6
-15
-16
-18
-20
-25
-27
-31
-35
-31
-32
-28
-27
-32
-33
-27
-28
-29
-28
-28
-25
-22
-20
-17
-16
-21
-13
-9
-18
-13
-15
-17
-16
-16
-14
-7
-9
-12
-10
-16
-13
-8
-12
-12
-5
-6
-4
1
4
4
3
3
5
12
7
9
13
7
7
12
6
15
7
12
13
6
19
17
22
12
25
21
20
21
28
18
22
32
20
26
23
32
23
23
19
28
22
32
24
19
25
10
15
10
15
0
6
-2
0
-5
-1
4
-2
-6
4
3
-12
5
-10
-9
-6
3
-7
-1
0
-9
-6
-6
5
-13
-13
-18
-25
-40
-35
-40
-45
-32
-31
-42
-41
-28
-39
-37
-31
-26
-24
-18
-18
-22
-14
-10
-7
-12
-8
-7
-12
-9
-4
-16
-15
-7
-12
-13
-16
-12
-28
-18
-12
-14
-14
-12
-7
-20
-7
-2
-8
-2
21
14
12
22
26
15
26
35
27
25
31
35
24
43
38
42
46
47
46
42
53
41
43
44
54
40
42
56
40
38
40
37
22
33
35
20
18
31
17
9
17
18
8
13
24
11
9
7
14
-2
-3
7
-4
-9
3
0
-15
-2
-5
-19
-18
-6
-24
-25
-19
-21
-29
-23
-15
-34
-30
-24
-33
-39
-24
-31
-35
-25
-16
-32
-31
-19
-28
-34
-22
-14
-32
-26
-10
-17
-26
-3
-3
-25
-6
0
-9
-10
4
-7
-19
-4
1
-8
-6
11
4
6
17
19
6
17
24
17
25
32
17
19
38
25
19
23
34
16
21
37
29
25
36
44
26
38
50
44
38
53
44
35
47
51
47
43
55
50
31
47
44
25
38
38
19
13
22
15
4
11
12
-1
-2
4
-1
-16
-6
-20
-25
-23
-23
-29
-40
-28
-46
-51
-48
-49
-66
-58
-65
-64
-81
-75
-76
-85
-79
-80
-83
-98
-69
-85
-84
-79
-65
-85
-67
-58
-67
-53
-55
-45
-60
-45
-46
-37
-47
-32
-42
-47
-28
-44
-34
-33
-23
-32
-16
-15
-13
-25
-9
-6
-9
9
7
13
6
21
19
23
30
41
31
46
44
41
37
41
46
32
51
45
44
35
59
38
52
51
56
51
38
73
48
62
52
63
50
65
58
52
57
39
58
35
56
39
40
34
39
20
22
24
3
16
-2
15
-11
8
-11
1
-10
-11
-12
-43
-8
-44
-25
-44
-33
-53
-47
-61
-62
-61
-81
-64
-97
-68
-109
-69
-102
-76
-88
-94
-77
-91
-67
-100
-46
-93
-57
-75
-54
-67
-57
-44
-50
-23
-53
-8
-46
-22
-37
-9
-50
-12
-22
-24
-5
-27
11
-18
24
-14
40
4
43
21
39
46
49
61
36
90
34
102
33
107
51
78
82
56
102
42
105
70
88
59
107
51
100
68
84
94
51
121
42
117
62
88
76
80
80
56
92
55
75
33
75
30
35
37
26
15
20
29
-8
28
-3
5
-38
33
-48
-9
-15
-33
0
-65
22
-61
-5
-59
-10
-69
-41
-40
-64
-68
-82
-47
-121
-39
-138
-9
-161
-26
-100
-104
-10
-154
-24
-99
-48
-63
-51
-169
186
-287
30
112
-385
448
-535
356
-166
-152
355
-572
555
-480
337
-281
199
-114
47
36
-153
435
-649
862
-844
798
-482
271
135
-282
544
-499
608
-475
580
-450
533
-369
375
-109
8
277
-335
525
-411
449
-301
360
-190
218
-61
121
39
-16
145
-57
158
-57
157
-87
214
-142
247
-177
245
-103
60
74
-63
130
-129
167
-126
111
-87
77
-53
20
-5
-36
4
-15
-35
5
-57
-7
-39
-39
13
-108
49
-91
14
-92
33
-93
-23
-48
-41
-61
-49
-27
-80
-8
-92
-1
-110
21
-109
25
-103
23
-60
-44
43
-76
68
-110
112
-89
47
-1
0
42
-50
78
-29
57
-13
41
11
27
40
11
63
34
32
35
77
39
23
79
54
26
63
41
72
30
61
61
27
79
13
64
25
56
37
-4
70
32
9
29
54
1
9
7
39
-24
18
0
-9
36
-46
43
-26
9
-24
-13
-14
-22
-28
-40
5
-64
-34
-39
-12
-62
-30
-32
-52
-59
-41
-54
-28
-60
-33
-45
-96
16
-82
-8
-67
-29
-73
-93
14
-67
-40
-45
-40
-75
-39
-31
-54
-54
-61
-58
-58
-53
-8
-43
-39
-38
-56
-3
-66
-36
-53
-10
-36
-53
38
-23
-6
-33
40
-23
-28
-11
-64
16
-9
15
-17
70
14
27
39
28
48
-33
2
-30
44
4
47
19
39
66
0
22
19
49
-42
-74
-43
27
10
41
10
31
35
-23
21
42
59
-77
-242
-175
251
-81
1
261
-154
158
-158
103
151
-159
-6
-360
82
18
121
-50
120
92
-71
11
-57
291
-367
152
-299
25
64
-124
276
-164
226
-112
42
-105
105
-103
-67
-100
-54
75
-73
250
-113
170
-10
-10
-52
47
27
-119
-16
-31
154
-23
106
96
35
57
0
0
-7
-7
-22
-58
33
70
1
29
84
62
-1
7
-16
14
-10
-1
38
-27
39
25
48
107
13
70
-30
31
0
26
68
-27
103
-11
88
28
62
47
3
37
-28
35
-36
29
-11
71
17
28
19
-22
39
17
52
17
39
-29
29
11
69
38
15
-9
-35
42
-40
66
-4
34
-49
-37
32
-26
59
-37
5
-46
-7
44
-12
30
25
-19
-7
-1
6
53
-40
-7
34
-48
-2
0
4
16
-54
10
-33
10
18
-60
17
-88
-1
-26
-7
47
-37
7
-24
34
-36
-3
-12
-61
-32
-37
2
13
-22
-19
17
-42
21
-34
-62
7
-70
-56
-9
-30
-7
-36
32
13
-60
20
-32
-36
-31
-38
-12
-69
-34
75
-8
14
30
-22
-17
-17
-40
-77
-28
-55
-47
-41
35
37
-19
-13
8
-26
-66
-18
-39
-35
-15
-9
-24
43
44
19
6
-1
-8
-53
-25
-12
-9
-25
-6
-16
-25
62
28
-34
-10
-2
-71
-74
-8
-25
-17
-1
8
6
29
34
35
-22
-5
-3
-70
-21
27
15
-3
34
-9
44
-6
14
-4
-52
-23
-43
-23
-37
43
-20
16
15
12
18
3
-4
-28
-5
-33
-15
-29
27
9
-7
22
5
5
-3
-22
-5
-64
-4
-3
-41
67
-5
28
1
36
3
8
6
-41
42
-26
57
13
45
40
38
68
16
38
-3
11
-16
11
27
2
-8
21
21
28
29
30
-19
8
0
-32
30
-19
37
-27
28
32
25
36
-13
27
-28
18
-21
-1
-2
15
19
-16
47
-3
-7
13
-4
-13
-5
-28
-8
2
-1
25
-18
29
44
0
0
3
-3
-29
-15
13
-12
-1
13
-15
20
9
17
-24
-21
18
-23
-26
-22
2
-17
-4
30
-4
-2
9
-26
-20
-2
-29
-42
-28
-28
3
-16
6
-4
-19
6
-10
-21
-22
19
-25
2
-3
12
0
13
24
10
44
-7
19
7
24
22
31
5
45
38
7
57
11
34
15
19
8
29
15
24
27
29
34
21
28
-9
47
-11
25
5
-6
28
-6
13
-3
41
-12
22
3
-9
26
-14
15
-1
10
17
4
-6
32
21
-9
20
8
0
6
0
4
9
25
6
-6
32
-7
11
-9
-19
13
-31
13
-18
-2
0
-12
-13
-29
22
-28
-15
-15
-6
-14
-21
-19
-18
-7
-42
0
-24
-13
-3
-26
-25
-7
-3
-26
-13
-12
-11
-22
-25
-19
-13
-22
2
-26
-9
7
-15
-3
2
32
-19
17
12
5
23
4
19
-2
18
16
-1
-2
15
2
-10
-3
7
0
-7
12
-8
-9
7
-10
-8
6
10
-5
-14
12
-1
-3
5
13
10
0
25
-1
4
22
-1
-13
-6
5
-6
-16
7
4
-25
10
4
-20
-3
0
-12
-26
7
0
-11
10
17
3
-8
12
3
-1
11
3
-3
-8
-5
-4
-10
-1
7
-6
-11
5
4
7
13
6
7
9
16
14
15
22
19
13
6
15
10
2
-5
-3
-1
-18
3
-19
-16
-3
-25
-3
-21
-13
-10
-26
-8
-13
-17
-17
-1
-6
-6
11
1
-10
8
9
3
18
2
15
-1
-4
16
-6
-3
9
-7
-6
-2
9
-7
-9
24
-14
12
8
17
6
0
24
7
1
11
14
-18
5
-8
-22
-21
2
-28
-25
-8
-24
-22
-22
1
-22
-19
-8
-1
-14
-13
5
-22
-20
-4
-11
-18
2
-7
-13
-6
-1
-1
-20
1
-10
-17
-17
-2
-28
-35
-3
-16
-25
-1
0
-26
0
-4
7
-10
5
2
-16
7
-7
-3
-20
2
-2
-26
2
-6
-28
-17
-18
-28
-26
-19
-16
-30
-21
0
-21
-8
4
-5
-11
3
18
-6
18
26
15
20
28
25
25
20
34
22
19
31
25
22
19
34
10
19
26
21
20
31
28
23
32
30
36
38
39
43
38
33
46
25
32
34
19
24
28
26
20
31
22
17
15
16
6
8
9
10
7
-2
11
-4
-1
13
1
4
6
0
0
-3
2
0
-4
7
2
-1
1
9
1
-3
7
0
-7
5
3
-7
9
2
1
3
17
8
5
13
5
10
4
4
1
-4
10
10
-2
7
-1
-4
-7
5
-4
-13
0
-4
-13
-15
-3
-19
-13
-4
-9
-20
-13
-12
-23
-11
-11
-8
-13
-10
-6
-17
-16
-4
-19
-16
-6
-16
-15
-14
-5
-10
-5
-4
-10
-16
-5
-7
-11
-3
-6
-2
-6
-2
-2
-7
-6
-3
-18
-17
-6
-15
-12
-18
-8
-19
-16
-12
-13
-19
-14
-6
-25
-5
-6
-13
-12
-4
-12
-13
-3
-11
-5
-12
-8
-12
-12
-9
-6
-12
-16
-10
-13
-20
-10
-10
-16
-7
-9
-8
-14
-2
-9
-9
0
-8
-9
-6
-6
-3
-1
-6
6
-5
0
-8
-9
-10
-15
-10
-16
-18
-21
-16
-18
-6
-10
4
-3
-4
-10
-3
-3
-12
7
-3
3
-2
4
1
0
1
2
1
-5
-1
0
-5
0
2
0
2
0
11
-1
4
3
-1
6
0
4
3
11
3
13
19
3
10
19
17
9
19
10
2
6
6
12
7
12
9
5
8
3
4
-3
-1
-1
-7
-2
-5
-12
1
-4
-9
-5
-7
-3
-16
-9
-11
-14
-16
-17
-14
-15
-9
-15
-20
-19
-23
-25
-16
-12
-3
-8
-3
4
-5
4
6
6
9
18
13
13
7
7
-1
0
2
2
8
7
9
6
4
0
8
1
14
12
12
16
13
16
16
22
9
20
19
19
19
19
16
16
19
12
12
6
9
-3
5
1
6
8
13
15
11
14
7
19
10
15
15
21
14
16
17
13
14
9
12
10
15
8
13
7
8
3
13
10
10
15
10
12
7
16
7
11
3
12
10
6
19
13
19
19
22
21
17
11
12
1
1
2
-3
-7
-5
-5
-19
-7
-13
-15
-11
-12
-12
-14
-7
-5
-10
-14
5
-5
-9
-3
-2
-7
-8
3
-11
-7
-13
-16
-22
-16
-12
-11
-10
-11
-13
-15
-10
-9
-5
-5
-3
-9
0
-4
-3
-6
6
-2
1
-1
-3
1
-9
-3
-10
-7
-10
4
-6
0
-3
-1
0
-9
-3
-7
-2
-6
0
4
6
3
5
10
7
4
3
7
8
4
5
6
-4
-5
-6
-7
-15
-7
-1
-7
0
0
2
-6
0
-6
-7
0
-1
2
0
0
3
-1
-4
0
-4
-4
-3
-3
-6
-6
-8
-9
-6
-6
-6
-10
-6
-3
-12
-8
-9
-13
-12
-10
-6
-6
-3
-7
-8
-1
2
-1
11
4
4
6
4
4
-7
4
-10
-6
-13
-19
-7
-20
-18
-8
-16
-20
-9
-12
-10
-7
-4
0
0
1
10
9
1
12
-2
2
1
3
-6
-12
-8
-10
-13
-14
-7
-10
-6
-9
4
-8
-7
-5
-4
-3
2
8
11
18
9
19
10
15
0
2
0
1
-2
-3
1
-9
0
-7
3
-7
4
1
0
1
1
12
7
12
8
12
10
16
11
23
22
19
15
8
7
1
5
-4
7
0
8
3
4
6
3
6
4
7
9
16
16
19
19
24
16
19
23
19
14
17
18
8
11
12
14
10
12
12
7
4
10
9
10
8
6
4
2
3
2
6
-1
7
12
3
10
17
11
12
9
3
9
0
13
15
3
10
-4
-3
-6
7
-4
0
5
1
19
9
15
15
20
8
14
18
15
10
13
9
4
5
14
9
7
15
2
11
0
8
-2
4
3
-6
-2
0
-3
-4
2
-13
-4
-7
-8
-3
3
-1
3
5
-3
1
-16
-7
-6
-16
-11
-13
-7
-13
-13
-9
-13
-10
-9
-10
-10
-13
-3
-12
-16
-15
-13
-6
-18
-5
-9
-3
-4
-7
-3
-12
-6
-12
-7
-6
-9
-9
-3
-10
-9
-11
-11
-9
-8
-10
-11
-6
-2
-2
-2
8
1
1
5
8
1
3
-3
-6
-9
0
-5
-7
-2
-10
-7
-17
-10
-6
-7
-12
-7
1
-3
-2
3
-8
-3
-7
-3
-5
-9
0
-13
-11
-13
-3
-12
-14
-16
-15
-16
-24
-30
-23
-32
-31
-21
-27
-18
-24
-13
-19
-8
-5
-3
-4
-3
0
-3
3
-2
-6
-15
-12
-17
-16
-21
-19
-22
-21
-14
-20
-20
-21
-14
-16
-8
-5
3
-1
3
0
1
11
6
8
7
15
5
11
7
4
6
5
12
1
12
6
4
7
13
11
10
22
22
22
26
32
20
26
22
22
16
19
19
16
21
13
12
4
5
3
2
-2
6
-4
0
2
9
4
1
3
-6
0
-3
5
-1
10
-1
7
10
9
8
12
13
10
13
6
13
7
16
9
10
6
11
8
0
3
7
3
-4
13
3
12
14
16
19
17
21
15
22
19
22
18
21
21
21
21
18
16
10
17
7
10
6
7
4
6
3
10
6
7
16
14
19
24
30
17
25
19
25
15
15
16
13
14
5
2
-6
-4
-14
-8
-20
-16
-22
-19
-13
-15
-9
-12
-9
-9
2
-3
-2
5
9
3
6
3
-5
-11
-9
-9
-23
-16
-20
-17
-28
-19
-21
-25
-15
-19
-11
-17
-14
-16
-10
-11
-12
-7
-3
-6
-3
-9
-12
-10
-18
-17
-20
-15
-21
-20
-23
-26
-24
-28
-28
-19
-24
-18
-19
-15
-14
-17
-9
-12
-10
-12
-1
-9
-6
-12
-7
-12
-10
-7
-10
-14
-12
-4
-15
-8
-12
-4
-10
-6
-4
-6
5
6
6
8
12
7
12
8
4
3
6
3
0
6
6
5
7
12
5
3
4
10
5
4
11
16
15
22
21
12
18
15
26
17
23
18
20
13
13
19
7
14
5
13
4
13
-2
4
10
7
13
16
14
4
13
-3
5
-4
-3
-10
-7
-15
-16
-16
-17
-11
-11
-4
-14
-3
-8
-1
-6
-1
0
3
0
4
11
0
10
4
4
-2
-3
-5
-6
-12
-14
-12
-15
-7
-10
-3
-3
-2
2
-3
-2
3
7
10
9
7
19
9
2
8
1
0
-6
-15
-13
-16
-18
-15
-15
-13
-19
-10
-12
-7
-4
3
6
-5
2
1
-2
-10
6
0
-7
-1
-9
-12
-19
-20
-23
-32
-39
-35
-37
-42
-42
-32
-38
-30
-24
-24
-15
-19
-9
-6
-1
-2
4
-3
-8
-9
-17
-23
-28
-24
-31
-29
-31
-29
-31
-38
-29
-29
-27
-8
-5
-3
11
12
13
14
20
15
10
7
10
1
-2
0
-8
-12
-15
-9
-14
-10
-4
-3
2
7
12
16
24
26
32
31
38
34
39
42
37
36
32
37
15
18
16
8
4
2
3
3
4
13
19
9
28
26
29
34
38
38
35
42
38
40
32
24
18
12
4
0
-3
-3
-7
-11
-4
0
-1
8
13
16
15
22
25
25
32
29
37
29
29
25
33
22
25
24
15
9
9
5
-2
3
-5
-8
-9
-9
-7
2
-8
7
-8
2
-2
-1
0
-6
0
-9
-4
-10
-6
-11
-17
-22
-17
-26
-19
-20
-15
-13
-8
-3
-5
4
12
17
9
21
16
8
10
7
-8
-16
-14
-19
-27
-29
-33
-39
-32
-31
-28
-22
-31
-18
-14
-5
-4
10
7
6
10
13
19
1
10
1
9
-9
1
1
-11
-10
-2
-9
-10
-2
-6
8
3
19
15
12
13
16
11
12
17
15
4
6
2
-11
-8
-21
-22
-26
-24
-29
-32
-25
-31
-25
-17
-12
-9
-4
6
11
8
12
16
3
7
7
1
-6
0
-5
-15
-11
-16
-16
-19
-18
-23
-14
-11
1
3
16
19
23
29
24
26
23
23
11
16
7
9
-3
5
-8
-9
-7
-17
-11
-17
-7
-11
-7
-8
2
-1
7
13
21
12
23
35
30
19
18
26
4
4
-2
-6
-22
-24
-24
-21
-22
-23
-15
-20
-17
-7
6
2
19
25
20
23
19
23
18
15
13
10
-3
-10
-10
-20
-28
-23
-30
-37
-35
-36
-30
-32
-16
-13
-6
-3
8
18
10
27
19
14
11
10
8
4
1
-3
-11
-16
-18
-21
-22
-25
-16
-20
-12
-7
-1
1
13
24
22
24
33
40
35
35
35
33
22
28
19
13
5
-7
-4
-6
0
-2
-3
5
4
8
9
16
22
15
19
26
24
20
26
16
12
11
8
-4
-5
-5
-7
-4
-10
-1
-4
-7
-1
19
8
7
17
13
6
12
22
6
4
13
14
3
3
-4
-1
-18
-11
-6
-13
-15
-2
8
-9
9
16
11
3
28
22
16
29
30
16
12
19
9
-5
-17
-1
-19
-27
-18
-19
-25
-32
-6
-12
-9
3
8
11
13
27
30
22
26
29
19
9
3
9
-17
-15
-19
-28
-36
-38
-33
-40
-39
-37
-27
-50
-29
-19
-15
-19
-3
7
-3
4
9
9
-4
5
-2
-7
-13
-1
-15
-22
-23
-25
-37
-41
-32
-36
-35
-31
-20
-28
-14
-14
1
1
-2
12
3
9
6
10
-6
-3
-4
-13
-19
-24
-25
-36
-30
-35
-34
-44
-30
-40
-39
-20
-23
-10
-19
5
1
-1
9
19
9
0
7
5
-8
-9
-1
-16
-25
-16
-4
-24
-17
-5
-1
-13
3
13
6
13
28
30
10
28
29
21
15
24
19
9
9
16
16
-1
7
7
-1
-3
10
12
6
11
26
15
14
38
35
28
37
46
36
37
44
42
26
19
33
26
13
16
21
5
-6
5
3
-7
0
17
9
4
10
19
9
6
16
9
-5
-1
12
0
-3
3
2
-9
-13
-3
-6
-25
-12
-8
-22
-19
-9
-6
-10
-4
-2
-6
-13
-6
-3
-10
-16
-6
-9
-16
-20
-18
-23
-17
-16
-19
-13
-12
-6
-10
-4
-1
0
3
3
2
13
12
18
3
12
18
6
15
3
9
-8
-1
1
-3
-7
1
3
1
3
8
9
3
20
18
23
13
21
16
14
8
12
9
-6
3
-3
-10
-19
-6
-19
-21
-16
-4
-15
-11
3
-1
-4
-2
14
1
7
11
22
10
6
19
4
-13
-11
4
-14
-23
-20
-10
-26
-22
-3
-9
-17
-2
10
-2
2
16
22
4
19
25
13
9
3
10
-6
-12
-2
-3
-22
-18
-12
-23
-29
-20
-13
-22
-20
-2
-1
-19
6
10
5
10
19
20
15
21
26
10
0
12
0
-3
-7
-1
-14
-13
-3
-10
-9
-8
0
-3
2
6
19
16
13
22
19
17
16
20
11
9
5
1
6
-4
-10
-7
1
-8
-2
1
-3
-3
4
13
9
13
23
21
15
27
25
22
16
17
19
8
-3
2
-4
-6
-10
-11
-7
-18
-10
-8
-6
-16
-5
-7
-7
-6
9
12
-2
12
9
9
3
12
5
-6
-10
-1
-3
-19
-9
-5
-14
-19
-9
-10
-17
-15
1
-5
-10
2
4
4
-1
18
8
-3
5
4
0
-2
8
0
-7
1
13
-2
-1
4
6
0
6
15
10
15
11
19
15
15
22
18
9
8
10
-1
-7
-4
-3
-7
-5
0
-2
0
4
15
16
9
17
14
11
7
19
13
5
-1
11
3
-3
1
-6
-4
-16
-6
-9
-9
-14
-11
-13
-17
-14
-2
-8
-12
-9
-9
-6
-15
-9
-13
-7
-14
-13
-13
-25
-23
-21
-29
-32
-32
-37
-40
-40
-36
-43
-35
-30
-22
-22
-15
-6
-5
0
-7
0
-3
-7
-5
-4
-13
-14
-9
-9
-23
-23
-12
-22
-14
-22
-13
-22
-19
-10
-10
-4
-3
15
11
16
20
25
18
19
21
15
10
5
7
-3
-3
-2
0
-13
-10
-5
-7
-9
-4
0
-8
1
12
16
20
22
19
24
26
24
14
7
3
7
7
-1
1
-9
-15
-20
-16
-21
-19
-15
-20
-11
-16
-9
-9
-5
-4
3
6
1
8
12
6
0
6
-3
-6
-9
-1
-16
-16
-5
-9
-5
-7
-8
-11
-10
-13
-2
-2
3
4
6
10
3
10
9
9
12
19
14
13
13
11
0
4
-1
-4
2
-3
-7
-6
1
-8
0
-5
1
0
3
12
3
8
10
5
3
13
15
10
9
16
12
16
18
13
10
9
8
3
7
3
8
4
4
5
-1
6
3
2
7
16
16
20
16
22
25
19
28
18
21
26
26
21
26
25
20
23
25
24
25
29
20
17
12
17
10
8
10
11
2
0
3
-7
-10
-5
-5
-6
-2
1
0
-2
-6
-7
-4
-6
3
-7
-3
-3
-1
-3
0
-1
-7
-4
-9
-7
-10
-8
-14
-7
-16
-13
-10
-12
-10
-12
-13
-23
-17
-14
-10
-13
-8
-10
-4
-13
-3
-7
-12
-2
-4
3
-10
-1
-6
-4
-9
-10
-7
-6
-8
-8
-8
-7
-12
-16
-4
-13
-2
-10
-3
-9
-10
-10
-9
-5
-12
2
-11
-8
-3
1
-1
6
12
9
12
13
9
7
9
3
4
-7
3
-7
-4
-4
-6
2
-6
3
-11
-1
1
-4
-3
-2
-6
-3
2
0
4
4
16
10
7
12
12
-3
7
10
5
-4
-7
-8
-15
-10
-20
-17
-28
-24
-18
-22
-21
-19
-15
-19
-10
-13
-9
-14
-9
-8
-12
-7
-3
-6
-11
-6
-3
-1
-8
-1
4
4
-4
8
6
6
7
12
13
4
17
5
15
15
16
16
18
19
13
22
15
16
4
5
6
9
3
12
4
2
16
8
15
17
16
8
14
13
13
9
19
28
23
29
35
28
28
28
19
21
10
18
13
14
11
12
16
12
13
4
10
2
16
9
10
18
10
16
8
12
7
10
7
12
12
9
3
6
4
2
6
1
7
1
7
6
3
1
6
3
3
10
6
4
0
9
-2
-4
-3
-3
-8
-9
-4
-11
-10
-10
-6
-12
-16
-15
-15
-13
-16
-7
-13
-11
-10
-3
-4
-2
7
-1
7
-5
0
2
0
-2
-3
6
2
8
4
-5
-6
-5
-11
-17
-18
-15
-20
-19
-10
-14
-17
-16
-6
-9
-11
-3
3
-3
6
6
3
8
6
8
-3
12
0
1
4
-1
1
-6
1
-3
-2
-6
-4
-1
-3
-3
0
-5
2
3
-6
5
3
-2
-2
3
-7
-2
1
0
-3
-6
-6
-11
-4
-12
-9
-12
-12
-13
-12
-16
-13
-9
-7
-6
-13
-3
-10
-10
-9
-2
-10
-9
-6
-1
-3
-7
-1
-8
-1
-10
-6
-11
-12
-15
-12
-15
-21
-16
-19
-17
-18
-6
-13
-19
-25
-15
-15
-17
-7
-5
-3
-5
3
0
3
4
7
-3
0
-3
-3
-4
-13
-6
-7
0
-15
-13
-15
-11
-12
-13
-3
-12
-3
4
3
3
2
0
3
-2
-3
-4
-4
-13
-20
-10
-15
-12
-19
-21
-19
-23
-17
-13
-16
-19
-10
-13
-11
-12
1
-5
0
4
5
6
0
3
1
3
0
5
-10
-3
-9
-9
-18
-13
-13
-13
-9
-19
-11
-12
-3
-10
0
-6
0
3
0
3
6
14
9
12
12
14
6
13
15
12
13
19
16
9
16
13
16
10
16
16
9
11
10
13
14
20
23
25
17
29
28
28
31
25
28
26
30
26
18
16
18
15
19
19
20
15
19
13
13
13
11
15
14
17
6
13
11
14
16
19
26
27
24
23
20
19
22
26
18
9
12
5
9
-3
8
0
-2
-4
-3
0
-1
6
2
2
2
3
-5
6
4
6
3
-1
-4
3
-3
-7
-4
-9
-9
-12
-7
-17
-10
-15
-10
-12
-6
-9
-11
-12
-6
1
-10
2
3
7
3
7
0
-5
-11
-4
-12
-20
-17
-19
-16
-26
-25
-27
-19
-24
-19
-15
-18
-15
-13
-6
-10
-5
-3
2
-6
0
0
0
-5
-4
4
-9
-1
-13
-8
-18
-12
-14
-17
-12
-5
-6
-11
0
-3
0
-2
14
6
11
12
15
13
9
7
4
6
1
5
-10
-2
-7
-9
-7
0
-6
-4
2
-3
-4
1
7
-4
3
2
15
10
15
16
10
15
16
9
9
13
4
5
1
8
-3
-4
0
-4
-9
-6
-5
-10
-7
-10
-8
-14
-6
-3
-7
3
-2
3
5
3
2
4
9
-1
0
-3
3
-5
5
-2
-6
-12
-4
-6
-8
1
-7
-2
-1
-2
-8
-3
-8
2
1
6
1
7
1
10
14
8
12
0
8
-2
11
0
-1
-5
-7
-10
-6
-10
-9
-6
-13
-3
-11
-4
-6
2
-4
-4
0
3
4
3
10
3
3
5
6
3
4
0
0
3
0
-2
-3
2
0
0
-3
-7
-1
-3
-3
-4
0
3
7
6
11
15
13
12
16
10
6
8
-6
-1
-3
0
-3
6
-1
1
0
-1
2
4
8
7
12
9
11
3
10
14
12
9
13
8
7
5
9
1
1
2
-5
-5
-4
0
-6
2
-9
-6
-7
1
-3
0
7
8
5
12
8
4
3
0
13
1
6
-1
3
-3
5
-3
-2
6
2
-3
6
12
3
13
9
14
4
13
6
9
11
11
10
5
18
16
13
11
17
15
7
5
6
-6
-7
-11
-19
-13
-22
-13
-19
-16
-13
-9
-8
-5
3
-6
3
-6
4
-2
-2
-1
-2
-1
-8
-13
-19
-22
-26
-26
-25
-19
-22
-19
-27
-18
-25
-20
-27
-26
-17
-21
-12
-16
-6
-14
-5
-8
-3
-1
-6
-7
-2
-2
-6
-3
-11
-6
-15
-13
-18
-13
-11
-12
-10
-12
-9
-12
-5
-9
-4
-10
3
1
-5
-1
1
-3
-6
5
-2
4
1
2
-3
4
3
0
6
2
6
-3
-3
-5
-1
-3
0
-5
-3
3
9
11
6
9
3
3
5
8
1
9
3
-4
-3
-6
-8
-10
-8
-3
6
5
6
6
3
4
11
6
1
6
4
3
9
18
15
17
21
19
19
22
18
10
12
7
7
2
-3
-6
-14
-9
-3
-6
-6
-3
-4
-7
-3
0
-3
3
4
14
7
7
17
7
10
8
8
7
6
-1
0
-6
-10
-7
-13
-11
-16
-14
-15
-16
-16
-15
-16
-13
-16
-8
-6
-13
-7
0
0
-5
2
1
-4
-3
-9
-11
-10
-18
-14
-14
-17
-19
-11
-11
-13
-14
-13
-17
-25
-13
-19
-13
-18
-10
-10
-10
-5
-6
-2
-10
-4
-8
-4
0
2
-8
0
-3
-2
-6
-1
-3
-5
4
-10
4
-5
-3
-5
6
-4
3
4
4
10
8
13
4
10
9
16
3
3
0
0
-2
-3
0
-2
0
-3
3
-4
0
3
6
4
4
7
6
3
6
15
12
19
17
19
15
23
19
12
22
9
12
9
15
9
10
11
10
7
10
11
12
9
6
14
10
21
22
27
29
34
32
31
28
24
15
16
22
16
18
12
8
3
3
-1
4
-3
4
7
10
10
13
23
13
19
22
19
16
17
18
13
19
16
13
10
13
16
10
7
6
3
0
0
-2
5
-4
7
3
-2
2
0
5
2
16
10
18
22
25
21
27
24
20
20
15
16
13
13
7
13
-1
8
6
8
-1
0
1
-2
7
1
6
0
8
5
9
5
6
1
0
-4
-4
-2
-6
-3
-4
5
-2
2
2
-4
-7
-10
-9
-14
-13
-14
-16
-13
-15
-16
-13
-23
-13
-12
-16
-9
-9
-8
-22
-16
-14
-15
-17
-10
-11
-10
-13
-14
-10
-18
-8
-11
-14
-11
-9
-15
-11
-10
-5
-4
1
3
-3
4
2
6
7
6
7
6
6
3
0
3
7
1
3
2
-1
6
1
1
5
-1
0
3
7
6
10
4
6
0
0
-4
-13
-17
-16
-14
-17
-14
-19
-11
-23
-17
-15
-16
-12
-16
-16
-18
-15
-14
-6
-15
-12
-14
-12
-13
-9
-13
-13
-18
-21
-11
-29
-23
-31
-29
-33
-31
-34
-28
-25
-28
-22
-25
-17
-22
-12
-12
-9
-18
-9
-13
-19
-13
-16
-15
-25
-20
-26
-21
-32
-25
-29
-23
-22
-22
-18
-25
-15
-19
-6
-13
-4
-5
-4
-5
-3
3
1
8
-1
0
-3
-1
0
-8
-5
-1
-6
-5
-6
-7
-12
-13
-9
-11
-5
-4
-7
-8
-4
-4
-7
-4
0
1
-4
3
7
7
7
11
7
7
9
8
13
10
12
8
12
10
0
6
11
4
5
5
3
6
0
6
5
3
1
9
6
6
12
6
6
3
10
6
12
9
8
14
18
18
13
19
19
18
15
20
13
15
19
13
19
18
15
12
18
16
16
16
15
8
19
19
18
16
12
13
11
10
4
12
9
15
16
16
10
15
12
9
13
16
22
18
31
29
28
28
29
23
25
28
29
26
23
23
20
21
16
20
15
22
15
21
28
25
26
25
32
28
30
23
33
24
21
25
15
20
14
12
11
11
5
9
10
3
8
9
4
5
6
4
3
1
1
0
-1
0
8
6
7
7
6
1
0
-2
-9
-10
-12
-12
-17
-21
-22
-23
-26
-17
-17
-18
-16
-16
-16
-15
-13
-8
-10
-10
0
-4
-1
0
0
-3
-1
-3
-8
-4
-9
-14
-16
-19
-25
-17
-26
-27
-28
-22
-22
-22
-12
-15
-7
-5
3
4
4
3
4
6
5
4
10
-1
5
4
-7
-6
-9
-7
-21
-10
-12
-16
-22
-15
-16
-19
-15
-20
-20
-25
-13
-18
-14
-17
-8
-13
-9
-5
-12
-7
-17
-10
-14
-7
-13
-9
-8
-8
-8
-12
-6
-12
-16
-13
-3
-9
-10
-10
-4
-13
-11
-5
-10
-7
-6
3
-2
5
2
1
-2
1
1
-7
-1
0
3
-4
3
-5
-3
-1
0
6
7
7
4
4
-2
3
0
1
-5
-4
-3
1
1
2
3
0
7
7
6
3
3
-4
-2
-10
-3
-9
-13
-12
-17
-12
-19
-9
-10
-4
-5
-3
-2
-13
-6
-5
-11
-13
-10
-6
-7
-4
1
-2
1
4
3
3
0
10
2
-1
4
0
2
5
0
0
-1
-2
1
0
4
-3
2
3
5
4
6
3
-1
-3
-7
-8
-11
-2
-12
-3
-3
5
-3
-2
4
0
4
-4
-1
-9
-4
-9
-9
-13
-9
-8
-8
-12
-10
-13
-9
-4
-6
1
-7
-5
-6
0
0
5
6
10
3
12
13
9
19
10
13
10
13
15
7
8
4
3
3
5
4
3
3
4
3
0
2
3
2
5
7
4
9
4
7
5
4
4
10
13
5
6
16
13
6
11
7
2
-7
5
0
-1
-1
5
1
-1
6
0
-1
4
6
-4
2
-2
-4
-2
4
-5
6
3
3
3
5
13
1
2
1
3
-4
2
-2
-2
1
5
1
6
7
5
8
9
14
4
15
11
13
12
13
15
13
17
18
19
12
16
15
19
8
13
19
21
19
17
19
13
13
3
20
12
25
26
30
26
25
30
19
22
14
15
3
9
6
4
-3
-1
1
0
4
0
6
-1
6
2
2
1
3
1
-7
-5
-2
-10
-15
-9
-9
-9
-15
-6
-12
-11
-9
-9
-12
-13
-13
-19
-19
-19
-20
-16
-12
-13
-9
-12
-9
-6
-6
-5
-7
-4
0
3
-6
3
1
-7
-2
-11
-10
-12
-10
-12
-15
-12
-15
-19
-13
-15
-18
-20
-21
-14
-16
-13
-8
-8
-16
-3
-11
-9
-6
-4
-7
-5
2
-9
-4
-12
-9
-16
-13
-16
-15
-10
-11
-3
-4
3
1
-1
-3
7
6
1
3
3
2
-1
4
2
9
6
11
6
5
9
2
6
7
11
9
13
12
18
14
11
4
6
4
8
11
5
9
6
10
7
19
18
15
13
17
17
7
10
14
10
12
11
10
6
0
-1
-6
-3
-10
-3
-1
-4
-3
-4
-11
-12
-10
-10
-6
-3
-9
-8
-4
-9
-10
-8
-3
-11
-9
-4
-2
-2
-6
-3
-4
-2
1
-1
-3
3
0
-3
3
3
-1
0
-5
-3
-3
-7
-7
-10
3
-6
2
2
3
5
1
2
-5
5
-3
10
-3
3
4
3
3
3
6
1
16
7
7
4
14
6
8
4
7
-1
4
2
-4
0
-6
-2
-13
2
0
5
1
6
3
3
7
2
4
-3
0
-7
11
-3
9
9
8
9
2
5
-8
-1
-5
2
0
3
-3
0
4
4
0
-4
1
3
12
13
23
18
22
26
30
27
29
27
19
25
19
22
12
17
8
4
8
8
3
3
7
5
14
9
15
7
13
9
5
13
7
6
9
16
11
9
9
8
-3
3
6
-1
1
0
-3
3
-1
-5
-1
-8
0
-4
-3
0
-3
5
-1
1
-1
6
2
11
9
7
4
1
0
1
7
-3
-1
-12
-7
-15
-13
-23
-19
-24
-24
-19
-24
-16
-22
-13
-14
-16
-12
-5
-12
-7
-13
-11
-15
-24
-16
-23
-19
-29
-19
-16
-19
-22
-15
-18
-22
-15
-21
-22
-24
-24
-25
-19
-24
-23
-20
-19
-11
-18
-18
-17
-19
-22
-18
-26
-27
-26
-31
-38
-38
-30
-46
-32
-30
-29
-31
-26
-25
-31
-23
-19
-20
-23
-13
-13
-9
-9
-3
-8
-5
-6
-9
-6
-5
-5
-5
-5
-3
6
-3
6
8
6
5
5
6
-1
4
0
-4
-4
-8
-6
-6
-5
-8
-9
-11
-12
-10
-13
-8
-13
-6
-8
-7
-9
-6
-3
-11
-7
-9
-12
-8
-5
-5
-2
-3
4
-1
3
0
0
2
-2
4
-2
4
-4
0
1
-11
-11
-4
-4
3
9
8
10
8
11
6
8
6
16
16
22
23
20
26
15
18
16
16
15
22
16
15
14
17
15
12
19
14
28
23
28
19
19
16
16
28
23
25
22
23
18
25
20
25
22
21
19
16
12
10
16
6
10
16
19
6
12
6
11
19
19
25
25
25
19
19
26
26
22
34
36
31
23
22
16
9
13
9
5
0
1
2
4
0
1
-2
-1
5
13
16
8
15
15
19
16
17
17
17
15
11
10
-5
-2
-10
-11
-14
-12
-15
-16
-9
-13
-1
-14
-3
-5
2
-1
5
9
2
12
13
21
17
28
23
22
16
17
10
12
4
0
-7
-6
-4
-11
-1
-12
-9
-14
-2
-7
-2
2
3
8
8
18
13
23
17
27
32
32
31
33
24
18
16
12
20
12
15
12
13
10
12
6
2
2
0
3
0
8
-3
5
4
7
3
3
13
6
8
3
6
-2
-1
-9
-16
-18
-24
-30
-33
-37
-36
-34
-36
-31
-30
-28
-31
-23
-27
-23
-18
-17
-15
-15
-11
-6
-11
-10
-13
-15
-14
-18
-22
-25
-25
-32
-27
-34
-31
-31
-32
-34
-34
-38
-31
-30
-28
-27
-32
-21
-23
-9
-9
-4
-4
4
2
3
-4
-10
-6
-13
-11
-26
-16
-23
-19
-18
-22
-18
-22
-17
-21
-18
-10
-6
-6
0
3
8
5
13
8
3
-1
0
4
-6
-4
-10
-5
-10
-6
-3
-7
-4
1
2
1
3
-3
4
2
9
3
10
4
6
11
8
14
4
9
-1
4
-10
0
-14
-10
-4
-10
-7
-17
-12
-20
-17
-18
-16
-18
-11
-18
-8
-14
-9
-7
-8
2
-2
9
-1
6
3
6
2
6
1
-3
-1
-4
0
-1
3
0
6
1
6
10
9
7
10
13
16
18
16
15
11
12
13
12
9
13
10
5
13
10
6
7
9
0
2
0
-2
-5
-8
3
-5
4
-5
4
6
5
14
15
16
10
20
13
13
9
10
2
6
4
7
0
-8
-3
-9
-4
-9
2
-6
5
4
5
3
0
3
4
4
1
9
-1
5
-3
3
-5
-9
-12
-15
-15
-22
-13
-17
-14
-15
-7
-10
-2
1
-2
3
2
3
4
6
6
13
7
12
9
12
8
9
7
-2
0
-7
-4
-5
-7
-2
3
-6
-4
-4
0
7
7
10
7
15
10
9
12
10
10
11
9
15
12
5
8
1
-1
2
0
-5
-4
-4
0
6
3
3
3
4
6
7
14
15
12
16
23
20
15
18
18
16
16
13
3
-3
-5
-7
-6
-11
-3
-16
-12
-4
-8
-6
-1
0
0
-5
-3
-1
0
9
1
9
-1
11
6
15
13
15
15
13
15
7
18
2
9
-5
2
-6
-3
-3
-2
-1
1
8
6
8
5
21
6
16
18
28
21
17
15
10
9
0
3
-8
2
-7
3
-6
-4
-4
-3
-3
-5
0
-2
2
-5
12
2
13
9
15
13
10
18
9
17
6
9
6
9
-3
6
5
0
-3
-7
0
-9
-8
-5
-4
-10
-4
-6
-3
0
3
8
6
6
12
13
6
9
3
2
0
3
-2
-6
-10
-15
-6
-3
-3
-3
-3
-3
2
0
1
0
-7
-3
-5
-9
-12
-11
-19
-20
-15
-17
-19
-22
-19
-23
-19
-25
-18
-22
-23
-18
-18
-17
-18
-15
-15
-9
-8
-4
-6
-2
-6
-3
-2
3
0
1
1
2
1
3
1
-11
-4
-11
-6
-10
-6
-8
-7
-6
-11
-5
-2
-6
-9
-3
-9
-6
-9
-4
-7
-5
-4
-6
-3
-12
-3
-6
2
0
-4
-7
-8
-6
-7
1
-3
-3
-9
-6
-8
0
-1
-1
2
6
12
10
14
13
15
9
16
10
8
9
5
6
7
0
-5
-5
-9
-2
1
3
-3
8
3
2
2
-1
0
0
-2
-1
4
0
5
7
6
7
5
3
7
4
9
6
-2
-2
2
3
2
7
5
3
-1
2
1
2
0
-1
3
0
9
0
7
3
3
6
13
13
7
12
10
3
-4
0
-3
2
-1
6
-3
0
-2
0
-10
-6
1
-3
9
2
7
4
15
11
21
21
28
29
23
20
22
18
10
16
5
9
8
4
-2
3
-3
-5
-5
-3
-5
1
0
0
3
0
11
4
15
10
15
16
10
14
6
-1
-4
-3
-3
-4
-9
-9
-13
-20
-19
-20
-15
-16
-15
-19
-16
-15
-12
-10
-11
0
-3
0
-3
0
-5
-4
-7
-7
-12
-10
-6
-8
-6
-6
-9
-9
-3
-8
2
-8
-4
-4
1
0
-4
-2
-4
-4
-9
-2
-2
-7
-6
-4
-11
-4
-6
-8
-7
-9
-10
-7
-8
-9
-11
-11
-10
-18
-14
-10
-10
-5
-1
-3
-1
4
-4
0
5
0
-1
-8
-1
-2
-3
-2
-1
-6
-1
-5
-3
-5
-9
-2
-7
-7
-10
-12
-24
-16
-16
-10
-10
-2
-3
0
3
8
12
9
12
4
10
6
19
13
10
8
9
0
-1
5
-2
6
1
3
4
6
3
3
4
5
5
-3
-2
-9
-9
-10
-11
-9
-11
-12
-4
-6
-8
-7
-15
-11
-15
-11
-15
-15
-13
-17
-13
-13
-13
-10
-3
-5
-8
-9
-3
-12
-7
-8
-8
-10
-10
-11
-10
-11
-10
-3
-14
-7
-2
3
0
3
2
4
-1
0
7
6
3
9
6
6
6
1
5
-2
12
2
7
6
2
1
6
3
4
9
7
9
9
15
11
15
8
13
8
19
17
14
10
9
6
-2
9
-2
6
1
6
3
1
4
9
12
12
18
19
21
26
31
25
26
16
26
25
24
29
26
29
24
30
25
26
18
16
4
4
5
-1
5
-5
14
5
10
6
13
6
6
19
15
25
20
31
16
24
18
20
16
18
11
7
5
-2
0
-8
0
-9
-3
-7
-3
-9
-2
-3
-1
3
2
7
3
12
6
12
10
18
11
13
10
7
2
-5
0
-7
-4
-12
-12
-17
-20
-23
-22
-28
-19
-21
-23
-19
-19
-9
-19
-12
-12
-10
-7
-6
-7
-8
-7
-12
-9
-13
-16
-22
-15
-17
-23
-16
-25
-19
-27
-16
-15
-19
-19
-16
-14
-15
-8
-9
-7
-8
-8
-8
0
-14
-5
-9
-2
-11
-12
-7
-18
-15
-18
-10
-17
-13
-18
-6
-14
-7
-12
-10
-5
-3
-1
-2
9
0
9
8
18
10
17
16
16
16
9
9
-1
1
-5
-3
-4
-9
-13
-11
-11
-10
-7
-9
-3
-11
-3
-13
-6
-1
-10
6
2
9
7
11
10
7
5
7
7
0
3
4
4
2
7
3
1
-9
3
-3
6
5
3
10
12
18
14
18
13
23
19
19
19
17
11
10
6
4
4
-1
-6
-11
-9
-8
0
-3
-1
3
2
4
12
13
12
16
20
16
25
19
19
22
23
27
22
21
14
10
11
12
4
15
11
20
10
11
14
-2
3
0
4
-5
7
7
9
11
12
10
7
3
3
6
-2
-5
-6
-8
-16
-6
-15
-13
-19
-16
-14
-19
-15
-22
-16
-23
-8
-10
-3
1
6
7
1
4
-4
6
-3
-1
-7
-7
-14
-17
-13
-22
-21
-30
-17
-23
-23
-21
-20
-15
-15
-9
-8
-10
-6
-9
-11
-9
-12
-4
-4
0
-6
-5
0
-3
-3
-2
2
1
5
3
2
-4
0
3
4
10
11
15
12
18
14
18
23
19
15
18
15
15
13
1
5
-2
-2
-7
-6
-10
-12
-10
-13
-12
-6
-5
-5
4
0
-1
-9
-4
-6
-8
-8
-7
-2
-11
-3
2
7
1
2
2
2
3
3
-3
-10
-8
-12
-11
-15
-13
-15
-16
-19
-15
-16
-13
-16
-18
-13
-7
-9
-16
-7
-12
-7
-5
-6
-13
-14
-14
-18
-13
-15
-12
-15
-13
-14
-9
-17
-10
-12
-15
-10
-8
-7
-11
-3
-2
6
7
16
9
13
12
10
8
-1
5
1
4
1
6
3
1
-4
-3
7
0
5
3
5
3
6
3
3
8
5
8
13
14
9
12
8
15
12
10
14
9
2
5
6
7
6
6
6
3
-1
3
3
0
2
3
-1
-3
9
4
7
8
8
6
4
6
0
4
-6
0
-2
3
-1
-1
2
2
-1
0
1
-3
5
9
9
6
6
4
10
3
14
7
11
12
7
9
4
6
1
6
-2
6
1
9
3
6
-5
-7
-3
-5
-1
-3
5
-6
5
-2
7
4
5
5
7
17
19
22
16
15
12
16
17
20
13
15
15
15
20
11
12
9
13
3
0
6
-6
-8
-14
-5
-12
-7
-10
-6
-6
-6
-8
-17
-10
-16
-16
-19
-13
-25
-20
-29
-29
-35
-32
-37
-33
-28
-31
-25
-22
-17
-22
-16
-19
-11
-13
-7
-13
-9
-14
-16
-16
-28
-23
-29
-23
-20
-17
-16
-11
-12
-13
-13
-12
-14
-16
-16
-15
-16
-14
-15
-17
-6
-3
-1
5
2
7
4
5
3
1
4
4
7
5
8
4
6
7
13
8
16
12
13
15
21
22
16
20
20
22
16
27
22
26
19
28
29
26
18
19
19
19
25
19
16
10
17
16
25
17
23
20
27
29
25
35
28
32
30
39
30
31
29
22
19
16
9
6
8
8
9
3
8
3
-1
1
7
4
5
4
3
7
2
4
-1
6
6
0
6
4
-2
-6
-6
-2
-4
-4
-6
-12
-6
-5
0
-6
0
-2
-6
-7
-3
3
-1
2
6
5
-3
1
6
0
2
0
-3
-6
-14
-10
-15
-20
-19
-22
-19
-21
-23
-19
-17
-9
-6
-11
-3
-4
-2
-1
-2
3
0
13
13
10
12
10
8
6
3
6
2
-6
1
1
4
-7
1
-9
-5
-6
-3
-1
-2
9
-4
2
3
8
2
8
1
8
6
6
-4
-1
3
-9
-4
-9
-4
-18
-3
-9
-11
-13
-14
-16
-16
-15
-19
-14
-26
-13
-21
-11
-13
-7
-6
-4
4
-3
4
-4
0
-6
0
-7
-6
-9
-9
-3
-11
-5
-12
-14
-15
-10
-7
-3
-5
3
-1
5
6
4
7
7
12
9
16
14
16
8
8
6
1
1
0
-4
-9
-4
-11
-9
-10
-6
-6
3
2
3
8
4
9
12
12
7
10
12
13
8
8
0
-3
-6
-11
-16
-14
-16
-28
-18
-21
-20
-21
-28
-22
-23
-16
-20
-15
-19
-18
-9
-10
-2
-9
-7
-10
-8
-8
-11
-13
-12
-17
-13
-19
-21
-22
-27
-22
-27
-25
-26
-11
-15
-10
-12
-6
-6
-8
4
2
6
6
14
9
16
6
12
6
3
6
0
3
5
6
0
-1
-5
7
0
1
1
1
3
0
7
9
6
12
12
9
13
8
16
10
12
19
12
17
8
7
8
11
11
8
14
7
10
13
13
11
13
7
9
12
13
16
21
15
20
17
6
14
9
14
11
20
10
13
10
10
15
7
15
12
13
13
12
11
7
6
14
8
21
10
10
10
9
14
9
10
10
2
4
11
2
6
-4
-5
-9
-1
-7
-7
-5
-4
-7
-10
-7
-3
-3
-4
7
-3
6
2
3
-3
3
2
-8
-6
-6
-11
-15
-6
-6
-3
-3
0
-1
-3
-3
3
-7
-6
-4
-6
-1
-7
-6
-6
-3
-10
-6
-4
-2
1
4
3
0
2
-6
6
-2
13
9
6
8
5
11
0
9
0
6
-3
6
10
4
5
4
5
-2
-1
-10
-7
-6
-2
-7
-7
-10
-7
-4
-5
0
0
-2
-5
1
-2
5
-8
-6
-5
-3
-3
-5
-5
-13
-5
-10
-4
-4
-7
-14
-7
-11
-6
-6
-9
-4
0
2
-2
2
-3
4
-4
-4
-4
3
-4
-8
0
-3
0
-6
4
-3
0
-5
-7
-1
-15
-12
-17
-17
-23
-15
-21
-22
-13
-13
-3
-7
-3
-6
-2
1
9
6
11
10
13
11
13
8
7
14
4
9
2
7
-6
9
0
1
4
5
7
-1
11
6
8
3
9
7
11
13
23
12
11
20
9
14
9
9
2
0
-2
0
-3
-2
-10
-7
0
-2
6
3
4
3
7
3
5
5
6
13
13
16
10
12
13
18
15
16
16
10
8
4
8
4
1
-1
1
-2
-2
0
-2
-6
-2
4
-4
-7
-5
-10
-9
-6
-7
-1
0
4
6
-1
4
6
-3
-7
-1
-5
-8
-10
-8
-7
-9
-6
-11
-12
-10
-9
-11
-15
-17
-14
-10
-7
3
6
9
6
9
11
10
16
11
16
8
8
4
0
1
-4
-3
-1
7
-3
3
-6
-5
-4
-5
-2
-1
4
1
7
7
13
10
9
9
8
0
5
-4
-2
-1
-9
-4
-13
-10
-19
-16
-20
-9
-11
-12
-7
-12
-10
-7
-4
-9
-1
-12
4
-3
-4
-9
-7
-2
-11
-12
-19
-9
-17
-6
-12
-8
-15
-14
0
-9
-4
-3
-4
-6
3
1
3
2
9
9
6
11
6
6
3
3
6
5
4
10
4
4
11
12
7
8
6
4
7
3
3
4
9
9
11
9
15
9
9
11
8
12
1
5
1
2
-3
-7
-12
-10
-6
-15
-7
-11
-3
-21
-21
-19
-29
-26
-21
-20
-28
-19
-25
-17
-18
-12
-13
-14
-18
-15
-12
-19
-8
-15
-10
-15
-16
-16
-20
-21
-20
-21
-26
-25
-16
-20
-17
-12
-16
-9
-9
4
-2
5
8
7
8
6
14
4
7
7
12
7
12
7
6
13
6
9
10
9
4
10
11
12
9
12
13
16
24
23
18
16
21
15
18
16
20
9
7
18
11
12
5
8
4
9
12
13
8
9
13
13
16
16
12
7
18
16
15
6
7
4
0
2
-4
0
-3
-3
-7
-4
-9
-12
-10
-12
-7
-10
-10
-20
-19
-7
-13
-7
-10
-14
-13
-13
-6
-11
-9
-12
-12
-14
-14
-17
-10
-16
-16
-16
-20
-11
-7
-4
-9
-7
-9
-3
-5
4
2
12
12
7
10
9
13
8
13
7
9
3
6
3
8
7
9
6
6
8
0
1
-2
-2
-9
9
3
6
5
9
16
10
19
22
29
21
30
28
33
28
26
25
20
25
17
15
14
17
13
22
13
12
14
8
9
8
13
9
9
9
11
6
13
8
7
9
6
2
5
2
-6
1
-4
-2
-15
-9
-13
-9
-10
-13
-9
-16
-4
-4
-2
-7
-2
-8
-10
-10
-3
-7
-7
-8
-13
-7
-18
-9
-10
-13
-17
-14
-15
-20
-23
-26
-22
-26
-25
-27
-21
-28
-21
-12
-13
-18
-12
-10
-14
-7
-7
-2
-10
-6
-3
-7
-7
-10
-3
-12
3
-1
-1
-6
-9
-8
-7
0
-1
4
2
7
4
10
4
14
10
12
13
12
15
13
11
9
13
6
15
7
15
5
11
9
8
6
-3
4
3
9
7
12
9
24
19
27
28
26
31
29
36
35
34
26
27
22
24
16
13
8
4
6
5
9
5
12
12
19
19
20
19
12
21
14
18
15
10
13
12
10
16
7
-3
1
0
0
-2
2
-1
0
0
3
-1
-1
1
0
3
4
3
8
10
12
16
13
12
5
7
5
5
5
3
1
-5
-6
-3
-9
-9
-12
-6
-5
-6
-4
-15
-6
-13
-5
-5
0
1
3
11
7
12
7
6
1
-3
-8
6
-8
-3
-16
-18
-14
-25
-19
-26
-22
-24
-16
-23
-22
-28
-21
-20
-20
-20
-20
-25
-25
-20
-23
-18
-19
-13
-24
-11
-16
-16
-18
-20
-18
-22
-19
-22
-22
-27
-23
-29
-20
-28
-22
-24
-20
-18
-18
-11
-20
-16
-20
-7
-15
-7
-15
-15
-16
-20
-16
-19
-16
-16
-10
-13
-7
-8
-6
-8
-6
-4
0
4
1
4
0
11
8
12
6
6
12
7
9
1
3
-2
3
2
6
0
0
6
0
3
0
1
-2
5
7
9
5
12
3
4
6
14
12
10
9
4
9
6
20
10
12
7
5
10
10
3
2
10
6
5
1
12
6
8
7
6
4
0
3
-1
6
1
0
-4
-7
-8
-8
-6
-9
-13
-7
-9
-14
-4
-10
-3
-10
-9
-7
-4
1
0
3
1
8
2
8
4
3
-4
-1
-7
0
2
0
9
3
6
0
8
2
4
3
4
-1
0
-1
-3
1
-3
3
-3
6
2
11
6
7
7
1
1
0
6
-6
-2
-10
-8
-7
-6
-3
-5
0
2
0
-4
3
7
6
10
16
9
8
11
14
8
9
8
7
9
3
4
-4
6
-6
-5
-1
-2
3
-1
2
0
1
7
4
6
12
16
22
20
23
21
21
22
18
12
13
5
6
3
-1
-1
-7
2
-6
-5
-9
-1
-3
3
5
10
9
7
12
11
19
11
27
9
15
13
15
16
8
14
5
15
6
9
3
0
-5
-4
-9
-8
-2
-1
5
1
0
-6
-3
-2
6
1
7
10
6
5
6
3
0
5
3
1
-2
11
0
12
0
5
6
4
11
1
11
6
17
9
10
6
7
3
1
5
10
0
-9
-4
-16
-9
-14
-13
-15
-14
-13
-19
-18
-19
-20
-22
-19
-22
-12
-13
-12
-10
-14
-20
-12
-13
-13
-7
-10
-5
-11
-9
-15
-13
-22
-25
-20
-24
-25
-31
-22
-28
-26
-22
-21
-22
-22
-25
-19
-23
-27
-18
-22
-16
-25
-13
-10
-12
-9
-13
-14
-18
-19
-20
-24
-24
-22
-25
-25
-24
-19
-21
-14
-5
-7
2
3
7
12
18
22
21
18
19
12
10
13
3
6
2
0
-6
6
0
3
3
-6
2
0
7
2
6
6
12
12
18
13
19
17
16
24
20
26
20
24
17
19
13
8
4
5
4
2
1
-5
1
-1
5
4
7
9
12
11
12
16
17
19
11
13
13
15
18
20
18
17
14
12
13
9
10
13
9
7
13
7
7
4
7
9
6
10
7
11
14
19
19
20
16
17
22
22
21
18
18
7
7
8
5
4
3
4
4
6
8
3
0
0
1
2
-1
2
5
6
0
0
-2
1
-4
3
6
7
4
5
-7
-1
-3
-12
-7
-21
-7
-13
-4
-12
-10
-10
-6
-5
-3
-6
-5
2
-5
9
1
9
6
12
4
10
1
4
0
-4
0
-9
2
-9
-5
-3
-4
-10
-3
-9
-5
-7
-6
-6
-10
-1
-9
4
4
12
5
13
15
8
18
7
17
3
3
3
-3
-3
-4
3
3
5
3
9
4
5
4
5
5
13
10
6
13
16
22
13
12
10
10
8
10
6
3
0
-2
-9
-6
-9
-13
-7
-12
-7
-19
-8
-9
-12
-6
-2
-1
-4
-1
1
7
4
9
0
4
0
-1
-2
-5
-9
-14
-6
-15
-10
-25
-23
-26
-26
-21
-25
-14
-24
-16
-20
-16
-14
-12
-10
-10
-6
-5
0
-9
-14
-21
-16
-22
-23
-28
-30
-30
-35
-35
-27
-25
-29
-21
-22
-20
-25
-9
-16
-7
-6
-1
-4
-5
2
-6
0
-7
-3
-12
-12
-16
-11
-10
-6
-11
-14
-9
-16
-3
-9
-6
-10
-3
1
1
4
-1
6
7
10
4
7
2
10
6
5
4
8
3
1
13
2
12
7
8
7
12
11
16
13
12
15
15
13
14
19
14
18
16
23
12
18
12
18
17
10
11
10
13
9
13
13
5
-1
3
-3
0
-5
-7
-12
-7
-3
3
4
-1
2
-1
3
1
0
-2
-6
-13
-4
-6
-4
-9
-11
-10
-17
-13
-11
-8
-12
-9
-7
-10
-12
-13
-10
-3
-4
3
3
0
6
-3
6
3
-2
-4
-6
-3
-5
-3
0
-5
-3
0
-10
-7
-9
-6
-9
-1
3
0
0
9
15
9
20
23
20
19
28
26
25
16
20
17
12
15
9
10
4
9
1
7
5
3
7
1
8
6
15
5
6
10
12
7
8
3
-2
1
-3
-2
-6
-4
-7
-4
-10
-5
-12
-10
-16
-8
-12
-10
-5
-11
-4
-7
3
-7
-2
-2
8
4
12
13
9
4
0
10
1
1
-5
-3
-8
2
-3
-3
-5
-1
-3
-2
6
-3
-1
0
-1
-6
-2
-4
-6
2
3
4
3
10
3
2
11
13
17
10
15
14
12
12
15
9
9
16
19
20
17
22
15
25
22
30
13
18
13
18
25
13
12
9
15
1
9
1
6
0
8
4
10
7
3
6
0
10
1
4
2
3
-1
5
4
4
0
3
4
-3
-2
-7
-10
-13
-9
-12
-13
-12
-10
-12
-16
-16
-16
-18
-19
-15
-16
-14
-13
-11
-8
-13
-10
-13
-6
-9
-8
-12
-12
-14
-17
-17
-21
-16
-15
-13
-16
-13
-13
-12
-16
-7
-4
-4
-4
-4
-2
-9
-3
-3
-3
-6
-2
2
-1
3
3
3
0
-9
-9
-12
-13
-18
-17
-16
-21
-16
-13
-10
-13
-13
-18
-13
-18
-9
-13
-10
-6
-9
-6
-9
-6
-6
-7
-7
-7
-12
-5
-13
-10
-16
-12
-13
-22
-19
-22
-18
-20
-12
-13
-12
-15
-5
-5
-2
-5
0
-4
-3
-1
-3
0
-13
-3
-13
-9
-11
-8
-10
-13
-6
-10
-10
-12
-10
-15
-10
-11
-6
-10
-4
-1
3
3
1
8
-6
3
-5
0
0
-6
-1
-5
0
-3
0
-3
-7
-4
0
3
8
0
9
10
9
12
14
15
14
19
18
22
19
20
18
16
15
12
7
6
5
7
5
6
2
3
10
11
13
13
18
19
20
27
30
29
29
36
31
28
28
31
28
18
25
21
19
18
21
16
16
9
9
10
4
12
5
11
4
7
7
9
9
10
19
7
8
7
9
1
10
10
6
4
4
1
-4
0
-3
-3
-2
2
5
