SAMPLES:	24310
BITSPERSAMPLE:	16
CHANNELS:	1
SAMPLERATE:	16000
NORMALIZED:	FALSE
-8
-10
-6
-7
-5
-11
-3
-2
-3
-3
-1
0
-4
1
-7
-3
-1
1
0
-4
0
0
3
-4
1
-1
4
5
5
9
2
4
10
19
16
18
19
22
21
20
24
22
22
17
17
18
12
9
9
6
0
5
6
4
8
7
13
13
11
9
15
14
16
16
20
15
10
16
8
11
9
13
5
3
-2
0
-1
-3
-5
-6
-10
-14
-16
-19
-11
-15
-7
-12
-6
-10
-14
-4
-3
-13
-9
-7
-9
-7
-9
-5
-13
-7
-9
-9
-15
-13
-19
-20
-21
-19
-15
-23
-16
-22
-19
-14
-13
-16
-10
-6
-2
-3
4
3
-2
3
1
7
3
15
6
6
11
0
7
-3
6
-1
5
3
2
-2
-7
-3
-5
-4
-7
6
-2
7
4
9
10
3
11
11
16
21
21
17
19
19
16
14
22
10
17
15
19
20
14
16
10
12
16
22
16
15
22
20
21
22
20
21
19
22
16
15
13
17
9
7
5
6
9
2
3
-3
1
-5
-4
-2
-6
-8
-3
-9
-13
-11
-3
-4
0
2
2
-3
-9
-7
-10
-11
-11
-6
-5
2
-2
-1
-8
-7
-3
1
-3
0
3
1
1
4
9
2
2
-1
4
-3
1
-5
-2
-7
-13
-11
-16
-17
-21
-19
-18
-10
-17
-15
-13
-13
-8
-6
-7
-10
-7
-11
-4
-6
-6
-7
-11
-8
-12
-14
-18
-20
-23
-16
-18
-16
-16
-16
-12
-17
-12
-16
-10
-11
-6
0
4
3
-2
-1
3
-3
-4
0
-4
2
1
2
-5
-5
-10
-9
-16
-16
-19
-23
-19
-21
-9
-16
-12
-10
-9
-13
-10
-6
-6
-6
0
-7
-7
0
-8
1
-2
0
1
-1
-5
-5
-6
-3
-2
-4
-5
-7
-12
-11
-7
-9
-4
-6
-5
-9
-6
-6
3
-2
1
-1
1
6
4
7
8
7
3
4
1
7
5
3
0
2
-6
0
-3
-2
3
-1
5
0
8
1
6
1
6
7
8
8
3
10
6
11
13
9
7
14
4
4
6
3
10
7
16
9
12
14
13
6
6
12
7
13
1
12
6
13
2
10
10
6
6
-2
8
-5
2
-9
-4
-12
-6
-7
-6
-2
0
1
-3
0
-2
-1
0
-5
-13
-1
-9
-4
-15
-10
-14
-16
-18
-19
-13
-16
-14
-11
-8
-12
-9
-13
-6
-8
-5
-3
2
-4
-3
2
0
3
-2
3
2
9
8
3
4
2
6
4
4
9
1
12
7
11
9
3
7
8
12
6
5
10
0
7
5
0
3
-2
7
-2
6
-1
6
3
3
3
1
0
2
9
-2
5
2
5
4
12
10
18
12
17
25
23
29
29
33
33
38
44
40
35
34
27
30
25
22
22
23
19
20
25
20
22
19
16
14
8
6
6
4
4
9
9
10
6
4
10
4
3
5
7
-5
-8
-8
-10
-13
-15
-13
-22
-16
-12
-13
-11
-5
-6
-4
-3
1
4
4
12
11
6
10
12
5
5
12
8
6
5
4
4
1
9
3
3
9
4
6
2
3
1
-1
-1
-5
-6
-9
-9
-10
-12
-14
-20
-15
-17
-18
-13
-18
-19
-20
-16
-18
-22
-24
-19
-26
-27
-21
-15
-22
-26
-18
-23
-16
-17
-6
-10
-8
0
-2
-2
-5
-1
-2
8
4
8
1
5
-1
0
-4
-2
-7
-15
-12
-18
-13
-24
-17
-26
-23
-24
-26
-29
-29
-33
-32
-26
-35
-36
-38
-30
-38
-33
-35
-34
-34
-32
-28
-26
-18
-23
-17
-15
-20
-12
-3
-9
-4
-4
1
9
11
11
10
18
19
20
25
25
22
19
20
18
14
15
12
6
11
7
11
9
9
6
2
6
-1
3
-6
4
5
-1
4
6
4
3
1
0
-3
-6
-5
-10
-9
-13
-7
-12
-13
-11
-13
-13
-12
-9
-8
4
6
6
8
14
16
21
12
18
19
8
14
13
16
11
20
16
14
14
16
20
13
15
7
6
5
12
3
0
-6
-11
-9
-8
-8
-9
-9
-12
-6
-9
-11
-18
-23
-25
-23
-25
-19
-21
-16
-9
-11
-7
-4
7
0
8
13
16
21
23
26
29
30
31
40
34
40
39
41
39
37
31
26
26
21
23
18
21
17
15
13
13
16
15
12
9
11
8
6
6
6
7
3
4
3
3
4
5
-1
1
-4
-7
-8
-5
-11
-18
-13
-16
-7
-11
-11
-7
1
1
4
9
2
7
12
16
18
19
19
17
16
23
19
15
17
25
22
18
19
17
19
15
10
13
9
3
-2
1
2
-3
-1
-6
-4
-12
-7
-12
-10
-11
-10
-11
-15
-15
-17
-15
-22
-16
-21
-24
-28
-19
-24
-19
-19
-17
-21
-23
-16
-13
-10
-12
-7
-8
-1
-4
2
-5
4
5
8
5
6
10
5
5
9
12
7
10
-1
6
1
2
1
-6
-9
-14
-16
-25
-19
-18
-15
-12
-12
-6
-15
-14
-15
-19
-19
-17
-13
-16
-16
-17
-17
-14
-15
-16
-16
-20
-15
-12
-4
-8
-9
-2
5
0
-3
0
4
5
6
15
10
11
9
21
14
11
16
16
19
17
17
12
12
7
6
3
-2
-3
-3
-7
-7
-12
-14
-13
-13
-13
-20
-21
-20
-23
-16
-21
-16
-23
-24
-20
-19
-13
-14
-9
-10
-3
5
-1
3
9
10
20
16
18
14
16
17
19
22
16
13
6
9
5
2
-1
-4
-2
-1
-3
6
0
10
8
2
5
1
6
5
15
9
7
5
7
4
3
0
-9
-9
-16
-14
-13
-15
-20
-21
-21
-26
-25
-25
-22
-25
-19
-16
-14
-11
-5
0
0
9
10
13
13
18
15
18
20
20
26
26
30
29
31
29
28
26
24
19
14
12
10
9
9
9
6
0
6
3
3
1
-4
-7
-3
1
1
-2
-5
1
-7
-3
-7
-9
-10
-12
-6
-9
-6
-7
-3
-3
4
7
8
10
7
12
5
8
7
7
9
10
12
8
10
8
6
6
6
9
5
1
6
4
2
-4
0
-6
0
2
3
6
9
12
11
11
13
17
17
18
10
14
7
9
3
1
1
-4
1
-4
-5
-10
-9
-10
-10
-12
-7
-6
-1
0
4
6
7
8
8
14
7
8
10
13
13
19
22
18
25
19
22
20
15
7
8
6
6
8
-3
2
1
-3
-3
-3
-8
-9
-12
-11
-6
-7
-12
-11
-7
-6
-12
-19
-12
-17
-6
-6
-1
-3
-4
1
-3
1
-3
0
-5
0
-5
-1
-6
1
-3
-4
-6
-6
5
-4
2
-6
-4
-6
-10
-11
-13
-15
-13
-10
-18
-14
-17
-19
-16
-13
-7
-11
-5
-6
1
1
4
4
0
2
-3
2
0
2
-6
-4
-4
-1
-9
-7
-8
-8
-10
-18
-15
-17
-16
-18
-13
-12
-10
-10
-7
-7
-4
2
7
7
13
15
21
28
24
26
21
21
16
22
17
17
17
18
19
14
18
11
16
9
6
3
-3
-7
-12
-8
-10
-10
-13
-16
-23
-25
-21
-15
-17
-12
-14
-16
-7
-9
-4
-3
-1
0
10
7
9
9
4
9
5
9
0
3
0
-1
-9
-8
-7
-10
-11
-15
-19
-22
-18
-23
-19
-18
-20
-18
-15
-10
-8
-4
-4
-2
-3
-3
1
-3
-2
-2
-6
-1
-6
-3
-4
-9
-10
-15
-17
-19
-18
-23
-26
-20
-25
-29
-28
-23
-22
-17
-14
-14
-3
-7
9
11
9
14
9
13
19
25
23
25
13
16
7
6
8
5
9
9
7
7
6
1
6
-1
9
1
1
-9
-10
-5
-10
-6
-9
-8
-14
-10
-11
-12
-10
-18
-16
-5
-12
-7
-4
-6
-1
-8
-2
-11
-2
0
5
10
3
13
6
14
13
6
12
13
11
7
0
-4
-12
-12
-13
-22
-25
-24
-19
-26
-21
-26
-17
-11
-6
4
1
6
5
13
16
19
24
15
14
21
23
23
17
23
18
14
18
6
8
3
-2
-10
-12
-9
-13
-16
-13
-4
-4
3
7
7
14
10
13
19
19
21
25
21
23
21
19
21
17
11
12
9
5
4
-4
2
-7
-5
-3
-6
2
0
-7
-3
-5
-10
-6
-8
-5
-3
-2
2
3
-2
2
1
0
0
1
4
4
7
5
9
10
7
8
12
13
16
14
11
16
7
10
11
9
8
3
3
-3
0
-5
-10
-15
-27
-26
-22
-27
-25
-17
-19
-17
-15
-6
0
-1
6
13
18
20
14
16
23
19
22
23
22
26
28
25
31
25
22
18
12
2
-2
-1
-10
0
-6
0
4
4
6
9
10
11
13
13
16
16
23
19
21
18
16
13
13
9
6
7
4
1
1
1
1
-5
-6
-2
-6
-3
-11
-12
-13
-10
-12
-6
-6
-9
-3
-3
0
-1
3
-1
-4
-6
-6
-10
-5
-3
-8
-10
-4
-8
-9
-16
-12
-6
-15
-11
-13
-13
-13
-8
-14
-12
-18
-13
-9
-16
-16
-20
-19
-22
-20
-23
-19
-24
-24
-27
-29
-29
-26
-22
-16
-9
-11
-3
-13
-6
-10
-9
-7
-8
3
2
9
10
13
10
13
5
2
-1
-9
-1
-7
-4
-9
-5
-4
-1
-4
-6
-1
-1
-4
-2
3
0
5
4
11
3
10
7
9
14
13
13
7
13
13
10
1
2
0
-1
-6
4
0
6
-1
-2
4
-1
3
0
2
-4
2
3
6
5
5
6
6
5
7
2
7
11
13
26
19
26
27
27
29
25
26
25
23
22
23
21
19
22
28
26
22
23
26
23
22
29
19
15
19
16
14
12
13
10
9
4
17
13
15
17
16
11
9
8
9
12
16
21
21
32
18
21
19
16
9
10
13
5
-1
-3
-3
-18
-7
-14
-13
-14
-4
-3
-10
3
-6
-3
-9
-1
1
-1
4
-1
1
0
3
-8
-10
-15
-12
-15
-15
-21
-24
-24
-32
-25
-35
-26
-24
-24
-24
-23
-24
-30
-27
-31
-26
-27
-25
-21
-24
-21
-23
-24
-19
-23
-19
-20
-17
-17
-18
-14
-18
-19
-19
-19
-18
-16
-16
-16
-15
-17
-17
-13
-13
-16
-15
-15
-18
-21
-22
-23
-27
-29
-28
-29
-31
-28
-19
-21
-22
-25
-23
-16
-16
-15
-7
-9
-10
-7
-10
-11
-13
-3
-5
-2
2
10
3
5
10
3
5
-3
3
3
9
4
5
5
3
0
10
12
3
13
7
8
7
13
12
13
8
11
12
10
10
3
8
4
-4
-8
-11
-21
-18
-21
-22
-23
-25
-22
-25
-26
-27
-21
-27
-15
-16
-20
-17
-12
-6
-6
1
-5
-3
-6
0
-2
2
2
6
7
-1
8
1
10
5
9
8
9
4
10
15
11
11
10
20
15
22
14
18
16
14
13
13
16
8
14
8
11
9
12
16
16
16
13
18
19
19
22
21
14
16
24
26
25
29
35
31
31
32
36
33
32
36
35
33
32
27
25
30
26
33
26
29
29
32
26
30
28
28
25
16
23
17
20
19
28
17
12
8
9
6
4
5
4
0
-5
-3
-11
-8
-11
-10
-13
-7
-7
-3
-3
-1
-3
-6
-3
-8
-3
-7
-1
-9
-1
4
1
3
-1
2
-1
7
6
13
7
13
11
3
8
8
11
-2
2
0
3
5
4
9
2
4
3
3
3
-5
-3
3
1
4
4
2
4
9
6
8
9
11
12
10
15
13
13
18
13
14
18
19
18
14
21
14
9
4
9
7
2
7
1
-2
-2
6
7
13
16
14
17
14
15
11
15
15
15
9
6
3
3
6
0
3
-3
-3
-7
-6
-8
-22
-26
-26
-35
-38
-38
-34
-31
-29
-30
-25
-19
-31
-26
-26
-22
-29
-26
-25
-28
-22
-26
-20
-21
-22
-19
-19
-18
-15
-17
-13
-14
-15
-11
-6
-13
-6
-10
-15
-16
-20
-12
-22
-17
-16
-14
-19
-17
-14
-23
-20
-17
-11
-20
-21
-16
-13
-14
-13
-9
-12
-7
-7
-11
-6
-1
5
5
2
11
3
12
14
16
22
19
18
12
17
10
15
13
14
16
5
6
14
8
8
6
4
-1
-3
4
1
6
1
4
-6
-8
-10
-9
-7
-10
-9
-15
-10
-15
-16
-16
-14
-13
-19
-17
-22
-18
-13
-12
-6
-6
1
-2
1
-3
3
1
2
0
-1
-2
0
1
-6
0
-3
-9
-10
-7
-10
-1
-9
3
-6
-3
1
-2
-3
-6
-1
-14
-16
-15
-13
-15
-6
-6
0
-4
-3
0
-7
-10
-10
-12
-12
-9
-10
-10
-8
-7
-8
-5
-1
4
0
2
1
0
0
0
-1
-4
-3
1
7
3
2
5
3
7
10
10
3
6
7
-2
8
3
7
-3
0
-9
-5
-1
-12
-5
-10
-5
-5
-3
-3
-2
-10
-4
-9
-7
-9
-6
-1
1
5
4
3
-2
9
0
1
-2
1
-2
0
-10
-10
-4
-8
-16
-10
-7
-11
-3
0
7
2
9
5
8
-1
-1
-5
-4
-6
-5
-1
0
6
0
8
5
11
4
9
4
9
2
5
7
3
7
15
19
18
28
21
26
16
19
14
17
17
13
9
9
9
11
20
18
16
12
16
16
9
7
15
13
16
21
22
17
22
24
25
34
34
32
32
29
26
22
23
17
16
4
5
11
1
-3
-3
-3
-11
-3
-9
-4
-9
-11
-11
-9
-15
-9
-6
-11
0
2
5
1
6
-2
9
3
12
9
7
0
-8
-4
-6
-10
-11
-8
-6
6
-2
12
1
11
3
3
2
0
-1
-12
-10
-11
-8
-12
-4
-6
-3
-3
3
6
1
0
4
-3
-2
0
4
-1
9
12
10
17
22
17
16
21
19
26
19
22
9
12
2
9
3
3
9
6
20
21
24
17
28
16
21
10
14
8
8
10
10
7
0
-1
-4
2
-4
-6
-12
-14
-25
-21
-31
-25
-29
-25
-21
-22
-26
-24
-16
-11
-8
-11
0
-2
0
-8
-1
-8
-10
-8
-3
-12
-11
1
-3
3
-2
-3
0
-13
-14
-16
-22
-26
-31
-36
-39
-27
-30
-29
-39
-29
-28
-27
-28
-22
-22
-20
-24
-29
-28
-28
-22
-26
-15
-27
-10
-15
-14
-13
-6
-2
-9
-6
-15
-18
-19
-16
-20
-15
-15
-13
-13
1
-2
8
3
5
13
-1
5
-3
6
2
9
6
-6
-2
-3
9
-5
-8
1
1
-1
0
3
-7
-1
-12
-6
-10
-10
-4
-10
-9
-13
-3
-14
3
-10
0
0
4
9
6
15
8
24
6
22
15
13
7
-3
3
6
12
7
16
7
-1
5
6
12
11
11
18
0
10
7
10
7
16
19
9
15
10
21
14
18
20
26
16
13
11
10
4
6
7
2
0
-6
4
-2
8
2
1
-8
1
5
-1
4
-6
6
3
8
4
10
9
18
23
13
12
8
16
15
17
13
4
-1
-10
-11
-10
-19
-15
-9
-19
-13
-15
-15
-20
-13
-13
-6
-4
-6
2
-13
6
6
23
27
32
23
16
32
22
34
24
34
19
27
16
12
13
3
13
-4
4
-11
4
-5
10
6
7
10
-18
-2
-14
11
7
28
7
15
8
0
18
-2
30
7
19
3
10
-6
-2
16
-10
20
-12
4
-16
-23
-1
-17
4
-19
-9
-26
-12
-17
-12
-3
-20
-2
-24
-10
-29
-9
3
4
30
15
24
35
18
45
31
33
28
15
13
7
17
2
35
-16
20
-16
-27
-16
-42
-7
-35
1
-41
-11
-40
-22
-9
-41
13
-31
9
-21
17
-4
30
33
23
68
-6
67
4
58
18
40
32
17
39
-13
46
-30
30
-34
7
-36
-22
-22
-45
-3
-52
9
-42
-9
-39
-13
-34
-2
-6
-20
20
-21
20
-5
7
5
25
-7
22
1
-19
22
-29
17
-24
-3
-25
-15
-42
-25
-33
-61
-5
-77
-5
-58
-21
-28
-22
-16
-15
4
-22
24
-23
32
-10
34
4
16
18
10
34
-13
31
-22
21
-22
13
-18
-9
-5
-37
-2
-43
0
-39
-1
-46
-1
-23
-7
-1
-36
12
-31
-7
-16
2
-15
29
-14
37
-3
6
21
-21
28
-18
44
-39
34
-29
6
-19
-24
19
-70
44
-86
47
-61
20
19
-17
78
-45
84
-52
67
-29
37
27
-6
53
-30
78
-42
70
-7
39
17
-11
40
-33
34
-2
27
7
0
5
-7
-13
-11
17
-5
-10
10
-15
26
3
15
51
14
58
5
49
12
45
27
42
51
-15
56
-43
47
-53
39
-34
-21
-13
-82
17
-132
49
-96
21
-81
7
-24
-63
76
-97
126
-90
93
-24
27
33
-5
99
-44
143
-89
134
-50
26
43
-47
85
-112
66
-120
26
-120
2
-38
-110
34
-141
42
-117
26
-32
11
-4
30
58
-12
111
1
109
24
81
62
36
64
15
63
15
17
15
-16
-6
-25
-48
-12
-46
-54
-27
-54
-58
-19
-80
-6
-48
-52
34
-59
31
-7
45
18
67
62
62
85
33
132
12
122
24
95
28
43
45
-44
63
-100
35
-104
-21
-85
-73
-69
-91
-31
-135
29
-136
16
-80
-3
7
-20
71
-7
106
-12
134
12
133
64
83
113
31
123
6
103
-7
80
-36
30
-49
-62
-26
-110
-23
-125
-37
-145
-61
-150
-67
-87
-77
-11
-57
27
-59
72
-50
116
14
87
88
21
111
31
104
32
121
-10
112
-29
17
26
-57
20
-67
-19
-94
-54
-153
-45
-127
-100
-62
-118
-65
-117
-54
-67
9
-52
60
6
11
55
23
103
30
132
46
118
1
72
42
3
35
-33
48
-114
18
-141
-18
-128
-90
-45
-135
-69
-117
-41
-142
11
-117
36
-71
-25
36
-50
51
4
84
7
112
-3
126
18
67
94
35
129
-14
118
-39
76
-55
34
-26
-67
-6
-130
1
-189
26
-145
-21
-84
-62
-24
-118
23
-76
56
-78
110
-22
67
40
45
86
21
106
37
100
-18
99
-14
44
14
19
-1
-13
-23
-46
8
-94
9
-72
-33
-65
-55
-68
-41
-62
-30
35
-42
45
-3
57
-6
89
65
72
92
20
134
-10
80
34
91
-19
62
7
-70
63
-143
93
-105
3
-41
-45
-65
-62
-12
-99
76
-128
68
-80
4
-53
4
32
-2
65
-29
110
-57
104
14
137
-11
103
53
-36
86
-85
98
-76
31
-26
21
-91
6
-36
-80
37
-122
58
-73
-12
-25
1
-7
29
19
48
42
-3
77
11
61
-17
65
9
-2
-1
7
1
-33
19
0
26
-48
47
-25
-29
-18
-40
23
-100
25
-40
-6
-13
-26
74
-36
52
5
84
-15
84
28
74
64
-19
150
-60
116
-32
64
-26
-25
-25
-25
-37
-69
1
-102
31
-120
54
-89
6
-37
3
7
3
24
2
15
-67
90
-79
145
-49
100
26
8
86
-10
107
-22
121
-18
71
-25
-1
-32
-34
10
-37
50
-99
32
-114
-48
15
-90
55
-41
-37
29
-56
1
67
-44
105
33
20
79
-16
31
27
-16
39
28
-30
46
-64
46
-78
41
-7
-31
15
-90
13
-96
-17
-97
19
-164
33
-52
-54
64
-112
121
-63
49
62
50
29
73
39
50
57
19
112
-23
75
19
23
-23
-16
-37
-29
-61
-61
-12
-98
2
-109
-4
-53
-49
20
-48
25
-61
10
25
-71
49
-29
67
-3
53
70
13
79
-13
180
-93
161
1
35
69
-106
104
-100
0
3
-6
-67
27
-117
-19
-55
-132
55
-106
-61
89
-183
72
-47
-128
185
-155
151
-33
7
3
-14
3
54
44
0
110
-78
100
-84
101
-13
0
84
-59
9
-1
-152
44
-105
-46
61
-147
37
-122
8
-135
160
-144
163
-26
-23
139
-131
244
-106
266
-134
294
-114
132
110
-87
259
-207
328
-252
249
-157
66
35
-136
215
-214
162
-191
120
-172
79
-43
-111
68
-221
110
-147
85
-27
30
19
20
44
17
106
34
111
-25
143
-75
75
24
-26
114
-87
136
-107
14
-42
-62
24
-72
73
-111
7
-120
10
-109
-26
107
-203
151
-146
-2
48
-162
169
-47
-22
115
-27
-10
45
-11
43
50
-33
90
-13
-92
91
-107
34
-44
-66
61
-184
52
-135
-3
-69
-47
13
-69
19
-134
142
-172
101
-34
7
121
-90
161
-37
85
-50
142
-25
49
122
-76
223
-150
94
81
-130
146
-128
90
-99
22
-47
-42
-18
-183
152
-279
123
-138
4
-17
-91
125
-107
149
-112
121
-17
34
109
26
73
-34
160
-74
159
23
-37
188
-186
193
-76
34
-27
18
-67
-54
67
-210
192
-245
161
-147
26
-57
-40
4
-123
186
-162
141
-39
-6
-2
22
-18
182
-106
169
-42
-30
58
-73
102
-63
94
-97
121
-211
120
-171
-20
7
-135
106
-166
3
-67
-51
11
2
-64
84
-157
44
-63
3
-26
100
-44
107
25
-191
350
-385
362
-98
30
141
-144
135
-112
120
-213
321
-307
183
-38
-199
223
-316
161
-99
-76
3
-80
-69
39
-97
84
-56
-52
20
-94
-12
54
-25
46
126
-174
276
-294
153
52
-200
326
-230
108
-27
-79
56
-64
-69
25
-17
-97
43
-38
-155
139
-171
35
-47
-158
91
-98
82
-100
145
-262
152
-131
-57
139
-116
175
-80
74
-82
-5
-39
-53
-4
3
-90
224
-241
164
-108
-21
67
-123
153
-151
171
-172
191
-174
238
-180
164
15
-145
312
-250
262
-72
-14
69
159
-238
305
-123
-40
232
-210
314
-116
16
-31
96
-111
42
201
-217
278
-140
100
60
-206
161
-116
166
-190
312
-144
41
62
-171
211
-283
180
-111
164
-258
352
-196
30
143
-374
469
-478
263
34
-41
83
123
-91
67
109
-225
502
-431
291
50
-83
199
-202
252
-199
257
-94
22
-3
-289
210
-52
-130
99
-39
-12
47
-217
62
-104
-58
183
66
-56
-47
-75
35
-157
17
238
-73
241
-119
156
-43
-238
130
-137
108
-41
296
-77
25
23
-180
260
-360
91
1
-119
133
2
-31
78
-26
-119
227
-173
38
88
-199
132
-38
-118
363
-110
37
171
-97
160
-186
94
-130
65
-20
103
198
-280
273
-204
35
-82
-88
13
-34
83
-114
251
-285
190
-137
-97
290
-295
228
164
-143
210
-24
-273
331
-495
298
327
-368
586
-101
-99
47
-311
-48
114
-291
371
115
-179
158
-251
-103
-241
-47
44
-92
88
-15
116
-121
-288
199
-238
92
40
26
-102
-72
-3
126
176
-417
535
-468
260
-126
-128
279
-517
454
-179
320
-419
192
-228
-199
129
-178
435
-511
240
-126
356
-156
39
145
-340
236
-32
208
-113
-100
107
419
-210
222
20
-252
11
-26
338
-47
-63
116
28
-224
10
-117
-84
-209
208
253
-55
-102
8
-250
-194
168
-132
213
-248
301
220
20
-55
-106
-150
-237
340
56
166
-131
-11
42
149
-71
199
-273
-286
227
-118
231
-431
-62
-19
56
239
138
-141
-84
-114
57
164
-428
203
-123
199
273
32
64
-108
-189
154
17
-172
183
-150
264
-93
-87
55
-81
-117
-60
-31
-113
-39
-131
-3
-164
-85
134
81
-50
26
191
-121
-113
126
-222
238
-194
203
181
-81
327
38
29
-36
130
-414
317
-221
204
120
-15
259
-335
26
-386
157
-251
213
-67
-115
163
137
100
-340
57
-189
349
137
-78
109
-256
203
166
78
174
-56
180
-316
100
-431
41
27
-131
408
-278
318
-642
-55
-477
-115
-72
35
455
-197
356
-395
39
-408
-25
144
207
113
284
247
-205
178
-215
-57
-9
427
325
473
-254
-135
10
-390
245
-70
-86
50
140
-21
141
-256
-449
-39
-278
94
227
78
100
-220
-76
119
-50
-101
64
-57
112
193
276
8
-367
47
-46
250
-25
110
-17
-81
96
-57
-141
-290
84
-24
248
-218
83
-112
-15
31
-246
90
-21
224
53
193
-22
120
-60
190
-18
4
106
138
133
24
326
-22
172
-211
138
-198
-72
-46
46
48
-129
362
-197
105
-344
-25
-212
-165
8
-179
159
-291
261
-89
-30
-48
31
-11
-328
-56
-237
33
-55
210
206
61
95
70
-94
-267
-193
-91
-53
78
358
209
136
-76
-33
-80
-81
-79
30
26
5
246
137
222
-50
42
21
-6
20
-38
-15
-165
30
-26
66
-68
27
73
-37
-114
-145
-184
-278
-59
-200
19
156
67
79
-14
-254
73
-124
-88
76
-171
191
100
288
69
213
124
90
52
-41
-32
-143
22
15
465
88
228
-79
-202
-111
-165
-52
-168
10
-106
144
-181
-34
-118
-127
-31
-114
116
-72
29
-137
-58
36
121
214
32
117
16
79
70
-48
65
68
61
22
22
-7
42
-79
-31
-11
-58
-37
-77
-145
-223
-40
-106
-9
-70
-72
-20
-190
-114
-51
28
-17
24
53
17
129
20
57
137
118
158
243
167
-30
116
-5
19
31
43
125
-62
-124
-53
-46
-109
26
5
0
-73
-11
-56
-137
-26
25
174
82
33
63
29
-23
22
163
101
61
17
-84
18
3
129
161
-35
42
-3
-102
-215
-242
-48
-30
-76
11
-119
-217
-139
-185
-15
72
38
129
-79
-175
-47
97
181
260
415
347
263
59
-59
-53
-70
27
125
139
120
126
-152
-198
-298
-276
-187
-302
-193
-215
-77
-127
-1
-48
-77
-74
-263
-48
-158
21
117
236
337
255
232
57
38
22
138
191
267
249
292
172
-32
-84
-162
-118
-89
-91
-131
-132
-220
-251
-220
-226
-148
-20
-82
-111
-85
-109
-84
-61
82
228
313
328
285
221
104
7
30
54
50
254
268
215
183
-11
-25
-150
-167
-175
-129
-13
2
76
23
-70
-163
-168
-263
-102
-48
48
212
67
134
32
-6
-50
15
102
87
241
215
202
16
-113
-133
-111
-64
-45
61
-108
-120
-220
-288
-190
-207
35
19
-12
9
-83
-91
-106
-20
168
372
350
349
251
28
4
-18
-1
177
276
269
157
6
-124
-118
-157
-302
-126
-109
-124
-62
-100
-144
-184
-282
-303
-255
-243
-160
-40
56
87
295
168
-39
19
-100
-9
96
125
361
416
277
270
83
-132
-106
-268
-248
-204
-122
5
26
-90
-124
-125
-376
-318
-380
-232
-80
2
105
143
108
26
110
-68
9
92
53
83
133
122
78
60
-42
7
8
-87
-5
20
30
65
38
-34
-65
-15
-76
126
223
287
455
334
179
109
114
120
333
467
470
559
382
185
118
-18
-20
181
153
177
325
-33
-66
-252
-486
-292
-255
-188
-54
17
-159
-27
-241
-309
-208
-393
-215
-82
56
146
258
118
3
-64
-311
-197
-138
-121
37
96
-49
-132
-309
-645
-637
-754
-679
-472
-570
-572
-686
-855
-930
-964
-948
-829
-650
-574
-511
-433
-423
-337
-246
-148
3
218
283
367
476
456
561
526
568
634
683
627
623
643
574
648
516
477
474
457
439
458
534
533
636
654
638
716
774
753
791
793
877
1211
1222
1159
1429
1267
1236
1311
1051
1269
1363
1241
1312
1179
788
819
624
261
522
377
66
-633
-1461
-2036
-2450
-2670
-2752
-2111
-2083
-2252
-2507
-3302
-3968
-4219
-3924
-3403
-2377
-1557
-537
-108
-402
-193
21
391
775
1578
2361
2809
3041
2932
2824
2377
1989
1652
1333
982
716
418
-503
-1333
-1978
-2501
-3035
-3376
-3444
-3446
-3483
-3602
-3499
-3523
-3480
-3000
-2301
-1615
-768
51
642
1043
1345
1957
2464
2796
3256
3651
3844
3765
3651
3442
3162
2802
2483
2179
1781
1432
1018
690
177
-8
-60
-210
-72
-62
45
219
337
557
798
968
1302
1697
2266
2623
2941
3410
3267
3590
3812
3358
3098
1171
-1183
-1926
-2585
-1860
-825
-1011
-749
-2133
-4911
-7059
-9094
-9535
-8102
-5741
-3079
-1545
-1137
-1831
-3044
-3678
-3225
-642
2357
4317
6137
6534
5815
4890
3650
3447
3829
4019
4348
4045
3024
1798
235
-1406
-2809
-3644
-4301
-5227
-6121
-6567
-6689
-6683
-6193
-5886
-5702
-5600
-5679
-4697
-3535
-2353
-384
988
1823
2742
3085
3200
3659
3948
4697
5454
5319
5255
4866
3720
2587
1946
1004
477
341
-351
-454
-923
-1582
-1649
-1946
-2197
-1774
-1309
-1053
214
1194
1862
2919
3249
3466
4002
3996
4499
5680
5857
6331
6372
5536
5261
4756
4195
4287
3783
1598
-1775
-4625
-4892
-4430
-3791
-3466
-3583
-3682
-6686
-9305
-10868
-12245
-10336
-6620
-2979
-108
311
-312
-908
-2965
-2204
1303
5029
7797
8731
9569
8100
5776
4011
2951
3385
3314
3499
3731
2104
171
-1672
-4458
-6415
-7277
-7480
-7401
-7700
-7306
-6645
-6615
-6886
-6771
-6692
-6816
-5770
-3411
-1135
957
2339
2689
2792
2091
2452
3302
3805
5137
6227
6338
5381
4239
2818
1622
409
-72
265
147
-175
-809
-1526
-2557
-2892
-2952
-2873
-2093
-1300
-412
309
1151
2083
2930
3303
3653
4646
4935
5489
6273
6809
7378
7052
6566
6161
5535
4752
4119
3489
3033
2911
2721
1887
-377
-4324
-7501
-7554
-6884
-5389
-3548
-3581
-3439
-6188
-9709
-10383
-11475
-9710
-4880
-704
2286
2891
1264
319
-1391
-1627
1911
5849
8490
8914
9005
7110
4213
2423
937
1502
1918
1648
1850
395
-1919
-3584
-5920
-7885
-7880
-7456
-6888
-6639
-6383
-5855
-5805
-6049
-6054
-5376
-5037
-3911
-1832
237
2147
2973
3023
2336
1517
2079
2690
3720
5158
5593
5554
4006
2098
884
-12
-335
99
567
578
312
-771
-2356
-3313
-3202
-2719
-1503
-499
494
1415
1076
1248
1677
2146
3071
3971
5240
6085
6484
6470
6000
5776
5506
5445
5320
5362
5386
4888
4123
3075
2538
1997
1235
242
-2510
-6060
-7069
-5909
-4545
-2944
-3273
-3743
-5091
-9104
-10215
-10187
-9439
-5578
-1300
1383
2162
223
-1194
-1340
-2027
901
5380
8593
8868
7658
6311
3451
1899
1089
1753
3076
2443
1947
850
-1940
-4065
-5540
-7271
-7339
-6642
-5923
-5274
-5866
-5992
-6094
-6434
-6291
-5318
-3932
-2809
-1362
160
1413
2221
2101
1912
1669
1878
3385
4103
4758
5046
3862
2926
1676
310
414
150
-220
109
-370
-743
-1427
-2504
-3485
-3373
-2696
-2223
-685
-164
197
813
520
1202
2202
2863
3787
4803
5542
5958
6093
5764
5537
5673
5370
5411
5598
5285
5371
4128
3230
2671
1819
2240
993
1031
1137
-1984
-4551
-6990
-6284
-3339
-3332
-2360
-2173
-4056
-5751
-8789
-8767
-7527
-6211
-1285
1397
2131
1554
-1198
-1300
-1939
-1272
3334
5940
6962
6166
4173
2971
651
-303
438
835
1694
1505
1013
-154
-2944
-4387
-5766
-6790
-5449
-4545
-3629
-3192
-4163
-4266
-5053
-5709
-4881
-4000
-2629
-1268
52
1207
1070
808
115
-131
872
1841
3256
3850
3236
2560
1450
413
345
332
210
673
757
352
-29
-955
-1727
-1764
-1698
-1165
126
817
1218
1555
986
1244
1999
2367
3396
4504
5095
5455
5140
4801
4746
4611
4675
4750
5393
5540
5272
5000
3579
2713
2246
1556
2270
1958
284
-2719
-5455
-4146
-3520
-3077
-2228
-3683
-3870
-6443
-9149
-7709
-8270
-6712
-2462
-1203
-101
-835
-2722
-1661
-2281
-821
3339
5591
6370
4537
4082
3017
1405
1831
1799
2930
3155
1739
1545
-132
-2355
-3357
-5474
-5999
-4628
-4041
-3246
-3764
-4608
-5152
-6628
-6974
-6120
-4199
-2380
-1078
204
152
-627
-976
-1302
-157
1781
2964
4503
4354
3016
2502
783
37
1175
1216
1849
2077
799
379
-413
-1633
-1610
-1763
-1951
-823
-180
-12
542
314
-77
428
899
1821
3248
3958
4494
4936
4728
4470
4777
4809
4921
5681
6047
5870
5855
4854
3680
3600
3134
3028
3747
3677
2477
-822
-6380
-7171
-4907
-4218
-864
-643
-2406
-3795
-9477
-10915
-10334
-10677
-5236
-417
1267
1896
-1216
-2851
-3645
-4307
178
4778
8349
8370
6861
5880
1907
621
651
1159
3445
3544
3450
2951
-236
-2880
-5578
-8195
-7371
-5608
-3945
-2618
-3270
-4306
-6558
-8611
-8397
-6950
-4257
-1822
299
1779
1117
-221
-1148
-1575
-300
2501
4487
5560
5832
3891
2172
782
-715
204
1384
1377
2217
1665
-389
-1092
-2886
-4007
-3180
-2444
-1231
258
210
-575
-260
-1366
-1220
871
1838
3734
4967
4977
5345
4802
4133
4614
5384
5727
6543
7039
6621
6317
5436
3943
3719
3371
2898
3594
2861
3050
2731
-1352
-5855
-7351
-5538
-4057
-2545
-1971
-2588
-3926
-8564
-10139
-9302
-9661
-6114
-1446
615
1361
-254
-1990
-2004
-2778
-300
4273
6810
7308
6456
5647
3008
1426
1091
971
2041
1962
2380
2220
-165
-2608
-4940
-7090
-7355
-5833
-4459
-3607
-3995
-5040
-6308
-7291
-7189
-5966
-4046
-2439
-679
384
355
150
-311
-438
833
2297
3793
4845
4452
3958
2501
1258
1073
1076
1642
1780
1673
1285
59
-1266
-2115
-2604
-2370
-1714
-1095
-480
-249
-535
-992
-1007
-401
1146
2398
3265
4485
4599
4557
4554
4491
5256
5675
6077
6573
6625
6563
6252
5713
4927
4355
3930
3379
3597
3481
2826
222
-5421
-6533
-4703
-4864
-2414
-2528
-3972
-4429
-9954
-10727
-9528
-11150
-6742
-2776
-1304
42
-1995
-2795
-2735
-2975
329
4426
7473
6753
6127
6093
2674
2627
2601
2747
4411
2998
3179
2669
-246
-2116
-4312
-6392
-6371
-5091
-4211
-4024
-4488
-5839
-7482
-8390
-8230
-6223
-4441
-3233
-1582
-746
-657
-708
-719
-417
931
2324
3871
5145
5071
4406
3428
2260
1620
2232
2256
2353
2701
1679
946
-213
-1706
-2365
-2939
-2525
-1145
-600
-531
-564
-1422
-1803
-1374
-322
1380
2855
3898
4353
4600
4218
4546
5239
5099
6358
6752
7112
7506
6577
6543
5815
4800
4407
4482
3971
3850
3219
-311
-4467
-5971
-4609
-4012
-2337
-2584
-4132
-5824
-10862
-10838
-10458
-10743
-6258
-3302
-1530
-1177
-3213
-3713
-3456
-3129
379
4556
7301
6975
6120
5558
2717
2891
2781
3393
4867
3735
4454
3079
725
-1030
-3968
-5471
-5945
-4882
-3728
-3685
-3895
-5553
-7506
-8340
-8339
-6848
-5216
-3975
-2225
-1446
-1017
-1032
-1660
-1375
-447
1142
3016
4566
4687
4451
3497
1632
1552
1365
1573
2892
2957
2554
2032
340
-1338
-1875
-2780
-2076
-412
-418
327
216
-991
-1157
-1235
-605
1201
2347
3465
4449
4148
4072
3981
4408
4735
5262
6215
6448
6971
6384
6070
5265
3916
4011
3528
4039
4345
3879
3131
49
-4795
-6534
-4680
-4045
-1794
-1072
-3244
-4274
-8668
-11155
-9884
-10404
-7113
-2650
-1522
-705
-2017
-3855
-4305
-4225
-1964
1574
5259
5845
5273
5685
2697
2110
2225
1220
3350
3292
3971
4557
2399
894
-1835
-3900
-4821
-4654
-3054
-2841
-2638
-3203
-5456
-6281
-7307
-7388
-5646
-5268
-3662
-1889
-1390
-885
-1261
-1925
-1853
-717
636
2513
3948
3940
3593
2913
1503
1515
2065
1833
3333
3292
2463
2281
405
-722
-772
-1156
-823
468
377
462
311
-931
-593
-368
-247
1069
2216
3032
3474
3287
2723
2885
3782
4111
5866
6354
6045
6635
5007
4829
4936
4606
5559
5858
5976
5998
4252
-254
-4612
-4976
-4249
-3114
64
-1399
-2440
-5306
-11437
-10768
-12970
-12202
-7485
-5897
-2819
-3479
-4682
-5471
-6492
-5064
-3247
1460
4930
4625
6729
5434
3755
4810
2663
4620
5454
5038
6959
5308
5010
3062
-105
-1551
-3939
-3513
-3123
-3580
-2816
-4302
-6340
-7410
-8964
-9091
-8285
-7525
-5508
-3672
-2699
-2570
-2655
-2663
-2504
-887
879
2830
4965
5464
4900
4709
3641
3046
4019
3916
4834
5062
3864
3177
1286
-48
-856
-1002
-727
-758
-277
-516
-1116
-1430
-1959
-1719
-707
-165
1421
2799
3138
3841
3526
3678
4355
4860
5962
6583
7268
7042
6161
5890
5192
6002
6331
5815
5899
2594
-847
-2810
-4540
-3606
-2437
-1989
-1840
-4152
-7089
-9491
-11833
-11808
-10363
-7316
-4848
-4312
-3496
-5036
-5341
-5328
-5017
-1044
1276
3232
4869
5000
5001
4215
3495
3573
3754
4093
4829
4792
4781
3420
1312
130
-1681
-2455
-2604
-3541
-3169
-3671
-5068
-5302
-6699
-6668
-6430
-6438
-5485
-5381
-4050
-3811
-3064
-1769
-1558
-314
361
730
1817
2638
2773
3820
3718
3619
3939
3354
3496
2857
2996
2535
1982
1833
716
707
98
-208
-501
-675
-565
-986
-538
-757
-74
507
583
1511
1728
2420
2515
2898
3461
3901
4704
4703
5384
5420
5833
5499
4967
5297
4197
4573
4349
4160
4438
3080
1505
-134
-1635
-2983
-3595
-3599
-3061
-3622
-3773
-5084
-6536
-6833
-8989
-7836
-7365
-6682
-4280
-4320
-3270
-3265
-3279
-2754
-2360
-987
70
1241
2410
2836
3324
3290
2415
2644
1960
1725
2221
1661
2242
2169
1332
861
-539
-1731
-2759
-3394
-3299
-3335
-2517
-2700
-3084
-3475
-4748
-4753
-4581
-3985
-3061
-1938
-1503
-805
-435
-912
26
-143
360
1065
1744
2467
2723
3327
2810
2923
2281
1799
1866
1814
2079
2005
2181
1732
1509
793
285
501
421
813
1057
1521
1692
1714
1587
1575
2011
1930
2363
2656
3139
3683
3576
3607
3389
3094
2790
2354
2430
2581
2613
2836
2135
1846
1525
182
-291
-954
-1100
-937
-1488
-1193
-1378
-1916
-2418
-2822
-2980
-3359
-3610
-3428
-3803
-3410
-2709
-3126
-2284
-2557
-2684
-2946
-3649
-2836
-2535
-1772
-1272
-839
-487
-934
-1025
-1203
-1237
-806
-394
-60
548
664
224
243
-445
-544
-450
-593
41
-118
196
-177
-500
-497
-1091
-911
-990
-861
-856
-688
-841
-714
-574
-881
-592
-913
-672
-707
-353
158
115
769
499
731
1064
739
1154
1356
1635
2096
2215
2357
2504
2515
2468
2207
2758
2651
2204
3083
2575
2421
2558
2078
2379
2141
1871
2393
1916
2202
2158
1422
1842
701
915
1013
593
1198
846
753
832
488
98
-209
-532
-620
-725
-232
-387
-466
14
-1201
-1136
-1521
-2289
-1798
-2393
-2054
-1849
-1888
-1919
-2348
-2825
-3325
-3675
-3037
-2971
-2728
-1685
-2378
-2097
-2226
-2340
-2121
-1968
-1106
-808
-646
-78
181
-313
-200
-224
42
313
704
1315
934
657
397
257
-234
-211
789
140
25
148
-397
-967
-1545
-1063
-1030
-913
-1194
-530
-526
-1602
-730
-945
-1215
-303
-102
81
716
671
932
990
1161
1781
1225
2305
2296
1922
2651
2444
2841
2293
2757
2911
1716
1786
2597
1597
1629
2320
2203
1582
1119
2138
656
219
1041
1232
-49
539
1548
651
38
1128
1150
-310
392
397
814
-843
490
711
-171
120
-50
131
-1296
-1144
-1378
-1377
-2783
-745
-1605
-1420
-878
-3176
-1388
-3518
-2954
-2108
-2539
-2044
-1526
-1558
-1428
-1716
-1868
-570
-1799
-991
-426
-677
70
-104
131
333
64
548
472
461
344
675
126
-126
210
520
393
-807
645
-734
-1157
-329
-1311
-1029
-1081
-1620
-416
-983
-850
-96
-1092
-476
-508
-790
-474
330
-173
1377
561
1423
1432
856
1520
1152
1408
1429
1683
1045
2859
1401
2379
1610
2012
1105
1071
925
1115
1217
315
2671
366
1476
164
1681
-130
315
123
565
2
-410
2589
-375
1381
635
882
-1018
236
-153
-22
-316
672
1473
-1157
280
-920
-1488
-1697
-584
-1545
-720
-1327
-554
-1778
-1862
-1263
-2296
-1184
-1615
-947
-1212
-1206
-737
-921
-2104
407
-940
-493
49
481
620
-1466
1178
-41
-963
862
320
-362
1279
-157
548
-185
-1327
605
-1075
-1031
768
-1324
-700
406
-1540
-1293
-933
-365
-2421
-147
-119
-941
212
-611
-331
111
-1112
399
1484
-1212
1987
249
1087
905
266
1831
1301
977
1168
2616
332
1294
1410
1564
282
1950
1615
304
1676
-139
1322
-185
413
1547
-898
907
1191
-979
1018
473
-1236
1169
-639
539
1207
-1177
2636
-1077
-661
1669
-1523
762
557
-426
852
-833
-590
650
-2969
1089
-1250
-1520
888
-2170
243
-2135
-142
-1426
-1337
-695
-539
-467
-658
236
-1239
690
-1898
1363
-1137
289
1165
115
966
-271
1814
-1041
1628
266
540
55
1148
-335
496
103
-159
1112
-1684
806
-1185
-208
-1630
374
-892
-1622
-438
-612
-838
-1182
-87
-1349
-381
-1070
-934
268
-220
-385
1246
-729
322
-367
487
147
593
1095
-80
1554
-189
1682
-277
687
1135
277
29
1102
1011
-595
1596
-1132
2305
-1523
-545
3018
-2986
2310
-42
-1155
1717
-1170
-898
2517
-2508
1161
1908
-3216
3226
-2127
189
616
-1083
496
345
-832
414
-158
-1908
899
-1728
-214
-1288
97
-1245
-233
-1410
-656
-350
-2468
1603
-1984
-296
765
-1086
-59
324
-688
716
675
178
1137
813
514
1265
495
1061
1568
-108
766
1823
354
-125
2287
-155
375
521
-6
-585
201
246
-574
643
-1053
471
-463
-877
104
-1284
-876
870
-1289
-584
777
-200
-366
-180
1006
-935
-348
59
627
-515
598
975
-605
1036
-267
839
-357
-182
512
92
-928
1674
-474
-572
2328
-2334
1388
-1539
364
558
-1682
1660
-1337
332
19
-402
-20
-253
-463
1195
-1514
-70
1621
-2680
2152
-2520
987
458
-1789
2617
-1414
-523
-36
115
-3250
1701
-1285
-478
774
-1170
216
-1198
-172
-1854
1824
-3600
1822
517
-2203
2178
-787
572
-312
1015
-396
395
441
1295
-931
2960
-482
524
2507
-1720
2304
-696
2001
-637
1503
-756
2284
-1403
361
2627
-2321
1558
-374
1037
-3045
3857
-3255
1292
467
-1120
1207
-1847
2269
-2617
1300
-1102
1320
-1529
2507
-1002
-37
1068
-1707
1269
-778
854
-1076
2338
-1510
810
186
-742
-31
449
-1371
730
594
-1653
1822
-857
-1177
292
-240
-1419
1320
-1820
51
-508
-284
-1200
19
277
-2418
133
293
-1004
-1068
373
-1608
878
-2461
1354
-11
-1575
1482
59
-1786
-41
1127
-3366
2331
-795
168
344
-700
808
-419
-1307
490
399
-1697
2103
-633
1029
-189
279
188
109
-39
125
836
980
411
-957
3508
-1676
394
2115
-707
253
1469
39
676
165
904
2125
-2699
2900
410
-1931
2974
-585
-385
2501
-1182
-203
1953
-2278
1177
542
-913
1539
-879
472
-741
696
-1734
1983
-113
-1576
2494
-1461
99
-30
715
-2885
3257
-2071
511
2316
-3039
975
650
-1471
-551
1758
-3997
3268
-2430
134
377
-2447
505
-502
-1591
-571
-582
-2750
2284
-3229
658
-1917
1445
-2949
-454
1633
-4936
3027
-1302
-1889
1541
-88
-1609
3085
-3436
2040
-94
-2314
2881
-1290
-475
1796
1441
-2338
1962
-778
337
404
-1251
1682
775
-1784
2912
-594
-669
1542
-561
343
69
802
-411
2255
-1018
2052
-922
1540
128
-1207
2087
-122
1141
248
2285
-1893
1444
939
-603
612
678
1865
-586
266
2130
-1412
-242
1954
-567
876
455
202
1031
-846
-166
961
-1166
961
-260
793
483
-930
468
-1045
428
-1176
-225
1872
-2744
1482
346
-3198
2737
-2555
-1695
2843
-2908
-1177
2289
-3174
213
-393
-2146
619
-1932
-136
300
-1741
-929
-171
-84
-3003
1709
-847
-2667
3237
-3017
815
-1211
-154
-540
-87
-1142
1315
-440
-2182
3235
-3854
2507
-1398
377
503
-1959
2020
63
-1897
2632
-796
-1069
3048
-2373
1971
784
-726
686
1400
-544
1205
-406
1784
307
-439
2773
-378
221
659
1484
-1673
2441
474
77
1410
0
1032
-284
1287
395
-337
1067
930
-38
1592
-714
1297
183
-185
2450
-2324
2009
1854
-3093
2242
1301
-2091
1255
192
-86
329
-998
1201
-645
-1727
1742
-1576
49
222
-1924
1381
-1504
327
-1471
-102
436
-2179
429
-603
-488
-2440
2129
-1416
-2416
1534
-1791
-1820
763
-1006
-2842
2304
-3624
460
673
-4075
2382
-2484
-1030
794
-1381
-347
-555
-386
-806
802
-1553
385
676
-1520
844
256
-687
-84
1284
-1265
1842
-505
-381
2661
-2903
2028
1409
-1841
2002
494
-986
1858
-490
1
2223
-1934
2578
620
-1372
2025
-16
332
406
1617
-118
1068
122
1714
202
52
2229
-1109
1696
466
1269
412
431
1031
119
465
1206
66
-206
1203
155
87
149
336
-222
-422
548
286
-984
984
-1267
60
-39
-1674
478
175
-518
-1219
1046
-831
-1181
303
-796
-259
-1094
-180
691
-1644
-443
95
-1146
-1436
504
-1446
-884
-3
-1610
-59
-1598
-6
-1629
-827
-59
-1246
-710
-268
-657
-800
-462
-465
-34
-1327
594
-41
-748
190
694
-1441
708
350
-578
901
-934
1438
-193
-43
170
469
479
-296
1040
341
446
-683
1421
488
-757
1733
890
54
519
1162
134
624
72
1663
437
269
1833
-563
1939
86
-35
1419
273
70
790
1482
-205
267
1185
295
-80
690
420
595
-299
666
1132
-1226
1216
398
-988
1212
-266
-471
817
-427
-483
779
-1381
356
-158
-892
432
-300
-188
-1198
478
-1531
114
-418
-906
3
-1237
297
-554
-958
-1295
357
-1647
-935
-91
-1008
-675
-958
-130
-772
-1195
-1155
141
-1421
-825
148
-995
-342
-415
-498
-287
-651
-239
-18
-657
-45
190
-113
-185
628
-108
148
-109
346
304
-325
935
264
194
-137
1360
-278
59
735
-210
921
20
583
546
248
148
828
308
400
499
692
914
-174
1067
706
340
840
698
637
1054
339
1045
1081
148
1310
359
880
697
758
583
435
470
649
452
-172
826
-583
492
98
-452
-12
-245
-131
-77
-337
-422
-36
-527
-218
-659
66
-242
-377
-132
-113
-464
-17
-582
-317
-213
-1030
400
-980
-250
-557
-768
-701
-891
-705
-741
-832
-1075
-547
-1101
-604
-1091
-755
-758
-909
-629
-472
-759
-647
-358
-543
-342
-360
-214
-123
-19
-365
188
-130
69
-226
-78
413
-181
289
-23
-21
-12
159
338
-297
175
256
-171
564
188
245
329
325
564
517
290
458
1007
464
594
493
903
753
743
770
813
710
505
834
517
631
634
954
491
651
485
476
357
205
457
611
205
49
720
-64
292
268
151
-66
43
119
479
-250
12
501
-425
418
-442
-148
119
-48
-226
-170
-352
-251
-320
-666
-473
-655
-209
-645
-524
-580
-848
-805
-422
-880
-646
-861
-575
-425
-1050
-355
-702
-761
-788
-472
-841
-443
-549
-838
-400
-447
-599
-539
-230
-524
-436
-247
-223
-585
81
59
-83
-19
40
15
225
104
-90
556
-20
420
472
118
366
435
244
435
185
364
413
245
662
153
515
266
443
304
312
686
304
632
530
529
623
827
586
766
799
720
898
687
1008
816
791
748
618
617
550
524
401
532
337
133
97
148
-91
-213
-138
-207
-104
-293
-158
-294
-325
-279
-357
-203
-313
-213
-290
-11
-251
-233
10
-232
-168
-97
-165
-311
-325
-326
-265
-503
-332
-599
-553
-611
-854
-777
-923
-878
-919
-928
-1058
-805
-1083
-905
-794
-940
-757
-704
-514
-617
-424
-232
-403
-20
-82
-46
223
58
159
169
461
122
284
335
152
241
440
170
135
429
154
12
96
309
-63
378
262
213
270
431
324
297
593
562
468
665
1007
448
1017
866
755
923
845
878
748
942
827
545
738
528
360
385
400
276
22
432
-227
13
40
-106
-268
-65
50
-358
158
-85
-50
-6
56
-148
41
178
-78
168
201
-107
-42
94
-209
-257
-103
-294
-447
-489
-399
-578
-805
-373
-965
-810
-733
-943
-859
-920
-600
-960
-625
-660
-813
-533
-512
-661
-398
-199
-435
-170
-200
-234
-166
-80
-237
-170
112
-152
-116
-90
4
-214
-256
-6
-362
-59
-48
-238
57
-9
-136
24
-70
26
203
121
304
327
538
398
384
563
488
584
614
638
743
738
776
694
710
789
566
626
685
570
479
827
386
490
596
230
250
218
396
-26
432
154
-46
207
-69
-5
-237
172
-3
-326
155
-139
-299
3
-111
-194
-68
-84
-158
-215
18
-59
-294
158
-282
-271
-32
-357
-180
-196
-202
-355
-373
-385
-533
-580
-436
-625
-631
-505
-671
-738
-614
-635
-812
-600
-624
-607
-619
-403
-499
-481
-142
-350
-232
-76
-46
-129
29
210
30
332
235
129
262
284
209
81
422
210
57
210
143
-121
191
71
-75
118
9
42
-34
141
59
232
165
245
345
371
490
545
565
722
740
483
864
662
674
866
780
678
737
656
350
424
357
302
190
322
116
-44
159
-269
-147
-20
-325
-109
-145
-117
-92
-102
-39
-25
-36
-17
126
25
183
246
112
16
196
-101
-125
90
-160
-223
-151
-252
-674
-462
-638
-861
-653
-767
-904
-720
-862
-933
-874
-884
-807
-833
-549
-580
-610
-295
-402
-413
-41
-222
-14
20
19
109
23
176
22
219
106
30
133
-17
-63
-73
-101
-79
-146
-138
-5
-88
-120
-1
-57
-15
159
122
257
337
501
389
553
638
515
800
724
756
818
811
803
736
738
613
534
621
358
531
454
245
240
91
14
-97
-11
-28
79
-123
83
-136
-215
44
-181
0
50
140
90
151
238
123
156
266
82
156
326
143
151
235
97
-76
-44
-77
-274
-97
-191
-447
-200
-431
-541
-502
-480
-686
-597
-420
-756
-482
-477
-681
-631
-524
-584
-622
-256
-470
-396
-236
-431
-348
-386
-93
-324
-272
11
-304
-156
-85
-84
-127
-32
-33
-243
-4
-41
-105
106
83
-7
47
61
-11
107
137
239
133
271
300
114
401
229
351
457
320
495
371
459
527
334
611
486
468
525
483
377
374
540
239
447
355
282
154
209
144
-10
252
25
-25
95
-91
-203
4
-192
-102
-61
-176
-66
-51
-125
-130
-7
-133
-103
49
-44
77
84
52
63
9
28
-72
76
-106
81
35
-143
3
-207
-236
-309
-241
-345
-297
-210
-428
-368
-396
-554
-452
-450
-378
-406
-304
-277
-429
-223
-361
-279
-212
-209
-97
-101
-99
-15
-108
-110
-9
-225
-13
-50
-141
38
-63
-103
-50
-107
-153
-145
-70
-82
-46
92
18
19
117
82
34
231
335
218
417
474
262
449
471
380
544
556
434
500
492
310
424
409
290
338
262
137
149
88
48
38
15
-18
-8
-65
-74
-54
-171
14
-139
-6
118
-36
156
62
51
65
120
144
176
255
188
220
193
114
113
90
19
22
49
-12
6
-35
-144
-215
-337
-258
-372
-286
-157
-368
-270
-369
-454
-476
-380
-277
-405
-167
-210
-391
-147
-290
-312
-150
-215
-177
-109
-53
-142
-139
-113
-202
-172
-88
-125
-52
-45
-115
-123
-110
-128
-95
-24
-67
11
9
4
65
94
96
130
181
198
235
371
307
360
409
278
381
420
443
435
585
400
356
455
196
368
264
276
322
116
215
64
10
27
-18
-99
-17
-27
-93
-42
-127
-63
-180
-33
-29
-55
163
44
10
86
56
46
111
221
132
239
222
66
227
3
67
17
-43
77
-18
-38
-32
-119
-292
-262
-320
-363
-230
-246
-299
-324
-305
-434
-476
-250
-435
-233
-157
-310
-227
-214
-268
-304
-233
-151
-213
-170
-60
-287
-91
-239
-300
-193
-257
-202
-222
-178
-163
-165
-191
-146
-165
-149
-64
-37
-34
144
168
121
235
276
184
321
366
322
480
465
437
417
470
454
385
453
473
340
351
303
150
213
167
124
105
64
38
-108
-83
-111
-186
-114
-139
-152
-198
-59
-142
-243
21
-150
-67
61
-11
73
139
60
61
174
137
205
192
275
165
194
101
44
109
17
96
46
41
-28
-42
-198
-248
-156
-336
-247
-171
-323
-221
-305
-348
-427
-308
-292
-355
-172
-245
-226
-275
-221
-274
-156
-91
-207
-38
-129
-170
-66
-254
-122
-152
-248
-143
-162
-150
-133
-103
-274
-141
-218
-273
-147
-100
-88
-1
78
-50
115
129
-16
171
180
197
341
343
405
423
451
343
430
406
427
442
430
451
410
390
310
309
260
184
159
168
59
145
74
-41
-25
-30
-168
-14
-66
-97
68
-120
-78
-37
-46
-52
7
37
24
82
127
10
177
146
12
136
108
1
148
113
3
164
33
-10
-13
-70
-140
-119
-141
-198
-182
-106
-288
-279
-241
-419
-291
-326
-356
-247
-277
-316
-236
-304
-191
-177
-219
-138
-106
-203
-76
-58
-181
71
-108
-68
-33
-87
24
-74
40
-29
-44
44
-133
14
41
3
77
91
51
62
156
-71
139
140
50
213
203
249
206
288
199
163
304
216
239
378
302
308
320
239
203
215
180
131
155
158
117
58
43
-3
-86
-88
-96
-149
-52
-83
-109
-96
-119
-121
-189
-108
-94
-121
-34
-37
-83
12
-23
-60
-4
-47
-59
21
31
37
133
57
88
9
-17
22
-44
48
36
20
43
-34
-77
-60
-178
-106
-115
-130
-38
-73
-54
-16
-33
-64
46
11
-5
140
85
117
220
188
201
241
204
124
228
168
202
266
247
244
164
175
82
91
117
77
96
123
3
41
-29
-110
-78
-167
-115
-173
-138
-169
-184
-222
-314
-250
-338
-317
-229
-343
-275
-283
-400
-347
-384
-444
-461
-390
-510
-420
-424
-489
-456
-584
-482
-578
-498
-446
-486
-384
-398
-381
-346
-232
-249
-200
-108
-134
27
78
167
273
273
336
371
403
513
646
631
783
803
755
850
867
802
892
923
842
919
899
854
787
738
625
645
579
586
604
466
502
363
287
320
286
223
245
216
141
156
180
135
69
102
-16
-99
2
-73
-122
-48
-143
-298
-187
-306
-416
-345
-463
-514
-581
-505
-652
-661
-652
-831
-875
-868
-889
-972
-822
-914
-1002
-920
-941
-977
-852
-816
-833
-775
-722
-706
-644
-545
-523
-492
-469
-366
-398
-280
-162
-257
-170
-108
-179
-58
12
18
39
92
85
93
246
214
256
305
292
283
349
412
437
472
518
495
478
540
513
560
614
596
666
672
682
744
672
739
738
704
769
809
781
794
815
740
758
787
786
780
840
759
745
765
694
721
683
649
604
530
523
411
334
332
144
127
27
-133
-134
-287
-389
-424
-572
-637
-703
-826
-892
-909
-981
-1027
-955
-1090
-1057
-1060
-1157
-1109
-1104
-1088
-1029
-990
-1019
-936
-954
-948
-865
-860
-799
-753
-737
-696
-680
-645
-658
-608
-575
-588
-517
-512
-485
-476
-442
-423
-410
-324
-302
-257
-130
-147
-24
43
42
212
229
312
428
444
500
608
596
700
783
844
853
914
941
884
1015
992
1035
1104
1125
1120
1164
1196
1154
1202
1215
1194
1240
1286
1282
1300
1319
1213
1233
1183
1120
1187
1107
1096
1007
949
815
761
641
513
469
276
186
74
-42
-211
-294
-508
-625
-743
-909
-895
-1021
-1083
-1154
-1252
-1350
-1400
-1400
-1429
-1390
-1345
-1370
-1330
-1323
-1352
-1356
-1327
-1310
-1337
-1207
-1203
-1226
-1124
-1182
-1199
-1105
-1142
-1089
-1011
-980
-951
-886
-824
-796
-730
-682
-593
-577
-466
-389
-307
-218
-97
-21
41
173
198
298
375
445
507
596
699
723
783
879
813
882
971
939
1029
1109
1054
1111
1133
1084
1147
1187
1241
1240
1418
1394
1464
1573
1505
1601
1607
1587
1680
1700
1712
1773
1718
1655
1541
1425
1295
1202
1076
996
821
705
487
308
140
-101
-240
-465
-558
-787
-884
-1055
-1240
-1338
-1538
-1661
-1678
-1811
-1822
-1784
-1869
-1811
-1808
-1813
-1717
-1621
-1566
-1391
-1365
-1274
-1226
-1208
-1153
-1076
-1002
-918
-746
-758
-661
-597
-673
-655
-676
-735
-727
-687
-664
-637
-531
-561
-528
-482
-445
-454
-351
-283
-310
-169
-188
-102
-53
18
64
133
278
248
435
517
567
728
783
865
945
1043
1060
1175
1218
1267
1368
1405
1475
1492
1577
1580
1640
1691
1728
1801
1761
1820
1786
1791
1849
1831
1873
1859
1835
1729
1638
1479
1250
1075
890
663
458
333
98
-108
-293
-607
-805
-997
-1238
-1402
-1583
-1748
-1921
-1982
-2078
-2110
-2064
-2073
-1991
-1975
-1825
-1681
-1481
-1308
-1173
-974
-884
-684
-556
-376
-221
-65
41
116
271
252
329
315
180
73
-47
-210
-383
-504
-763
-878
-1100
-1312
-1369
-1540
-1490
-1552
-1559
-1528
-1524
-1452
-1442
-1305
-1244
-1078
-876
-669
-487
-250
-2
146
440
606
894
1129
1351
1521
1581
1775
1738
1818
1847
1803
1875
1898
1906
1931
1935
1899
1907
1807
1741
1734
1697
1693
1659
1653
1600
1656
1693
1668
1773
1749
1722
1631
1384
1186
939
710
505
177
-32
-236
-588
-817
-1104
-1415
-1576
-1811
-2001
-2189
-2313
-2396
-2494
-2485
-2425
-2355
-2117
-1872
-1761
-1439
-1140
-860
-595
-269
-45
207
509
569
754
934
1004
1061
1100
1023
947
865
701
477
186
-91
-424
-832
-1184
-1579
-1860
-2097
-2445
-2668
-2841
-2898
-2907
-2890
-2793
-2659
-2452
-2279
-2035
-1770
-1442
-1040
-738
-361
-94
312
710
1056
1434
1736
2122
2330
2553
2598
2664
2710
2605
2512
2342
2270
2173
2180
2029
1983
1980
1784
1735
1509
1397
1324
1289
1276
1170
1177
1154
1179
1208
1325
1327
1512
1533
1263
1083
729
522
213
-48
-337
-525
-702
-1089
-1309
-1616
-1774
-1940
-2057
-2183
-2310
-2348
-2393
-2240
-2288
-2010
-1763
-1476
-1106
-1010
-537
-234
110
277
473
697
803
950
919
1097
1072
1112
1038
897
792
540
450
154
-162
-589
-921
-1175
-1675
-1947
-2308
-2502
-2675
-3055
-3111
-3144
-3095
-2967
-2867
-2710
-2504
-2237
-2006
-1612
-1270
-870
-387
-60
333
559
1049
1442
1785
2168
2399
2839
2920
3094
3064
3051
3066
2823
2715
2431
2378
2209
2146
2043
1861
1842
1601
1547
1195
1092
1001
822
875
624
692
606
733
775
822
1031
1043
1183
883
680
230
29
-306
-655
-718
-1075
-990
-1450
-1559
-1787
-2022
-1930
-2160
-2005
-2210
-2099
-2178
-1993
-1904
-1760
-1304
-1130
-570
-625
-30
174
457
830
737
1210
1030
1203
1098
1096
1135
956
1045
795
803
469
441
199
-178
-387
-939
-1052
-1689
-1950
-2390
-2727
-2839
-3417
-3235
-3531
-3345
-3246
-3190
-2790
-2800
-2376
-2303
-1799
-1565
-1153
-650
-353
286
424
1156
1411
1972
2366
2644
3167
3143
3545
3424
3640
3460
3263
3133
2734
2670
2275
2220
2061
1940
1722
1585
1388
1165
1070
736
777
494
416
403
340
453
427
732
835
1068
1197
1303
1347
1161
660
328
100
-453
-394
-893
-884
-1020
-1616
-1486
-1992
-1984
-2025
-2130
-2065
-2303
-2427
-2373
-2121
-2204
-1698
-1677
-1084
-855
-964
-177
-246
449
415
683
911
783
1063
856
1170
968
1027
908
895
646
416
533
95
99
-605
-728
-1100
-1778
-1969
-2647
-2638
-3078
-3302
-3437
-3452
-3350
-3421
-3010
-2959
-2545
-2418
-2034
-1729
-1579
-1012
-807
-85
160
687
1203
1618
2137
2205
2822
2954
3324
3276
3412
3521
3282
3379
2866
3029
2640
2573
2390
2177
2222
1847
1945
1597
1629
1360
1374
1340
1150
1171
1034
1168
1037
1056
1045
1340
1432
1534
1608
1546
1460
916
389
32
-393
-818
-895
-1501
-1431
-1965
-2280
-2223
-2859
-2501
-2929
-2645
-2835
-2995
-2856
-2718
-2388
-2482
-1776
-1817
-890
-1080
-623
-77
-148
738
262
1036
882
1060
1246
1025
1278
892
1157
952
961
505
496
277
-140
-285
-1054
-853
-1488
-1962
-2241
-2824
-2707
-3249
-3252
-3302
-3450
-3278
-3356
-3090
-2918
-2561
-2301
-1759
-1623
-1350
-739
-529
326
414
1126
1634
1914
2383
2399
3093
3078
3529
3429
3543
3580
3297
3371
2953
3178
2687
2837
2488
2222
2141
1704
1925
1476
1675
1389
1497
1344
1102
1239
953
1349
1020
1217
1224
1250
1524
1372
1624
1406
1372
930
315
-21
-545
-839
-1047
-1456
-1630
-1862
-2390
-2480
-2858
-3025
-2924
-3100
-3143
-3130
-3391
-2988
-2842
-2726
-2004
-1952
-1096
-1082
-846
-281
-225
503
507
925
1193
1200
1262
1272
1256
1260
1400
1169
1276
787
584
444
-52
-126
-783
-825
-1280
-1921
-2226
-2718
-2799
-3065
-3140
-3346
-3229
-3418
-3465
-3205
-3191
-2708
-2495
-1976
-1782
-1307
-1084
-541
51
233
1170
1323
2087
2206
2640
2980
3248
3618
3428
3931
3469
3701
3302
3296
3207
2952
3064
2465
2573
1978
2009
1703
1670
1675
1452
1724
1181
1401
1185
1213
1409
1273
1512
1406
1617
1614
1720
1833
1792
1791
1340
833
148
-154
-811
-1167
-1399
-2046
-1809
-2780
-2909
-3168
-3715
-3383
-3880
-3624
-3909
-3868
-3856
-3524
-3318
-2891
-2218
-1957
-1064
-1416
-456
-283
245
929
821
1769
1347
1719
1475
1542
1675
1584
1802
1448
1469
782
831
313
83
-198
-747
-795
-1737
-2045
-2611
-2859
-3001
-3342
-3285
-3515
-3496
-3537
-3498
-3171
-3020
-2533
-2294
-1880
-1544
-1384
-514
-419
329
728
1161
1831
1948
2597
2694
3374
3365
3635
3709
3511
3682
3280
3536
3095
3249
2896
2719
2667
2014
2305
1820
1966
1752
1640
1687
1409
1614
1224
1628
1485
1540
1685
1493
1737
1514
1882
1712
1973
1873
1617
1519
696
196
-597
-821
-1700
-1696
-2372
-2654
-2582
-3857
-3366
-4334
-4154
-4266
-4484
-4133
-4483
-4049
-4195
-3433
-3453
-2541
-2251
-1447
-860
-924
363
136
1348
1264
1670
2225
1839
2333
1912
2305
2145
2197
2039
1853
1597
1068
974
374
272
-448
-684
-1117
-1939
-2106
-2877
-2914
-3211
-3556
-3491
-3659
-3520
-3624
-3334
-3210
-2771
-2535
-2268
-1655
-1653
-756
-644
76
557
834
1676
1685
2525
2539
3168
3359
3527
3744
3520
3867
3361
3684
3172
3291
3042
2778
2898
2236
2615
1979
2189
1861
1684
1815
1425
1740
1293
1605
1464
1515
1569
1375
1665
1333
1667
1584
1658
1720
1523
1428
722
277
-743
-838
-1545
-2061
-2057
-3022
-2622
-3762
-4039
-4164
-4832
-4403
-4818
-4410
-4664
-4440
-4496
-3980
-3573
-3297
-2130
-1962
-613
-895
92
711
950
2031
1742
2852
2595
2800
2800
2706
3001
2646
2798
2435
2239
1558
1305
828
357
40
-794
-903
-1859
-2464
-2871
-3444
-3434
-4001
-3956
-4108
-4179
-4015
-4132
-3555
-3372
-3018
-2655
-2247
-1844
-1410
-746
-391
514
726
1416
1883
2189
2821
2990
3730
3667
4092
3939
3990
4002
3639
3808
3466
3595
3081
3109
2730
2466
2455
2039
2219
1830
1855
1630
1612
1559
1338
1647
1430
1586
1419
1397
1534
1346
1653
1540
1687
1582
1274
1079
433
-280
-882
-1199
-1994
-2189
-2820
-3251
-3164
-4314
-4137
-4600
-4843
-4613
-4974
-4535
-4790
-4483
-4282
-3696
-3317
-2693
-1937
-1244
-451
-424
791
1040
1906
2244
2441
3219
2783
3183
2889
3032
2975
2633
2610
2148
1746
1092
776
193
-173
-933
-1391
-1799
-2783
-3091
-3829
-3952
-4215
-4625
-4443
-4610
-4472
-4290
-4121
-3572
-3149
-2858
-2323
-1828
-1404
-848
-190
342
990
1456
1892
2478
2854
3290
3648
4095
4161
4238
4252
4075
4153
3831
3768
3579
3294
2978
2730
2516
2242
2240
1942
1991
1738
1552
1566
1442
1499
1370
1495
1496
1479
1413
1546
1541
1553
1780
1636
1909
1639
1513
1318
795
104
-747
-963
-1939
-2141
-2713
-3182
-3040
-4057
-4139
-4570
-4830
-4858
-4862
-4611
-4599
-4292
-4404
-3612
-3536
-2887
-2121
-1489
-274
-432
800
1062
1772
2339
2307
3231
2845
3171
2803
2860
2799
2406
2425
1938
1726
844
601
-26
-466
-1033
-1834
-1963
-2970
-3395
-4054
-4320
-4477
-4871
-4784
-4961
-4660
-4691
-4284
-3750
-3361
-2751
-2477
-1763
-1334
-940
-110
436
1200
1714
2075
2714
3039
3393
3763
4161
4420
4462
4405
4321
4164
3866
3747
3492
3367
3006
2693
2610
2148
2159
1855
1824
1793
1363
1517
1284
1454
1384
1335
1579
1340
1427
1311
1416
1467
1582
1760
1703
1798
1417
1314
1017
475
-268
-787
-1218
-2146
-2306
-3137
-3212
-3383
-4211
-3990
-4626
-4612
-4690
-4678
-4366
-4388
-4098
-3877
-3260
-3105
-2236
-1656
-577
-23
291
1445
1360
2441
2329
2800
3328
2892
3268
2737
2932
2518
2316
2139
1679
1228
512
208
-579
-867
-1742
-2022
-2516
-3348
-3650
-4420
-4278
-4761
-4691
-4617
-4666
-4245
-4260
-3691
-3253
-2781
-2192
-1664
-1118
-573
-115
683
1269
1839
2432
2677
3323
3423
3778
4129
4267
4515
4355
4340
4104
3958
3623
3492
3244
2962
2679
2209
2070
1562
1585
1316
1266
1193
902
1051
792
1021
883
1015
1230
1060
1282
1143
1317
1333
1478
1609
1603
1662
1388
1325
850
372
-394
-702
-1415
-2098
-2348
-3242
-3091
-3859
-4193
-4213
-4808
-4641
-4913
-4655
-4606
-4418
-4206
-3766
-3321
-2961
-2026
-1554
-383
-295
651
1252
1493
2371
2152
3150
2969
3121
3123
2864
3017
2467
2436
2007
1682
1026
611
15
-561
-1072
-1847
-1983
-2845
-3257
-3753
-4147
-4188
-4655
-4493
-4651
-4388
-4247
-4068
-3428
-3145
-2505
-2045
-1498
-847
-407
329
1009
1600
2207
2618
3051
3418
3658
3898
4220
4380
4427
4372
4274
4122
3880
3660
3393
3225
2825
2458
2144
1724
1548
1251
1087
1032
727
713
620
661
718
655
913
888
944
1003
1027
1275
1283
1427
1553
1563
1522
1344
1208
953
402
-237
-536
-1359
-1894
-2384
-3084
-3049
-3810
-4057
-4241
-4687
-4629
-4938
-4617
-4545
-4381
-4128
-3633
-3216
-2755
-2003
-1470
-412
-273
680
1100
1598
2276
2199
3065
2893
3092
3029
2927
2955
2564
2453
2094
1771
1144
715
114
-291
-887
-1469
-1760
-2519
-2854
-3511
-3735
-3952
-4276
-4165
-4348
-4097
-4045
-3762
-3377
-2936
-2466
-2005
-1384
-911
-248
173
1037
1492
2083
2592
2812
3448
3410
3859
3916
4131
4178
4018
4086
3724
3761
3268
3303
2935
2627
2349
1869
1851
1284
1267
908
901
687
487
603
408
671
448
694
775
734
907
932
1170
1155
1239
1319
1386
1346
1166
1143
923
479
-138
-578
-1062
-1795
-2081
-2775
-2881
-3303
-4031
-3893
-4530
-4423
-4574
-4450
-4144
-4210
-3867
-3603
-3028
-2723
-1954
-1421
-466
-141
340
1048
1287
2082
2052
2738
2870
2822
2984
2668
2835
2539
2358
2250
1829
1427
844
410
-9
-540
-1034
-1432
-1903
-2465
-2935
-3324
-3472
-3737
-3816
-3873
-3817
-3663
-3684
-3242
-2906
-2504
-2023
-1690
-1058
-698
-167
433
975
1583
1904
2381
2692
2960
3152
3341
3619
3647
3642
3614
3500
3367
3149
2995
2849
2623
2315
2042
1832
1564
1308
1050
1021
734
641
470
428
474
309
505
403
568
485
590
737
721
804
778
966
849
814
736
693
412
-10
-370
-806
-1211
-1732
-2068
-2367
-2660
-3080
-3356
-3527
-3784
-3815
-3807
-3645
-3510
-3430
-3097
-2774
-2437
-1924
-1446
-736
-292
78
589
933
1424
1609
2009
2280
2365
2456
2361
2389
2310
2204
2071
1942
1593
1239
820
454
100
-408
-717
-1148
-1541
-2012
-2443
-2671
-2922
-3079
-3236
-3242
-3233
-3239
-3117
-2890
-2575
-2273
-1929
-1512
-1143
-774
-356
120
580
1005
1404
1803
2180
2391
2679
2931
3165
3222
3341
3365
3375
3334
3147
3146
2896
2772
2439
2275
2040
1730
1526
1205
1037
718
544
353
288
143
84
43
-9
-4
-82
40
35
127
150
179
281
257
325
342
377
305
153
-47
-232
-442
-668
-797
-1007
-1158
-1447
-1672
-1908
-2130
-2272
-2409
-2402
-2451
-2453
-2480
-2312
-2161
-1942
-1630
-1317
-942
-723
-467
-211
74
317
500
697
862
885
911
927
969
995
983
985
905
799
642
491
339
175
-39
-218
-477
-757
-1068
-1330
-1574
-1837
-2047
-2213
-2309
-2400
-2375
-2371
-2207
-2035
-1863
-1623
-1350
-1048
-764
-434
-166
199
460
756
1019
1272
1568
1740
2000
2120
2302
2441
2562
2704
2734
2827
2797
2727
2606
2419
2228
2007
1729
1445
1128
800
494
191
-2
-183
-293
-341
-379
-347
-325
-221
-56
59
239
354
512
632
614
686
670
643
575
487
432
329
228
130
66
-30
-130
-254
-354
-497
-644
-815
-983
-1151
-1380
-1477
-1646
-1712
-1763
-1786
-1724
-1690
-1587
-1457
-1269
-1085
-857
-670
-456
-319
-200
-95
-27
78
101
144
95
48
-20
-120
-170
-250
-240
-269
-300
-359
-452
-471
-569
-620
-681
-746
-786
-922
-1023
-1111
-1171
-1167
-1161
-1112
-1000
-911
-778
-580
-408
-135
113
369
647
815
1015
1146
1279
1400
1472
1552
1595
1622
1581
1575
1554
1561
1568
1509
1510
1433
1387
1280
1175
1129
1027
947
836
724
607
492
383
341
267
224
206
162
188
152
180
248
254
318
277
295
278
225
239
187
235
164
149
81
5
-25
-120
-136
-210
-253
-349
-428
-548
-599
-678
-729
-743
-838
-822
-933
-957
-976
-1000
-944
-981
-916
-897
-901
-863
-855
-781
-731
-692
-680
-676
-693
-717
-753
-759
-750
-780
-782
-825
-839
-871
-904
-920
-930
-926
-948
-951
-954
-945
-912
-871
-760
-648
-558
-414
-285
-98
57
225
416
583
728
826
926
1005
1071
1101
1153
1187
1224
1215
1216
1239
1258
1290
1314
1373
1369
1369
1323
1303
1262
1196
1156
1094
1047
950
867
765
693
615
589
531
512
483
423
401
346
381
373
401
387
383
342
276
221
165
148
96
36
-27
-94
-201
-275
-334
-352
-367
-416
-423
-464
-504
-522
-577
-537
-565
-572
-591
-666
-694
-774
-819
-855
-882
-897
-918
-965
-996
-1027
-1042
-1046
-1066
-1060
-1098
-1149
-1183
-1223
-1233
-1254
-1222
-1188
-1169
-1139
-1132
-1055
-1018
-940
-864
-785
-672
-636
-543
-472
-367
-250
-151
-23
85
206
300
412
506
618
697
759
837
858
918
912
974
1037
1066
1116
1130
1216
1234
1285
1326
1400
1453
1432
1440
1419
1419
1348
1287
1243
1178
1111
991
933
846
769
691
624
593
493
444
365
344
308
263
250
223
217
155
130
102
95
61
22
6
-35
-45
-119
-136
-156
-180
-203
-253
-254
-296
-345
-398
-441
-499
-561
-655
-715
-780
-876
-955
-1027
-1059
-1116
-1160
-1168
-1154
-1142
-1136
-1131
-1078
-1057
-1028
-1011
-980
-947
-958
-945
-953
-920
-916
-907
-879
-835
-805
-777
-743
-679
-613
-553
-465
-394
-289
-238
-171
-79
21
112
173
278
373
452
503
576
670
759
837
913
1010
1075
1118
1144
1207
1248
1276
1300
1296
1305
1239
1185
1119
1066
1031
964
914
854
782
693
623
571
553
517
471
429
374
313
229
173
158
135
105
72
29
1
-54
-67
-47
-12
7
9
6
0
-17
-43
-24
-38
-23
-74
-124
-176
-263
-317
-379
-409
-436
-477
-538
-591
-636
-668
-694
-696
-682
-685
-714
-757
-791
-815
-848
-871
-874
-869
-890
-936
-941
-964
-947
-920
-879
-802
-781
-737
-728
-693
-658
-632
-571
-524
-478
-460
-436
-420
-373
-325
-241
-159
-71
17
88
167
243
354
452
552
646
729
795
831
871
932
968
1030
1050
1086
1090
1068
1063
1043
1056
1053
1042
1028
994
924
880
798
744
694
624
567
483
393
309
219
152
102
76
52
6
-14
-44
-58
-69
-60
-39
-29
-30
-30
-37
-40
-58
-50
-30
-3
0
13
19
12
15
-1
6
-5
-15
-69
-108
-168
-223
-296
-343
-390
-438
-488
-545
-582
-644
-669
-703
-719
-721
-723
-745
-756
-774
-768
-781
-768
-747
-738
-721
-707
-684
-654
-620
-585
-534
-507
-459
-439
-401
-357
-333
-288
-252
-215
-184
-148
-104
-56
1
67
137
196
262
335
413
492
561
633
698
739
782
811
825
860
854
868
876
860
849
825
808
790
773
760
728
696
656
586
543
477
425
359
291
235
162
91
25
-29
-57
-79
-106
-104
-107
-96
-103
-96
-58
-42
-21
-11
-1
7
-12
-6
-4
6
22
21
25
32
23
13
10
11
19
-7
-22
-59
-111
-164
-228
-278
-313
-366
-421
-466
-522
-551
-599
-609
-609
-598
-599
-608
-610
-609
-626
-629
-604
-609
-584
-601
-594
-594
-599
-582
-544
-500
-452
-405
-370
-316
-283
-238
-191
-128
-87
-36
-10
5
24
47
75
104
152
200
247
280
321
373
423
471
527
573
622
638
641
649
643
637
633
632
620
590
556
523
499
492
480
474
468
444
421
375
336
313
281
249
196
162
120
65
19
3
-3
3
-9
5
19
16
29
32
66
83
92
90
77
64
47
0
-5
-18
-35
-37
-64
-64
-88
-107
-110
-108
-100
-111
-132
-139
-164
-199
-233
-266
-279
-301
-340
-367
-395
-413
-432
-457
-438
-434
-436
-439
-448
-448
-462
-479
-486
-502
-507
-524
-544
-557
-569
-569
-557
-532
-498
-467
-427
-384
-344
-272
-215
-155
-90
-26
25
76
124
188
249
297
366
412
479
509
559
607
649
686
702
725
737
728
712
689
654
637
592
540
503
452
399
352
299
285
250
213
177
160
142
112
80
54
47
11
-18
-43
-42
-66
-85
-95
-91
-81
-83
-79
-57
-44
-41
-35
-28
-13
-19
-29
-28
-32
-44
-59
-87
-81
-88
-102
-109
-110
-119
-127
-133
-142
-148
-159
-193
-214
-224
-259
-294
-325
-351
-364
-393
-431
-428
-444
-447
-454
-453
-437
-435
-429
-428
-414
-411
-409
-402
-398
-388
-374
-371
-347
-327
-304
-266
-232
-184
-130
-93
-33
16
61
107
139
178
210
243
269
290
317
341
354
380
395
435
443
469
493
507
530
546
555
554
566
548
546
524
520
499
474
450
438
418
388
373
347
327
301
265
229
208
157
128
89
63
42
0
-34
-50
-62
-83
-94
-87
-81
-79
-78
-92
-79
-88
-96
-89
-95
-96
-118
-149
-168
-182
-203
-212
-227
-233
-245
-263
-273
-286
-284
-308
-307
-310
-332
-353
-383
-401
-401
-421
-429
-427
-441
-440
-452
-444
-439
-423
-414
-394
-374
-371
-367
-363
-360
-363
-338
-338
-320
-316
-285
-256
-228
-184
-136
-73
-18
44
103
162
218
274
312
378
416
448
481
499
528
543
559
578
589
608
606
597
607
597
586
569
547
530
490
461
423
379
349
303
280
253
230
219
215
205
206
192
188
183
186
193
178
184
168
157
126
118
108
91
70
59
35
6
-19
-40
-47
-77
-93
-129
-159
-185
-216
-243
-257
-273
-288
-312
-333
-348
-364
-366
-380
-371
-377
-388
-393
-413
-424
-443
-459
-468
-493
-525
-540
-565
-579
-591
-592
-583
-587
-574
-569
-553
-528
-502
-475
-434
-397
-360
-331
-285
-232
-197
-140
-89
-19
39
96
154
220
286
340
396
443
483
509
527
540
562
556
556
550
549
538
525
515
505
512
520
516
509
511
494
486
478
476
470
439
426
407
368
341
308
300
269
243
220
182
152
116
90
67
45
20
-8
-45
-70
-104
-113
-132
-137
-129
-130
-130
-120
-121
-101
-83
-77
-50
-48
-39
-63
-73
-92
-112
-133
-163
-193
-229
-273
-321
-357
-391
-415
-452
-475
-506
-534
-580
-610
-622
-635
-639
-646
-654
-667
-660
-662
-635
-600
-550
-504
-468
-409
-375
-321
-268
-218
-161
-117
-81
-47
-14
20
51
88
149
180
226
246
290
345
379
430
481
537
557
587
598
607
615
620
614
620
609
585
553
531
525
498
487
469
453
420
383
345
318
272
247
213
174
139
93
53
31
21
15
25
17
35
43
62
74
92
117
119
131
128
120
108
96
84
78
63
41
16
-8
-20
-37
-56
-58
-75
-96
-133
-174
-199
-227
-272
-299
-337
-369
-410
-454
-469
-493
-499
-509
-507
-503
-506
-527
-525
-535
-540
-543
-558
-559
-573
-592
-594
-592
-586
-554
-543
-498
-456
-408
-354
-303
-231
-158
-101
-42
11
63
123
160
205
258
304
341
380
419
469
503
535
566
598
625
622
626
626
610
587
560
532
496
456
420
395
365
338
321
311
314
319
316
308
308
297
287
269
260
242
219
189
157
133
101
77
70
65
61
61
46
34
29
24
16
10
2
-9
-49
-67
-83
-90
-90
-107
-91
-93
-99
-102
-101
-94
-80
-80
-84
-106
-145
-192
-250
-283
-327
-383
-433
-482
-541
-585
-632
-651
-655
-658
-651
-657
-648
-643
-638
-612
-571
-538
-504
-481
-459
-435
-396
-348
-291
-222
-154
-103
-63
-1
50
115
169
227
273
303
308
322
332
353
371
385
416
410
428
418
449
485
512
547
568
572
578
562
560
564
551
536
489
458
413
374
330
305
270
245
200
164
131
89
60
33
-4
-33
-70
-121
-144
-170
-179
-189
-192
-185
-176
-182
-165
-141
-124
-97
-72
-54
-37
-38
-41
-44
-38
-35
-59
-63
-93
-106
-123
-149
-158
-172
-189
-209
-223
-237
-257
-272
-286
-298
-313
-325
-358
-360
-368
-378
-361
-362
-348
-350
-335
-323
-299
-280
-256
-249
-240
-225
-231
-221
-209
-190
-179
-164
-154
-129
-120
-81
-50
-13
21
46
81
113
168
211
272
305
361
392
429
467
502
556
572
597
612
619
626
616
629
638
631
610
573
541
496
457
410
381
338
278
220
167
123
89
65
47
31
3
-32
-62
-88
-104
-108
-126
-142
-169
-193
-233
-237
-231
-221
-211
-199
-201
-215
-221
-230
-225
-209
-199
-209
-210
-233
-257
-268
-253
-237
-215
-219
-219
-244
-263
-264
-262
-228
-226
-203
-226
-238
-265
-271
-267
-263
-228
-232
-234
-272
-285
-290
-285
-259
-233
-208
-222
-236
-240
-244
-220
-184
-137
-95
-74
-73
-73
-44
-22
31
58
96
114
106
117
110
157
189
240
281
306
333
331
361
389
440
471
497
519
516
524
521
544
548
578
572
579
569
526
513
484
459
416
391
338
286
220
189
144
86
35
16
-21
-76
-106
-129
-111
-163
-168
-170
-172
-197
-227
-203
-191
-186
-198
-161
-160
-167
-192
-177
-176
-199
-204
-202
-212
-251
-260
-286
-277
-326
-298
-329
-334
-367
-411
-393
-456
-406
-439
-378
-384
-367
-354
-374
-343
-363
-269
-271
-210
-198
-209
-230
-238
-198
-169
-137
-59
7
50
24
46
118
63
50
-49
-5
-232
-386
-476
-335
-182
-177
239
384
675
515
590
689
469
407
195
455
193
231
253
518
775
668
1100
1004
1201
725
683
578
324
247
-72
244
-19
78
-14
199
336
269
402
352
385
69
-102
-218
-350
-458
-576
-495
-422
-461
-322
-242
43
92
214
283
293
256
-4
-5
-187
-177
-356
-331
-307
-331
-298
-324
-108
-117
-44
-53
-6
-29
-210
-286
-372
-417
-549
-562
-526
-479
-432
-410
-226
-169
-88
-78
-35
-33
-163
-247
-336
-374
-455
-487
-455
-380
-345
-286
-188
-76
-55
24
31
103
30
-32
-15
-130
-94
-184
-66
-42
70
161
302
441
465
574
495
520
380
337
248
182
147
101
158
158
246
271
356
463
482
483
495
523
511
460
485
554
554
375
376
303
231
139
73
240
148
139
78
134
22
-103
-161
-172
-168
-366
-307
-319
-152
-221
-159
-60
-105
-316
-643
-741
-774
-792
-875
-408
-259
66
9
178
449
172
245
48
336
-43
-43
-34
223
440
304
871
743
933
364
332
124
-237
-410
-755
-521
-883
-852
-909
-637
-498
-407
-217
-81
-58
-314
-444
-539
-587
-694
-702
-602
-443
-475
-381
-198
129
259
289
432
437
201
-193
-449
-359
-423
-530
-110
162
546
555
732
1174
872
839
505
649
208
-72
-24
40
482
93
879
695
1037
588
429
522
-147
-26
-677
-191
-583
-450
-310
-138
290
142
482
494
475
308
-78
13
-354
-449
-548
-545
-157
-567
12
-171
372
185
239
565
210
482
-144
327
-101
55
-36
67
339
40
467
199
581
243
290
229
-81
-96
-623
-532
-824
-789
-810
-753
-470
-474
-209
-289
-8
-48
-72
-16
-198
-38
-353
-237
-312
-246
-169
-181
132
7
296
110
291
247
56
166
-165
19
-304
-197
-290
-242
-133
-277
18
-210
41
-154
-45
-48
-93
31
-93
75
-108
57
-92
-9
-45
-62
-6
-98
-11
-78
-11
11
120
181
278
322
454
425
448
420
457
481
427
474
410
434
291
322
248
254
197
194
170
111
67
-43
-16
-125
-54
-120
-68
-90
-82
-56
-50
52
64
121
106
131
73
29
-39
6
-12
0
-3
-2
-50
-105
-161
-195
-207
-256
-204
-275
-226
-287
-184
-185
-87
-44
6
46
-20
-21
-117
-106
-224
-175
-263
-198
-264
-235
-195
-177
-113
-126
-33
-107
-54
-179
-97
-143
-160
-156
-192
-86
-202
-146
-179
-91
-111
-121
-83
-119
-82
-212
-114
-160
-90
-104
-81
8
-17
81
68
201
201
276
282
314
317
296
298
299
331
288
320
289
320
319
312
311
338
292
287
205
164
123
60
40
24
60
49
125
71
163
125
160
166
145
208
147
196
116
174
122
139
128
101
116
45
68
-4
45
-21
6
1
-35
-35
-120
-101
-160
-170
-199
-194
-205
-227
-252
-263
-248
-265
-250
-240
-220
-217
-226
-194
-170
-155
-110
-123
-91
-140
-158
-181
-190
-162
-179
-129
-142
-107
-147
-158
-188
-201
-226
-261
-277
-302
-281
-308
-274
-223
-150
-144
-131
-128
-102
-120
-120
-61
25
59
68
148
167
213
163
243
279
302
301
302
375
344
351
358
442
418
395
341
366
334
266
292
266
345
262
288
279
284
253
203
242
198
197
108
127
72
70
38
58
93
92
119
116
172
124
128
90
100
55
27
2
18
19
-5
25
33
54
-21
-24
-96
-130
-230
-303
-316
-379
-382
-399
-353
-342
-336
-334
-295
-293
-326
-335
-344
-359
-392
-411
-422
-409
-416
-413
-379
-345
-322
-294
-285
-228
-223
-237
-228
-238
-225
-254
-243
-246
-195
-206
-178
-134
-116
-91
-138
-91
-124
-116
-154
-131
-69
-53
6
48
151
173
205
239
275
286
260
269
278
291
291
319
386
420
458
479
500
525
484
499
475
471
438
399
383
331
322
276
310
311
338
340
331
356
302
302
252
255
214
182
155
134
152
113
166
172
205
182
161
143
78
29
-31
-50
-75
-115
-113
-127
-132
-150
-184
-179
-230
-262
-351
-379
-446
-473
-492
-489
-446
-467
-418
-440
-384
-412
-396
-402
-410
-400
-449
-429
-453
-422
-433
-404
-375
-348
-322
-301
-262
-237
-224
-221
-209
-221
-226
-247
-228
-221
-193
-173
-127
-84
-58
-19
2
57
30
62
64
81
101
113
177
210
266
277
334
343
351
355
363
385
355
370
376
407
411
432
481
494
497
496
496
486
441
420
390
371
332
288
294
273
284
270
306
320
317
301
286
284
228
206
164
168
127
100
109
105
124
89
99
80
32
-35
-110
-130
-202
-247
-277
-278
-283
-328
-329
-344
-349
-393
-423
-434
-472
-494
-547
-524
-526
-520
-519
-491
-433
-445
-418
-410
-361
-373
-371
-343
-340
-336
-364
-327
-309
-278
-262
-216
-149
-135
-120
-119
-92
-106
-130
-132
-129
-113
-124
-87
-31
16
57
80
127
146
154
142
157
180
176
209
241
313
334
359
407
443
479
459
483
478
473
444
439
461
450
464
450
486
484
468
456
446
434
379
348
307
273
222
186
189
181
186
173
191
201
181
164
140
127
77
35
4
-18
-41
-71
-60
-67
-70
-104
-125
-149
-208
-236
-287
-303
-332
-369
-387
-408
-407
-435
-439
-449
-455
-479
-509
-514
-528
-529
-524
-506
-482
-481
-465
-447
-416
-388
-357
-316
-289
-254
-248
-219
-211
-202
-188
-168
-130
-119
-98
-89
-61
-47
-29
-5
2
17
19
29
39
58
101
132
172
206
233
250
260
275
277
300
322
336
351
373
394
409
436
456
481
477
483
481
474
483
468
482
472
470
459
434
416
383
362
326
310
273
234
200
167
148
120
119
111
100
82
76
57
38
21
-7
-28
-53
-99
-119
-141
-150
-165
-153
-141
-150
-146
-188
-189
-237
-251
-288
-318
-330
-362
-364
-388
-373
-384
-393
-395
-412
-425
-455
-465
-468
-470
-454
-432
-396
-373
-343
-317
-280
-260
-240
-224
-217
-201
-211
-192
-186
-163
-138
-102
-69
-50
-21
-6
25
38
48
58
54
45
37
38
47
64
99
125
176
205
240
258
275
279
272
281
270
284
274
300
321
347
382
402
431
439
434
432
402
397
357
350
341
324
314
300
312
279
278
257
240
200
163
119
85
53
9
-6
-4
-17
-29
-29
-22
-18
-44
-35
-59
-75
-123
-143
-163
-197
-196
-224
-202
-211
-221
-199
-213
-199
-234
-245
-266
-320
-323
-387
-381
-406
-412
-398
-401
-367
-392
-369
-360
-369
-342
-352
-325
-330
-316
-286
-279
-233
-220
-165
-157
-118
-101
-90
-62
-63
-44
-28
-16
-13
3
3
43
38
76
105
120
139
141
186
151
174
181
188
216
181
240
234
254
263
282
332
313
344
336
372
370
348
382
388
402
364
381
392
347
368
292
377
307
287
299
227
369
89
312
162
150
212
-62
310
-131
183
-65
21
174
-276
277
-293
156
-177
-166
102
-396
145
-455
46
-261
-279
-36
-434
64
-479
-75
-298
-272
-201
-442
-126
-469
-243
-426
-338
-335
-455
-303
-433
-300
-407
-363
-338
-394
-330
-413
-301
-367
-318
-316
-286
-223
-271
-162
-193
-107
-156
-94
-87
-103
-67
-93
-12
-43
1
28
54
96
86
147
145
162
169
164
191
153
176
163
191
193
216
224
249
272
269
309
311
329
314
338
329
318
326
311
348
351
339
381
364
370
351
337
340
301
283
244
222
210
159
153
145
128
125
80
109
66
42
20
-6
5
-54
-58
-66
-89
-90
-115
-97
-94
-114
-109
-125
-108
-160
-173
-167
-215
-203
-249
-240
-248
-272
-267
-293
-268
-303
-300
-323
-327
-347
-366
-359
-355
-358
-356
-321
-314
-283
-285
-241
-232
-201
-192
-170
-161
-161
-137
-140
-111
-111
-77
-79
-37
-47
-17
-5
-4
31
26
72
37
80
66
99
104
121
184
151
210
182
246
242
246
283
281
309
282
322
302
306
298
310
315
309
304
303
300
265
282
250
256
232
220
215
197
179
148
170
138
130
138
123
110
98
86
87
67
54
56
40
30
-1
4
-10
-25
-52
-62
-57
-101
-115
-139
-128
-161
-185
-176
-175
-190
-216
-191
-205
-203
-229
-222
-217
-231
-249
-242
-212
-252
-231
-220
-199
-201
-225
-190
-195
-191
-199
-184
-156
-190
-182
-177
-156
-164
-167
-128
-124
-115
-103
-93
-69
-73
-72
-31
-33
-16
-12
16
19
48
64
74
117
97
130
132
155
149
172
168
165
197
165
194
184
207
191
213
226
210
233
196
228
198
217
214
213
222
194
215
202
212
205
212
200
199
185
162
153
146
116
105
108
83
79
41
45
28
12
-12
-18
-29
-71
-77
-95
-102
-123
-124
-124
-121
-135
-140
-133
-143
-137
-155
-142
-154
-174
-174
-184
-182
-205
-199
-202
-201
-212
-225
-212
-217
-217
-211
-208
-220
-207
-217
-217
-206
-199
-189
-175
-152
-160
-123
-127
-110
-88
-92
-64
-64
-41
-42
-26
-16
-19
19
12
30
40
53
65
58
82
80
85
103
101
111
121
122
135
148
167
165
191
184
194
201
196
219
212
211
210
217
199
215
202
206
212
203
212
190
189
168
162
149
140
133
117
108
86
86
73
60
56
44
30
16
-3
-18
-34
-54
-65
-65
-90
-102
-111
-127
-137
-147
-144
-161
-156
-173
-183
-181
-192
-194
-196
-183
-196
-191
-183
-195
-184
-187
-180
-176
-174
-172
-181
-170
-175
-159
-146
-145
-125
-124
-111
-105
-98
-90
-80
-74
-73
-54
-46
-38
-27
-10
1
25
42
46
66
70
80
88
101
113
110
127
127
135
136
139
159
155
170
171
180
181
174
181
181
177
171
177
176
173
171
162
171
167
148
158
145
135
127
121
104
102
99
83
90
77
66
59
51
41
31
12
6
-1
-13
-26
-34
-48
-55
-62
-65
-65
-81
-76
-94
-100
-100
-107
-125
-130
-128
-137
-138
-147
-138
-139
-134
-130
-131
-129
-140
-131
-131
-124
-136
-132
-131
-133
-127
-122
-115
-118
-105
-102
-95
-102
-78
-85
-75
-68
-62
-51
-54
-41
-35
-19
-18
-5
4
14
18
39
43
50
65
63
81
79
81
82
88
87
87
100
108
102
109
110
110
116
108
110
107
113
114
111
106
104
111
109
109
112
105
91
85
85
73
68
73
67
63
60
54
40
42
36
26
27
16
16
11
10
-1
-2
-14
-19
-16
-28
-27
-37
-39
-47
-43
-60
-63
-66
-80
-77
-88
-91
-100
-96
-109
-108
-109
-110
-114
-109
-111
-106
-99
-100
-99
-105
-89
-97
-82
-90
-78
-76
-83
-79
-80
-74
-78
-65
-65
-53
-49
-46
-33
-28
-18
-13
-6
-3
0
12
16
17
22
30
32
44
47
53
59
57
69
80
83
84
89
93
86
90
94
84
92
90
97
96
103
101
109
112
115
109
108
115
107
107
101
103
95
97
90
89
79
80
73
62
63
58
58
50
46
44
43
37
28
23
13
7
-1
-11
-7
-24
-30
-49
-51
-60
-62
-67
-71
-77
-88
-86
-102
-101
-105
-105
-113
-106
-120
-121
-128
-127
-134
-127
-123
-130
-112
-117
-104
-110
-99
-104
-98
-100
-89
-84
-93
-78
-89
-83
-84
-80
-83
-75
-78
-74
-63
-60
-48
-44
-32
-29
-12
-6
6
16
18
27
36
49
46
53
58
65
59
78
79
82
86
85
88
85
88
82
92
74
81
73
76
73
73
81
77
82
85
88
88
99
101
105
99
95
92
96
83
79
82
73
64
60
60
47
43
37
40
31
26
23
11
2
10
0
-10
-14
-12
-13
-28
-23
-28
-31
-33
-31
-38
-42
-41
-41
-47
-49
-44
-51
-56
-57
-59
-69
-62
-68
-73
-73
-76
-78
-78
-73
-81
-74
-76
-73
-68
-70
-72
-76
-68
-74
-72
-72
-72
-70
-67
-59
-54
-45
-44
-38
-31
-24
-23
-7
-16
-10
1
4
22
17
27
29
35
43
48
46
50
51
55
57
54
50
51
48
47
48
50
53
47
47
41
44
40
41
37
34
35
32
32
35
35
34
33
36
38
29
25
28
26
21
16
20
13
10
12
6
3
2
7
-5
-5
-9
-20
-22
-18
-23
-29
-36
-40
-45
-46
-43
-48
-47
-53
-60
-60
-59
-64
-57
-56
-56
-57
-49
-37
-38
-36
-31
-31
-28
-18
-23
-15
-12
-13
-17
-15
-12
-13
-13
-7
-9
-16
-3
-12
-17
-7
-7
-2
-3
-2
3
6
12
13
25
31
35
38
45
56
54
54
60
59
61
63
66
66
61
68
56
51
55
43
44
42
39
38
36
25
23
26
25
29
29
32
21
21
20
14
14
26
25
20
20
22
16
13
16
6
9
-4
-9
-12
-14
-15
-24
-24
-32
-31
-29
-20
-31
-27
-23
-22
-19
-22
-24
-23
-22
-28
-23
-29
-20
-31
-29
-28
-31
-32
-34
-32
-36
-30
-36
-34
-35
-35
-35
-30
-29
-28
-28
-15
-19
-19
-10
-16
-14
-9
-4
-6
-4
-19
-8
-11
-6
1
-6
0
-2
0
-9
-8
-6
2
-1
6
9
12
12
16
15
11
21
16
19
20
25
29
21
21
25
20
19
9
8
8
3
3
1
3
1
-6
1
4
5
6
7
5
6
1
-7
-4
-9
-1
-3
0
6
6
7
15
6
9
7
4
0
2
3
-8
0
-1
0
-3
-7
-12
-6
-15
-5
0
3
6
5
10
7
12
11
13
8
13
6
6
4
-3
6
1
6
12
3
4
5
4
7
13
6
7
15
1
16
16
13
16
13
13
22
22
9
15
14
11
12
4
4
-6
-2
-3
-5
5
-4
3
-4
0
-3
-4
-5
-1
11
8
9
3
9
4
3
6
10
4
0
1
3
6
-2
4
0
-3
7
3
4
6
-1
1
0
3
2
-4
-6
-3
-7
-1
-2
3
-4
-11
-8
-16
-13
-16
-16
-19
-14
-19
-15
-20
-13
-17
-17
-20
-17
-10
-12
-9
-14
-1
-8
-8
-5
-1
-5
0
0
-4
-5
-6
-3
-1
0
-3
0
0
8
1
6
10
9
6
14
8
4
13
5
12
6
9
10
13
8
12
15
8
3
6
4
-5
-4
-12
-7
-9
-9
-12
-12
-12
-15
-9
-9
-1
-5
-2
-1
7
13
10
13
9
6
6
15
6
7
0
-2
-2
-6
-9
-12
-10
-13
-13
-12
-7
-8
-6
-5
1
-6
-4
-3
1
-3
-1
-4
-9
-4
-6
6
-1
7
-6
-5
-6
-9
-8
-8
-11
-18
-6
-15
-15
-11
-6
-12
-6
0
-5
5
-4
-1
1
4
8
6
16
10
14
12
9
7
3
2
9
6
2
0
-3
-4
0
0
-2
15
14
12
13
16
7
12
15
10
8
12
13
9
14
7
9
3
7
-1
3
5
5
5
0
-2
-8
-6
-6
-7
-10
-8
-6
-6
-4
0
-1
-2
3
6
7
1
4
6
3
5
8
10
10
8
1
3
6
3
3
3
7
2
3
10
11
6
8
7
3
4
5
4
12
19
19
17
12
14
16
16
14
12
14
12
14
9
1
-2
-6
-3
-6
-5
-7
-5
-8
-8
-4
-6
-8
-9
-2
-10
-5
-9
-9
-17
-15
-6
-15
-11
-12
-17
-13
-12
-12
-14
-22
-20
-18
-20
-23
-21
-23
-28
-25
-25
-30
-29
-24
-30
-24
-22
-18
-25
-22
-24
-24
-16
-18
-14
-18
-10
-9
0
0
3
4
6
10
7
8
2
2
-5
2
2
4
8
6
-2
4
9
5
3
8
7
-3
3
7
5
0
12
4
3
11
6
7
3
14
13
10
11
11
10
13
18
10
12
15
13
15
17
10
9
12
18
10
13
9
5
4
0
11
-1
3
0
-7
-5
-3
-7
-11
-9
-9
-10
-9
-10
-15
-15
-12
-11
-18
-20
-19
-14
-13
-15
-8
-8
-9
-11
-9
-5
-3
-3
-1
-4
3
0
4
-2
-7
2
-3
-4
-11
-10
-16
-17
-16
-10
-12
-19
-12
-15
-6
-12
-6
-4
0
13
13
15
7
12
16
16
16
20
20
20
22
25
22
18
18
10
9
-2
8
1
-3
2
6
4
6
6
4
8
7
20
12
20
21
22
14
21
22
13
18
19
13
6
11
7
5
3
12
5
6
11
0
-3
-1
-2
-6
-7
-6
-7
-10
-5
-5
-6
0
-3
0
-4
-4
0
0
0
-2
3
-6
-4
-8
-5
-3
-3
-7
-7
-6
-9
-13
-16
-7
-16
-15
-12
-10
-10
-11
-15
-8
-9
-3
-3
-11
-7
-13
-7
-7
-7
-6
-3
-1
6
8
6
4
9
7
9
13
6
10
3
3
7
2
2
3
-2
0
-3
0
-2
-6
-8
-5
-4
-5
-4
-6
-7
0
7
10
21
19
24
19
23
15
15
11
10
19
13
15
16
15
7
13
7
9
-1
3
0
-7
-9
-11
-10
-16
-13
-12
-7
-9
-10
-7
-1
-4
-2
-3
-4
-3
2
-2
-5
-5
-14
-10
-16
-12
-16
-11
-7
-18
-16
-20
-9
-21
-12
-9
-6
-7
-9
0
-11
-3
-5
4
3
15
-3
4
4
3
3
1
4
-5
0
-11
-8
-23
-10
-11
-7
-4
-3
3
5
9
4
10
10
12
7
15
10
16
17
17
22
19
16
15
18
12
13
10
9
6
-6
-10
-1
-9
-4
-7
-3
-3
-4
4
7
9
11
19
23
20
23
20
19
12
16
11
4
7
3
2
-9
-3
-6
-12
-17
-8
-21
-19
-22
-23
-22
-25
-15
-14
-7
-6
3
-8
4
4
15
10
14
13
5
10
1
7
4
1
0
3
-5
-4
-5
0
-3
12
12
12
17
23
32
23
33
33
31
34
39
35
32
38
28
31
31
29
23
15
12
11
12
6
12
5
-1
-1
1
-6
-2
-3
-7
4
-2
-4
4
15
7
15
16
13
9
9
16
16
14
12
11
2
6
6
0
1
6
1
0
-1
3
0
-3
1
-2
-3
-3
-4
-3
-6
-1
-3
-8
-2
-9
-12
-11
-9
-14
-14
-21
-18
-24
-32
-21
-22
-25
-25
-20
-27
-23
-27
-17
-19
-16
-12
-9
-9
-6
-2
-4
5
-6
-1
-8
-1
-6
-11
-12
-12
-16
-20
-17
-22
-25
-18
-9
-18
-7
-4
-8
-13
2
1
-3
-2
-5
0
-3
6
-2
-1
-1
-4
-4
-7
-5
-11
-3
-2
-3
-2
8
5
3
0
10
6
-6
7
-8
1
-5
2
1
2
3
2
3
-10
-4
-8
-7
-12
-14
-21
-15
-28
-25
-22
-15
-12
-15
-13
-19
-15
-17
-10
-9
-5
-12
-5
3
0
-3
-6
-10
-9
-6
-16
-7
-9
-5
-8
-14
-14
-21
-23
-21
-25
-32
-23
-28
-34
-36
-31
-31
-34
-26
-25
-21
-19
-18
-15
-9
-6
-1
3
3
-4
-5
-10
-13
-10
-13
-7
-11
-7
-4
0
-12
-13
-11
-14
-5
-10
-6
-10
-7
-8
-5
-2
0
-2
-1
2
2
3
8
2
2
10
8
4
6
8
2
4
4
12
9
17
18
13
25
16
21
23
29
32
31
29
29
29
16
20
19
14
12
15
14
16
13
15
17
12
12
9
10
7
10
8
12
11
9
6
5
10
11
15
8
15
12
9
9
12
10
9
9
6
5
3
9
7
6
7
7
5
11
10
12
18
10
11
10
9
11
15
10
5
6
3
6
13
12
16
10
9
7
13
13
3
10
0
2
-8
-1
3
0
10
3
3
10
19
10
16
14
18
16
13
15
9
10
6
6
7
8
5
1
3
10
1
6
-5
3
5
7
5
-2
3
7
7
0
8
4
6
1
9
2
2
1
1
0
5
10
6
16
7
11
7
9
7
4
11
7
2
3
9
4
1
5
6
0
1
-3
2
0
-8
-3
-9
-7
-10
-3
-10
0
-3
0
12
4
1
0
3
-5
4
6
8
3
2
2
4
-2
-3
1
-6
2
-5
-1
-1
4
-6
-6
-3
-5
-3
-2
1
-6
0
0
-3
-1
0
-1
3
0
-1
-9
1
-1
-9
-5
-6
-7
-6
-3
-10
1
-6
-4
0
1
0
-7
1
-3
0
3
3
3
4
9
7
10
7
1
2
2
-3
-2
-6
-9
-16
-17
-12
-15
-16
-16
-16
-16
-14
-20
-19
-16
-18
-13
-12
-11
-16
-14
-11
-1
0
1
-4
-5
-5
-10
-6
-4
-1
-6
-7
-11
-8
-14
-15
-13
-12
-7
-10
-7
-10
-9
-7
-6
-7
-3
-3
-1
1
7
0
2
4
2
0
-2
1
-4
2
-6
-3
-6
-3
-2
-7
2
1
3
1
3
-8
-5
-3
-2
-5
-4
-4
-9
-13
-13
-4
-9
-7
-10
-7
-6
-2
0
1
4
2
0
1
2
0
2
-2
-4
-4
0
-3
-2
0
-6
-1
0
3
1
0
-2
-7
-6
-10
-13
-12
-10
-11
-14
-14
-9
-13
-7
-12
-10
-5
-13
-4
-16
-17
-13
-12
-10
-14
-6
-13
-9
-10
-10
-8
-15
-3
-13
-3
-6
-6
-3
-9
-3
-7
0
1
1
-5
-4
-3
-4
-4
1
-9
-7
-5
-13
-10
-16
-25
-24
-23
-25
-22
-17
-17
-20
-4
-9
-4
-6
-7
3
4
10
8
10
8
16
17
12
17
22
20
16
15
7
7
7
4
-1
1
-1
-4
-10
-12
-7
-10
2
-3
3
1
0
8
4
13
12
16
15
17
19
15
12
12
9
13
6
13
8
12
11
3
13
0
3
2
10
9
8
12
9
10
12
22
21
18
22
24
18
22
15
19
21
26
30
23
26
10
17
12
16
13
9
18
12
22
18
22
15
16
19
19
18
16
19
17
23
22
21
19
20
19
22
19
19
13
14
16
14
16
12
12
4
9
8
3
6
7
0
-2
-1
-4
-6
-6
2
2
1
-2
4
0
2
3
4
0
-4
4
-2
-1
-2
-4
-5
0
-4
-6
-2
-11
-12
-5
-4
-6
-1
-3
-1
0
-5
-10
-2
-2
-8
-12
-12
-4
-4
-10
-7
-3
-3
6
7
11
10
5
4
3
0
2
-1
-11
-3
-4
0
-7
-8
-6
-6
-7
-9
-3
-7
-4
-4
0
-1
-8
-9
-9
-12
-11
-9
-4
-5
-5
-1
-5
-5
3
8
3
3
-2
0
-3
-6
-4
-12
-13
-18
-16
-20
-16
-12
-11
-13
-8
-7
0
-4
-3
2
2
11
4
11
-2
4
4
1
2
-1
-3
2
-4
-5
-3
-8
-3
-6
-8
-9
-2
-17
-10
-10
-4
-1
-1
4
3
5
-3
10
-1
7
7
7
12
6
9
11
5
-2
-1
-3
3
-7
2
-7
-4
-3
-6
-3
-15
3
-3
0
2
1
2
2
8
9
11
17
13
12
16
9
10
3
6
3
2
5
0
-7
-5
-3
-2
-4
0
-1
-10
-1
-4
-2
-2
0
4
-2
-3
-2
-1
-4
-4
1
1
-4
2
4
5
-2
3
2
-1
-9
-3
-4
-10
2
-6
-3
-3
0
-3
-1
3
-4
4
-4
-4
0
-2
-3
-2
-8
0
-1
-12
-8
-10
-4
-14
-12
-9
-9
-15
-9
-4
-9
-1
-7
0
-6
5
7
3
7
11
10
7
10
6
15
8
12
10
7
-3
2
-3
-3
1
-3
1
-7
2
-2
6
3
9
15
19
20
21
25
18
24
18
16
14
13
10
9
11
17
7
5
12
4
9
3
7
0
9
16
13
20
16
20
13
17
22
22
23
24
14
15
22
17
16
15
11
14
4
3
6
-2
9
0
7
3
-2
-2
-5
1
-5
-7
-3
-2
-6
-4
3
-3
-9
-10
-13
-15
-22
-19
-14
-22
-18
-22
-19
-20
-21
-19
-20
-22
-20
-19
-21
-24
-25
-27
-29
-25
-29
-22
-22
-23
-21
-19
-27
-14
-22
-22
-25
-28
-22
-27
-20
-34
-27
-39
-20
-25
-33
-25
-23
-24
-27
-22
-16
-18
-22
-13
-13
-6
-9
0
-3
-10
-6
-1
-5
-6
-3
-7
-3
-1
-1
-6
-6
-6
-7
-8
-9
-8
-14
-15
-16
-10
-12
-6
-4
-9
-3
-1
6
-2
6
0
4
4
6
7
9
8
12
13
10
19
3
14
14
13
8
9
6
3
2
5
0
-2
-3
-3
-1
-8
-4
-13
-8
-15
-13
-16
-9
-12
-19
-8
-6
-9
-7
4
0
4
6
8
9
3
5
5
0
2
-2
-4
-5
-11
-2
-8
-14
-13
-15
-9
-20
-12
-22
-16
-15
-6
0
-5
8
4
13
10
14
10
12
8
22
17
17
18
16
16
7
13
2
9
-2
5
-1
0
0
3
4
2
6
1
7
5
6
3
15
7
13
15
19
21
21
32
20
25
20
21
14
19
20
14
17
12
14
10
6
7
6
5
9
8
7
6
12
4
3
10
10
4
8
17
6
10
9
14
1
0
3
-3
-7
-12
-5
-17
-13
-9
-13
-11
-9
-13
-6
-9
-13
0
3
-3
-1
9
4
5
11
12
4
6
10
6
7
6
7
3
-4
0
3
2
5
6
3
1
3
5
6
0
2
9
15
16
19
15
10
11
6
13
-1
4
0
0
9
-2
6
3
6
6
17
18
16
13
10
13
13
11
12
18
20
19
21
17
15
23
13
21
14
15
7
6
4
3
13
7
10
-3
2
-7
-8
-6
-3
-5
4
3
2
6
0
-1
-1
5
-3
-3
-9
-6
-13
-12
-13
-15
-15
-22
-10
-15
-11
-16
-16
-12
-12
-13
-15
-13
-19
-14
-20
-16
-18
-12
-12
-9
-15
-13
-9
-18
-14
-21
-8
-17
-12
-10
-9
-15
-8
-3
-3
-1
-6
1
1
4
-5
6
0
6
8
9
6
11
11
4
14
6
-2
-2
10
3
3
8
1
-2
0
-3
0
-2
-2
7
4
5
3
6
9
2
12
16
16
12
14
10
11
6
6
10
0
-1
-6
-4
-11
-2
-7
-3
-8
-10
-7
-13
-15
-12
-6
-12
-3
-10
-6
-18
-7
-13
-19
-16
-12
-16
-16
-7
-13
-13
-13
-14
-16
-12
-17
-14
-12
-10
-13
-4
-15
-20
-12
-11
-10
-7
0
-2
3
-6
1
1
-3
3
0
0
-3
-2
-4
-6
-2
2
1
3
9
3
8
9
10
6
6
13
14
16
16
14
12
13
17
18
14
17
10
8
7
7
8
7
9
6
10
5
3
8
12
5
13
13
16
9
10
16
15
13
15
23
19
17
12
10
0
-2
-3
-3
-4
2
2
0
0
-1
-6
-2
-3
-2
-5
-2
6
0
9
5
7
3
12
3
4
6
1
-1
-6
-2
-11
-10
-17
-12
-18
-13
-18
-17
-13
-16
-14
-12
-3
-9
2
3
6
3
7
4
11
11
16
20
6
9
8
13
9
15
9
4
9
5
9
10
13
10
14
10
13
9
7
7
9
8
6
13
4
15
13
18
15
16
17
9
16
11
3
-2
10
0
7
5
7
7
9
10
6
10
6
12
1
11
8
6
1
3
6
3
5
3
0
1
6
-1
2
-4
1
-4
5
3
-3
-8
-5
0
-6
3
1
1
-1
-3
-5
-4
-7
2
-1
-10
-6
-7
-13
-19
-15
-21
-25
-25
-25
-27
-30
-25
-24
-16
-19
-18
-15
-18
-11
-11
-13
-9
-4
-11
-5
-9
-12
-12
-16
-12
-12
-15
-19
-17
-23
-20
-24
-22
-22
-16
-14
-11
-7
-10
-4
-10
-5
-4
-8
-10
-3
-3
-10
-4
-4
-13
-11
-15
-14
-22
-22
-16
-17
-17
-18
-12
-16
-12
-13
-7
-6
-4
-3
-1
3
-5
3
10
8
4
10
0
1
2
2
6
3
3
-1
4
-5
-4
-8
-9
-10
-9
-8
-13
-10
-10
-8
-1
7
0
4
-1
-1
6
4
9
1
3
-2
-7
-9
-7
-3
-8
-2
-9
-6
-13
-12
-10
-13
-17
-15
-12
-12
-6
-9
-7
-16
-8
-1
-9
-8
-5
0
-3
-6
-2
-7
-7
-10
-12
-9
-16
-7
-12
-19
-13
-13
-13
-13
0
-1
-4
4
1
9
6
12
11
12
13
18
13
20
25
16
28
21
22
23
26
24
24
16
19
17
18
17
21
25
14
18
13
19
7
14
15
20
26
22
21
25
29
22
31
21
24
23
28
25
24
25
29
29
22
38
33
38
35
35
31
29
30
26
29
25
22
15
23
26
23
20
23
16
20
16
18
15
5
10
3
-4
-6
-1
-9
-7
-10
-4
-8
-12
-8
-4
-4
-9
-1
-11
-6
5
-2
-5
-3
-3
-3
-10
-6
-4
-10
-10
-5
-5
-17
-18
-15
-18
-14
-10
-14
-21
-18
-19
-25
-22
-24
-18
-21
-14
-18
-16
-16
-19
-20
-22
-21
-20
-12
-16
-14
-15
-16
-14
-8
-10
-7
-8
-7
-8
-10
-9
-8
-4
-9
-10
-12
-10
-12
-2
-3
-13
-17
-11
-19
-20
-17
-14
-19
-19
-9
-14
-9
-15
-12
-9
-8
-12
-11
-8
-10
-9
-6
0
-1
-2
0
-6
-6
2
2
-10
-12
-8
-9
-11
-10
-9
-13
-10
-3
-1
-4
-3
0
0
3
10
4
7
9
7
4
3
5
3
5
3
6
1
4
-5
3
7
0
6
3
7
3
6
4
5
6
10
10
9
17
10
13
17
16
19
23
20
18
16
15
8
12
11
11
13
20
22
23
19
21
16
21
28
19
24
23
31
22
21
17
18
18
23
19
16
12
7
6
-5
0
-8
-1
-14
-7
-14
-19
-12
-9
-10
-7
-6
-7
-3
-2
0
-11
3
-7
-1
-4
-4
-5
-5
-9
-11
-10
-16
-14
-15
-10
-18
-17
-16
-22
-21
-19
-24
-13
-13
-16
-16
-10
-6
-12
-5
-3
0
4
1
3
1
-3
-5
-6
-9
-15
-13
-15
-13
-7
-8
-13
-12
-12
-4
-5
-10
-10
-9
-12
-10
-7
-9
-7
-8
0
-1
2
4
1
5
3
-4
2
-7
-11
-8
-10
-8
-9
-7
-9
-7
-11
-4
-8
-7
-6
-1
-3
-9
-4
-6
-3
0
10
4
8
5
7
13
7
12
3
7
0
3
4
-1
3
3
3
3
7
6
1
1
4
2
7
6
9
9
12
13
5
10
7
4
0
1
4
3
-2
-1
-2
-2
0
-3
5
6
10
6
7
10
6
6
7
10
10
12
8
6
5
3
3
5
7
10
7
3
6
1
1
-6
0
1
1
2
-2
4
-1
8
11
18
17
16
17
16
13
4
9
7
9
9
9
4
4
1
1
3
3
1
-1
3
3
-4
-7
-11
-12
-9
-7
-8
-9
-1
-2
-2
2
2
-3
1
1
2
3
2
-7
-9
-6
-6
-5
-5
-4
-10
-3
-5
2
-2
2
-1
-2
-3
-6
-5
-9
1
-7
-8
-6
-7
-15
-13
-13
-9
-14
-12
-13
-11
-10
-19
-3
-12
-6
-6
4
-5
-10
-5
-5
-6
-9
-3
-11
-10
-2
5
-6
-1
-2
-3
-7
-4
-5
-7
-8
-9
-9
-7
-4
-9
-7
-2
-3
-3
-6
5
7
-2
5
1
0
1
-4
0
-6
-9
-4
-10
0
-7
-5
-6
-3
-4
-13
-9
-6
0
1
3
-5
0
-5
2
-1
9
6
7
15
11
13
12
12
9
12
10
14
8
11
7
11
10
6
10
6
10
7
9
12
8
9
12
10
10
7
1
0
0
-3
-4
-2
3
-1
-4
-3
3
7
3
11
9
10
3
7
9
3
3
5
7
1
1
4
-3
0
3
-1
2
6
4
2
3
0
-1
-7
-6
-9
-13
-12
-6
-9
-3
-2
-1
0
-3
6
6
9
6
12
9
7
11
14
12
14
17
12
16
20
18
9
15
12
9
10
10
5
9
7
7
7
2
3
0
0
0
9
10
17
20
22
24
17
21
20
19
17
16
16
14
7
5
8
10
9
11
8
9
13
13
16
16
15
18
21
14
12
5
6
9
5
4
3
-1
-3
-2
-5
-9
-10
-10
-9
-11
-12
-5
-11
-10
-5
-6
-4
-1
-1
-4
0
0
0
-4
-7
-7
-5
-3
-11
-14
-14
-19
-17
-14
-13
-14
-16
-6
-10
-14
-5
-12
-11
-13
-5
-9
-12
-11
-14
-14
-6
-6
-11
-7
-8
0
-9
-1
-5
-3
-5
0
-10
-14
-8
-13
-5
-9
-5
-6
-7
-6
-1
1
8
4
3
0
7
8
10
13
16
12
9
13
6
4
-3
-4
-3
-4
-8
-3
-8
-10
-13
-5
-3
-6
0
-4
3
3
-7
-2
-5
-6
-3
1
-3
-1
1
1
2
0
6
-2
0
-2
-1
-9
-3
-6
-5
3
5
8
7
13
9
12
9
10
9
13
12
10
10
9
7
6
0
-2
0
-7
-6
-11
-13
-11
-7
-15
-15
-15
-20
-17
-13
-12
-8
-4
-3
-3
-2
0
-2
2
9
4
1
4
-1
-8
-7
-1
-4
-6
-11
-9
2
-3
-3
4
-3
-6
-1
0
-2
-7
-4
0
-1
-3
0
-2
-7
-13
-3
-6
-12
-13
-9
-9
-14
-3
-11
-13
-10
-11
-15
-11
-15
-11
-14
-4
-7
-11
-10
-12
-4
-10
-6
-13
-6
-9
-8
-5
0
-10
-16
-11
-18
-16
-24
-13
-20
-19
-14
-10
-12
-10
-13
-16
-17
-17
-13
-18
-12
-12
-8
-5
-4
-2
-4
-9
-8
-9
-11
-3
-5
-6
-8
-10
-10
-9
-4
-4
0
1
-1
3
2
0
3
3
6
12
9
10
7
9
7
9
8
9
12
12
16
13
12
11
16
16
15
13
23
19
28
31
28
31
25
26
26
25
23
23
22
30
30
34
31
31
23
25
19
20
15
17
21
16
20
22
22
21
28
18
26
20
26
27
34
30
21
20
21
18
10
16
13
10
-3
1
-1
4
-3
3
0
-1
1
-3
0
0
-1
5
8
2
3
0
3
-6
4
-2
-2
1
-7
0
-13
-12
-18
-12
-16
-13
-6
-10
-7
-13
-11
-12
-6
-8
-7
3
6
3
-3
-4
-7
-3
-3
8
4
7
6
0
3
-4
-3
-12
-10
-19
-13
-11
-9
-9
-7
0
1
6
9
9
10
12
7
10
11
15
12
9
6
6
1
1
1
-7
-4
-3
-3
-4
-5
-7
-2
-11
-8
-7
0
-3
-8
3
-3
4
1
4
9
4
3
3
3
-2
-3
-2
2
2
0
-5
-5
-4
-10
-10
-18
-12
-14
-13
-17
-17
-21
-23
-20
-20
-10
-10
-8
-6
-14
-19
-21
-26
-21
-22
-15
-12
-16
-20
-16
-18
-24
-14
-18
-15
-16
-15
-21
-17
-19
-23
-19
-16
-9
-13
-9
-13
-7
-12
-7
-6
-9
-3
3
-3
-6
0
-1
2
-2
5
6
6
-4
-1
-1
-6
0
0
-1
3
3
1
3
4
10
8
15
13
6
3
7
8
2
9
13
10
10
11
13
8
12
9
4
7
13
7
4
5
0
3
1
5
-3
0
4
2
0
5
2
2
4
2
7
2
3
0
0
-4
-6
-2
-5
-6
-5
1
-1
-2
4
-3
3
2
0
6
-3
0
6
1
5
6
8
5
0
3
0
-2
-6
3
0
-1
2
-2
0
-4
0
-10
-9
-8
-10
-7
-6
-2
1
-3
0
6
7
7
-3
-1
-6
-3
-2
-6
0
0
-1
3
-4
-4
3
-6
0
3
6
0
6
5
8
16
7
10
7
15
10
8
10
9
4
0
3
-5
0
3
4
0
0
4
0
-6
-8
-1
0
3
1
0
1
0
-4
1
1
-6
-6
-1
-4
-13
-6
-9
-14
-15
-12
-13
-13
-21
-17
-17
-12
-10
-6
-3
-2
-1
-3
1
-7
0
-5
0
4
6
3
-4
-2
-8
-17
-16
-10
-20
-13
-15
-17
-12
-15
-16
-13
-5
-11
-9
-12
-11
-8
0
0
3
7
9
11
12
23
16
12
3
10
6
0
4
3
2
-3
-1
3
0
0
3
0
8
7
10
9
9
10
10
8
3
9
4
8
7
6
4
0
4
0
10
7
10
6
5
7
3
6
7
13
14
19
19
20
18
16
16
16
16
18
17
19
21
19
18
10
10
5
3
2
0
0
0
0
3
5
1
4
1
0
0
0
-1
-3
4
5
-2
4
8
6
6
5
12
9
9
16
3
1
6
6
6
1
3
0
5
5
1
-1
6
10
13
9
14
19
10
15
16
25
15
21
17
6
9
6
8
7
5
4
5
-3
3
-4
3
0
5
4
3
0
1
7
1
5
-10
-4
-4
2
-7
-1
-1
-5
0
-3
-6
-16
-12
-22
-12
-20
-15
-22
-22
-15
-23
-16
-22
-11
-10
-9
-10
-6
-9
-9
-12
-6
-6
-17
-7
-17
-10
-19
-8
-15
-22
-22
-27
-19
-25
-12
-19
-15
-13
-7
-10
-12
-10
-7
-5
-5
2
1
3
-3
5
-4
5
3
3
1
2
0
-5
-4
-7
-7
-11
-9
-12
-10
-13
-11
-13
-9
-10
-8
-4
3
6
4
7
7
10
6
13
10
9
12
10
9
6
8
11
1
6
8
2
1
-1
1
-5
-7
-7
-7
-3
-5
-7
-4
-4
-7
-4
-1
-6
-3
-9
-9
-12
-10
-17
-13
-7
-7
-6
-5
-2
-3
0
-7
3
-4
-3
1
5
3
3
6
-1
1
2
4
5
5
3
5
-2
-2
-7
1
-2
-1
0
-2
0
0
6
0
9
-1
-1
-3
7
8
3
11
9
9
7
16
13
7
6
6
7
5
1
9
7
7
8
7
10
5
5
13
15
12
13
12
13
12
12
15
19
14
18
17
10
10
7
2
7
1
3
6
8
6
2
11
20
20
21
26
20
28
27
26
22
22
21
18
20
23
14
8
9
0
-3
0
-12
-10
-10
-9
-4
-16
-13
-18
-6
-8
-6
-13
-8
-6
-10
-4
-6
-1
-10
5
1
2
2
-1
-5
-6
-8
-9
-11
-11
-6
-6
-1
-6
-3
-3
-3
-4
1
-9
-5
-3
-9
-3
-4
-1
-2
0
-12
-3
0
0
3
0
-2
-2
-1
-5
-7
-10
-7
-6
-8
-12
-4
-8
-5
-7
-1
6
0
3
-6
0
-6
2
-1
-4
7
9
14
7
7
1
3
8
10
8
9
9
5
1
3
4
-9
-2
0
1
-8
-12
-11
-15
-15
-15
-8
-6
-9
-10
-6
-9
-7
-15
-15
-18
-16
-13
-20
-19
-23
-21
-25
-23
-21
-22
-21
-17
-15
-12
-22
-19
-13
-10
-4
-4
2
1
6
-6
1
-1
0
1
0
8
-8
5
-6
0
-1
-4
2
3
5
0
4
-3
5
1
5
9
14
7
13
7
7
10
10
12
9
15
8
12
7
9
14
8
2
9
3
6
11
6
9
3
3
3
8
12
9
14
14
10
6
-1
-4
-10
-10
-6
-5
-10
-8
-9
-3
0
1
0
-5
-6
-5
-7
-3
-6
-9
-4
-13
-1
-6
1
4
4
4
5
0
-2
-1
-4
4
-2
0
-2
0
-4
0
-2
-1
-3
-4
-3
0
0
-8
3
-3
10
6
9
7
8
11
3
11
5
2
2
3
-2
0
4
2
-1
-6
-8
-6
-10
-4
2
0
0
10
12
6
6
7
13
7
8
14
12
13
15
9
7
8
3
5
13
10
11
8
2
3
0
0
1
7
2
10
8
13
13
13
15
15
17
10
13
11
16
12
14
3
2
2
2
5
-3
-3
-3
-4
-6
-5
-11
-8
-10
-13
-5
-8
-6
-12
-2
0
-4
0
0
-2
-3
-4
-4
-3
-8
-7
-15
-7
-13
-6
-18
-17
-10
-19
-8
-16
-16
-24
-13
-16
-15
-13
-8
-13
-10
3
-8
-6
-10
-8
-5
-6
-7
-8
-13
-11
-10
-4
-1
-2
2
-1
-2
-7
-6
-11
-8
-12
-16
-12
-2
-6
-6
0
0
6
3
5
5
0
2
8
5
3
3
1
-2
-4
-3
-5
-7
-7
-6
-6
-7
-6
-7
-5
-9
-6
-10
-6
-4
-4
2
2
9
-1
0
-5
2
-7
-1
1
-2
0
3
1
-2
-1
-5
-3
-6
1
-5
-4
-8
-8
-8
-8
-4
-3
-8
-3
-5
-12
-10
-14
-9
-10
3
-2
-1
0
7
3
-2
3
1
3
7
10
10
9
7
13
3
12
14
16
12
14
21
12
17
9
19
19
17
21
18
20
15
23
25
25
25
23
22
22
23
23
18
17
19
16
24
15
9
8
7
9
11
11
9
13
12
13
13
18
14
12
16
17
12
11
12
4
6
6
0
6
9
7
10
5
-1
-3
-3
-3
0
-1
4
-2
-1
-6
-9
-6
-15
-13
-13
-9
-15
-10
-10
-6
-9
-6
-6
-1
-4
-2
4
-7
-4
-14
-11
-18
-15
-16
-14
-17
-14
-15
-20
-16
-23
-20
-24
-16
-18
-20
-21
-13
-15
-17
-15
-10
-8
-14
-11
-12
-10
-17
-11
-19
-17
-18
-14
-16
-16
-14
-17
-8
-15
-1
-7
6
4
5
7
9
13
9
15
8
18
15
20
10
9
4
2
1
3
7
3
8
5
7
6
10
3
6
6
8
6
11
7
3
3
5
3
-2
10
6
8
12
8
1
-3
-5
-5
-3
-11
-3
0
3
3
1
4
0
3
3
4
3
2
-5
-7
-6
-3
-1
3
-4
1
3
-6
-2
-18
-7
-16
-11
-5
-12
-3
-6
-6
-10
-6
-8
-7
-7
-4
-7
-8
-10
-12
-15
-16
-11
-10
-7
-13
-6
-10
-3
-13
-11
-9
-17
-17
-19
-8
-13
-11
-16
-10
-6
-4
-1
4
0
3
5
3
3
2
1
-7
-5
-6
2
-4
0
-6
-8
-8
-13
-8
-11
-4
-5
-5
-6
0
-2
2
9
5
7
0
8
-2
4
9
13
16
10
15
5
4
0
7
0
2
0
-6
-6
-8
-1
-3
-3
-6
-4
-2
0
-5
-2
-5
-9
-7
-8
-7
-6
-3
-7
-1
-2
-2
-3
-4
-2
0
-3
4
-6
-9
-6
-7
-6
0
7
6
11
10
13
13
12
9
15
21
23
20
22
22
22
26
19
16
11
8
3
11
7
9
7
10
1
7
9
8
9
7
13
7
12
1
14
11
13
16
18
17
21
16
14
21
11
19
14
13
5
14
12
11
9
8
15
8
14
11
16
12
16
19
12
17
24
20
23
29
21
17
19
19
15
17
9
12
11
9
12
8
12
2
5
6
6
2
3
7
4
3
6
4
0
2
-5
9
-1
1
0
3
3
-5
3
-2
-1
-6
4
-5
-6
-3
-4
-7
-1
-4
-1
3
-1
0
3
4
4
5
3
5
0
6
1
3
1
3
6
2
4
5
6
1
0
-6
-10
-10
-9
-5
-3
-3
-7
-5
-6
-3
3
1
6
4
8
1
6
1
-4
-14
-19
-13
-11
-21
-22
-15
-26
-20
-20
-10
-12
-7
-5
-3
-9
-12
-15
-9
-13
-14
-7
-12
-4
-10
-4
-4
-3
-8
-4
-10
-10
-16
-10
-11
-16
-10
-6
-1
-6
2
-6
1
7
6
7
9
5
4
7
1
-1
-6
-9
-9
-11
-13
-16
-14
-19
-15
-16
-18
-15
-16
-19
-24
-11
-12
-13
-19
-16
-19
-13
-4
-5
-2
-5
-1
-7
-1
-7
0
-8
-8
-10
-9
-13
-15
-16
-18
-19
-21
-14
-22
-14
-17
-6
-1
-4
-6
-1
0
0
6
7
4
5
2
0
6
-1
0
-3
0
-5
0
-4
2
-6
-6
-7
-14
-16
-20
-11
-14
-8
-2
0
-9
3
-3
4
-1
10
5
0
7
-4
-5
-10
1
-6
1
-6
0
-7
-8
-12
-9
-9
-10
-9
-12
0
-4
-4
-8
-2
-7
-2
-2
4
3
4
7
9
6
0
2
1
-2
-6
0
-5
-6
-7
-5
-2
0
1
-3
-2
-3
-8
-1
6
5
4
18
12
10
9
9
10
7
10
12
10
3
3
3
1
-1
7
-2
7
9
12
3
4
2
5
12
13
16
6
12
13
12
6
15
6
8
4
8
7
3
3
-2
10
6
7
6
8
0
-4
-2
-4
-3
-2
2
8
4
1
7
6
5
-1
9
10
6
6
1
-2
0
3
1
3
-4
0
-4
-8
-8
-7
-1
-5
-1
-6
-3
-4
-5
-2
-3
2
3
5
1
5
3
7
6
3
1
2
3
-3
3
6
4
6
13
7
8
14
13
19
18
16
15
12
18
15
16
22
15
15
7
10
4
7
10
4
1
1
6
2
5
3
6
3
5
6
12
6
6
12
5
10
6
12
8
9
8
6
4
3
7
3
3
-2
-3
-9
-13
-9
-11
-3
-1
1
3
4
1
5
9
3
8
8
2
6
7
6
0
-10
1
-3
-5
-2
-4
-5
-11
-12
-6
-8
-9
-5
-6
-6
-7
-10
-5
-10
-1
3
5
9
12
11
3
10
0
3
-3
0
0
1
-4
-8
-12
-17
-11
-20
-7
-18
-7
-15
-13
-10
-11
-6
-13
-9
-12
-11
-15
-9
-15
-11
-10
-3
-6
-7
-11
-6
-7
-14
-14
-19
-15
-18
-15
-15
-10
-19
-15
-16
-14
-16
-11
-6
-12
0
-4
-7
0
7
-7
-2
-8
-9
-3
-12
1
-10
-7
-8
-4
-8
-10
-5
-5
-5
-9
-2
0
9
-1
3
6
8
-2
2
9
7
3
3
3
0
5
0
4
1
11
13
8
12
13
12
11
16
16
12
5
11
12
13
9
16
16
12
15
17
18
9
5
3
7
3
0
3
-4
-11
-2
-1
-3
-4
-2
4
3
4
5
9
7
7
13
12
16
10
9
18
20
17
13
15
6
8
10
13
9
5
6
7
4
4
6
2
4
3
3
1
0
1
6
7
10
10
10
10
13
12
11
15
17
19
11
13
11
8
1
3
5
-3
-3
-2
0
-3
-1
-2
-3
5
2
2
1
0
2
6
5
3
8
13
9
8
6
6
6
5
5
3
5
-1
6
9
11
7
13
15
10
17
12
15
16
17
15
13
16
15
16
19
10
4
3
6
4
1
7
7
7
-4
-2
-3
-14
-14
-8
-11
-10
-7
-4
-6
-9
-2
-8
-4
-5
-7
-6
-10
-10
-13
-16
-15
-14
-16
-13
-14
-17
-19
-24
-25
-22
-26
-23
-26
-24
-29
-25
-25
-25
-26
-34
-26
-31
-19
-28
-30
-31
-37
-38
-40
-37
-41
-39
-37
-36
-45
-41
-44
-38
-39
-38
-40
-31
-32
-33
-29
-34
-28
-29
-31
-28
-22
-24
-17
-18
-23
-25
-20
-20
-20
-18
-19
-10
-13
-9
-12
-11
-12
-9
-4
-10
-4
-3
-2
-7
6
0
3
3
5
11
3
10
-1
0
-4
3
-2
-3
-2
-3
4
3
2
6
9
6
10
9
13
8
15
14
12
9
8
7
7
7
4
9
3
6
1
2
3
6
4
4
7
6
1
-2
6
5
-4
-4
9
6
10
7
9
12
12
15
7
16
17
19
20
14
17
12
9
6
8
0
7
3
2
10
17
21
19
22
20
26
21
27
25
30
18
25
26
22
31
23
21
26
26
19
26
19
22
17
21
16
18
13
3
10
5
6
7
12
12
20
24
25
18
23
26
26
30
25
28
23
22
13
20
19
15
12
10
12
10
15
12
17
10
11
8
8
7
-1
2
7
12
10
16
15
12
15
11
8
9
6
6
3
6
0
-5
-3
-2
0
0
2
-8
-2
3
4
6
11
9
7
10
12
11
6
6
8
7
3
5
0
7
0
2
3
4
3
-1
4
-2
-1
0
3
3
5
4
3
-2
-3
-6
-2
3
-2
-2
-3
-1
0
0
-3
-4
-11
-3
-12
-3
5
-9
-1
0
3
-3
3
1
-2
-1
-7
-6
-4
-16
-14
-9
-16
-13
-16
-12
-17
-11
-15
-12
-12
-15
-9
-12
-6
-12
-9
-11
-5
-9
-6
-6
-13
-3
1
7
3
6
3
5
2
6
-7
-9
-9
-12
-9
-12
-4
-12
-7
-6
-2
-8
-3
-2
-2
-3
-2
1
-6
-1
-3
-3
-3
1
3
1
0
0
-5
-7
-7
-6
-7
-9
-11
-9
-6
-14
-5
-13
-10
-10
-9
-5
-9
-3
-10
-3
0
0
1
8
1
6
6
-5
-1
0
-7
-11
-14
-18
-23
-24
-22
-22
-19
-24
-20
-15
-19
-11
-16
-18
-13
-11
-8
-12
-7
-9
-6
-8
-3
-10
-10
-17
-22
-19
-22
-20
-23
-16
-22
-14
-22
-17
-25
-17
-19
-22
-21
-18
-14
-20
-16
-21
-15
-14
-5
-7
-2
-4
-1
-2
-10
-10
-13
-13
-10
-13
-14
-10
-10
-1
-12
-9
-12
-14
-10
-7
-3
-3
0
3
10
15
14
13
18
20
16
19
21
15
13
18
18
14
15
7
8
6
3
10
9
8
6
9
2
5
3
5
12
15
17
16
17
15
17
16
13
17
12
15
19
15
18
11
10
7
4
7
11
4
10
8
7
10
9
10
7
10
9
10
15
15
14
19
14
22
14
13
9
6
6
2
-1
-5
-9
-12
-8
-9
-10
-9
-10
-8
-3
0
8
-1
-3
-6
-5
-5
-6
-6
-12
-3
-12
-10
-12
-4
-16
-14
-9
-12
-10
-12
-10
-12
-10
-11
-7
-12
-7
-9
-6
-11
-6
-3
-1
6
7
3
-1
6
3
3
2
6
3
4
5
10
11
8
13
8
15
14
14
13
7
10
11
13
16
19
15
15
7
6
4
12
8
8
9
10
10
5
10
5
9
5
7
9
3
7
2
3
2
7
9
15
18
16
19
13
14
16
16
16
15
16
16
12
12
7
12
9
9
17
12
16
12
10
14
20
16
12
9
12
12
16
13
9
12
4
9
9
5
-2
-2
0
2
3
4
2
6
8
2
6
4
3
5
9
3
10
9
10
12
9
7
5
16
6
6
2
3
-1
1
1
2
3
-3
0
1
4
4
8
8
3
1
3
0
1
-2
4
4
-1
3
-6
-1
-2
-7
-9
-13
-25
-19
-19
-23
-15
-21
-19
-24
-24
-24
-25
-21
-19
-20
-15
-14
-13
-12
-14
-9
-10
-2
-7
-7
-5
-10
-14
-20
-22
-23
-22
-19
-18
-15
-18
-13
-9
-12
-9
-13
-13
-19
-13
-8
-10
-8
-4
-6
-5
-5
-5
-8
-6
-4
-9
0
-2
-3
-6
-6
-7
-13
-9
-12
-13
-14
-6
-9
-12
-19
-16
-10
-10
-7
-10
-2
-4
3
0
1
-7
-3
-4
-7
-3
-9
-3
-10
-6
-17
-6
-7
-7
-10
-9
-4
-6
-4
-9
-4
-12
-5
-11
-5
-7
-3
-2
-1
-2
0
1
-7
-7
-11
-7
-15
-7
-11
-12
-17
-16
-14
-18
-14
-12
-15
-19
-13
-16
-10
-10
-6
-10
-10
-9
-14
-9
-14
-4
-8
1
1
6
7
3
3
4
6
1
3
-6
2
-5
0
-3
3
0
0
10
3
14
16
18
12
20
19
18
16
13
15
12
15
13
21
19
24
22
23
15
15
18
15
16
13
12
12
12
7
13
12
14
12
16
8
19
20
17
23
22
21
16
15
5
12
10
9
10
7
10
10
13
7
11
14
9
10
9
10
6
11
11
3
1
3
0
3
0
2
3
4
9
6
10
7
6
8
9
9
9
4
8
5
9
9
7
10
11
14
9
8
1
1
1
2
5
1
2
-3
-1
-1
-3
-1
1
-1
0
-5
-1
-1
0
5
0
9
7
7
10
13
13
14
17
12
6
7
2
4
4
2
7
2
3
4
2
-3
1
-1
1
6
10
10
11
7
8
8
5
7
-3
7
2
-2
3
-3
-7
-6
-6
-14
-11
-15
-12
-9
-10
-5
-7
-10
-7
-6
-5
-10
-12
-6
-8
-9
-6
-6
-6
-6
-10
-7
-8
-13
-10
-11
-18
-15
-16
-20
-19
-23
-20
-17
-12
-15
-12
-16
-11
-6
-14
-12
-12
1
-6
0
1
-7
-8
-9
-6
-11
-12
-9
-13
-15
-8
-14
-15
-19
-10
-12
-15
-9
-12
-15
-12
-3
-7
-6
-9
3
-4
0
3
-1
-1
0
-3
0
1
-4
-1
-7
0
-6
-3
-4
-8
-4
-6
-2
-8
-6
-3
-3
-4
-5
-1
2
0
6
2
-3
-2
-6
-8
-12
-4
-9
-7
-10
-11
-6
-5
-4
-6
-2
-4
0
-4
3
2
0
0
0
-7
-6
6
5
2
0
0
1
2
-6
4
1
8
5
-4
-4
-6
-9
-9
-4
-7
-7
-11
-6
-12
-3
-2
0
2
0
4
-4
-1
0
2
3
-4
1
0
6
8
6
8
5
-1
-3
5
3
6
4
3
-2
-1
4
6
4
3
2
7
9
10
7
9
9
7
17
10
15
13
15
13
15
12
11
12
10
17
13
21
14
22
14
15
23
19
17
16
20
15
17
10
8
0
-1
0
-3
-1
2
1
1
10
2
7
12
6
12
13
13
4
7
10
14
14
13
13
10
9
10
6
4
8
1
0
0
0
-5
-6
-10
-6
-4
-4
3
1
3
3
9
4
2
4
0
0
0
2
4
3
3
-2
2
-9
-7
-7
-9
-7
-12
-7
-12
-11
-8
-6
-7
-6
-7
0
-4
-4
-1
0
-2
3
6
-3
8
5
2
-3
2
-3
-7
-14
-12
-13
-16
-13
-12
-8
-14
-5
-8
-1
-6
-1
-8
-7
-2
-2
1
4
1
1
0
0
5
-3
2
-1
4
-2
0
-1
-3
-9
-7
0
-7
-3
-3
-3
-6
-4
-3
5
-4
-4
1
0
-2
-2
6
-4
3
-2
-2
-4
-9
-3
-7
1
-9
-9
-3
-3
-3
-4
-2
-3
-3
-3
-1
-3
5
5
13
6
7
7
6
11
9
20
14
14
9
7
4
6
3
8
4
3
0
0
-1
-5
5
3
13
3
9
13
15
11
15
10
3
9
8
8
8
12
-4
4
1
8
8
6
2
-1
5
-13
-3
-6
-4
-6
-6
-4
-10
0
-3
-1
-9
-3
0
3
0
1
4
0
-3
-5
-6
-10
-6
-9
-6
-20
-17
-22
-22
-22
-26
-19
-24
-27
-19
-17
-21
-13
-20
-15
-16
-11
-15
-14
-13
-15
-13
-17
-10
-11
-16
-18
-11
-17
-14
-9
-15
-12
-15
-10
-12
-15
-13
-12
-9
-3
-4
-4
3
3
12
6
4
8
8
1
3
-3
-2
-3
-6
-1
-3
0
-1
3
3
5
7
9
4
8
9
6
5
4
6
1
10
5
10
10
1
0
4
7
4
4
7
3
3
7
4
4
3
7
9
11
15
16
16
13
13
19
10
16
14
18
16
15
13
7
8
3
12
2
1
2
0
-3
0
7
-2
0
-1
-3
-4
1
-4
2
2
2
2
10
16
4
10
7
6
4
7
10
12
8
12
10
10
9
3
6
2
14
3
13
7
3
1
5
10
1
16
10
12
8
6
3
-2
3
10
9
12
6
6
7
2
12
3
12
3
12
6
2
12
4
14
10
20
10
11
16
17
18
13
13
12
13
13
5
4
6
-3
1
-3
-2
-9
-10
-12
-12
-15
-12
-9
-19
-10
-13
-11
-9
-5
-4
-3
-6
-5
-7
-12
-8
-11
-3
-3
-7
-5
-5
-10
-3
1
-3
2
1
6
6
7
7
3
7
6
5
6
8
13
10
13
23
15
13
8
11
8
0
4
4
0
-4
3
-3
-4
-2
-3
2
3
3
7
5
7
2
-2
3
-9
-4
-9
-4
-9
-5
-2
-10
-7
-3
-5
-6
-9
-2
-1
-10
-2
-6
-1
-14
-9
-11
-12
-9
-10
-4
-10
-4
-4
-4
-10
-4
-5
-6
-9
-10
-16
-17
-10
-13
-13
-16
-16
-15
-10
-12
-2
-2
-4
0
0
3
-1
-4
6
0
-1
1
-1
-3
-9
-7
-13
-10
-10
-6
-13
-14
-15
-15
-12
-16
-16
