SAMPLES:	20856
BITSPERSAMPLE:	16
CHANNELS:	1
SAMPLERATE:	16000
NORMALIZED:	FALSE
7
3
10
-7
-1
-1
-10
-6
-9
-13
-14
-6
-9
-6
-5
0
-10
-2
-8
-9
-5
-13
-6
-10
-4
-6
-7
-8
-13
-12
-7
-9
-5
-7
-11
-6
-16
-9
-15
-22
-18
-17
-11
-14
-12
-20
-29
-17
-19
-16
-8
-28
-19
-19
-19
-10
-8
-8
-18
-14
-28
-14
20
-19
-21
-7
-36
-11
-1
-14
-12
-28
-21
-25
12
-8
-21
1
-48
-17
1
-7
10
-17
-22
-12
-9
6
-2
0
-32
-27
-6
-20
5
-6
-22
-19
-23
-9
0
0
-11
-28
-15
-31
1
15
-15
-4
-7
-13
13
15
9
1
-6
-10
-6
25
-5
6
-3
-31
-7
-5
-7
-7
-21
-24
-23
-7
0
-6
3
-31
-4
4
3
28
2
0
4
-4
8
13
13
-1
-9
4
-12
11
3
-9
7
-17
-6
0
3
3
7
15
2
10
19
7
13
9
7
21
14
25
17
28
20
17
25
4
14
0
-8
7
6
5
9
1
2
-7
1
-5
0
11
0
13
3
5
10
7
9
12
3
7
10
19
14
16
11
-3
5
-5
7
11
3
9
7
4
8
7
9
-2
2
8
5
14
3
1
-4
-3
6
7
16
8
3
5
5
16
15
16
13
7
6
16
15
22
9
5
3
1
16
16
16
8
2
0
13
15
17
17
11
6
22
19
17
20
3
10
7
14
22
24
16
9
14
15
16
32
13
10
19
16
25
25
30
20
21
18
18
32
29
22
25
13
12
19
13
24
18
18
15
16
25
12
21
16
13
19
20
18
19
21
14
11
16
15
14
15
4
15
7
3
4
-2
7
1
7
3
-3
3
0
7
6
1
8
-3
2
6
5
7
-1
-4
-4
1
7
1
-3
-6
-15
-15
-17
-14
-11
-18
-18
-17
-18
-10
-11
-16
-26
-19
-18
-16
-5
-13
-12
-15
-16
-17
-9
-3
-9
-8
-13
-13
-17
-10
-12
-12
-19
-18
-15
-20
-7
-12
-13
-17
-16
-20
-12
-11
-13
-16
-5
-12
-10
-7
-12
1
-12
-4
-12
-8
-9
-7
-4
-6
-11
-10
-10
-10
-8
-17
-15
-23
-20
-17
-11
-12
-9
-16
-15
-11
-4
-1
-5
-3
-8
-4
-8
-10
-12
-12
-12
-14
-21
-24
-26
-20
-18
-28
-28
-30
-21
-17
-9
-9
-14
-3
-4
14
17
17
12
4
11
9
12
6
0
-8
-5
-12
-6
-13
-10
-13
-12
-7
-18
-9
-15
-16
-16
-16
-11
-6
-7
-7
-13
-4
-8
0
-3
-13
-3
-4
3
-3
-6
-8
-14
-7
-10
-11
-7
-15
-3
-8
-6
-1
-13
-7
-9
-4
-4
1
5
-7
-1
-4
-7
-3
1
-9
-11
-6
1
1
-3
2
-8
2
2
9
2
-3
2
3
3
3
2
-2
3
6
7
1
7
0
8
4
-1
2
-1
0
-7
-3
1
0
1
3
-4
3
8
8
-6
2
1
7
14
6
7
0
14
16
19
7
11
10
15
20
15
14
3
7
6
8
8
2
7
7
4
11
7
0
0
6
12
4
4
-1
9
12
13
18
1
6
3
12
9
-1
-8
-16
-6
0
-1
-6
-7
-11
-7
-6
-7
-9
0
4
13
10
-2
6
5
12
6
-3
2
12
13
3
-9
-13
1
13
18
-1
-23
-8
9
22
0
-24
-26
-8
25
6
-16
-35
-18
14
22
3
-29
-27
-4
14
10
-19
-15
3
10
9
-20
-23
-19
13
20
7
-6
-22
-4
-4
7
-3
-4
0
3
9
-10
-18
-9
0
9
-5
-9
-5
0
3
-12
-12
-14
1
11
-8
-27
-34
-10
2
0
-12
-15
-9
-7
-12
-21
-11
19
23
4
-24
-11
30
35
8
-47
-25
55
133
67
-59
-91
-9
146
158
37
-102
-92
77
172
95
-110
-139
17
159
152
-59
-174
-115
104
185
53
-97
-131
31
136
86
-55
-114
6
119
106
-30
-117
-46
73
117
23
-69
-56
36
92
28
-53
-51
28
107
57
-35
-87
-27
51
64
15
-54
-26
7
42
12
-34
-23
11
61
35
-9
-39
-20
23
31
16
-10
-12
7
11
2
-15
-12
8
16
12
-17
-28
-23
-3
2
-10
-11
-7
9
-9
-26
-39
-22
12
19
1
-28
-38
-10
14
13
-16
-26
-3
11
17
-22
-48
-51
-14
23
13
-14
-54
-51
-31
-9
-5
-20
-31
-29
-13
-7
-20
-18
-10
3
15
16
3
-6
13
8
18
16
22
37
25
9
-21
-8
13
35
21
-27
-29
-15
32
38
-6
-39
-29
32
47
24
-15
-44
11
56
69
19
-16
3
25
61
16
-10
-19
16
42
8
-10
-32
-3
23
14
-6
-29
-7
20
16
-3
-25
-11
12
26
10
-7
-10
9
24
13
-10
-17
0
19
22
4
-3
-2
16
23
20
0
4
13
26
25
0
-5
7
25
15
8
-12
-3
11
22
16
-4
-7
4
14
19
15
-2
5
8
21
18
13
3
8
14
10
15
7
7
12
22
16
8
5
4
14
21
11
2
0
9
22
6
3
-3
7
24
16
3
-13
-3
14
21
13
-3
-7
7
6
6
-8
-6
2
10
10
-2
-10
-10
3
-1
-1
-6
-1
-2
-9
-17
-10
-3
6
12
-9
-19
-13
-7
-4
0
0
8
0
-3
-10
-5
3
2
5
-9
-6
-1
-8
-15
-29
-20
-10
0
-8
-28
-32
-23
-1
6
-2
-4
-7
5
12
4
0
-12
3
7
10
14
5
-1
-14
-3
-4
0
1
-3
-3
-7
-3
0
-4
3
0
3
-1
-11
-9
-6
9
6
9
-2
-3
4
7
7
-3
0
0
2
-6
-15
-21
-18
-11
-3
-6
-15
-14
-11
-4
-5
-7
-1
-2
-3
-3
-12
-8
-9
-2
2
-11
-12
-12
-8
-15
-16
-19
-21
-9
-6
-18
-25
-31
-32
-25
-30
-26
-32
-26
-29
-30
-33
-42
-26
-27
-22
-33
-36
-26
-23
-25
-37
-36
-38
-32
-31
-39
-43
-41
-36
-32
-34
-41
-36
-32
-28
-32
-38
-35
-34
-24
-25
-31
-29
-37
-26
-20
-20
-12
-19
-17
-13
-17
-14
-22
-23
-20
-15
-18
-16
-19
-28
-20
-15
-7
-13
-21
-20
-5
0
-2
-7
-13
-8
1
4
-9
-10
-17
-4
-3
2
-3
-7
1
2
12
5
12
17
13
14
15
7
10
13
18
16
22
22
17
21
17
24
24
25
21
24
26
32
29
22
22
18
23
21
10
7
14
21
28
26
22
24
31
38
37
29
23
37
31
31
26
17
22
16
28
22
18
7
9
13
12
10
3
2
8
19
10
5
1
9
14
22
15
14
12
22
31
28
28
13
22
30
36
28
20
24
24
25
26
14
11
8
17
19
13
16
6
15
19
19
12
10
12
13
22
20
16
10
12
22
19
15
6
3
4
13
13
0
-6
-3
2
13
9
3
2
-2
3
3
3
-1
10
11
15
16
8
8
-2
7
-2
-3
-3
-6
4
-1
5
0
-1
2
2
8
-1
-5
-5
-6
2
-2
-4
-9
-6
1
-1
4
5
2
2
6
3
1
-6
-3
3
-1
-1
3
-5
2
1
6
0
-4
3
-3
9
-1
0
4
1
10
7
4
1
-1
-3
0
6
-4
-7
-7
-11
-1
-10
-7
-10
-10
-4
-6
-2
-11
-6
-4
-4
-3
-11
-3
-5
-4
-10
-8
1
-9
-1
-12
-11
0
-9
2
-16
-5
-7
-10
-3
-17
-6
-28
-6
-19
-4
-5
-13
6
-8
1
-9
-9
-13
-8
-5
-6
-9
2
-7
-3
-7
-10
-13
-18
-1
-7
2
-4
-7
-8
-8
-5
-4
-11
-10
-12
-3
-8
-6
-8
-5
-3
-4
9
-11
-7
-19
-10
-12
-13
-20
-27
-13
-16
-14
-21
-17
-19
-20
-18
-17
-27
-24
-22
-14
-17
-25
-21
-22
-12
-9
-6
-13
-21
-22
-21
-19
-24
-22
-29
-24
-18
-24
-21
-26
-22
-10
-9
-11
-17
-15
-8
-3
1
-6
-5
-6
4
4
5
0
-5
3
0
3
-3
-6
-3
3
9
7
13
10
8
16
18
16
17
25
29
31
39
27
32
38
42
38
38
40
35
39
39
32
19
19
22
20
17
23
14
18
23
24
25
23
23
19
26
22
28
23
19
26
22
27
21
26
29
26
28
22
19
11
16
19
22
17
17
16
17
19
16
13
9
13
13
12
12
15
9
16
8
16
15
16
14
9
14
0
5
4
9
3
6
4
3
1
-1
-1
-1
-3
-6
-4
-10
-10
-16
-6
-12
-7
-4
-9
-7
-9
-3
-9
-9
-13
-9
-6
-6
-10
-12
-15
-10
-6
-6
-3
-3
-4
-7
-2
-9
-7
-9
-3
5
3
4
3
3
5
9
4
-5
-3
-3
-3
-3
-4
-7
-15
-13
-7
-9
-9
-6
-5
-6
-4
-3
3
6
4
13
7
12
10
6
12
7
14
12
10
9
4
3
0
1
-3
6
-3
-7
0
-1
-1
-7
-2
-5
3
3
5
6
10
16
13
16
10
10
10
9
7
11
3
10
2
3
-2
-4
-8
-10
-4
-13
-2
-6
-3
-10
-6
-7
-3
-1
1
2
2
2
2
4
-2
4
-4
0
-3
-8
-7
-10
-9
-14
-15
-17
-20
-15
-17
-21
-17
-17
-19
-16
-13
-12
-11
-9
-10
-4
-3
2
1
-4
-3
-6
-10
-17
-15
-20
-18
-19
-22
-24
-25
-19
-22
-23
-23
-22
-25
-24
-22
-20
-19
-15
-9
-8
-12
-6
-12
-7
-7
-5
-8
-6
-4
-12
-6
-12
-8
-13
-6
-9
-6
-5
-5
-6
-9
-5
-11
-7
-8
-4
-3
0
-6
-1
-7
-4
0
-13
-4
-15
-9
-11
-17
-9
-17
-6
-10
-6
-11
-12
-14
-21
-10
-18
-15
-12
-12
-11
-10
-12
-11
-21
-10
-18
-9
-3
-8
-8
-14
-7
-12
-4
-8
-7
-9
-10
-7
-1
-10
-4
0
-1
3
5
11
1
12
5
7
4
8
5
-2
5
2
4
0
0
5
4
3
12
3
4
3
-1
-1
-6
0
0
5
6
9
9
12
13
14
14
15
19
12
19
8
3
7
3
2
2
7
0
1
3
0
4
3
4
0
3
5
1
3
-1
1
3
-3
0
-2
-3
-4
-6
-3
-5
-4
-3
0
-3
-7
0
-4
-2
-5
-4
0
-2
4
-1
6
5
8
11
13
19
16
15
15
13
4
5
-1
6
0
12
9
6
9
8
7
10
9
8
14
5
10
7
14
4
13
10
15
14
11
11
8
13
6
15
15
17
13
15
6
6
6
10
3
2
3
0
-1
0
1
-2
6
6
6
9
12
13
13
12
18
17
9
12
12
14
6
1
3
-3
-3
-13
-12
-19
-12
-17
-14
-11
-10
-8
-8
5
5
9
0
8
3
5
7
9
14
7
3
3
4
5
3
-4
-2
-6
-7
-13
-6
-13
-10
-8
-8
-7
-9
-8
-9
-4
-6
-1
-6
-4
-4
-7
-3
-7
-12
-12
-16
-13
-10
-9
-12
-10
-5
-7
-1
-5
-9
-9
-11
-8
-6
-4
-9
0
-4
0
6
1
8
3
6
6
6
0
2
3
6
6
8
6
3
6
3
7
5
13
7
4
8
11
8
8
7
3
7
7
14
12
14
9
13
6
5
5
3
11
16
22
21
24
19
18
12
19
12
11
10
7
9
5
7
-1
9
3
7
7
2
7
11
10
10
8
9
10
11
10
4
9
3
9
5
5
7
1
0
0
3
12
11
8
13
12
8
6
11
9
5
8
9
2
2
-5
-10
-6
-4
-10
-7
-7
-7
-10
-9
-7
-10
-15
-15
-9
-14
-10
-3
-6
-3
-1
3
-1
-2
0
-6
-4
-8
1
-3
-4
-4
7
5
9
17
6
5
7
18
7
11
16
13
13
13
16
16
13
14
9
7
3
1
5
-2
3
-6
2
-4
-4
-7
-2
3
1
3
1
4
4
4
1
1
-2
3
-1
7
0
-2
-1
-6
-5
-6
-4
-10
0
-4
-3
-3
-10
-10
-10
-8
-9
-7
-10
-6
-11
-1
-3
1
0
0
3
-3
3
-6
-2
-7
-7
-11
-9
-12
-11
-3
-1
2
-4
-4
-5
3
-5
-5
-5
-10
-9
-10
-14
-11
-10
-6
-7
-3
4
2
0
-6
-4
-6
-4
-6
-6
-6
-10
-5
-5
-10
-9
-12
-8
-7
-3
6
3
2
0
3
7
3
4
3
2
2
7
0
5
5
0
0
-7
-1
-7
-5
-7
-15
-12
-14
-4
-12
-7
-12
-6
-10
-9
-6
-13
-12
-11
-7
-10
-6
-10
-9
-15
-13
-18
-15
-15
-16
-16
-22
-19
-22
-21
-19
-18
-17
-12
-9
-11
-12
-8
-17
-16
-17
-7
-6
-15
-14
-15
-14
-16
-16
-21
-18
-22
-21
-16
-23
-25
-25
-23
-22
-25
-26
-34
-34
-29
-25
-32
-25
-23
-26
-23
-21
-15
-18
-14
-15
-14
-16
-6
-5
-6
-5
3
2
3
3
-3
0
1
6
3
10
4
10
11
7
9
11
15
13
16
13
16
12
6
4
5
10
9
14
14
11
13
10
13
15
19
13
15
14
16
19
22
27
20
21
23
18
12
18
9
8
7
9
9
3
8
3
3
1
-1
-2
3
-1
4
-2
9
1
10
10
11
14
10
22
16
26
17
16
10
11
5
13
2
4
10
3
7
7
9
3
5
0
8
4
13
15
15
18
16
19
19
20
20
23
19
20
13
15
14
6
1
1
2
-6
0
2
2
2
1
4
-5
-1
0
2
1
1
7
13
10
12
16
10
9
6
9
3
7
9
10
5
2
0
4
1
3
5
0
-1
1
-1
-3
3
-3
0
-2
6
0
-1
1
-3
-1
2
7
6
7
4
0
-9
-4
-9
-11
-12
-9
-5
-15
-6
-10
-3
-5
-3
0
-2
7
3
9
12
13
10
13
16
16
16
19
18
12
15
9
6
7
9
1
4
4
3
1
1
-3
-8
-2
-4
-1
0
0
-4
4
5
3
6
5
5
7
6
3
2
2
12
12
15
9
9
15
19
19
16
14
8
9
5
9
9
13
20
18
17
16
17
10
7
10
10
7
1
0
-3
-7
-6
-5
3
2
4
7
6
4
5
5
0
1
3
2
4
7
5
-3
-2
-1
0
-2
-5
-8
-10
-3
-9
-5
-8
-11
-10
-12
-11
-19
-15
-9
-10
-12
-16
-15
-20
-20
-16
-15
-16
-15
-13
-17
-10
-16
-22
-26
-25
-19
-21
-24
-21
-18
-16
-22
-16
-9
-8
-6
-6
1
-3
-2
2
7
5
2
0
5
0
1
1
-2
-1
-7
-1
-9
1
-6
-9
-9
-9
-6
-13
-9
-13
-9
-9
0
-2
-4
-6
0
5
6
10
8
12
10
17
10
9
3
3
3
-4
-4
-6
-4
-1
-1
-3
4
-1
7
6
6
6
6
17
15
20
13
16
12
11
10
8
13
14
9
-2
0
-9
-12
-22
-15
-21
-20
-12
-15
-11
-13
-7
-9
-13
-15
-15
-9
-3
0
-2
1
3
0
-7
-10
-9
-7
-8
-6
-10
-4
-9
-11
-13
-16
-19
-24
-14
-12
-9
-10
-11
-21
-22
-25
-19
-19
-11
-5
-5
1
1
1
-9
-3
-9
-3
-2
0
11
-1
-2
-9
-7
-9
-3
-2
-5
6
6
8
2
7
-5
0
-3
0
7
9
15
13
12
1
-1
-12
-8
-7
-4
-1
2
-2
-7
-15
-16
-26
-25
-23
-22
-11
-12
3
-2
1
-7
-7
-12
-12
-4
-3
12
5
12
3
-3
-9
-19
-18
-10
-4
-1
4
7
-3
-7
-9
-13
-9
-7
5
7
15
9
7
0
-4
-5
-9
-3
-4
8
9
6
-3
-10
-13
-20
-20
-14
-8
-4
2
7
6
0
0
-9
-2
9
15
29
35
38
27
17
11
3
-1
11
18
15
16
16
8
-3
-4
-10
-3
-6
9
12
16
15
6
8
0
1
4
8
11
14
13
18
9
8
2
-2
-4
3
5
8
11
5
7
-5
-13
-16
-12
-12
-6
-5
1
-7
-9
-16
-16
-20
-14
-9
-2
8
4
12
0
4
-6
-2
-7
-2
2
5
11
4
4
-7
-6
-19
-13
-10
-4
0
7
9
6
7
8
3
-8
0
6
10
10
13
3
3
-5
-7
0
-3
3
-1
0
-6
-6
-13
-17
-21
-17
-4
2
8
10
8
1
-4
-6
0
1
6
2
1
6
1
-5
-15
-18
-19
-14
-12
-9
-10
-9
-9
-8
-7
-8
-6
-7
3
10
18
14
17
13
10
6
3
5
5
10
8
15
3
2
-6
-3
-9
-10
-3
-7
-2
-6
0
-6
-3
-5
-3
0
4
13
8
16
9
11
11
4
1
2
1
1
7
-2
1
-6
-4
-7
-9
-10
-1
6
2
-1
-5
-4
-9
-10
-12
-9
-13
-6
-6
-5
-4
-9
-9
-7
-7
-10
-7
-3
2
-2
10
2
4
1
0
4
0
12
13
19
16
16
11
11
10
15
14
19
25
19
24
19
14
12
15
17
21
17
18
18
19
12
13
16
7
9
8
19
17
15
18
19
18
15
19
22
19
15
16
18
20
10
5
-4
-3
-1
-9
-5
-5
-6
-6
3
0
-2
1
-10
-5
-3
3
7
8
11
0
5
6
10
11
7
9
6
10
7
6
-7
-7
-2
-6
-7
0
4
0
4
-3
3
0
5
9
8
15
12
16
19
17
17
19
13
15
15
18
19
23
19
15
15
13
13
19
15
16
21
13
12
9
13
7
9
7
8
10
13
10
2
-1
-2
2
-9
-9
-1
-2
-3
7
3
3
3
0
1
-3
-2
-1
5
0
-6
-9
-17
-13
-23
-15
-12
-11
-16
-18
-16
-21
-25
-23
-19
-23
-21
-22
-13
-16
-13
-16
-15
-18
-22
-19
-19
-20
-17
-15
-18
-14
-18
-18
-16
-16
-19
-15
-10
-17
-17
-16
-19
-17
-13
-16
-18
-23
-16
-16
-12
-10
-16
-16
-16
-13
-12
-5
-11
-9
-12
-15
-8
-13
-10
-9
-15
-11
-3
-8
-5
-4
-5
-3
2
4
3
9
5
15
12
18
15
16
19
11
18
18
17
10
13
12
17
8
3
2
1
-1
-1
-1
-6
-3
-4
-5
-6
3
1
1
7
10
4
5
7
10
13
12
8
7
5
-1
3
3
4
-2
3
3
-2
3
1
0
-3
-4
0
6
3
6
6
2
5
9
6
4
10
4
10
12
13
10
10
15
9
14
4
-1
-1
-2
0
0
-3
-6
-6
-6
-3
-6
-4
-10
-6
-6
-4
-6
-6
-9
-6
-6
-9
-4
-8
-4
-5
0
-3
0
4
-3
-2
-3
-6
-7
-7
-9
-10
-4
-7
-13
-7
-6
-5
1
4
4
3
3
13
7
9
2
0
-3
-5
-1
-6
-4
-13
-11
-15
-11
-12
-5
-13
-6
-9
-10
-12
-12
-6
-12
-4
-12
1
-12
-2
3
7
7
2
0
-4
5
-4
1
1
3
-9
0
-6
-4
0
5
-1
0
7
3
7
9
12
2
12
13
18
6
6
7
4
6
-1
7
1
3
6
8
7
0
4
3
0
-3
3
1
0
0
2
0
-6
-4
0
1
-8
-5
-13
-12
-13
-15
-17
-9
-11
-20
-21
-22
-22
-21
-21
-20
-14
-15
-8
-13
-9
-11
-7
-3
-6
0
-4
1
-4
2
0
4
9
4
3
3
-1
-4
1
1
0
0
2
0
-4
0
2
4
4
7
3
9
5
4
6
7
6
7
9
9
4
-3
5
-6
-2
-3
-2
-3
0
6
3
4
6
4
4
6
3
3
1
8
7
6
7
6
6
12
9
10
12
0
5
3
2
-1
7
2
-4
3
-5
1
-3
-9
-3
-1
0
-4
0
0
0
4
8
12
10
10
6
-1
0
-2
-7
-7
-5
0
-7
-1
-2
-4
0
2
2
-1
1
-3
0
-3
-2
-1
-1
3
-1
6
7
0
3
-1
-4
-3
-4
-1
3
0
-4
-6
-4
1
-2
-1
0
5
6
0
0
2
1
1
6
2
0
5
10
10
20
20
14
7
12
9
6
6
1
2
-3
3
-9
4
-2
4
-3
1
0
-5
-1
-9
-1
-9
-2
-7
-3
-8
2
-6
5
-6
2
2
0
3
-7
-3
-16
2
-6
-1
-3
-1
-8
-6
-1
-5
-3
-2
-2
-5
-3
-10
-1
-8
0
-4
0
-2
-9
-1
-9
-9
-7
-6
-7
-9
-14
-10
-10
-6
-6
-4
4
-4
3
0
3
4
9
10
6
16
6
12
13
16
15
12
12
14
7
11
7
5
0
1
7
-3
6
-1
6
1
4
4
-3
1
9
8
10
16
17
13
12
13
4
10
0
7
3
1
1
-2
0
-3
2
-2
-1
0
0
2
6
2
10
11
5
6
4
6
-3
-3
-5
-5
-3
-4
-4
-4
4
-7
5
-1
2
7
1
6
-6
2
-8
-2
-3
-4
0
0
0
6
6
4
3
4
9
4
17
5
9
2
2
-2
0
4
6
3
0
0
-6
0
-3
3
-6
1
-2
2
1
1
0
2
0
-3
1
-12
-2
-6
-9
-7
-11
-12
-17
-16
-18
-16
-19
-19
-16
-17
-17
-16
-19
-19
-19
-17
-10
-10
-3
0
0
-4
-3
-4
-12
-1
-8
-1
-3
5
3
0
5
0
3
-2
5
5
1
0
3
0
3
6
4
7
9
9
10
13
8
4
4
-1
-6
0
-3
-3
-6
-5
-6
-4
-6
-2
-6
-9
-6
-4
-1
-7
-5
1
7
3
7
6
12
10
12
9
10
3
7
4
-3
-7
-2
-1
-9
-4
-12
-3
-13
-2
-7
-3
-2
0
0
2
5
3
10
10
15
10
18
15
18
10
13
6
8
2
1
0
0
4
-3
3
-2
3
2
0
-2
-7
-13
-10
-4
-4
-2
6
5
4
10
5
8
7
6
3
3
3
-2
-4
-5
-9
-8
-4
-3
-2
-3
-5
3
-4
-4
-4
-10
-8
1
6
9
11
7
15
6
13
9
8
6
5
0
0
4
-3
0
-9
4
-7
-4
-5
-3
-3
-3
-1
-1
-1
-3
3
1
-4
-4
-3
-5
4
-3
-3
-7
-7
-6
3
-1
4
9
7
12
12
16
14
14
10
18
12
19
20
13
12
13
17
16
19
9
9
13
8
16
10
6
4
2
7
6
3
9
11
0
8
8
3
7
12
7
16
9
11
8
7
6
6
6
-3
9
-6
-8
-9
-9
-9
2
-6
1
-3
-11
0
-6
6
10
16
8
13
9
3
7
5
-1
8
3
1
9
-3
-4
-12
-12
-19
-14
-18
-23
-19
-29
-19
-18
-23
-25
-20
-30
-24
-18
-26
-16
-12
-19
-19
-9
-16
-12
-13
-23
-19
-22
-25
-16
-22
-25
-19
-29
-22
-20
-25
-26
-19
-19
-21
-3
-6
-3
6
-2
10
10
7
5
2
-1
4
0
-8
-3
-10
-13
-7
-5
-14
-5
-9
-15
-3
-16
-12
1
-10
-4
2
-4
13
13
7
10
7
-3
9
11
-6
9
-1
-3
18
7
-6
-2
-13
-10
-3
0
-4
-5
-13
-9
6
-13
6
1
-9
5
13
1
12
12
-3
16
13
8
14
10
1
19
13
12
18
8
8
15
16
10
32
15
13
18
17
18
18
18
10
19
17
22
16
16
9
15
11
23
18
5
8
-5
-1
-9
-5
-8
-2
-12
-8
-6
-8
-3
-10
-9
-12
-1
-4
7
0
-9
-2
-1
-2
6
-1
-10
-9
-10
-14
-13
-13
-34
-15
-23
-24
-9
-22
-20
-15
-13
-13
2
3
0
-1
3
1
27
22
18
21
4
17
12
18
7
6
1
-8
3
3
3
-4
-12
-15
-6
-4
-3
-6
-6
-16
-5
1
3
7
1
6
7
18
11
21
1
-1
5
7
6
2
-8
-24
-13
-19
-7
-21
-16
-37
-24
-21
-24
-10
-19
-17
-17
2
-8
6
2
-10
-5
4
-3
10
7
-3
-4
4
2
11
17
-10
7
-2
11
16
23
8
-2
13
5
25
29
25
18
26
19
27
37
35
33
31
29
31
41
28
17
19
7
18
29
18
9
7
8
5
22
18
8
10
3
4
19
16
9
-6
-11
-15
-8
-5
-25
-19
-26
-36
-18
-21
-40
-38
-44
-48
-43
-26
-39
-50
-45
-63
-52
-34
-51
-37
-43
-57
-34
-18
-20
-27
-12
-25
-17
7
-9
-10
-6
-10
4
16
26
19
22
11
10
41
32
46
43
35
34
53
55
54
73
60
59
80
80
67
82
65
67
73
84
80
84
76
58
70
68
56
64
48
30
41
20
35
15
16
-10
-15
-7
-41
-11
-38
-56
-54
-60
-70
-65
-79
-92
-111
-104
-117
-107
-88
-138
-114
-120
-127
-97
-114
-129
-140
-136
-134
-130
-82
-129
-117
-89
-124
-85
-90
-107
-110
-95
-90
-82
-37
-55
-63
-31
-54
-24
26
-8
3
22
15
50
98
114
91
128
97
116
186
158
180
192
184
194
246
254
233
269
220
224
280
251
273
268
253
248
285
298
255
288
223
189
254
205
209
225
158
164
146
163
133
114
101
-9
62
23
4
68
-50
-42
-95
-124
-123
-172
-142
-244
-227
-233
-326
-237
-331
-366
-334
-450
-416
-476
-497
-529
-575
-511
-601
-544
-562
-665
-583
-698
-667
-619
-670
-575
-612
-548
-550
-516
-420
-463
-324
-304
-297
-168
-181
-80
12
73
189
237
328
340
401
501
502
639
701
714
808
803
851
885
920
919
915
954
935
981
1013
966
944
920
893
923
958
903
816
757
689
757
821
858
777
639
504
403
443
430
400
308
180
125
86
29
-57
-299
-452
-591
-667
-698
-868
-1098
-1396
-1521
-1491
-1474
-1464
-1733
-2107
-2300
-2437
-2303
-2167
-2144
-2275
-2385
-2313
-2232
-1958
-1817
-1903
-1807
-1717
-1520
-1133
-886
-732
-587
-352
-147
160
439
437
549
737
889
1287
1548
1581
1553
1489
1501
1625
1892
1974
1933
1902
1741
1720
1857
1894
1928
1881
1784
1669
1707
1789
1792
1859
1841
1734
1730
1797
1786
1828
1823
1709
1600
1610
1540
1454
1458
1282
1111
1126
1031
848
637
171
-453
-744
-867
-968
-814
-1015
-1508
-1890
-2262
-2636
-2736
-2881
-3328
-3467
-3470
-3497
-3164
-2954
-3089
-3135
-3131
-3187
-3016
-2692
-2626
-2452
-2066
-1839
-1490
-1025
-996
-1008
-887
-852
-676
-236
27
41
317
318
284
629
732
710
863
794
627
824
960
954
1192
1228
1066
1149
1174
1067
1236
1339
1240
1385
1468
1463
1580
1709
1653
1701
1862
1834
1944
2047
1966
1917
1971
1957
2019
2232
2139
2038
1985
1796
1773
1791
1707
1545
1398
1144
1046
1137
1207
1280
1141
647
71
-548
-1063
-1034
-1069
-925
-821
-1177
-1417
-1819
-2288
-2746
-3077
-3419
-3614
-3173
-3082
-2748
-2394
-2635
-2524
-2539
-2575
-2493
-2307
-2160
-1892
-1255
-792
-464
-220
-416
-679
-596
-524
-248
102
232
134
-9
4
-191
-136
7
-227
-128
-100
-278
-255
-272
-381
-415
-237
-249
-221
5
-57
-51
185
193
261
417
327
359
491
744
932
1203
1412
1256
1388
1380
1429
1710
1886
2025
2085
2181
2124
2120
2205
2206
2327
2453
2479
2455
2395
2367
2364
2388
2431
2367
2224
2242
2260
2268
2215
1739
906
234
-64
-170
185
335
-79
-550
-1160
-1906
-2321
-2557
-3190
-3435
-3358
-3393
-2977
-2561
-2717
-2849
-2849
-3135
-3098
-2724
-2643
-2378
-1773
-1390
-994
-513
-616
-985
-1178
-1367
-1333
-942
-503
-569
-558
-574
-961
-930
-853
-1106
-1323
-1354
-1653
-1680
-1157
-1199
-1145
-898
-1198
-1259
-951
-895
-774
-315
-294
-293
117
244
300
668
720
730
1136
1340
1464
1752
1887
1780
1958
2205
2242
2629
2851
2685
2805
2801
2762
2909
3043
3023
3096
3245
3161
3303
3393
3345
3371
3238
3132
3093
3011
3118
3142
2936
2570
1710
803
495
345
453
714
326
-295
-846
-1624
-2301
-2597
-3239
-3828
-3678
-3744
-3502
-2936
-3207
-3354
-3424
-3703
-3707
-3436
-3290
-3160
-2530
-2155
-1776
-1267
-1397
-1671
-1790
-2034
-1942
-1528
-1328
-1261
-1160
-1186
-1243
-1166
-1301
-1638
-1711
-1897
-2000
-1629
-1589
-1452
-1333
-1480
-1382
-1208
-1070
-992
-765
-632
-471
-59
76
221
499
440
618
904
1091
1481
1684
1836
1874
1979
2134
2250
2630
2842
3035
3182
3145
3191
3275
3436
3484
3492
3527
3579
3736
3875
3911
3930
3941
3747
3606
3504
3315
3296
3330
3376
3214
2729
1749
625
388
245
447
795
180
-485
-1209
-2075
-2707
-2954
-3545
-4249
-3964
-4090
-3914
-3292
-3778
-3976
-3985
-4257
-4235
-3756
-3541
-3479
-2695
-2354
-2071
-1484
-1670
-1950
-1911
-2034
-1996
-1527
-1145
-1244
-1081
-1027
-1293
-1101
-1189
-1522
-1548
-1559
-1804
-1649
-1337
-1480
-1235
-1164
-1289
-995
-894
-936
-790
-488
-383
-64
277
246
459
553
588
947
1266
1520
1706
1852
1874
1979
2240
2451
2724
2965
3108
3186
3375
3360
3486
3645
3612
3644
3527
3632
3721
3890
4013
3986
4005
3787
3589
3464
3376
3326
3314
3321
3165
2747
1868
681
191
86
54
443
103
-665
-1236
-2074
-2879
-3129
-3569
-4514
-4312
-4220
-4335
-3531
-3818
-4117
-3949
-4041
-4085
-3653
-3147
-3338
-2617
-2071
-1920
-1243
-1223
-1557
-1586
-1404
-1466
-1178
-602
-889
-1118
-892
-1305
-1316
-899
-1308
-1489
-1149
-1621
-1945
-1460
-1848
-1877
-1331
-1590
-1514
-1079
-1316
-1422
-771
-695
-576
9
-189
-243
125
124
443
1034
1299
1349
1540
1664
1653
2064
2440
2548
2810
3006
2946
3221
3543
3568
3728
3844
3644
3495
3646
3649
3834
4172
4093
4035
4097
3851
3702
3791
3563
3396
3461
3400
3138
2812
1767
576
431
107
240
685
91
-565
-1235
-2181
-2964
-3093
-3812
-4491
-3962
-4224
-3928
-3338
-3835
-3868
-3849
-4046
-4008
-3387
-3164
-3031
-2322
-2091
-1809
-1300
-1359
-1611
-1543
-1748
-1763
-1445
-1004
-1036
-1187
-1113
-1783
-1771
-1596
-1877
-1622
-1533
-1998
-2267
-2102
-2339
-2118
-1672
-1877
-1749
-1551
-1672
-1488
-903
-823
-675
-326
-449
-269
71
303
598
1074
1343
1391
1667
1814
1890
2225
2599
2724
3083
3355
3301
3572
3697
3723
3879
4012
4006
3896
4024
4000
4110
4467
4400
4443
4447
4141
4077
3994
3816
3680
3727
3646
3384
2957
1761
787
572
191
516
823
-48
-491
-1333
-2412
-2868
-3180
-3929
-4365
-3891
-4408
-3948
-3522
-4135
-3876
-3911
-4164
-4074
-3501
-3519
-3291
-2624
-2520
-2086
-1604
-1683
-1957
-1889
-2104
-2102
-1622
-1233
-1279
-1382
-1455
-2021
-1937
-1767
-1865
-1732
-1687
-2089
-2359
-2133
-2268
-2058
-1763
-1792
-1760
-1548
-1414
-1352
-804
-678
-665
-294
-198
4
410
701
916
1261
1602
1637
1940
2187
2130
2525
2836
3084
3435
3626
3705
3733
3909
3853
3867
4085
4096
4090
4283
4316
4267
4432
4321
4267
4255
4249
3988
3930
3876
3544
3849
3645
3265
2461
1185
553
252
478
798
589
-37
-905
-1858
-2726
-3240
-3598
-4383
-4213
-4093
-4353
-3702
-4104
-4286
-4170
-4307
-4246
-4105
-3589
-3692
-3189
-2537
-2255
-1642
-1511
-1881
-2127
-2175
-2001
-1603
-1052
-702
-1183
-1299
-1542
-1898
-1549
-1491
-1620
-1637
-1591
-1998
-2018
-1794
-2064
-1874
-1638
-1675
-1593
-1281
-1363
-1188
-652
-639
-430
-205
-166
-39
404
657
917
1327
1396
1449
1580
1762
1866
2398
2757
2919
3185
3167
3212
3338
3580
3612
3765
3917
3733
3833
4008
4067
4219
4365
4185
4062
4131
3926
3923
4031
3802
3803
3814
3521
2902
1893
948
505
641
895
1070
562
-285
-1201
-2189
-2814
-3173
-3690
-4143
-3803
-4062
-3846
-3567
-4044
-3891
-3989
-4047
-4088
-3671
-3493
-3347
-2517
-2251
-1676
-1334
-1585
-1824
-1987
-2067
-1719
-1175
-892
-663
-1112
-1352
-1491
-1562
-1408
-1381
-1387
-1704
-1565
-1900
-2015
-1709
-1977
-1897
-1669
-1637
-1717
-1344
-1377
-1255
-695
-716
-610
-477
-424
-412
104
489
739
1233
1210
1199
1286
1473
1769
2300
2731
2864
3012
3051
3149
3272
3506
3643
3719
3793
3718
3748
3979
4188
4307
4471
4360
4210
4132
4089
4068
4105
4173
4053
4069
3570
2520
1403
797
865
1106
1629
1154
187
-877
-2128
-2840
-3179
-3189
-3779
-3680
-3789
-4402
-4122
-4369
-4229
-3845
-3654
-3859
-3996
-3713
-3984
-3385
-2568
-1991
-1338
-1264
-1704
-2148
-2194
-2185
-1651
-1064
-799
-1056
-1376
-1562
-1790
-1454
-1468
-1556
-1674
-1979
-2133
-2194
-1956
-1930
-1877
-1842
-1963
-1897
-1716
-1471
-1094
-719
-650
-643
-745
-633
-332
149
743
1029
1274
1153
1198
1309
1582
2193
2507
2883
2894
2908
2999
3159
3518
3649
3865
3972
3957
3900
4080
4157
4188
4678
4920
5137
5072
4555
4240
4320
4662
4907
5110
4491
3303
1978
426
421
1595
2061
1731
572
-1197
-2405
-3376
-4284
-4025
-3805
-3835
-3707
-4503
-5709
-6123
-5773
-4795
-2850
-2081
-3125
-4299
-4845
-4084
-2758
-1533
-469
230
288
-233
-638
-1251
-1377
-812
-6
881
608
21
-1053
-1887
-1433
-1351
-1405
-1632
-1962
-2492
-2867
-2929
-3502
-3190
-3046
-2873
-1932
-2003
-2175
-2167
-2227
-1969
-1392
-947
-665
106
590
797
1052
958
1022
1470
2003
2436
2896
3043
2826
2766
2827
3074
3407
3690
4043
4109
3770
3489
3074
3297
4079
4406
4772
4697
4209
3848
3709
3811
4096
4730
4690
4224
3933
2607
787
40
81
1075
2266
1510
-247
-2297
-3665
-4151
-4140
-3279
-3146
-3259
-3917
-5186
-5892
-5850
-4845
-3150
-1473
-1020
-2031
-3354
-3603
-2659
-918
547
1460
2091
1653
550
-402
-547
144
1266
2137
1974
747
-813
-1980
-2234
-1374
-985
-1494
-2339
-2970
-3584
-4261
-4559
-4548
-3940
-3618
-3446
-3665
-4095
-3948
-3576
-2711
-1865
-1698
-1774
-1348
-894
-142
549
575
940
1358
1611
1668
2080
2384
2805
3542
3369
3152
2886
3017
3606
4208
4489
4102
3797
3680
3624
3817
4320
4560
4981
4897
4299
4008
3815
4308
4732
5061
4624
3827
3716
2535
1300
577
45
768
1399
968
-269
-2330
-3374
-3944
-4386
-3921
-4210
-4089
-4000
-4672
-5230
-5690
-5170
-3747
-2159
-1518
-2022
-2508
-2569
-2270
-1200
-363
427
1533
1752
1372
252
-590
-416
423
1474
1485
566
-747
-1595
-1813
-1915
-2003
-2057
-2294
-2448
-3008
-4265
-4844
-4582
-4152
-3561
-3041
-3696
-3939
-3413
-3449
-2630
-1730
-1939
-1473
-645
-678
-229
429
559
1230
2118
1931
1770
2299
2491
3090
3713
3580
3437
3460
3570
3892
4251
4567
4464
4348
4398
3929
3943
4295
4659
5016
5059
4813
4232
4362
4525
4601
4882
4537
3967
2692
1051
-29
-230
628
1329
1086
74
-1925
-3669
-4877
-5454
-4860
-4340
-3695
-3852
-4956
-5820
-6313
-5497
-3525
-1806
-977
-1382
-2150
-2674
-2771
-1715
-328
1474
2875
2609
1564
-29
-1000
-713
392
1672
1856
1217
-198
-1806
-2534
-2529
-2285
-1828
-1539
-2308
-3627
-4581
-5315
-5216
-3958
-3493
-3352
-2989
-3749
-4102
-3529
-3269
-2406
-1345
-1062
-726
-355
-252
40
865
1347
1897
2274
2053
2178
2535
2930
3393
3594
3607
3570
3601
3905
4148
4362
4392
4322
4155
4095
4046
4411
4967
5117
5144
4808
4327
4229
4601
4710
5092
5006
3769
2104
48
-813
-120
1176
1944
1575
-458
-2954
-4638
-6029
-5750
-4638
-3520
-2982
-3651
-5327
-6791
-6739
-5170
-2478
-630
-254
-1278
-2380
-3176
-2872
-1572
413
2730
3747
3164
1124
-870
-1624
-669
959
2233
2233
1141
-593
-2322
-2799
-2791
-2200
-1481
-1605
-2736
-4524
-5417
-6003
-4988
-3463
-3366
-3182
-3709
-4492
-4529
-3863
-3338
-1963
-964
-948
-866
-971
-790
95
1567
2100
2488
2290
1662
1747
2432
3179
4098
4645
4405
3899
3350
3321
3745
4713
5418
5366
4928
4260
3753
4051
4616
5146
5380
5336
4915
4373
4087
4212
4424
4461
3275
1063
-98
-599
276
1177
1327
416
-1443
-3045
-5371
-5968
-5410
-4453
-2881
-2850
-4305
-5890
-6677
-6172
-3559
-1590
-328
-412
-1469
-2626
-3266
-2593
-885
2000
3838
4092
2225
-17
-1572
-1226
-3
1703
2484
2040
943
-1257
-2953
-3570
-2831
-1734
-825
-1434
-3482
-5366
-6237
-6154
-4753
-3380
-2695
-2938
-3617
-4910
-5396
-4553
-3273
-1450
-424
-434
-1194
-1286
-1169
-8
1590
2396
2759
2658
2129
1622
2140
2982
4240
5197
5070
4217
3492
3359
3725
4695
5397
5472
5114
4679
3902
3847
4371
4853
5278
5492
5094
4201
3985
3757
3655
3148
1616
193
-99
107
811
887
130
-1152
-2454
-4552
-5914
-5644
-5236
-3603
-2781
-3538
-5057
-5784
-6262
-4443
-2487
-939
-12
-364
-1182
-2347
-2515
-1733
1029
3288
4777
3667
1714
-445
-946
-554
522
1899
2093
1877
89
-1792
-3495
-3866
-3079
-1769
-1786
-2450
-4390
-5812
-6197
-5835
-5034
-3768
-2954
-3334
-3545
-4827
-5009
-3985
-2457
-1182
-288
-672
-1055
-692
-137
895
1896
2488
2602
2733
2206
2196
2804
3834
4782
5086
4682
3802
3503
3776
4401
4931
5456
5253
4988
4476
4132
4138
4488
5309
5542
5667
4901
4411
3960
3553
2526
913
14
225
823
1465
981
-177
-1829
-3354
-4779
-6423
-5566
-5060
-3354
-2950
-3842
-5613
-6376
-6035
-4423
-2112
-919
190
-212
-745
-2195
-2328
-1671
1140
3742
5378
4127
2147
3
-976
-402
194
1738
2001
2364
653
-1323
-3433
-4210
-3775
-2349
-2108
-2779
-3968
-5483
-5988
-5925
-5627
-4803
-3481
-3451
-3368
-4305
-4860
-4105
-2670
-1642
-534
-724
-975
-326
179
1089
1798
2488
2381
2670
2366
2255
2987
3973
4990
5226
4699
3830
3524
3822
4569
5037
5715
5616
5413
4921
4257
4189
4490
5429
5869
6158
5858
5098
4528
3301
946
-487
-887
263
1901
2219
1349
-971
-3126
-5210
-7347
-7083
-6112
-4127
-2393
-2906
-4823
-6952
-7384
-6586
-3534
-1462
511
1005
262
-995
-2495
-2577
-909
2540
5165
5975
4377
2002
-19
-420
-563
540
1426
2279
2144
479
-1491
-3699
-4154
-3770
-3037
-3370
-3967
-4686
-5265
-5115
-5421
-5627
-5085
-4496
-4215
-4168
-4282
-4123
-2776
-1700
-1044
-1028
-1463
-1064
-129
1058
1946
2812
2809
2598
2184
1693
1893
3230
4708
5571
5592
4322
3409
3127
3881
4391
5310
5925
5869
5782
4800
4453
4003
4876
5627
6016
6193
5860
5533
4071
1596
-1095
-1657
-1084
1278
2384
1998
180
-2701
-5085
-8449
-8397
-7694
-5069
-2330
-2051
-3674
-6483
-7231
-7499
-4596
-2405
163
1639
1554
554
-1701
-2378
-1484
1829
4714
6171
4859
3190
1231
589
-83
181
940
1298
2169
507
-754
-2849
-3349
-3130
-3510
-3915
-5616
-5546
-5515
-4901
-4336
-4757
-4529
-4781
-4745
-5493
-5305
-4402
-2526
-493
59
-232
-1395
-1469
-959
440
1686
3215
3661
3748
2989
1806
1609
2235
4185
5400
6048
4899
4157
3683
3822
4192
4858
5577
5912
5969
5109
4770
4460
5348
5687
6576
6325
5719
4444
1451
-947
-1886
-1013
728
2476
2032
444
-3026
-5743
-9100
-9187
-7650
-5373
-2561
-2336
-3581
-6608
-7329
-7948
-4823
-2519
459
2266
1944
1086
-1360
-1775
-1071
2259
5003
6647
5914
4387
2097
1253
181
396
705
1143
2012
502
-259
-2090
-2830
-3741
-3858
-5061
-6787
-6646
-6226
-5429
-4034
-4345
-4760
-4775
-5455
-6138
-5828
-4205
-2849
-76
260
64
-838
-1275
-926
85
1840
2952
4011
4046
3492
2294
1898
1907
3623
4676
5642
5215
4737
4329
3969
4390
4245
5139
5685
6116
5316
5144
4877
5344
6044
6511
6536
5594
3296
-256
-2223
-2229
-609
1478
2722
1929
-1181
-4138
-8142
-11173
-9605
-8252
-4014
-1778
-1396
-4099
-6136
-7760
-7841
-4052
-2513
2284
3114
3930
1745
-295
-1302
38
3396
5623
7090
6121
5120
2957
2376
179
917
229
869
306
-367
-875
-2186
-2001
-3347
-4554
-7311
-7796
-8985
-7222
-5444
-4647
-3299
-3632
-4809
-5863
-6540
-6858
-4098
-1985
-170
1533
742
177
72
-363
395
1735
3136
3539
4315
3835
3192
3576
3237
3769
4068
4295
4257
4647
5173
5343
5125
5513
5192
4849
4725
4612
4714
5050
6366
6585
7841
5313
1144
-2632
-4081
-2861
-321
2161
2917
1784
-2195
-5263
-11825
-11757
-10629
-7226
-2360
-1398
-2210
-5057
-5085
-7814
-4701
-4268
-1083
2131
3333
4051
1739
1249
785
3653
4674
5812
4755
5127
4684
5266
3421
2815
2265
1102
1139
-2092
-1991
-2954
-1578
-978
-1575
-4222
-7086
-8361
-9182
-8922
-7333
-6255
-4036
-2930
-4017
-5407
-6411
-5830
-4692
-1826
-1648
-113
308
1487
1807
1966
1482
2176
2792
2678
3055
2336
3949
4390
6133
4980
5027
3261
3019
3656
3988
5107
5627
7100
6494
6392
4364
3669
3697
5049
6079
7021
5522
968
-1874
-2690
-2378
-796
414
1260
-375
-2819
-6211
-11759
-10021
-9723
-6408
-3547
-3130
-4681
-5773
-5200
-6887
-3074
-3350
659
2200
2816
2697
1264
2106
2767
5672
5883
6121
4848
5097
4985
5997
3890
4286
3331
2591
1296
-1869
-1820
-2812
-1259
-1685
-1858
-4847
-6679
-7975
-8341
-8657
-7922
-6225
-5341
-4076
-5222
-6319
-6375
-4500
-4080
-1625
-1193
-1570
-242
815
1314
1798
2548
2790
3659
3256
2228
1920
3446
4048
5304
5176
4619
3626
3347
3998
3749
4588
5100
6060
6109
5863
4418
4273
4905
5363
5947
6171
3889
-282
-2496
-2808
-2139
-14
982
1495
-592
-3892
-7771
-12540
-9806
-9969
-5994
-3786
-3220
-4716
-5530
-4854
-6771
-2427
-3514
896
1108
2202
2133
1880
3723
4307
6885
6083
5951
3877
4425
4324
6082
4682
5946
4639
3531
1120
-2178
-1992
-3345
-1013
-1878
-1871
-4499
-5936
-7379
-8017
-7668
-7779
-6389
-5650
-5547
-6042
-6012
-5152
-3319
-2309
-1551
-1714
-2171
-1809
168
1086
2523
3574
4182
3884
3319
1723
1284
2858
3657
4851
4921
5118
3873
4177
4019
3846
4230
4949
5694
5497
5586
4691
5187
5850
6487
6051
5354
1573
-2506
-3050
-3223
-1097
434
1570
590
-2332
-5049
-11263
-11491
-10600
-9281
-5574
-4656
-4114
-5886
-3736
-5936
-3138
-2927
-2052
993
-405
2302
569
3806
4463
7294
7472
6476
4945
3447
3712
4691
5208
5036
6458
4317
4220
-379
-557
-2502
-2291
-2400
-2981
-3890
-6045
-5243
-7061
-6186
-7056
-6073
-6389
-5745
-6401
-6982
-5240
-3420
-2294
-960
-20
-1612
-591
-633
475
1577
2527
3378
3749
3918
2702
2687
3340
3383
3479
3148
2933
3228
2921
4008
4462
4886
4914
4834
5036
4025
3918
4512
5690
6603
6723
6519
3517
-669
-3066
-3729
-2148
-870
591
459
-1598
-3611
-8484
-11169
-10041
-10504
-8364
-6276
-6093
-6898
-5020
-5026
-3860
-1394
-2802
802
-568
876
80
1497
4168
5508
8499
7026
7100
4552
4230
4358
5002
4207
5350
4754
4656
2165
298
-24
-1420
-803
-1927
-2562
-5518
-5497
-7341
-6994
-6589
-5872
-4734
-3873
-4093
-6025
-5487
-4840
-3795
-2679
-644
-1163
-44
-80
1056
1956
2455
3286
3156
3247
2036
1576
2102
3484
3656
4263
3615
3923
2524
2603
2936
3291
4602
4637
5622
5087
4820
4524
5622
6292
6473
6625
4947
297
-2758
-4044
-3241
-1177
349
599
-1397
-3210
-7866
-11514
-10769
-10725
-9533
-7085
-6796
-7541
-6997
-5495
-4719
-996
-2120
481
14
-410
285
-562
3990
4716
8934
7693
7700
5533
4060
4842
5264
5438
4578
4680
3288
2088
-366
532
-446
547
-710
-2112
-5218
-6351
-7525
-8418
-6540
-6487
-4420
-3772
-3156
-5028
-4917
-3966
-2948
-2177
-519
-1032
-315
69
845
2813
3610
5168
4430
4827
2536
1963
1330
2826
3421
3653
3619
3348
3145
2105
2940
2393
3902
3880
4674
4395
4163
3680
4688
5859
6466
6430
3892
565
-1874
-2248
-2732
-297
-55
270
-1209
-2661
-7162
-9441
-8321
-9801
-7313
-7560
-7213
-7731
-6147
-6114
-4362
-2062
-2213
648
-816
-420
-1787
-680
1493
3891
5775
5443
5972
4891
4687
4561
5040
4397
4586
3358
2853
737
68
335
143
654
-636
-1748
-4434
-4654
-6520
-7043
-6645
-5948
-4519
-4169
-3792
-4617
-4101
-2647
-1588
-1354
-299
-310
-624
68
559
1487
3493
4714
4893
4683
3786
2753
3184
3712
3337
3565
2993
2831
2625
2857
3387
4589
5832
6156
5977
5032
3920
3687
4947
5925
6979
5858
1888
-1992
-3102
-3890
-2571
-334
335
-1016
-3937
-7092
-12961
-11136
-10539
-9706
-6768
-6974
-7543
-7972
-6202
-6863
-2185
-2200
930
1269
-561
2
-1864
2159
3404
7230
6490
6051
5089
3335
3633
4450
5218
5312
4875
2857
690
-1842
-893
-1044
146
-373
-1093
-3613
-5523
-6170
-7442
-6304
-5769
-4251
-3462
-3527
-4324
-4263
-3141
-1152
-146
753
1776
1548
880
1469
2366
2988
4712
4835
4810
4819
3377
3548
4335
3994
3810
2942
2702
2041
1889
2045
2537
3584
3736
4348
4826
5261
5192
5621
6161
6237
4418
1402
-1299
-1852
-1932
-753
1041
1124
523
-2149
-4349
-9654
-9303
-9798
-9951
-8334
-8851
-8409
-8432
-5880
-6777
-2650
-3541
-1155
-1449
-2899
-1318
-2638
1046
1558
4991
3646
4117
3889
3220
4151
4850
5540
4940
4114
2343
890
-898
168
-437
199
-336
-917
-3178
-4494
-4935
-6021
-5333
-4933
-4043
-4070
-3797
-4486
-4476
-3201
-1565
-929
498
1209
1752
1716
2038
3161
3697
4565
4058
4128
3613
3524
3942
4953
5084
4831
4201
3484
3086
2690
2945
3386
4554
4262
4255
4744
5109
5169
6153
7218
7394
5624
1113
-2160
-3151
-3645
-2248
-498
-69
-766
-3045
-5715
-9652
-8652
-9178
-9239
-7945
-9010
-9003
-8611
-6553
-6127
-1773
-1751
1123
617
-1254
-313
-1665
1807
1915
5252
3330
3376
2840
1810
3252
3781
5479
4339
3993
1214
-334
-2038
-1381
-1899
-2058
-1988
-3411
-4969
-5874
-5528
-6174
-4688
-4286
-3424
-3347
-3490
-4005
-3716
-2085
-1265
-143
923
1672
2082
2604
3663
5076
5485
5622
4635
3912
3086
2604
3581
4520
4524
4109
3508
2893
2856
3059
3718
4151
4571
3715
3440
4010
4270
5365
6735
7742
6649
3254
114
-1189
-1578
-550
406
167
-235
-2614
-4174
-7808
-7512
-6587
-8187
-5804
-7676
-8121
-8278
-6861
-6806
-3821
-2733
-1373
315
-2227
-109
-1781
1477
1596
4158
3124
2031
2548
294
2309
2159
4027
2804
3005
1019
-77
-1332
-987
-1328
-2728
-2715
-4380
-5524
-6692
-5533
-5893
-4880
-4510
-4299
-3687
-3590
-2979
-2521
-1434
-379
12
442
1113
1828
1703
3203
4659
5451
5953
5276
5188
3973
3633
3278
4224
4135
3720
3203
2536
2500
2649
3465
3798
4504
3447
3221
3542
4588
5658
6547
6941
4300
512
-927
-1718
-946
1272
1694
1837
-361
-2103
-5074
-6666
-5010
-6336
-6085
-4608
-6409
-7195
-5759
-6095
-3579
-2566
-1461
40
-2010
-696
-1758
618
1832
2669
3361
943
1349
-413
465
1704
3140
2868
2254
952
-524
-1481
-1717
-775
-2073
-3057
-4475
-5585
-7061
-6396
-5904
-5318
-4816
-5165
-4626
-4234
-3422
-2628
-1204
-226
283
275
568
1375
1834
2692
4171
5530
5793
5520
5314
4741
4434
3994
4545
4918
4246
3458
2378
2317
1959
2326
3218
3172
3606
3153
3059
4370
4914
5690
6008
4050
66
-1771
-2028
-2040
404
1763
1147
-118
-1670
-4854
-5662
-3504
-4991
-4256
-3427
-4774
-5315
-5453
-4776
-2884
-758
-467
1821
-325
-270
-91
648
2695
3420
4753
1721
1849
-528
-676
237
2027
2485
1174
820
-974
-1984
-2730
-1345
-2649
-3259
-4542
-6644
-8396
-7997
-7226
-6761
-5568
-5619
-5407
-4866
-4076
-3686
-1610
-190
411
975
1000
1467
2122
2765
3768
5067
5970
5590
5699
5502
4997
4518
4936
5468
4509
4154
3110
2705
2030
1953
2073
2250
2760
2113
1946
2762
3655
4738
5274
2494
4
-1563
-3171
-2481
-596
-383
-576
-930
-2185
-4733
-3731
-2589
-4157
-1963
-2237
-2636
-2752
-2797
-1995
-397
-151
1662
1870
254
1845
806
2894
3346
5734
4311
2663
2277
-71
467
469
2171
740
-121
-1224
-1941
-3128
-2162
-1759
-3111
-3624
-5425
-7079
-8287
-7493
-7404
-7031
-7124
-6817
-6530
-5910
-4372
-3012
-1039
-532
249
449
476
1521
2067
3156
3919
5291
4868
4321
4170
4453
4423
4651
5906
4833
4597
3562
3372
2922
3057
3328
2767
2420
1267
934
1442
2943
4263
5217
2774
-459
-1708
-3240
-3427
-627
82
-1016
-1837
-3505
-6147
-6658
-3943
-4253
-3382
-1449
-1954
-2463
-1928
-1547
703
1549
3098
4903
1747
2702
1999
2983
4581
6810
7908
4862
4464
2051
1608
1477
3261
3176
1424
-227
-1892
-3477
-4135
-2340
-3068
-3509
-4851
-6581
-8371
-8513
-7642
-7052
-7278
-6840
-6729
-7255
-6419
-5125
-2826
-1672
-369
422
290
887
1902
2718
3693
4724
5400
4155
3806
4134
3830
4012
4941
5351
3947
3679
2791
2485
2506
3026
2985
2469
2127
1004
1164
1521
3009
3796
2732
-545
-2386
-2959
-4453
-1897
-503
-1864
-2467
-3780
-5644
-6975
-4868
-4310
-4812
-2975
-2697
-2980
-2170
-1269
656
2223
2655
5575
3065
2989
4026
3908
6026
7008
9286
6205
5541
3721
2629
2817
3781
4733
2443
1304
-942
-1803
-3208
-1830
-2013
-3222
-4435
-6244
-7759
-8892
-7547
-6922
-6855
-7094
-6473
-7062
-6704
-5026
-3400
-1753
-880
49
-158
394
1300
2357
3102
4226
5639
3780
3476
3456
3467
3436
4189
5113
3665
3535
2611
2340
2083
2431
2453
1796
1127
255
13
604
2321
3423
3050
-338
-2444
-3641
-5105
-3227
-999
-1943
-2768
-3808
-5925
-7984
-6373
-5163
-5767
-3485
-3066
-3174
-2861
-2163
-518
1569
1995
5178
3884
2851
4156
3486
5841
6833
9963
7728
7033
5643
4069
4214
4703
6274
4196
3196
677
-365
-2137
-1332
-1029
-1873
-2863
-4767
-6562
-8127
-7666
-7089
-6390
-6916
-6053
-6833
-6830
-5775
-4191
-2372
-1561
-29
-259
-75
974
1704
2985
4398
5699
5323
3841
3846
3504
3341
4192
4817
4438
3647
2986
2341
2012
2243
2765
2494
2024
873
-7
-201
772
1850
1458
-671
-3332
-3433
-5254
-4065
-1777
-2857
-3234
-5036
-6158
-8324
-7588
-5840
-6828
-5252
-3567
-4635
-2902
-2765
-1866
1293
337
4651
3123
2847
3781
3387
5646
6023
9492
7375
6797
5358
4573
4694
5647
6777
5401
4199
1594
781
-1100
-221
-307
-1200
-2293
-3582
-5621
-6920
-6779
-6658
-6072
-6853
-5870
-6450
-6201
-5574
-4091
-2203
-1381
27
189
469
1199
1983
2860
4470
5488
5267
4341
4256
4230
3945
4843
5178
4496
3667
2884
2434
2470
2809
3018
2627
2121
781
-60
287
1018
2163
2317
46
-3320
-4520
-5677
-5462
-2724
-2411
-3417
-4176
-6365
-8379
-8368
-6953
-7259
-6537
-4724
-5368
-4362
-3845
-3113
-283
269
2592
3578
1674
2814
2490
3971
5694
7831
8214
6199
5861
3964
4533
4996
6601
6040
4428
2954
1163
231
-110
873
-582
-1286
-2978
-4881
-6534
-6802
-6391
-5939
-6014
-5926
-5618
-6314
-5575
-4730
-2617
-1462
-59
358
208
1089
1723
2897
4230
5847
5909
4982
4587
4688
4260
4726
5555
5215
4484
3877
3142
2754
2830
2879
2889
2413
1820
858
498
454
1797
2530
949
-1159
-3465
-4950
-5904
-4079
-3078
-4165
-4012
-6046
-7879
-8501
-7558
-7021
-7590
-5568
-5022
-5547
-4013
-3529
-2394
-216
439
3355
1378
2094
2875
2198
4735
5503
7871
5411
5793
4306
3497
4043
5132
5958
4056
3917
1359
785
-522
721
-204
-994
-1621
-3219
-5179
-6369
-6028
-6784
-6044
-6521
-5109
-5623
-4651
-4255
-2880
-1645
-1032
579
201
1255
1989
2936
3513
5336
5984
5350
4994
5311
4648
4919
5426
5433
4912
4171
4074
3298
3724
3282
3624
2469
2143
1455
1165
1557
2164
3475
1656
-776
-3468
-4325
-5370
-4133
-2234
-3554
-4362
-5554
-8178
-9087
-8231
-7211
-7459
-6422
-4439
-5938
-4475
-3539
-3079
-150
-91
2802
1766
848
2344
1562
4185
4935
7407
5778
4456
4057
2782
3745
4247
5707
3549
2906
1105
540
-355
328
718
-1182
-1650
-3144
-4507
-6232
-5575
-6203
-5783
-6630
-5487
-5542
-5595
-3936
-3553
-1378
-1078
451
263
533
1828
2776
3527
5293
5833
5545
4630
4563
5508
4503
5927
5778
5127
4334
3971
3866
3528
4116
4115
3315
2638
1996
1338
1693
2099
3152
2779
258
-2546
-3730
-4661
-4562
-2291
-2555
-4420
-4591
-7357
-8900
-8494
-7564
-7101
-7594
-5051
-5409
-5348
-3431
-3151
-866
95
1345
3080
365
2267
2270
2949
5257
6179
7026
4055
4380
2821
3063
3608
4943
4350
2504
1576
-63
-390
-1020
506
-1093
-1671
-2918
-3997
-5793
-6123
-5886
-6108
-6282
-6546
-5279
-6197
-4602
-3987
-1945
-1204
77
693
354
1417
2348
3387
4159
5988
5625
5210
4459
5225
4998
4954
5706
5358
4386
4106
3931
3784
3787
3952
3964
2720
2505
1566
1634
1749
2930
3361
2319
-860
-2468
-3299
-4705
-2892
-2029
-3039
-4344
-4998
-7707
-8248
-7711
-7008
-7888
-6546
-5216
-6004
-4613
-3978
-2146
-659
334
2568
1954
651
2968
2384
4288
5722
7183
5846
3964
4458
2936
3993
4333
5372
3097
2052
623
-203
-786
-459
33
-2033
-2434
-3973
-4948
-6527
-5950
-6399
-6443
-7462
-6616
-6202
-6513
-4498
-3521
-1767
-1302
348
89
666
1766
3264
3568
5200
6097
5150
5009
4612
5614
4646
5518
5674
4830
4356
4284
3893
3879
3888
3919
3300
2653
2263
1654
2549
2307
3296
3231
815
-2352
-3034
-3717
-4094
-1671
-1330
-3920
-4483
-6413
-8750
-8113
-7628
-6695
-7749
-5782
-5606
-5967
-4351
-3622
-981
-366
833
3240
631
1685
3332
3214
5567
6336
7439
4337
4461
4049
3867
4719
5426
5461
2519
1769
-33
66
-591
577
-443
-1926
-3134
-4684
-5853
-6714
-6125
-6502
-6397
-7763
-6376
-6812
-6115
-4709
-2726
-1949
-1196
179
-152
850
2000
3934
3546
5739
5546
4747
4546
4694
5338
4893
5533
5371
4498
3967
4109
3817
4077
3609
4009
2923
2443
2062
2191
2114
2679
3752
2476
448
-2638
-2863
-3976
-3551
-1316
-2369
-4166
-4521
-7345
-8099
-7979
-7198
-6933
-8126
-5257
-6825
-5512
-4061
-3412
-204
-568
1766
2455
511
2446
2957
4164
5843
7025
7046
4482
4700
3991
4197
4785
5828
4768
2838
1875
702
418
-173
655
-1036
-2199
-3315
-4609
-5849
-6021
-5955
-6465
-7097
-7754
-6812
-6661
-5478
-4075
-2291
-2135
-1234
-833
-464
630
2247
3455
3630
5407
4769
4471
4313
4987
5196
5214
5276
5040
4276
3695
3869
3863
4009
3628
3918
2548
2139
1732
1833
2162
2895
3768
2566
188
-2470
-2999
-3401
-3316
-1308
-2428
-4724
-4823
-7795
-7890
-7633
-6967
-6799
-7876
-5747
-6695
-5664
-4132
-3300
-326
-838
1184
2377
38
2749
2951
4763
5821
6815
6648
4009
4873
4124
5019
5079
6392
4525
2549
1514
703
856
659
1633
-307
-1413
-3443
-4257
-5671
-5457
-5219
-5845
-6657
-7526
-6716
-6729
-5146
-3992
-2042
-1978
-1354
-880
-214
627
2216
3545
3348
4974
4632
4175
4105
5003
5050
5073
5309
5181
4227
3638
3640
3656
3777
3492
3542
2412
1967
1698
1890
2133
3148
3533
2474
-150
-2408
-2443
-2971
-2554
-888
-2507
-4759
-5299
-7968
-8154
-8067
-6985
-7404
-7912
-6182
-7156
-5915
-4626
-3311
-1163
-1169
645
1272
-386
2071
2532
4436
5607
6468
6215
3851
4596
3923
4934
5248
6415
4790
2832
1840
829
968
709
1446
-211
-1352
-3022
-4072
-4931
-4931
-4768
-5486
-6630
-7064
-6660
-6378
-4709
-4036
-2132
-2164
-1547
-651
-211
1176
2149
3446
3495
4478
4503
4097
4286
5090
5033
5246
5399
4890
4506
3683
3772
3689
3789
3482
2999
2505
1838
1359
2126
2267
2680
3601
2467
987
-1195
-1843
-1653
-2575
-1247
-1860
-4409
-4361
-6664
-7384
-7568
-7815
-7014
-8842
-6958
-7003
-7003
-4512
-4435
-1773
-1450
-826
1235
-432
1068
2485
3447
4776
5452
5858
4145
4328
4595
4897
5193
6015
4982
3015
2216
1200
1277
848
1260
-5
-1669
-2659
-3876
-4280
-4345
-4288
-5089
-6134
-6896
-6785
-6047
-4736
-3929
-2463
-2070
-1934
-776
-410
945
1785
2811
3352
3842
4463
4138
4492
5007
5128
5326
5370
4957
4583
4019
3775
3881
3915
3593
3126
2573
2008
1577
1734
2273
2772
2939
3123
2364
534
-871
-1312
-1151
-2393
-1172
-2401
-4617
-4655
-7060
-7282
-7964
-7650
-7214
-8395
-7082
-6808
-6475
-4631
-3947
-1412
-1664
-387
1097
-840
1749
2208
3715
4468
5132
4931
3478
4336
4132
5066
5057
5517
3877
2665
1503
835
1095
595
456
-1175
-2095
-3622
-3949
-4261
-4217
-4692
-5331
-6068
-6875
-5970
-5375
-4241
-3560
-2380
-2078
-1452
-676
321
1253
1847
2883
3261
4044
4142
4631
4695
5265
5409
5513
5794
4912
4983
4327
3965
4123
3913
3437
3008
2805
2357
2343
2321
2371
2600
2837
2918
2823
1515
-706
-576
-1307
-2639
-1050
-2578
-4115
-4516
-6925
-7336
-8303
-7413
-7408
-7882
-6516
-7097
-5509
-5215
-3968
-1411
-1903
-89
790
-225
1249
2023
3194
3878
4609
4606
3662
3958
4268
4738
4727
5118
3842
2583
1322
772
493
85
-193
-1855
-2585
-3772
-4347
-4309
-4599
-4935
-5425
-6046
-6628
-6090
-5291
-4679
-3788
-2899
-2228
-1346
-757
294
713
1180
2266
2727
3862
4480
4840
5025
5389
5476
5545
6055
5425
5118
4737
4202
3759
3822
3759
3021
3097
2917
2533
2238
2659
2609
3032
3605
3661
2693
-290
-345
-909
-2740
-1269
-1651
-3461
-4021
-6178
-6698
-8139
-7445
-6406
-7787
-6392
-6700
-5751
-5146
-4333
-1178
-1672
-1115
1066
-521
427
1491
2886
3786
4150
5059
3503
3718
3796
4560
4520
4979
4250
2862
1195
61
283
-457
-460
-1690
-2359
-3925
-4797
-4685
-4801
-5101
-5175
-5689
-7159
-6513
-5909
-5324
-4491
-3122
-2273
-2161
-1340
-268
16
714
1995
2610
3666
4273
4802
4597
5145
5697
5496
6170
6073
5308
4751
4287
3898
4019
4088
3538
3082
2842
2379
2576
3499
3534
4059
3993
3111
2950
399
-427
197
-1760
-1507
-1218
-3483
-3926
-5364
-6162
-6999
-7284
-6034
-7234
-6381
-6578
-5693
-4425
-4396
-1622
-1163
-1580
415
202
251
1504
2787
3776
3757
4779
3986
3667
3924
4580
4414
4277
4013
2664
1452
316
114
-686
-735
-1913
-2931
-3544
-4693
-4926
-4633
-4936
-5581
-5998
-6672
-6974
-6643
-5168
-4896
-4076
-2794
-2456
-1926
-1361
164
621
1284
2487
2965
3532
3969
4407
4967
5099
5434
5777
5418
5174
4670
4641
4208
3940
4286
3480
2718
2866
2602
2683
3462
3647
4449
4159
3422
3807
2052
16
260
-91
-1731
-1262
-1838
-3717
-4313
-5656
-5862
-7053
-6862
-5908
-6555
-6371
-5512
-4191
-4208
-3340
-759
-1506
-1154
1131
227
1256
2094
3566
3698
4064
4799
3799
4276
4175
4675
4241
4067
3259
2259
1180
151
-340
-640
-1222
-2814
-2956
-3747
-4999
-4749
-4720
-5444
-5982
-6454
-6890
-7142
-6281
-5176
-5079
-3808
-3087
-2767
-2150
-1465
279
560
1524
2330
2856
3769
3867
4724
5094
5019
5263
5433
5184
5139
4929
4950
4237
3814
4001
3029
2932
2887
2727
2889
3586
3802
4283
4463
3478
3215
879
-219
54
-1244
-1273
-1477
-3215
-3671
-4944
-5971
-6102
-6702
-5744
-6122
-5565
-5487
-5131
-3779
-3675
-2045
-995
-1396
157
582
675
1989
2715
4098
4100
4827
4307
4004
4498
4596
4638
4309
3959
2675
1508
502
-36
-530
-618
-1687
-2852
-3422
-4563
-5032
-4761
-5051
-5575
-6517
-6998
-7328
-7391
-5908
-5473
-4927
-3374
-3206
-2857
-1876
-642
303
746
2023
2490
3108
3980
4157
4718
5029
4913
5449
5492
5257
5211
4632
4282
3789
3708
3296
2904
2788
2423
2463
2867
3279
3510
4186
3724
4011
2930
-92
18
-455
-2070
-1542
-2057
-3377
-3526
-5200
-5459
-6575
-6066
-4630
-5361
-5118
-5056
-4488
-4512
-3373
-1527
-1170
-1162
915
284
889
2132
3341
4696
5000
5668
4228
4511
4437
4866
4791
4736
3900
2638
1301
6
-134
-163
-289
-1691
-2499
-3231
-4894
-5063
-4701
-5406
-5743
-6899
-7437
-7855
-7441
-6424
-5825
-4732
-3395
-3062
-2781
-1684
-612
439
999
2065
2502
3184
3360
3648
4430
4902
5006
5792
6037
5019
5112
4398
4158
3676
3899
3131
2281
2629
2109
2209
2639
3543
3310
3908
3820
3456
2431
-232
-286
-993
-2680
-1898
-3032
-3959
-3718
-5418
-5227
-6482
-5659
-4248
-5161
-4614
-4705
-4268
-4243
-3467
-1312
-1461
-727
1086
604
1630
2824
4261
5216
5906
5812
4783
4822
4808
4976
4910
4750
3460
2521
1162
24
-7
601
-268
-1527
-2077
-3502
-4867
-4962
-4906
-5638
-6147
-7153
-7861
-8032
-7291
-6925
-5753
-4463
-3626
-2976
-2797
-1581
-598
336
1074
1411
2289
3006
3048
3805
4754
5352
5531
6196
6159
5145
5221
4682
4130
3994
3676
2813
2349
2244
2112
2504
2794
3258
3841
3840
3475
3790
1896
-707
-1056
-1498
-3191
-3009
-2876
-3917
-3777
-4985
-5072
-6238
-5864
-3602
-4892
-5484
-4924
-5113
-5244
-3919
-1895
-1452
-819
1209
874
1894
3303
4611
5848
6206
5825
4315
4543
3997
4339
4848
4769
3850
3208
2191
717
971
1313
273
-981
-1811
-3270
-4690
-4990
-4983
-6079
-6172
-7210
-8030
-7599
-6963
-6561
-5880
-4179
-3566
-3989
-3217
-2107
-1764
-357
507
1129
1793
3043
3523
3868
5155
5764
6020
6244
6163
5280
5048
4339
4084
3938
3609
2690
2417
2767
2397
2880
3591
3851
3734
3931
3009
3472
2505
-486
-2016
-1768
-2905
-3903
-2212
-3622
-3270
-3686
-5032
-5491
-7266
-4647
-4583
-7001
-5808
-6166
-6497
-5342
-3357
-1445
-1270
1062
1816
1836
3143
3867
5291
5902
5569
4226
4009
3904
4120
5374
5874
5349
4922
4404
2552
1397
1890
1318
-554
-1565
-2759
-4581
-5249
-5262
-5668
-5565
-6493
-6969
-7248
-7499
-6991
-6661
-5513
-4491
-4451
-4119
-3491
-2964
-978
289
1135
2421
3350
3901
3966
4808
5711
5791
6293
6170
5131
5174
4889
4624
4764
4540
3807
3012
3089
2785
2718
3339
3312
3144
3341
2524
2761
3315
1858
-694
-2169
-1542
-3722
-3388
-2103
-4064
-2856
-4127
-5563
-6335
-7507
-4251
-5422
-6696
-5642
-6944
-6045
-4865
-3157
-1431
-799
418
964
1167
2084
3208
4318
4961
4304
3484
3699
3532
4459
5762
5632
5244
4708
3672
2231
1766
1942
1357
183
-1221
-2754
-3772
-4232
-4442
-4683
-4639
-6016
-7158
-7470
-7758
-6972
-6417
-5020
-4430
-4837
-4118
-3765
-3105
-666
490
1350
1975
2240
3181
3320
4563
5639
6261
6590
5977
5358
5466
5178
5460
5582
4692
4197
3594
3495
3297
3940
4379
4440
4077
3953
3513
3314
4226
2175
-1059
-2081
-2273
-3840
-3231
-2691
-4033
-2753
-4309
-5681
-6508
-8236
-4882
-6567
-8288
-7488
-8395
-6797
-5808
-3742
-1882
-1117
381
1027
574
1736
2775
3609
4328
3847
3461
3884
4118
5389
6777
6886
7231
6076
5403
3791
2306
2118
1573
21
-1055
-2138
-3356
-3443
-4256
-4336
-5019
-6333
-7073
-7578
-8137
-7598
-7665
-6662
-5886
-6008
-4801
-4445
-2988
-1050
290
942
1461
2126
3307
3225
4081
5203
5603
6534
6121
5914
5971
6076
5983
5543
4686
4501
4087
3934
3681
3381
3878
3954
3903
3796
3614
3766
3897
3169
1507
-1508
-2427
-1820
-2819
-1869
-1518
-2815
-1622
-3805
-4797
-5714
-7177
-4576
-6901
-7990
-7625
-8315
-6704
-5233
-3669
-2424
-1985
-1080
-776
-1137
480
1095
1194
2273
1884
2169
3409
4107
5866
6754
6704
6547
5388
4801
3837
2712
2845
1835
777
508
-1099
-1088
-1325
-2399
-3260
-5078
-5531
-6612
-7348
-6777
-7730
-7630
-6280
-6667
-5758
-5042
-4320
-2644
-2559
-1590
-1220
-907
821
1545
2242
3139
3620
5062
5437
5531
6242
6318
6294
5819
5334
5193
5273
5690
6139
5840
6027
6424
6204
6079
5665
5488
5639
4959
3559
833
-1500
-1500
-1471
-1618
-991
-2211
-2667
-2807
-5199
-5836
-7844
-7590
-7150
-9645
-9406
-10055
-9231
-6677
-5249
-3894
-3739
-3589
-2736
-2807
-1870
-428
103
1176
1598
1623
2711
3961
5676
7353
7387
7040
6012
5260
4952
4485
4441
3590
2690
2052
1309
570
-60
-539
-1110
-2339
-4084
-5298
-6445
-6745
-6774
-7426
-6982
-6763
-6259
-5532
-5540
-4642
-4201
-3873
-3313
-3120
-2145
-928
101
1236
1818
3087
3964
4262
5269
5584
5640
5805
5888
5734
6130
6406
6756
6761
6743
7105
6804
6673
6375
5929
5373
4943
4523
4201
3595
2343
335
-498
-466
-931
-803
-2112
-3253
-3570
-5074
-5834
-7325
-8579
-7987
-8827
-8995
-9117
-9065
-7499
-6539
-5653
-5308
-5390
-4587
-3337
-2329
-1487
-1052
-145
899
1565
2608
3616
4590
5929
6084
5790
5503
5168
5668
5312
4877
4471
3565
2980
2615
2167
1831
1010
-161
-1113
-2392
-3400
-4026
-4669
-4969
-5467
-5862
-5771
-5725
-5066
-4778
-4655
-4647
-4491
-4092
-3833
-2859
-2108
-1639
-668
210
999
2252
2903
3864
4457
4447
5069
4959
5241
5923
6109
6917
6980
7019
7055
6531
7152
7107
6451
5691
5218
5511
5545
4096
2206
1172
713
604
127
-1525
-2506
-2360
-2972
-3359
-5522
-6472
-6663
-7389
-7527
-8702
-8770
-8191
-6837
-5985
-6192
-6153
-5544
-4705
-3564
-3247
-3474
-2875
-2000
-1033
57
857
1793
3024
3532
4128
3723
4204
4706
4688
5108
3984
3521
3391
3508
3714
3246
2789
1916
1014
324
-555
-1304
-1710
-2233
-3061
-3606
-3976
-3810
-3473
-3534
-3516
-3982
-4197
-4293
-3926
-3258
-3142
-2548
-1994
-1361
-381
321
1175
1546
2224
3015
2981
3375
3999
4539
5247
5536
5161
5805
5448
5987
6511
6060
6691
5776
5705
4579
3640
3444
2653
2313
1869
1305
462
56
-644
-1543
-2572
-3113
-3930
-4666
-5356
-5943
-5980
-5710
-5481
-5381
-5606
-5723
-5296
-5306
-5048
-4884
-4324
-3787
-3277
-2667
-2064
-1172
-448
252
819
1160
1508
2073
2766
3132
3304
3324
3139
3529
3584
3658
3435
3128
2898
2233
1640
736
343
-96
-651
-1232
-2210
-1953
-1775
-2331
-2388
-3036
-2783
-3137
-3846
-3191
-3457
-2807
-2039
-2152
-1929
-1592
-132
321
-153
711
913
1732
1986
1534
2484
2653
4053
4148
3326
3870
4623
5627
5764
5815
4480
4584
4794
4654
3594
2989
3330
2895
3105
2256
907
-388
228
-810
-1457
-2758
-3626
-3301
-3491
-3405
-4430
-4381
-4655
-4106
-4419
-4876
-5404
-5162
-4402
-4030
-3774
-3955
-3226
-2504
-1562
-1261
-908
-607
155
694
884
978
1352
2131
2672
3038
2830
2873
3066
3208
2691
2311
1604
692
623
261
-366
-636
-624
-402
-393
-1108
-1883
-2480
-3069
-2390
-2692
-3073
-2802
-3189
-1624
-1246
-2070
-1951
-1501
-561
-132
-517
-872
-318
898
2339
1733
295
1276
2534
3602
3276
3342
2827
3964
5752
4710
4662
3760
4996
5192
4934
4175
2819
3217
4195
3967
2261
1602
503
689
383
-208
-2081
-2475
-2483
-2700
-3015
-3962
-4012
-4341
-3847
-4610
-4977
-5494
-4741
-4254
-3980
-3924
-4318
-3611
-2797
-1859
-1532
-1239
-787
-42
242
629
645
1117
1671
1984
2118
2334
2428
2696
2934
2165
1280
1033
1118
304
485
-132
-268
520
-436
-497
-1380
-2582
-1358
-1490
-2317
-2556
-2495
-2545
-1788
-1823
-1804
-1052
-1896
-827
-135
-123
-955
7
-79
209
1343
1168
368
1199
2472
2594
3703
1607
3587
3274
3365
3697
3423
3683
4246
5298
3540
4012
3167
4388
3734
3640
2620
1847
2047
1181
1328
-217
-254
-855
-1003
-1893
-2335
-2962
-2804
-2807
-3449
-3966
-4618
-4111
-4152
-3777
-4212
-3883
-3664
-3162
-2867
-2650
-2113
-1476
-762
-670
-306
-282
260
807
1089
1082
1170
1496
1962
2112
1909
1266
899
704
946
856
-428
-60
112
8
-633
-1812
-1890
-1716
-1400
-1639
-2491
-2580
-891
-1792
-2164
-2403
-1617
-244
-1362
127
-2671
-554
1106
-224
701
-1438
1317
1786
1856
1464
628
2007
3191
2807
1192
1748
2654
4166
4052
3401
2791
4131
4090
3907
3930
2654
3556
3833
3444
2136
1806
1630
2269
1237
514
-245
-763
-277
-998
-1593
-2778
-2845
-2744
-3032
-3790
-3925
-3921
-3124
-3265
-3530
-3641
-3449
-2859
-2469
-2502
-2191
-1387
-896
-330
-721
-81
206
836
1198
1127
938
1100
1665
1694
1068
1237
562
113
915
-284
549
-729
-933
-704
-1397
-1215
-2373
-2024
-2230
-1421
-2673
-2402
-2518
-1860
-1246
-1224
-1474
-2922
-170
-1324
108
-1252
-718
872
419
1710
-1434
1771
558
1617
3340
57
1762
1327
2696
2626
2905
1871
2785
3305
3781
4483
2509
3799
2563
4627
3015
3128
2493
2311
3182
1828
2065
350
1118
630
832
-1058
-879
-2024
-1725
-1356
-2764
-2558
-3546
-2457
-2991
-2667
-3312
-2861
-2691
-2433
-2284
-2679
-2065
-1576
-982
-1226
-931
-872
137
684
892
769
1110
1313
1099
1070
1170
963
1057
782
-59
307
282
520
-605
-1003
-978
-1697
-830
-1937
-2566
-1640
-2501
-1480
-2029
-2931
-782
-2687
-2257
96
-2730
-1536
-183
-821
-441
-1126
-257
161
-475
-833
645
1059
-535
914
1272
484
3568
593
658
3069
1830
3934
1992
2149
3255
4217
3723
2617
1814
3524
4571
3585
3164
1320
2872
2062
3730
615
386
744
879
1259
-1179
-969
-1447
120
-1886
-1160
-3338
-2389
-1903
-1890
-2439
-3598
-1968
-2515
-1807
-2894
-2184
-2067
-775
-942
-631
-933
-49
800
469
837
230
907
673
875
664
654
427
128
-342
1084
137
149
-171
-1109
-345
-1895
-901
-1905
-2576
-1770
-579
-1781
-2371
-685
-2173
-739
-738
-2381
-1709
-2091
-796
-378
-1171
-1917
-908
-813
187
444
-2812
1482
797
-356
1363
931
-183
1277
3048
1645
1408
341
4124
2645
2354
2495
2182
2902
3532
3310
1475
3750
2289
3364
1773
1747
1891
1521
1959
1528
376
372
1777
-468
438
-423
-370
-473
-720
-1194
-1230
-1057
-1395
-1375
-1637
-1654
-1160
-758
-1534
-1221
-1223
-775
-967
-638
-961
-789
-441
-157
-574
-286
-446
-942
-611
-969
-243
-1095
-470
-278
-978
-773
35
-1139
-1132
-839
-1089
-846
-1658
-772
-1268
-832
-703
-302
-1328
-1484
-324
-611
-134
-1492
-1743
-1177
-293
-722
-2955
-1203
737
10
-947
-771
-342
1121
959
-1338
394
-667
1880
2316
-242
1138
1921
2628
1704
1373
1229
3335
1011
2842
2676
1582
3008
1832
1681
1136
2317
219
2954
593
1121
2055
138
1155
276
684
300
951
-1306
515
-452
-128
162
-706
148
-494
-72
-913
-343
-637
158
-742
-388
-269
-480
-547
-876
-644
-670
-978
-1151
-672
-1093
-405
-1431
-869
-1058
-551
-215
-1186
-1278
-1023
-477
-1009
-814
-1895
-1161
-590
601
-704
-1910
-650
-577
940
-1426
-1174
-2532
-96
100
-2399
-1758
-1048
1971
-2911
1609
-348
-1412
-539
39
624
-1583
814
-911
2248
-1390
2307
327
-149
1924
641
1552
495
1731
87
2800
1379
633
1831
1487
210
2478
1845
160
1456
1264
1082
1618
527
107
1387
981
1663
714
-554
1026
865
168
460
-291
661
-37
954
288
512
-38
147
736
-762
64
-481
-645
-1132
-226
-406
-276
-533
-737
-591
-968
-346
-449
-1956
-203
-854
-849
-174
-1630
-580
-1191
177
-761
-998
-1185
251
-370
-1630
-927
-414
-1059
-1681
-13
-1807
-207
-1037
-339
-1895
-1239
144
-640
-369
-1327
27
-1225
1164
-565
-777
-752
360
753
347
-669
-108
1788
332
1712
-374
229
1048
2273
540
1220
-486
808
1938
395
1237
47
1684
506
1511
412
784
32
672
990
408
968
-74
846
333
1010
1145
-361
817
457
1008
652
-167
1017
-51
1118
-28
504
-222
-55
373
-275
-18
-323
291
-334
12
-541
130
-317
-959
444
-411
-984
285
-1385
-263
16
-94
-744
-554
253
-286
-238
-2282
130
-454
-238
-1308
-1135
130
-1609
967
-1625
-852
-391
-1046
788
-2121
-1112
-577
352
-661
-465
-1366
-824
1354
-528
-440
-1370
-73
1352
736
-1570
1165
-436
1147
708
-326
672
-975
2859
361
333
-1428
1337
1328
593
-708
227
1351
-105
1685
-947
568
-119
1589
-413
40
-167
1626
177
119
1143
-872
1086
516
597
-591
1410
-1136
421
63
930
-1342
1223
-326
-635
1825
-383
353
-2633
2239
-975
141
-750
699
-486
634
820
-1392
1102
-1082
733
-717
90
-309
477
-1227
827
41
-637
645
-1978
778
-651
-660
723
-926
-850
-521
95
-1123
-966
77
130
-1049
-775
70
-1642
626
-1157
-136
54
-330
724
-109
129
-162
-179
1066
630
-684
1449
460
264
384
977
-496
498
778
534
-460
869
-11
86
760
-1445
755
-270
-97
-138
929
-2218
1828
-679
-842
439
-86
405
-1888
343
575
481
-3016
2588
-709
127
11
-924
-583
-496
1075
-760
-396
163
2152
-950
795
-2128
127
498
166
-37
165
814
-214
1598
-1021
452
460
-24
270
-476
122
7
469
2409
-1034
1168
-892
-156
-284
-920
1411
-1291
121
-1263
1899
-1457
245
-323
-1685
1136
-570
-1469
-615
977
-193
1006
53
-95
670
816
-443
1731
-1182
662
2398
-288
920
681
513
648
833
-702
866
-329
799
676
-328
-830
910
-301
-946
64
-1317
259
-302
603
-2164
-330
232
-1847
-702
-532
-460
-656
-167
-61
-1687
-1642
835
-1184
-1015
-645
-1125
45
-72
92
-945
-273
54
-421
-503
-1152
352
-176
-164
1243
1356
-817
401
298
318
831
-1160
1226
2147
905
-400
801
147
869
801
668
-277
957
798
-152
-208
-947
1768
-73
-723
-54
650
-1138
681
210
-6
399
-24
-203
68
1372
-457
1393
-500
1071
2117
110
-446
1022
1375
811
316
111
1470
1198
648
-592
237
722
294
-494
1077
-605
-72
1276
-1430
-765
11
-1317
182
-1148
-1008
1286
-1818
-915
-1419
-1017
-786
-1433
-1443
-1622
-219
-698
-418
-1670
-1902
308
-163
-2810
-2561
623
-1059
-541
572
-1363
121
66
-1995
879
192
-2877
2183
422
295
455
-342
1208
1579
-4
-701
2323
12
956
1086
-39
277
2069
163
886
215
182
1754
-1770
200
315
696
-1000
1970
247
-528
1210
38
-264
-385
1861
-1183
268
831
2513
-1151
738
1472
652
351
330
1204
-1155
2677
-254
1189
-490
1250
-157
772
1296
-430
139
-289
1449
-1572
172
202
1458
-2076
-739
641
-766
-621
-2164
-152
617
-2817
-240
-354
-2308
489
-2644
-925
-2179
78
66
-2883
-452
-930
-1325
-892
-2289
-604
453
-1036
-294
-1458
97
654
-34
-1513
482
141
0
1182
-172
-276
1311
2043
1079
176
-631
3003
-151
837
622
-255
1492
563
1300
-180
1064
15
1715
-664
290
338
-867
1703
-169
689
-359
1468
-1711
1549
454
-825
1283
-758
3191
-1530
834
-1
80
1296
243
880
172
768
753
503
88
1256
-544
783
125
977
-944
521
830
-377
429
-873
249
-1299
-869
351
-65
-2227
733
-1367
-1500
-704
-1895
-114
-2422
-297
-336
-2517
-1546
-1083
-1584
-1665
-1135
-246
-1299
-600
-1412
-807
-1247
-140
-678
-1357
1076
-1235
1165
-607
59
160
1092
56
700
427
503
2022
-1166
2279
1099
245
171
1282
806
364
50
2003
1217
-979
1708
812
-811
1067
651
-848
1025
369
637
307
111
636
909
20
771
-95
-577
1247
953
694
321
101
1153
1155
539
-163
443
1074
1569
1766
-2586
1181
1667
131
1234
-361
-342
1967
345
-2364
808
-1143
147
285
-881
-717
75
-1623
-1006
-840
-2573
-389
-1233
-862
-2414
10
-1503
-1493
-1974
-1168
-137
-2737
-824
-1040
-1562
-449
1078
-2881
-1137
317
48
-1306
-730
-159
178
1135
110
70
-921
1331
1119
162
-391
1408
723
1322
583
319
121
-60
2348
-246
1230
266
171
2162
-935
344
-17
258
775
635
760
-501
613
-56
1676
-59
-579
1001
606
699
970
-484
300
1807
-96
778
186
1020
1830
790
718
470
105
1141
1289
-870
426
1992
546
500
-468
-112
512
-640
-703
646
-1055
-948
753
-1710
-482
-1497
-680
-1482
-1967
-812
-1696
619
-2538
-1613
-515
-1868
-331
-2725
-1577
-708
-1434
-429
-1472
-549
-693
-284
-1038
-885
-479
-508
594
-977
653
446
239
-63
736
577
215
1525
427
-257
552
1188
476
1086
-42
1057
1103
677
332
-333
419
526
1279
-384
-776
1319
1196
469
113
-712
298
816
257
243
204
516
1175
643
-1096
789
1177
31
1305
478
968
538
422
1182
1168
-38
546
1185
238
14
417
1697
-43
1577
-849
-218
1215
-1605
-6
-969
-776
314
-297
-1493
-136
-336
-793
-1847
-473
-1877
-1255
398
-2961
-603
-1673
-387
-985
-767
-605
-1463
-920
-1499
-199
-1629
-5
-646
108
173
-790
-17
-70
784
-882
517
328
54
1088
379
244
818
-43
1291
96
115
680
-121
1539
-794
669
2
-14
412
650
66
-290
195
-266
885
-821
-476
503
-7
537
641
-493
147
1164
-14
-9
-49
609
1280
514
1206
-118
1092
737
522
1373
-31
1492
241
78
1903
707
150
585
415
248
-13
-108
-449
244
1061
-621
-1190
-358
59
-815
-659
-725
-1205
-671
-823
-256
-1775
-1438
56
-1342
-1665
-959
-1311
-150
-899
-441
-263
-2878
-313
1116
-1165
-1494
-334
11
880
-35
-624
-705
430
1960
446
-1285
-461
1851
732
81
-3
-765
1431
1467
130
-1100
257
1028
306
553
-1693
561
-411
1245
-41
-1797
446
764
1054
-831
86
-481
273
457
1292
-751
-239
1582
1030
117
-126
1879
-27
678
1892
503
-259
1059
1221
404
1243
1186
284
376
513
1556
-384
-733
915
20
1740
-736
-182
-1311
1278
188
-1834
86
-2315
1563
-1158
-852
-1170
-927
-588
-770
-1655
-1319
113
-1713
-728
-1314
-815
-255
-1851
-838
-109
-2275
833
-31
-775
-883
333
-251
-762
34
428
320
-779
1489
133
-368
266
1337
-669
63
623
3
74
-401
1229
362
-463
-26
132
-516
205
528
-833
95
-136
876
167
-666
1000
-405
836
501
153
-36
687
1153
-181
377
1163
234
1078
1117
1193
811
-410
1518
572
646
969
97
575
1653
258
760
591
239
917
393
-250
390
-634
347
1072
-1506
614
-849
-212
-795
231
21
-1943
-657
-674
-354
-1679
-594
-1672
-1266
567
-982
-1817
-436
-976
-858
-719
-1719
-198
-875
-932
833
-206
-899
-3
-264
-667
192
841
-1396
889
133
-420
1558
-888
557
-258
-110
948
-234
-534
-137
843
417
-294
-495
-433
758
-659
624
114
-174
447
762
769
-1055
1088
-1061
1079
550
-24
548
863
558
526
614
-572
1637
440
798
645
1018
-463
853
143
1433
1132
-370
1499
441
847
502
-360
396
394
139
962
-1412
1137
-55
-43
-63
-84
-474
-1092
-189
-858
224
-1597
-55
-1075
-348
-235
-1216
-1477
-608
-1005
-692
-208
-1717
-797
-386
529
-2007
-482
-307
244
-82
-331
-148
-841
216
-112
592
-1160
1041
1009
68
-354
84
194
-353
480
-212
-137
518
728
-813
526
-772
626
357
-1099
1314
-149
698
-472
349
392
65
233
-685
1754
-422
292
1182
-567
598
459
81
171
538
1352
305
152
901
574
-52
545
818
909
466
492
1348
-887
1067
942
262
152
-196
879
138
437
-453
7
-483
1094
-672
-664
-634
-412
1099
-1142
-276
-1937
-269
44
-711
-1484
-1002
-1307
-350
737
-1409
-1027
-1388
-54
-472
-805
-868
-560
-103
480
790
-1352
-1610
1332
-347
-232
608
-149
-64
-215
998
-411
-235
-837
663
130
-445
224
358
106
-644
697
-10
180
-77
-36
-57
78
979
282
-851
959
847
-402
349
-555
309
622
-37
858
221
480
865
-47
670
-147
534
706
-104
912
651
898
353
653
462
1003
-58
309
341
-10
1088
286
167
-787
864
292
917
-901
-349
-118
-257
516
-636
-600
-652
825
-1095
-527
-1661
-391
205
-1130
-520
-1189
-524
-315
-1070
-545
-889
-712
-102
-570
-335
-1004
88
61
-468
-560
-334
289
-257
384
392
-1269
439
166
-507
2
-392
527
-260
-38
-245
41
-117
510
117
-409
-52
-217
1358
-310
-40
82
278
230
-49
349
-152
427
739
1083
-585
309
33
199
499
654
-76
-287
1510
919
47
-428
536
786
856
-572
982
252
354
614
226
50
236
728
-186
185
-679
1689
-316
40
-204
-95
598
-783
-101
-338
248
105
180
-1587
-139
-406
-781
-279
-577
-389
-712
-55
-464
-364
-1700
-163
-393
-737
737
-1380
-239
361
-22
-299
-562
389
-66
-266
294
230
-880
713
-295
-567
344
-282
930
-908
-56
188
458
-13
-493
-174
-308
678
-127
388
-45
154
-64
1143
-304
-258
554
318
86
81
534
-158
1242
-46
736
-557
94
989
43
63
149
599
946
457
-686
467
283
761
222
-192
-372
835
795
-489
113
77
392
462
68
-437
194
-63
204
-169
-684
605
-381
-377
173
-657
-528
-391
-378
287
-539
-749
-519
-491
-84
-435
-586
-1347
435
482
-457
-814
-114
263
164
54
-779
198
-36
773
-32
-402
207
273
531
-42
-716
277
98
332
-349
-258
846
-757
455
-595
-178
468
78
-207
-584
510
653
-107
-1027
929
798
-63
457
-413
-33
280
635
314
-813
87
1138
-2
322
313
-497
242
345
455
-762
165
63
940
446
-376
-342
-152
996
-139
377
-753
528
-67
-109
247
-587
-225
350
430
-504
-669
-179
502
-583
-224
-264
32
-621
-328
-134
-29
-142
-472
-715
-461
525
-832
-341
-461
267
457
-457
-258
-187
63
315
-45
-368
382
746
33
-36
456
-138
305
358
-34
227
173
-52
275
222
-20
-138
-171
413
-40
-114
214
-110
455
318
421
-260
-7
584
-457
683
-416
-127
1153
383
-233
-118
-159
396
126
-141
223
-377
494
190
229
-980
495
955
-661
306
-112
-151
515
352
-290
-54
-530
372
-213
-226
-89
-134
783
-404
-279
-768
-208
424
-359
-634
-188
-27
647
13
-801
-878
-98
535
-1000
-175
-545
-89
292
-350
-214
-859
572
-33
-495
-129
-86
-134
-470
564
100
13
166
392
-83
-12
-230
-276
183
244
343
-386
-523
675
252
-303
92
-585
462
430
674
-976
-54
994
476
-300
-602
628
-111
1015
230
-35
-149
-237
343
-197
-371
668
95
-604
196
482
305
-334
-534
-91
693
76
-407
-476
32
768
164
-722
-184
-86
354
86
-732
-154
-495
289
225
-871
-8
255
-427
232
38
-614
-89
291
-226
-663
3
202
73
-381
178
-203
-122
43
-145
-118
-466
-9
288
50
-530
535
237
162
195
434
-345
104
392
-153
426
-539
540
490
41
563
-223
-36
401
-408
296
161
-262
202
684
516
-31
-149
498
677
83
220
16
-5
793
498
-409
-48
200
1032
-111
-350
-292
28
100
54
293
-86
-395
-45
555
-616
31
-281
522
80
-108
199
-350
-580
129
-80
-531
46
-79
385
-586
-123
-201
-146
-468
-113
-85
-168
229
44
-413
-353
533
104
43
-164
-364
55
516
-272
-517
-161
479
144
-138
-567
90
735
117
168
-231
-141
58
234
341
131
-227
675
309
189
559
196
-376
-166
94
550
276
-354
387
217
225
-116
283
-329
415
804
1
396
15
-446
290
216
182
711
-461
415
-20
160
328
-614
-483
-182
-32
-308
98
-171
197
-220
-58
234
-746
-453
-155
-294
73
-342
-391
123
248
-497
-404
-483
-300
218
-489
-272
-691
-160
-449
-449
-168
60
56
120
-423
-659
9
-172
24
-510
-436
-55
505
-282
-379
-359
499
242
-547
-152
-713
-194
553
-91
-173
-54
-60
503
36
39
-245
17
151
581
-332
-405
340
246
736
-54
-436
320
692
-34
-149
-497
269
417
-59
641
-76
-163
460
193
48
86
-47
315
-180
-217
166
90
323
-16
14
15
-156
-344
-30
-345
-81
61
-345
-97
-282
-75
-108
-224
293
-133
-656
-310
-618
250
261
-551
-43
-295
-298
437
-453
-525
-248
4
32
-682
74
-264
-274
1
295
-27
-297
-68
-204
70
-99
-335
-170
552
-297
284
-23
-162
632
-371
171
-269
-285
582
33
-450
432
542
286
-132
-54
399
475
594
-539
57
654
381
248
-327
486
1035
1098
34
-151
395
350
677
17
-31
197
1263
388
345
220
481
747
-230
219
-571
472
225
194
125
410
487
450
-431
-256
-75
-717
780
-479
-50
166
178
-137
162
-248
-329
-211
-203
269
-644
-187
-150
381
-41
-334
-455
191
-98
-340
3
-188
-143
-106
-179
-388
72
80
50
-386
40
-296
-391
-92
-76
-271
-192
-175
-177
-154
-318
97
-113
-79
-418
230
-214
-273
167
-226
6
276
419
-11
201
-317
-17
-77
171
432
-46
375
416
649
-110
-31
403
289
499
205
162
394
456
435
335
485
71
243
157
-7
140
-142
80
183
240
-277
188
-90
-274
133
78
-280
-358
-3
-149
91
-321
-324
-192
35
-129
-119
-102
-524
-135
-246
-146
-100
-423
-65
-278
-266
-219
-117
204
188
372
-566
-388
-191
-383
-190
-29
-254
-29
213
-215
-265
-532
30
-259
-413
-523
-504
-38
112
-268
-447
-219
-161
0
-426
77
186
51
-59
-577
-434
231
282
-13
81
177
629
553
-4
57
119
168
354
91
125
671
1062
491
350
125
261
871
347
-20
317
620
157
-10
-53
368
668
343
-14
-302
65
95
24
-276
-333
192
269
-363
-564
11
114
27
-317
-183
91
3
-144
-551
-620
188
370
-257
-260
51
358
184
-1
-343
-229
190
184
-496
-527
-46
361
527
-147
-323
-325
33
-367
-471
-577
-31
191
-315
-168
-583
-171
-63
-329
-439
-329
-388
-242
-126
-282
-265
-219
-175
-132
-241
-77
32
-2
116
320
348
-90
143
71
273
449
409
267
559
503
473
270
22
671
403
450
-11
124
386
292
333
79
107
596
369
13
-358
-264
320
196
114
-538
-17
151
345
-105
-400
26
72
285
-290
-471
-359
227
111
-76
-137
11
403
68
-167
-245
-121
236
98
-22
-162
-141
156
69
-61
-195
5
265
134
-289
-284
-430
-198
-201
-270
-338
-344
107
220
-102
-629
-481
-400
-163
-353
-372
-528
-110
147
-120
-320
-557
104
136
-47
-236
-292
-18
355
91
45
-93
124
495
341
274
140
393
382
430
137
141
292
463
424
318
324
296
505
313
349
330
221
181
5
154
287
68
85
54
104
213
134
-37
-95
23
73
-9
-253
-246
89
149
-59
-191
-38
116
66
12
-89
28
93
60
-167
-48
51
83
-22
-160
130
52
-66
21
-45
-221
-108
-199
-318
-407
-353
-331
-269
-274
-205
-187
-287
-300
-460
-434
-510
-441
-468
-314
-254
-166
-216
-244
-172
-141
-78
-155
-165
-211
21
-121
44
60
85
298
220
213
184
299
308
398
222
185
171
274
304
345
340
182
525
334
283
189
72
224
67
91
45
169
223
112
134
99
183
62
4
74
59
29
53
9
-61
36
116
121
16
11
-38
28
20
10
-69
-66
42
-103
-116
-11
-30
-123
-85
-132
-26
-56
-102
-202
-221
-149
-188
-263
-323
-154
-259
-201
-229
-304
-300
-252
-211
-272
-303
-318
-295
-334
-206
-247
-192
-230
-236
-108
-48
-62
-173
-118
-42
7
-68
-77
-39
76
114
97
52
88
225
301
194
102
164
151
242
183
153
167
276
374
246
177
217
336
314
221
98
39
63
196
263
88
102
159
225
233
47
-62
-16
65
54
-15
-25
-4
25
125
56
-43
-52
35
83
-7
-39
-54
-29
-35
-90
-55
-36
28
41
-88
-45
-92
-76
-86
-151
-139
-157
-42
-106
-125
-172
-200
-111
-115
-135
-155
-172
-115
-141
-229
-249
-252
-116
-121
-160
-150
-166
-70
-86
-120
-77
-94
-10
-73
-97
-81
6
31
-8
130
69
133
75
69
104
98
144
115
140
129
126
166
170
146
198
196
226
134
101
175
90
92
69
124
154
117
177
67
96
90
65
90
51
33
-24
54
20
17
2
19
110
59
66
48
-9
-16
10
-4
5
41
13
29
26
32
1
-19
31
-13
-7
-41
-58
-55
-95
-100
-60
-109
-82
-46
-120
-84
-128
-110
-98
-152
-226
-197
-101
-127
-138
-147
-101
-74
-117
-135
-115
-93
-88
-53
-73
-53
-57
-14
5
37
70
-33
134
93
35
50
26
137
117
91
99
129
190
112
14
70
109
172
64
75
120
55
72
72
-3
30
62
62
119
2
62
-8
37
47
-55
38
-2
50
16
53
60
-8
20
55
63
-19
-3
27
41
59
73
15
55
46
1
17
-12
40
12
30
3
-4
-41
-27
2
-40
-58
-103
-62
-52
-114
-119
-87
-70
-63
-141
-57
-107
-120
-95
-77
-78
-118
-46
-50
5
-85
-53
-52
-40
5
-8
1
10
-10
33
47
-11
26
5
124
63
19
13
33
143
67
16
-14
42
118
42
17
30
68
93
-26
-35
-17
-10
70
-4
-58
-32
-11
39
-80
-95
-66
3
-17
-43
-71
-37
51
-2
-13
-77
33
14
40
-47
-27
44
16
65
-24
87
74
45
24
2
-9
27
41
4
13
-26
58
39
-41
8
-1
39
-7
-80
-5
-23
15
-67
-64
-4
-29
-19
-47
-12
-15
-3
-49
-54
-63
-36
-39
-11
-15
-19
42
9
63
-34
-13
33
21
6
3
76
68
57
39
74
61
40
18
42
56
-8
-5
-13
1
-29
-40
-7
-47
-35
-89
-46
-51
-124
-110
-103
-67
-111
-140
-97
-66
-100
-107
-85
-55
-79
-92
-94
-27
-61
-113
-49
-39
6
-76
-29
14
-5
-6
-4
12
-12
13
58
88
7
25
63
96
60
-9
39
78
85
16
7
48
51
35
23
2
17
11
27
45
-14
10
35
69
40
-7
26
54
85
20
4
58
79
69
57
48
69
72
55
76
28
40
38
31
42
-9
10
16
-1
-6
-37
-19
-35
-57
-49
-65
-70
-70
-90
-93
-81
-89
-83
-111
-89
-117
-129
-124
-131
-91
-130
-124
-79
-76
-95
-90
-72
-41
-65
-63
-53
-38
-7
-9
11
31
38
62
78
61
82
72
96
136
107
107
129
139
143
127
121
120
144
141
134
106
100
154
113
132
96
126
156
138
157
94
130
171
164
134
125
136
167
165
140
130
158
185
162
130
83
134
108
107
88
60
88
65
90
44
29
19
37
23
-25
-49
-48
-28
-72
-86
-114
-112
-110
-149
-153
-179
-169
-207
-184
-156
-235
-206
-216
-156
-199
-234
-191
-181
-143
-191
-190
-176
-143
-122
-128
-121
-124
-72
-39
-73
-58
-91
-10
-10
-45
-20
-35
44
24
-6
8
35
58
8
17
29
36
66
32
53
45
73
86
53
59
89
82
99
69
81
124
90
150
83
126
155
130
137
117
145
154
136
149
137
128
158
128
117
80
108
100
36
43
45
23
2
-45
-38
-53
-68
-79
-130
-160
-141
-166
-201
-231
-249
-208
-260
-258
-294
-286
-248
-272
-303
-304
-259
-263
-266
-284
-251
-248
-237
-210
-223
-220
-206
-160
-187
-177
-158
-157
-109
-142
-97
-98
-100
-64
-70
-38
-49
-55
-22
1
4
-14
-26
39
38
19
10
50
82
60
79
65
84
130
115
128
132
141
207
181
186
218
221
272
241
231
301
282
312
278
281
353
319
303
284
305
320
268
236
238
226
222
164
140
124
118
97
27
25
5
-15
-35
-88
-104
-84
-124
-146
-181
-187
-154
-208
-230
-229
-202
-199
-234
-261
-214
-186
-204
-210
-236
-167
-136
-175
-183
-162
-98
-93
-133
-123
-101
-54
-60
-62
-90
-44
15
-27
-48
-38
10
17
-11
-32
15
-1
43
10
-12
62
44
72
44
65
118
107
119
134
170
198
200
244
239
255
308
315
312
338
355
401
357
365
419
381
426
389
375
406
382
377
347
330
334
318
286
247
234
196
196
169
120
77
75
79
7
-35
-50
-62
-107
-119
-145
-186
-178
-191
-217
-226
-257
-231
-252
-252
-247
-246
-237
-229
-212
-236
-214
-208
-187
-198
-170
-162
-162
-161
-145
-126
-179
-133
-137
-151
-123
-167
-119
-141
-164
-104
-145
-152
-130
-140
-113
-120
-136
-103
-123
-68
-99
-105
-66
-72
-28
-49
-36
-3
6
61
31
41
92
81
142
103
123
176
185
197
178
193
233
223
224
223
217
243
232
208
182
200
197
158
114
116
84
76
31
-31
-29
-38
-70
-141
-166
-170
-174
-242
-265
-284
-277
-274
-340
-332
-339
-321
-341
-360
-356
-366
-293
-337
-354
-323
-315
-280
-297
-314
-265
-253
-246
-238
-270
-200
-202
-212
-195
-203
-177
-162
-169
-159
-159
-148
-136
-137
-139
-133
-115
-114
-87
-123
-105
-72
-79
-64
-63
-49
-31
-3
6
12
32
60
90
103
114
127
175
202
205
211
245
285
280
319
316
325
360
345
355
365
364
367
348
344
350
325
324
300
287
271
254
228
218
175
160
182
87
110
60
60
38
-32
17
-30
-41
-45
-72
-74
-63
-98
-78
-111
-87
-72
-126
-60
-96
-86
-78
-66
-63
-96
-38
-66
-54
-26
-24
-30
-14
-21
-12
7
-38
-13
-1
-8
-24
-23
-15
-19
-45
6
-34
-59
16
-30
-49
5
-3
-12
8
13
47
26
48
87
75
84
133
120
149
182
157
208
212
227
254
211
267
261
260
287
229
278
291
243
274
253
217
280
203
217
170
187
223
62
138
125
50
62
43
-22
0
-40
-41
-76
-133
-48
-161
-113
-136
-180
-130
-190
-171
-197
-190
-190
-202
-198
-180
-193
-188
-183
-202
-157
-181
-157
-185
-173
-161
-183
-134
-154
-178
-156
-132
-159
-157
-157
-127
-185
-132
-154
-188
-121
-181
-118
-173
-157
-114
-150
-111
-130
-124
-65
-117
-81
-63
-88
-20
-50
-4
-40
2
61
-19
61
63
55
119
76
126
125
92
192
136
143
189
127
205
147
162
202
92
180
155
100
136
90
111
86
16
111
4
28
61
-51
32
-44
-5
-15
-112
-22
-58
-100
-51
-107
-106
-66
-113
-84
-123
-123
-61
-127
-102
-100
-107
-93
-116
-92
-86
-95
-100
-49
-98
-134
-33
-80
-100
-73
-78
-26
-107
-70
-50
-95
-39
-74
-77
-53
-89
-75
-41
-98
-57
-81
-53
-43
-88
-17
-75
-13
-27
-51
7
-8
12
3
41
40
51
38
82
82
41
125
110
99
98
130
121
110
123
131
115
92
154
91
123
92
90
145
81
107
66
92
90
44
80
56
60
75
25
50
55
35
32
15
37
20
26
13
12
-11
9
32
-24
-16
-6
16
-9
-16
3
-7
-7
-7
-10
-15
-5
-9
0
-45
-6
-19
-47
-19
-84
-16
-42
-95
-41
-46
-94
-58
-66
-83
-46
-110
-22
-82
-101
-2
-106
-41
-15
-69
-6
-29
-12
3
-41
39
20
-14
51
47
38
18
80
79
18
93
85
79
78
89
113
80
79
118
97
75
99
97
107
54
88
103
66
64
66
89
41
89
86
20
122
58
47
104
39
98
36
46
124
4
76
91
29
65
23
88
64
1
74
51
40
41
8
50
15
1
0
7
-12
-23
6
-47
-33
-43
-23
-67
-70
-36
-96
-95
-66
-108
-104
-77
-127
-92
-117
-87
-92
-121
-51
-101
-121
-71
-93
-80
-100
-99
-39
-107
-59
-44
-68
-34
-58
-28
-25
-41
-13
10
-33
13
6
5
36
-29
43
20
-9
31
3
-2
37
9
1
29
-12
31
17
3
15
9
25
31
5
23
48
3
49
47
20
40
32
32
29
49
5
44
40
7
25
-7
57
15
-28
19
37
-15
18
8
-1
13
-25
32
-24
-9
18
14
-35
-13
16
-45
-25
-42
-32
-40
-64
-43
-43
-95
-46
-49
-110
-41
-79
-73
-67
-70
-48
-104
-25
-51
-86
-53
-22
-26
-76
-1
-26
-37
-4
-29
-1
-20
-19
22
-48
8
4
-38
33
-60
-2
25
-58
16
-19
-1
33
-37
28
32
-7
66
5
35
65
6
73
36
50
36
56
78
16
63
65
29
36
54
64
47
38
59
57
53
53
36
60
91
48
49
90
66
60
82
73
75
66
95
67
56
78
51
48
43
56
14
38
41
-1
35
28
-7
9
37
-9
-6
12
-3
8
-28
6
12
-28
2
-6
-17
3
-26
-20
-14
-27
-33
-54
-12
-60
-13
-49
-68
-16
-82
-27
-73
-70
-46
-63
-67
-64
-82
-59
-56
-88
-33
-70
-49
-60
-54
-43
-69
-40
-55
-51
-40
-60
-53
-41
-48
-43
-43
-37
-38
-20
-40
-8
-6
-52
24
-12
-22
38
-28
35
6
-17
56
-22
20
19
-7
21
10
10
9
14
27
7
-2
29
13
0
-1
26
9
-8
22
6
19
14
6
2
37
1
-23
21
-5
9
-26
-11
-7
-21
-18
-27
-37
-29
-23
-42
-48
-47
-8
-46
-56
-34
-39
-31
-53
-63
-1
-62
-48
-12
-69
-41
-40
-65
-56
-35
-69
-26
-68
-40
-13
-96
19
-26
-85
27
-22
-24
-11
6
17
-22
29
16
16
22
16
52
33
17
37
17
59
42
8
77
52
21
69
60
64
75
61
93
64
79
85
95
92
67
126
87
88
94
98
130
66
87
133
76
82
107
69
111
76
47
99
52
60
59
45
64
16
42
53
31
27
9
58
22
6
31
-4
6
1
-34
0
-10
-44
-9
-35
-23
-44
-41
-28
-66
-55
-54
-49
-70
-78
-41
-55
-95
-86
-46
-61
-101
-71
-65
-66
-86
-66
-52
-83
-48
-76
-40
-51
-82
-30
-59
-63
-52
-49
-51
-37
-38
-35
-8
-28
-14
5
4
36
3
7
63
16
31
49
39
60
22
57
69
20
78
63
48
92
46
79
89
53
90
73
76
61
76
98
59
71
67
96
58
48
92
50
62
46
34
78
26
17
40
16
27
-6
8
23
-27
-3
5
-24
-29
-18
-19
-57
-29
-53
-57
-38
-70
-76
-72
-71
-94
-95
-92
-77
-97
-88
-92
-91
-93
-108
-82
-106
-91
-92
-95
-84
-101
-95
-70
-83
-91
-60
-57
-73
-62
-44
-47
-50
-52
-28
-44
-45
-4
-37
-28
-1
-31
13
8
3
28
21
47
22
39
58
46
58
50
66
60
75
70
77
82
67
78
77
81
68
78
87
75
72
89
59
72
49
54
76
47
63
48
49
53
47
33
60
22
23
32
13
5
-9
23
-33
-36
-23
-47
-22
-61
-57
-48
-76
-65
-69
-83
-66
-70
-87
-79
-90
-78
-101
-79
-76
-117
-66
-76
-127
-67
-103
-103
-70
-114
-50
-107
-57
-62
-88
-41
-75
-38
-55
-30
-41
-19
-13
-25
1
-23
25
9
-1
45
21
27
63
32
47
65
41
50
70
64
53
88
79
58
90
99
68
92
96
85
99
85
102
87
98
95
95
107
83
102
80
96
86
71
75
64
60
56
64
49
27
48
40
19
41
1
21
6
-3
-5
-6
0
-48
-7
-26
-54
-21
-45
-54
-35
-64
-53
-59
-76
-65
-66
-68
-97
-64
-85
-91
-76
-106
-55
-92
-82
-64
-65
-51
-63
-38
-58
-29
-32
-36
-20
-9
-29
-5
5
-25
15
-13
1
-3
10
20
6
29
13
31
50
35
38
65
54
56
69
70
77
82
83
70
102
77
69
75
70
86
46
69
70
44
53
63
42
28
51
36
9
42
33
7
23
20
-5
7
25
-29
10
-6
-10
-17
-38
12
-52
-31
-44
-64
-49
-51
-61
-76
-68
-76
-92
-92
-80
-103
-75
-92
-101
-70
-102
-75
-72
-91
-47
-88
-73
-49
-76
-31
-55
-64
-36
-46
-45
-43
-25
-31
-32
-14
-15
0
3
-1
10
4
28
20
22
41
21
60
39
50
62
57
75
48
76
66
74
67
66
76
63
74
57
71
61
67
64
62
55
44
63
48
54
54
52
51
39
49
47
41
53
5
28
32
-13
19
-5
6
-22
1
-3
-27
1
-32
-22
-47
-26
-34
-56
-43
-45
-57
-61
-40
-63
-70
-39
-74
-65
-48
-81
-53
-69
-48
-72
-48
-45
-72
-21
-54
-45
-24
-38
-38
-7
-32
-14
-25
-19
7
-23
13
-2
-14
6
17
-9
16
28
-3
16
12
6
7
-1
23
13
0
34
-3
12
40
11
17
25
29
23
9
31
24
17
30
6
33
11
27
32
-23
50
-3
4
30
-18
35
16
-8
25
11
-7
37
-13
14
26
-6
30
-7
32
20
-6
34
1
13
14
-12
10
-11
0
-5
-25
-10
-26
-23
-24
-37
-12
-35
-23
0
-33
-8
-19
-22
-6
-21
-4
-4
-12
15
0
-1
12
-8
17
-7
7
6
-26
21
-11
-20
-1
-12
-1
-23
0
1
-22
10
0
-9
19
16
-4
12
8
22
2
9
24
-10
28
1
5
17
8
6
-4
-2
12
7
-18
12
-18
6
12
-25
18
-11
1
2
-9
9
9
-13
5
4
4
25
-22
21
-6
-6
0
-13
11
-16
6
-22
-9
0
-29
-9
-13
-6
4
-15
2
0
-5
12
4
-10
23
28
-9
27
8
19
17
12
16
8
11
3
9
-13
13
-5
-10
-3
-4
-19
-6
-7
-32
1
-23
3
-13
-21
23
-19
6
3
-7
13
0
-5
1
-8
3
10
-21
3
-16
-4
-14
-9
9
-22
18
-12
5
25
-4
23
15
15
22
9
19
18
25
12
20
19
17
15
8
29
1
25
9
5
20
19
5
6
11
10
9
-8
23
-1
13
13
14
10
16
25
7
15
7
8
-8
8
-4
-7
17
-9
7
13
3
13
2
14
7
8
12
13
9
5
21
12
17
1
20
6
-7
10
-23
7
-10
-8
7
-16
9
-24
-17
-3
-17
-11
-18
-13
-4
-19
-8
-12
-31
8
-15
-12
-2
0
-7
-14
3
-5
1
-11
-6
-6
-16
-2
-4
-13
-4
-8
-14
-9
6
-11
-10
-1
-6
-7
-3
-7
-4
5
-4
15
-6
13
2
6
8
-5
28
-4
0
25
1
8
7
-2
8
-2
12
-8
2
7
2
4
2
14
9
10
19
5
13
19
6
11
1
13
1
2
8
5
-2
3
3
-4
-9
-2
-7
-11
0
-7
-4
-6
0
-6
-1
4
10
-5
7
2
-7
3
-13
-7
-11
-19
-5
-20
-25
-8
-25
-17
-14
-17
-10
0
-9
-1
-21
-9
-10
-17
-8
-21
3
-18
-3
-3
-16
-9
-16
-15
-19
-18
-15
-26
-9
-1
-19
-9
-6
-9
-5
-5
3
-8
0
3
-5
7
-7
15
7
9
28
18
11
17
19
25
13
9
17
0
15
5
-2
16
3
0
14
-9
8
-4
-1
-6
-10
-1
-11
0
-8
-10
-3
-12
-15
-10
-12
-19
-17
-17
-25
-14
-22
-9
-28
-13
-30
-32
-16
-41
-20
-28
-26
-25
-23
-22
-14
-27
-6
-15
-18
-2
-3
-4
-12
0
-10
-10
-12
-12
-11
-17
-14
-19
-26
-11
-16
-16
-16
-10
-16
-11
1
-15
-1
-7
-2
6
1
13
7
13
3
0
11
5
8
7
6
5
11
0
7
9
0
15
13
13
16
18
14
18
18
17
24
24
24
22
19
21
13
15
9
21
10
14
13
5
20
1
15
6
8
7
5
5
0
3
10
6
6
21
10
13
7
12
15
3
10
6
3
10
-3
3
0
0
-6
-1
1
-13
3
1
-3
-7
-5
-7
-3
-16
-9
-6
-23
2
-9
-6
-12
-9
-2
-25
-3
-8
-5
-10
-4
-6
-9
1
-13
-9
-13
-5
-14
2
-2
0
6
5
19
6
19
18
9
20
20
22
21
14
22
18
13
12
11
4
9
5
9
0
-1
12
-3
6
2
9
-2
9
11
7
16
11
22
13
19
16
18
18
16
10
9
15
5
5
6
-3
-6
-3
-6
-4
-3
-8
-6
6
-4
4
6
3
10
3
21
10
11
14
6
9
3
12
0
3
11
5
-4
13
0
-3
7
-6
12
3
12
13
10
5
12
12
6
19
9
15
10
18
20
15
20
17
13
9
16
9
4
20
5
19
3
1
5
-3
6
-4
6
0
3
-6
3
8
5
8
2
3
5
4
0
17
9
6
9
-3
4
1
-5
5
-1
2
-4
2
-7
-6
-2
-3
-8
9
9
-6
5
-4
6
-2
-2
-3
-10
1
2
-4
-7
-6
-8
-13
-7
-12
-4
-11
-11
-7
-14
-6
-15
-9
-14
0
-3
-3
-2
2
14
-3
3
-1
-18
-6
-6
-7
-16
-11
-16
-13
-9
-16
-4
-7
-3
-8
-1
-12
-7
-8
0
-4
-14
6
-10
-12
-9
-7
-9
-8
-6
-6
-2
-7
-4
-10
-10
-8
-10
-4
-9
-5
-6
4
-8
2
7
-6
4
-5
-3
-7
-3
2
-1
-2
-3
5
-7
-2
2
-13
3
-8
1
0
4
-1
2
2
-3
5
-9
4
-2
5
-5
6
-4
-10
-3
-12
1
-14
0
-4
-7
-2
-12
-3
-15
-6
-14
-27
-9
-30
-23
-21
-15
-12
-18
-15
-16
-21
-13
-5
-14
-8
-16
-9
-23
-12
-19
-18
-6
-30
-11
-23
-17
-13
-25
-10
-30
-12
-15
-28
-10
-19
-16
-17
-7
-7
-15
6
-9
-5
16
3
12
11
12
18
9
22
18
10
15
2
5
6
7
3
9
13
0
29
13
5
26
7
25
19
20
32
10
22
21
9
22
21
17
19
19
23
12
27
16
20
22
6
20
4
14
12
7
8
4
19
-1
3
11
5
15
1
8
3
-6
3
1
-10
-10
-7
2
-20
-6
10
-16
3
-13
-1
-8
-10
6
-9
1
-3
0
1
-3
6
0
9
9
7
21
3
24
10
22
19
5
38
3
17
21
4
14
19
4
6
4
-4
1
-6
-6
1
-7
-7
9
-4
-2
3
1
6
-3
3
-2
-12
-6
-9
-10
-14
-2
-1
-19
0
-9
-10
-12
-14
9
-26
-15
1
-20
-21
-13
-15
-18
-20
-9
-5
-26
-12
0
-21
-22
-1
-22
-20
-18
-19
-7
-25
-7
-6
-34
-15
-6
-19
-21
-2
-2
-16
-2
-6
0
-2
-3
4
-5
-12
12
-13
-13
13
-4
-8
-10
3
-8
-4
-8
1
-4
-10
18
2
-2
13
16
10
2
18
22
9
3
13
20
4
17
8
12
0
12
10
-9
10
11
5
-6
6
4
-11
-7
6
-7
-4
-2
-3
-4
-4
15
4
-4
18
0
9
13
2
13
3
3
1
9
-6
9
13
-11
3
3
-10
0
-3
0
3
-6
13
4
4
5
12
-1
-9
25
-14
-4
16
-9
5
0
4
12
2
6
12
-10
1
9
-4
7
13
0
13
1
0
23
-10
9
18
10
15
10
12
10
-7
16
12
-13
11
3
4
-2
6
7
2
1
6
9
3
9
15
3
7
22
3
19
13
16
23
5
11
22
0
3
26
-8
2
18
0
10
3
17
7
-10
12
5
4
10
9
6
12
11
15
5
-4
4
-3
-4
-12
-15
-2
-20
-24
2
-28
-20
-12
-19
-29
-22
-6
-28
-20
-10
-17
-12
-12
-6
-8
-13
6
-5
-3
6
9
-10
0
12
-15
7
5
-6
28
2
10
13
1
23
1
17
3
3
25
4
9
24
18
26
15
19
35
24
31
30
19
28
28
13
27
20
10
17
8
2
23
7
6
9
1
16
6
8
3
-7
8
-6
-12
8
-3
8
-7
1
-3
-13
-8
-24
-20
-18
-14
-22
-27
-31
-29
-34
-32
-38
-34
-22
-37
-39
-23
-32
-32
-22
-40
-33
-32
-22
-25
-33
-10
-13
-33
-17
-10
-21
-7
-17
-22
-6
-23
-6
-20
-25
-10
-25
-14
-22
-16
-9
-12
-13
-11
-13
-3
-19
-5
-10
-17
7
-6
-15
-3
7
-15
-8
-2
-4
-1
-8
3
0
-7
16
0
1
14
1
17
0
-3
19
4
-5
7
-9
-4
-8
-9
-1
-20
-8
-7
-15
-19
5
-12
-21
-2
-22
-13
-13
-19
-14
-22
-7
-9
-26
-5
-16
-15
-10
-28
-22
-30
-23
-38
-27
-32
-41
-21
-39
-32
-31
-35
-31
-37
-33
-22
-35
-17
-14
-28
-10
-13
-14
-8
-3
2
-7
-3
12
1
7
7
1
9
12
12
10
20
25
19
18
34
32
30
49
33
40
59
48
54
55
60
67
51
57
61
55
63
45
60
50
41
54
50
45
47
63
53
51
49
52
39
39
46
40
41
37
32
35
38
29
26
22
25
9
5
0
-14
-12
-15
-23
-31
-23
-47
-41
-44
-56
-56
-62
-48
-58
-54
-51
-54
-59
-50
-50
-56
-43
-45
-56
-47
-52
-58
-47
-53
-50
-54
-49
-51
-50
-52
-39
-45
-42
-13
-36
-10
-10
-9
5
7
19
25
27
27
41
42
54
58
67
65
69
71
76
79
78
86
82
90
88
94
99
98
103
104
101
110
113
118
107
108
111
108
113
102
116
102
95
104
86
86
74
69
63
49
47
35
22
15
1
-2
-13
-23
-19
-32
-34
-46
-53
-53
-63
-61
-64
-71
-75
-79
-81
-85
-92
-92
-96
-99
-102
-97
-115
-117
-109
-124
-117
-114
-117
-111
-112
-111
-101
-99
-88
-87
-79
-68
-69
-60
-45
-38
-41
-23
-18
-13
-7
-4
-1
6
12
26
28
27
37
38
42
48
50
58
67
70
85
81
87
83
85
88
86
90
86
89
79
94
80
76
83
67
80
68
71
64
53
57
47
44
35
28
29
22
5
8
4
-6
-9
-13
-16
-24
-29
-28
-37
-45
-57
-60
-61
-75
-73
-78
-85
-104
-94
-102
-105
-101
-104
-100
-109
-99
-100
-100
-104
-98
-94
-97
-91
-83
-81
-78
-81
-72
-73
-64
-62
-51
-43
-48
-38
-37
-31
-31
-20
-21
-10
-16
-1
3
1
13
16
32
26
42
55
53
59
72
76
72
76
80
69
77
78
80
78
70
75
70
70
69
68
58
62
59
57
52
44
45
44
41
33
41
38
31
26
25
18
8
8
0
-8
-14
-8
-19
-29
-20
-29
-35
-40
-42
-43
-53
-52
-51
-55
-56
-57
-56
-54
-57
-49
-53
-46
-47
-50
-55
-57
-56
-55
-55
-60
-53
-57
-54
-53
-44
-41
-35
-36
-30
-23
-29
-16
-13
-12
-9
-3
6
3
9
19
24
25
32
39
27
35
35
43
39
43
49
46
51
50
50
43
47
51
57
53
51
57
56
50
48
60
53
48
55
54
51
46
48
54
42
36
43
34
29
28
25
25
20
22
15
16
19
12
16
13
5
10
5
4
-3
-4
5
-1
0
-6
-7
-12
-5
-7
-13
-10
-8
-4
-13
-14
-13
-19
-21
-12
-21
-24
-22
-22
-21
-16
-12
-12
-10
-9
-6
-6
-7
-4
4
-6
-3
0
-3
3
0
15
4
6
15
10
13
14
21
21
22
12
20
20
16
21
29
20
20
29
18
20
12
19
16
15
17
5
3
-1
1
5
0
2
2
2
3
-2
3
4
5
7
6
4
2
7
0
-5
-10
-11
-13
-20
-13
-14
-18
-21
-15
-23
-21
-13
-17
-15
-14
-15
-25
-16
-20
-16
-14
-19
-20
-27
-27
-25
-21
-32
-25
-26
-33
-30
-35
-35
-39
-32
-28
-23
-18
-23
-24
-22
-30
-21
-25
-25
-19
-21
-16
-19
-16
-21
-13
-14
-4
-11
-10
-12
-17
-9
-8
-10
-10
-2
-12
-6
-12
-7
-11
-7
-6
-8
-6
-4
-5
-4
2
0
0
3
9
2
-1
1
7
1
3
7
-3
-2
-5
-6
-10
-7
-7
-9
-13
-13
-7
-16
-2
-8
-3
-6
-11
-3
-6
-7
-7
1
-4
3
-3
-2
-6
-4
-9
-10
-7
-10
-3
-12
-9
-8
-9
-4
0
-1
9
9
12
13
15
15
13
14
20
22
16
25
20
22
16
16
17
9
12
13
14
9
10
5
4
7
6
9
8
9
16
10
16
17
13
16
13
12
13
8
10
5
4
1
4
-1
-2
-6
-2
-6
-3
9
-6
3
1
-1
-10
-1
-9
-9
-5
-6
-4
-7
-6
-3
-1
-9
4
-5
-1
-6
-4
-7
-8
-5
-11
-14
-9
-9
-11
-7
-14
-2
0
3
-2
6
7
8
11
11
16
16
19
21
22
24
23
15
24
19
14
20
22
15
16
16
8
5
4
6
-1
3
0
0
7
1
5
5
7
11
6
7
10
7
9
16
8
9
9
9
0
-1
-2
-2
0
-4
-6
-11
-7
-3
0
5
9
3
6
7
6
5
8
9
3
4
3
-1
-3
-4
-3
-4
-5
-6
-4
-6
-8
-3
-16
-16
-13
-12
-13
-14
-5
-10
-7
-6
-2
-2
-3
8
9
6
16
9
12
6
9
15
7
6
9
11
5
6
7
6
2
8
7
9
0
2
1
-3
-6
-7
-1
-6
8
-12
-2
-2
-7
-4
-1
5
-7
7
3
7
8
1
0
10
9
6
2
-4
-2
-12
0
-4
-4
0
-7
-6
-5
-4
-6
-4
-6
0
-5
-3
0
1
-3
-1
-3
-6
-2
-3
-4
-5
-1
-9
-3
-9
-14
-9
-9
-6
3
3
-3
1
-8
-5
-7
-8
-9
-8
-2
-6
-5
-3
-1
4
13
13
17
15
20
21
19
18
11
11
15
14
12
13
12
6
2
5
4
3
0
0
-1
-6
4
-4
4
-3
-2
4
-1
6
-1
3
-7
-7
-9
-9
-15
-10
-7
-10
-12
-12
-19
-23
-23
-30
-20
-31
-29
-25
-25
-30
-26
-24
-22
-23
-20
-15
-20
-13
-13
-17
-16
-12
-15
-15
-12
-15
-21
-19
-12
-22
-19
-23
-24
-24
-24
-20
-25
-17
-21
-19
-24
-18
-18
-15
-9
-6
-7
-7
8
-5
0
4
6
-2
5
6
3
4
5
4
-4
-1
-8
-3
-9
-6
-3
0
3
2
4
6
6
9
7
8
9
7
19
15
17
22
17
15
20
18
14
10
12
3
1
3
3
-7
1
1
-3
3
3
10
-3
9
12
13
16
18
17
22
20
18
19
14
15
10
17
8
9
6
3
7
10
11
3
3
1
3
1
8
0
6
4
6
7
6
9
6
19
16
13
17
24
21
16
16
19
13
16
18
17
17
13
19
16
16
18
24
20
21
21
15
23
22
12
18
18
13
18
9
12
6
10
10
6
6
0
9
-3
4
1
5
9
2
6
4
9
7
6
3
4
3
2
-6
0
-3
-3
2
-8
-10
-14
-9
-10
-6
-8
-10
-9
-11
-14
-9
-15
-8
-13
-21
-9
-13
-13
-17
-3
-12
-9
-6
-9
-8
-12
-5
-7
-3
-7
-2
-8
-4
0
-5
2
1
1
6
-1
4
4
4
7
-1
9
1
2
7
7
9
3
16
3
6
8
3
0
0
6
-2
-2
-4
0
-10
-4
-7
0
7
4
6
5
3
-1
11
3
10
14
9
8
3
0
3
-2
0
-6
-5
-10
-19
-8
-19
-16
-12
-12
-17
-8
-9
-11
-5
-7
-3
-8
-7
-8
-1
1
7
-4
-1
6
-5
-7
-9
-7
-16
-12
-13
-15
-13
-18
-13
-12
-12
-11
-7
-15
-9
-10
-11
-11
-11
-5
-18
-9
-7
-9
-3
0
-4
-6
-1
0
-13
-6
-11
-22
-13
-16
-24
-19
-21
-22
-18
-23
-12
-11
-12
-11
-15
-8
-11
-11
3
-2
-2
-2
-2
5
-3
4
-12
-7
-10
-4
0
-10
-7
-13
-6
-12
-10
-9
-7
-17
-15
-14
-18
-11
-12
-13
-1
-6
-3
-1
0
3
6
6
3
18
0
5
3
0
-2
9
9
5
12
2
6
1
3
0
5
4
7
13
12
8
16
11
9
23
13
15
12
19
15
14
12
8
10
8
4
3
6
3
6
7
11
8
18
16
11
21
16
18
17
15
20
22
18
24
19
17
17
15
17
13
17
17
19
12
23
19
20
29
20
27
22
29
25
18
25
29
22
29
24
19
25
22
21
21
23
15
14
10
22
10
10
16
11
13
13
9
4
11
4
7
9
2
11
8
-5
3
-3
-9
0
0
-10
-7
-1
-13
-10
-9
-12
-10
-22
-13
-18
-12
-15
-14
-11
-16
-15
-15
-5
-19
-7
-12
-6
-5
-4
-6
-8
-5
-8
-8
-9
-10
-9
-17
-15
-10
-20
-14
-17
-16
-14
-12
-21
-19
-15
-20
-14
-10
-12
-12
-4
1
3
-2
-1
-3
-6
0
-4
-4
-6
-6
-10
-16
-13
-16
-9
-15
-10
-7
-12
-5
-7
-12
-3
-9
-2
-5
-1
3
-1
8
4
9
-5
0
-7
-6
-7
-7
-4
-3
-4
-5
-6
-12
-7
-9
-7
-11
-6
-10
-6
-15
-9
-6
-3
1
2
11
7
1
2
0
-6
-3
-3
-10
-16
-13
-22
-17
-22
-22
-19
-25
-24
-24
-13
-27
-22
-16
-16
-19
-13
-10
-16
-13
-18
-13
-14
-10
-9
-8
-9
-12
-15
-15
-14
-21
-17
-14
-20
-13
-16
-20
-22
-28
-18
-31
-19
-19
-23
-14
-13
-9
-15
-17
-18
-11
-18
-12
-13
-17
-13
-15
-10
-12
-16
-10
-12
-12
-7
-16
-10
-6
-9
-4
2
3
1
9
6
4
12
13
9
10
11
14
10
10
6
10
0
-1
2
-6
3
1
2
-6
-1
0
9
8
6
7
0
9
0
7
10
9
6
12
10
7
18
15
18
19
22
28
22
29
29
25
28
23
28
23
24
25
25
30
25
28
32
37
29
32
28
18
21
21
21
21
26
25
20
20
21
16
26
25
21
22
23
25
19
28
22
21
19
19
20
13
13
10
17
7
3
1
5
2
5
11
12
19
14
15
12
13
9
15
13
10
6
3
1
-1
5
0
-5
0
4
3
9
7
10
3
6
-1
-3
-1
-6
2
0
7
0
7
4
6
9
9
12
10
14
8
8
9
10
5
9
9
8
6
-2
1
-2
-4
-3
-6
-9
-9
