SAMPLES:	16891
BITSPERSAMPLE:	16
CHANNELS:	1
SAMPLERATE:	16000
NORMALIZED:	FALSE
-10
-11
-9
-11
-13
-10
-9
-13
-7
-6
-10
-17
-9
-13
-15
-15
-16
-16
-18
-11
-14
-6
-6
-4
-4
2
0
0
13
3
9
9
3
4
-6
-5
-4
-9
-8
-8
-10
-7
-12
-6
-4
-6
2
-1
-5
-7
-3
-1
6
6
11
10
10
5
9
3
6
9
0
4
0
-1
-2
1
-6
-3
-3
6
6
3
-2
0
-1
-2
7
-2
10
9
3
6
18
13
13
14
16
19
13
16
10
10
10
8
7
15
3
9
9
-2
2
-2
2
2
5
7
10
12
9
13
8
10
7
4
12
10
7
13
3
2
12
4
5
6
8
3
7
-3
-6
-8
-7
-11
-15
-10
-11
-12
-15
-10
-23
-16
-13
-10
-13
-13
-11
-11
-10
-10
-6
-16
-10
-11
-13
-12
-8
-9
-10
-12
-6
-5
-6
-8
-7
-6
-5
-7
-5
-2
-4
-11
-9
-14
-10
-1
-6
2
-7
-9
-8
-9
-7
-8
0
0
5
8
2
10
5
7
7
6
10
9
16
4
4
4
5
5
2
3
3
0
-7
-3
0
-3
1
3
-3
6
2
7
7
-1
8
7
4
9
6
12
9
6
6
9
8
0
13
4
2
10
-1
3
9
12
19
13
22
12
25
19
17
22
18
21
10
25
14
18
16
18
15
18
19
21
13
19
18
14
15
10
18
16
18
15
18
15
19
13
18
15
11
16
17
16
13
25
11
14
21
16
23
12
10
7
10
8
9
6
4
2
3
3
3
12
1
13
0
11
2
6
7
9
9
2
9
6
11
10
19
7
13
2
8
-3
-1
-2
-4
-2
2
0
-8
1
-8
3
-8
-1
2
-1
-1
5
-3
5
-3
3
4
-6
6
-6
-4
-13
-7
-12
-16
-16
-15
-18
-19
-19
-25
-22
-25
-18
-19
-17
-16
-20
-14
-19
-20
-19
-4
-6
-5
2
-6
0
-10
-4
-13
-11
-10
-12
-19
-8
-6
-11
-12
-8
-14
-27
-17
-24
-17
-22
-14
-18
-24
-21
-16
-27
-16
-23
-14
-11
-12
3
-11
-4
0
6
-8
-3
-2
-4
-9
-1
-8
-12
-9
-10
-12
-12
-7
-19
-9
-16
-20
-21
-14
-16
-13
-14
-16
-12
-12
-17
-9
-12
-7
-7
-16
-10
-12
-12
-10
-4
-12
-9
-12
-11
-18
-11
-21
-19
-21
-22
-22
-22
-18
-21
-16
-21
-18
-18
-10
-16
-4
-22
-3
0
-4
4
-6
-2
-12
-3
-3
-2
2
3
-3
-2
-3
0
-6
-7
-3
-7
-11
-6
-4
-9
-10
-7
-13
-7
-1
-5
-1
-4
7
0
6
7
20
9
16
17
14
18
4
9
3
10
-5
1
0
3
-5
-7
-6
1
-6
-5
2
-13
1
0
11
2
11
7
16
14
15
16
22
30
15
24
16
26
19
22
17
12
17
19
10
2
4
8
17
7
12
5
0
0
0
0
3
7
5
12
15
16
15
19
20
19
26
19
18
15
11
7
13
5
10
6
-3
-2
-12
-6
-16
-6
-16
-2
1
3
7
1
6
0
8
4
18
19
18
22
18
14
12
13
13
8
10
4
5
4
-7
-4
-2
-9
-2
3
-2
0
-3
3
-7
-3
1
9
6
5
15
6
0
6
7
-6
-4
2
-4
-5
0
-1
0
-1
-3
-3
0
4
-6
0
-1
-2
2
0
6
-1
18
19
19
15
16
15
6
6
3
9
-6
0
-8
-9
-13
-8
-5
0
-2
-15
-3
-10
-12
-11
-9
-11
-11
-9
-10
-8
-8
-10
-5
-12
-13
-6
-8
-6
-5
-11
-12
-8
-4
-4
-12
-6
-1
-9
-9
-13
-9
-7
-9
-7
-20
-8
-16
-13
-3
-5
-4
0
5
6
9
0
8
-2
2
9
-6
0
8
-9
-3
3
5
2
4
12
1
5
7
2
1
10
-4
2
-2
0
0
-1
-2
-6
-2
-5
-3
-3
-1
3
8
-6
-1
-2
6
-3
-4
3
-6
-4
2
-1
-1
-3
-5
-4
-9
-9
-8
-5
-11
-10
-16
-3
-9
-8
-16
-3
-16
-19
5
-6
11
-6
9
10
-4
6
6
2
10
14
9
19
6
13
5
2
7
4
2
3
9
0
-5
3
6
-4
0
-4
-4
1
0
-1
3
10
0
12
7
9
4
10
6
13
15
9
21
5
20
0
8
8
4
6
3
7
0
6
4
9
0
5
7
15
0
10
9
8
13
1
8
4
9
-3
7
-6
-2
0
-4
2
-4
-5
-5
-3
-8
-7
-7
-4
-9
3
2
-6
3
-5
-3
0
0
12
-3
4
0
1
-5
-6
-3
-8
-6
-10
-2
-9
-8
-9
-5
-2
-4
-5
3
-4
-4
0
9
8
8
6
3
8
4
6
7
11
9
8
7
3
-4
2
-4
5
-5
-6
-1
-4
-7
-3
0
-10
-4
-10
-9
-15
-1
-3
0
-5
-9
-9
-12
-11
-12
-10
-13
-10
-13
-4
-20
-16
-21
-18
-10
-9
-8
-15
-8
-18
-10
-13
-7
-18
-18
-17
-11
-6
-9
-3
-3
-7
-6
-4
-10
-10
-12
-9
-7
-1
-13
-14
-15
-15
-15
-12
-11
-11
-13
-14
-6
-6
4
-3
-3
14
11
6
10
10
8
10
12
6
13
12
16
19
12
15
13
2
15
10
11
19
12
13
13
11
12
15
12
26
19
25
23
24
22
21
16
20
21
15
21
14
18
13
15
14
15
13
24
16
23
17
26
25
26
32
19
24
16
18
6
17
14
16
14
13
11
15
13
19
16
19
25
14
21
6
15
10
15
8
14
8
6
5
0
6
1
2
-3
4
-1
4
4
-4
1
7
4
3
2
2
2
-2
1
1
-12
-7
-13
-10
-7
-10
-10
-6
-4
-10
-4
-8
-9
-8
-1
-10
-8
-13
-20
-22
-13
-13
-13
-10
-12
-5
-11
-17
-10
-11
-21
-10
-19
-13
-12
-8
-18
-2
-9
-13
-8
-17
-11
-16
-1
-12
3
-9
-4
-9
-14
-7
-16
-16
-14
-9
-3
-7
-13
-6
-13
-8
-10
-2
-9
-1
-1
-4
5
-9
-8
-16
-18
-16
-18
-19
-17
-13
-13
-11
-5
-1
-13
-12
-2
-8
-6
2
-11
4
6
4
11
-1
12
-4
5
5
3
8
-2
-3
-3
-10
-9
-5
-13
-4
-10
-3
-9
-4
-9
-9
4
7
6
0
8
6
11
9
18
13
14
15
22
15
15
16
11
15
13
18
17
22
13
20
9
8
7
7
-1
1
5
3
5
1
12
3
10
12
15
13
9
16
16
3
5
4
5
5
1
-3
-9
-2
-8
0
-2
4
3
2
9
2
7
-3
-4
4
3
9
8
7
1
6
3
0
14
7
3
11
10
2
10
13
11
6
9
8
-1
6
3
-3
-1
0
3
5
12
6
7
5
-3
4
-6
-1
-6
1
-4
-9
-2
0
-1
8
8
1
9
-2
5
-2
-1
-6
2
-9
-14
0
-11
-3
-1
2
-5
-4
-3
-6
-6
-3
-9
0
0
6
10
6
10
0
13
5
8
10
2
6
12
10
11
6
-3
8
1
3
2
7
3
2
5
13
3
1
6
0
3
6
-3
-3
7
-10
-3
-7
-7
-5
-9
-10
-9
-3
-12
-6
-5
-9
-13
-7
-12
-10
-7
-15
-16
-9
-8
-10
-10
-11
-10
-8
-11
-18
-2
-15
-14
-8
-19
-13
-17
-22
-22
-18
-19
-21
-23
-26
-29
-26
-26
-32
-22
-26
-20
-13
-11
-13
-17
-16
-21
-11
-29
-22
-22
-18
-24
-14
-7
-10
-4
-17
-12
-18
-12
-21
-11
-16
-16
-19
-16
-15
-24
-12
-16
-7
-7
-3
-4
-1
-2
-1
-3
11
5
3
7
0
3
-5
0
-6
-6
-8
-6
-3
-6
-10
-15
-16
-12
-7
-21
-7
-6
-9
-6
-6
4
-8
6
-4
11
9
7
16
19
19
8
9
3
7
-10
-7
-6
-8
-18
-8
-17
-9
-9
-14
7
1
6
-3
11
7
4
6
12
17
9
9
8
16
7
-3
4
13
-3
-9
-6
1
-2
-10
2
3
3
-8
-1
11
4
2
4
27
19
14
26
31
44
34
36
52
45
34
35
36
41
27
30
38
40
42
29
41
51
45
35
54
65
50
43
60
63
59
50
56
66
51
49
51
70
56
52
54
63
57
40
46
44
36
17
18
22
22
1
-3
5
3
-13
-18
-3
-7
-17
-22
-19
-18
-34
-40
-41
-29
-54
-66
-54
-63
-68
-81
-76
-71
-85
-103
-83
-83
-95
-99
-89
-84
-83
-97
-92
-74
-85
-91
-81
-61
-67
-73
-65
-42
-49
-48
-50
-34
-30
-41
-28
-5
3
0
9
30
48
31
54
75
88
82
94
112
125
132
131
146
160
153
148
169
179
170
163
174
171
170
156
161
179
159
141
144
158
138
122
117
109
101
71
77
80
64
24
10
15
-3
-35
-50
-48
-63
-100
-115
-103
-135
-145
-173
-167
-189
-211
-224
-229
-225
-260
-259
-255
-243
-273
-275
-274
-265
-281
-284
-272
-256
-269
-279
-260
-249
-244
-268
-240
-230
-226
-242
-209
-179
-178
-167
-150
-122
-102
-97
-76
-31
-13
-7
26
66
84
97
120
161
180
195
215
256
274
288
301
330
359
360
369
398
416
420
423
450
464
446
449
458
464
447
433
428
441
397
378
376
351
323
272
252
228
193
142
110
91
41
-19
-40
-70
-118
-173
-200
-221
-256
-302
-339
-347
-386
-427
-458
-468
-480
-527
-556
-553
-553
-592
-602
-601
-618
-626
-644
-631
-614
-621
-623
-594
-587
-583
-559
-534
-496
-474
-450
-411
-364
-334
-304
-263
-210
-158
-122
-69
-4
41
76
132
199
246
282
344
398
434
481
524
572
614
643
675
724
745
765
791
825
842
846
868
878
896
886
890
909
897
873
866
863
847
810
791
775
745
709
655
645
598
524
471
424
376
288
209
156
78
-21
-108
-189
-256
-373
-447
-521
-599
-687
-796
-850
-946
-1016
-1110
-1157
-1199
-1270
-1319
-1347
-1362
-1388
-1418
-1428
-1416
-1419
-1401
-1368
-1308
-1274
-1234
-1175
-1084
-1005
-956
-875
-774
-683
-614
-508
-380
-283
-221
-128
-10
92
164
234
335
413
467
529
617
684
713
734
796
860
881
890
930
974
969
982
1024
1061
1055
1051
1075
1115
1142
1135
1152
1198
1208
1200
1244
1275
1287
1264
1261
1302
1299
1268
1241
1238
1184
1131
1086
1053
989
856
741
663
570
424
277
127
-4
-171
-335
-438
-566
-770
-977
-1108
-1207
-1355
-1492
-1593
-1680
-1780
-1874
-1891
-1899
-1944
-2018
-2005
-1937
-1882
-1855
-1796
-1709
-1645
-1593
-1488
-1340
-1250
-1195
-1116
-959
-824
-742
-668
-557
-463
-414
-338
-219
-142
-120
-90
0
104
127
135
178
240
252
282
363
429
426
411
478
570
619
625
661
736
779
805
885
971
995
1002
1077
1197
1273
1285
1322
1378
1439
1476
1514
1598
1619
1602
1616
1693
1736
1701
1648
1626
1602
1559
1514
1492
1449
1327
1213
1146
1072
891
670
486
333
170
9
-147
-301
-514
-753
-900
-1017
-1211
-1451
-1643
-1763
-1847
-1896
-1964
-2006
-2075
-2155
-2153
-2083
-2023
-2033
-2024
-1960
-1811
-1682
-1565
-1462
-1396
-1391
-1296
-1147
-985
-873
-868
-817
-746
-644
-581
-523
-517
-549
-544
-481
-386
-320
-351
-380
-364
-309
-227
-196
-156
-149
-130
-66
71
196
250
290
364
477
625
743
811
907
974
1058
1212
1396
1464
1529
1613
1697
1843
1941
1954
1972
2011
2003
2091
2214
2224
2187
2146
2098
2114
2127
2035
1959
1909
1819
1765
1760
1665
1468
1214
951
793
657
465
265
75
-139
-322
-477
-651
-903
-1274
-1604
-1795
-1903
-2010
-2083
-2169
-2258
-2320
-2384
-2364
-2341
-2415
-2474
-2408
-2295
-2138
-1988
-1886
-1772
-1702
-1668
-1531
-1388
-1324
-1243
-1147
-1072
-947
-859
-847
-766
-761
-807
-753
-669
-673
-619
-556
-568
-497
-471
-474
-401
-325
-342
-245
-104
-55
60
196
308
431
568
657
805
942
1021
1116
1289
1407
1518
1686
1832
1953
2031
2122
2191
2262
2265
2247
2275
2328
2330
2371
2421
2405
2349
2298
2276
2221
2148
2049
1985
1958
1892
1806
1713
1505
1197
908
737
542
349
152
-58
-222
-443
-693
-928
-1246
-1667
-2012
-2189
-2312
-2418
-2502
-2586
-2604
-2656
-2696
-2664
-2630
-2716
-2732
-2605
-2412
-2218
-2060
-1907
-1771
-1661
-1619
-1484
-1328
-1262
-1248
-1103
-941
-845
-786
-778
-762
-730
-759
-772
-647
-644
-722
-648
-549
-532
-483
-460
-440
-340
-279
-232
-50
66
88
222
418
553
683
804
920
1070
1163
1272
1440
1598
1695
1823
1994
2140
2199
2251
2345
2393
2369
2355
2396
2407
2432
2460
2497
2511
2425
2295
2264
2252
2133
2053
2016
1937
1888
1810
1684
1533
1202
813
598
463
248
90
-72
-306
-526
-769
-1027
-1291
-1690
-2133
-2359
-2446
-2525
-2565
-2584
-2643
-2685
-2749
-2719
-2600
-2621
-2667
-2564
-2359
-2154
-1948
-1770
-1631
-1552
-1568
-1478
-1293
-1223
-1228
-1153
-1032
-927
-882
-852
-810
-855
-955
-985
-883
-853
-881
-887
-820
-744
-728
-676
-555
-465
-458
-382
-224
-79
-5
95
247
449
563
678
891
1052
1107
1205
1375
1511
1670
1795
1952
2141
2217
2232
2345
2447
2425
2443
2477
2508
2548
2548
2578
2643
2580
2430
2367
2333
2271
2206
2176
2175
2128
2007
1908
1793
1514
1123
778
539
344
187
75
1
-227
-576
-880
-1176
-1527
-1914
-2225
-2413
-2503
-2590
-2572
-2490
-2528
-2656
-2708
-2682
-2636
-2581
-2503
-2339
-2164
-2015
-1839
-1607
-1489
-1492
-1523
-1484
-1418
-1360
-1282
-1155
-1035
-1032
-1023
-978
-977
-1054
-1101
-1124
-1088
-1052
-1053
-976
-863
-853
-813
-701
-611
-522
-473
-384
-247
-138
-59
106
311
438
604
770
929
1093
1168
1276
1473
1622
1748
1971
2158
2298
2387
2418
2506
2596
2582
2621
2707
2691
2698
2759
2800
2808
2708
2515
2431
2387
2315
2332
2389
2298
2161
2057
1940
1794
1487
1041
633
350
165
149
151
18
-313
-756
-1146
-1427
-1757
-2117
-2392
-2639
-2732
-2651
-2529
-2479
-2561
-2792
-2944
-2866
-2746
-2598
-2450
-2380
-2250
-2048
-1821
-1572
-1441
-1529
-1628
-1625
-1571
-1429
-1304
-1245
-1169
-1126
-1117
-1074
-1057
-1143
-1249
-1279
-1258
-1198
-1135
-1087
-999
-910
-831
-725
-633
-538
-450
-354
-197
-24
108
249
433
620
825
1027
1149
1283
1429
1533
1703
1881
2034
2207
2354
2490
2649
2680
2638
2671
2689
2687
2778
2821
2804
2852
2810
2757
2746
2592
2387
2334
2307
2291
2377
2326
2202
2129
1970
1867
1748
1313
768
408
122
64
250
215
-29
-410
-953
-1319
-1529
-1890
-2299
-2580
-2826
-2865
-2646
-2509
-2526
-2731
-3029
-3087
-2907
-2786
-2651
-2579
-2602
-2495
-2226
-1873
-1576
-1526
-1721
-1809
-1783
-1688
-1515
-1351
-1267
-1235
-1251
-1182
-1044
-1062
-1173
-1238
-1285
-1282
-1196
-1145
-1018
-913
-934
-887
-732
-656
-605
-496
-376
-216
-62
58
252
466
586
739
929
1106
1261
1371
1520
1759
1917
2017
2238
2411
2507
2607
2636
2645
2675
2667
2674
2815
2858
2820
2825
2804
2787
2746
2621
2504
2472
2370
2338
2374
2382
2335
2283
2194
2069
1782
1223
682
330
186
254
387
349
92
-465
-1011
-1358
-1691
-2121
-2480
-2742
-2850
-2719
-2610
-2544
-2591
-2883
-3137
-3035
-2851
-2750
-2650
-2599
-2521
-2295
-2002
-1716
-1518
-1583
-1737
-1754
-1657
-1533
-1422
-1302
-1211
-1220
-1245
-1204
-1192
-1272
-1343
-1390
-1387
-1369
-1396
-1332
-1185
-1129
-1096
-998
-918
-854
-748
-584
-373
-171
-82
44
247
406
563
801
1034
1203
1342
1459
1637
1837
1995
2156
2345
2516
2604
2633
2693
2724
2716
2731
2792
2849
2885
2889
2843
2882
2904
2861
2779
2685
2621
2549
2494
2497
2548
2523
2464
2413
2284
1979
1425
775
410
382
428
512
502
157
-424
-1020
-1422
-1676
-2072
-2627
-2944
-2930
-2839
-2740
-2695
-2756
-3026
-3318
-3322
-2978
-2746
-2804
-2882
-2739
-2447
-2181
-1897
-1601
-1543
-1797
-1921
-1773
-1514
-1422
-1461
-1432
-1248
-1255
-1346
-1201
-1161
-1371
-1548
-1576
-1512
-1409
-1462
-1443
-1201
-1088
-1171
-1034
-885
-823
-754
-625
-352
-85
27
107
422
658
779
990
1207
1354
1466
1551
1773
2097
2299
2418
2590
2725
2743
2764
2804
2904
2945
2908
2947
3015
3036
3018
3002
3016
3038
2972
2805
2782
2773
2671
2617
2585
2535
2506
2462
2403
2291
1875
1112
481
248
250
423
506
367
-55
-670
-1243
-1564
-1859
-2393
-2904
-3063
-2965
-2801
-2732
-2789
-2909
-3213
-3405
-3261
-2937
-2869
-3004
-3018
-2781
-2411
-2125
-1827
-1596
-1675
-1931
-1967
-1791
-1629
-1604
-1613
-1505
-1330
-1325
-1332
-1204
-1277
-1527
-1663
-1636
-1577
-1556
-1590
-1516
-1304
-1219
-1223
-1090
-970
-954
-856
-619
-314
-120
-10
155
426
671
822
1034
1249
1389
1467
1660
1982
2233
2411
2529
2659
2801
2875
2942
3091
3168
3071
3008
3101
3221
3312
3284
3205
3205
3107
3014
3028
3065
3014
2838
2703
2716
2781
2727
2683
2630
2214
1508
779
368
426
541
602
578
270
-382
-1001
-1346
-1664
-2088
-2739
-3105
-2984
-2845
-2766
-2770
-2915
-3241
-3531
-3484
-3119
-2848
-3005
-3126
-2975
-2744
-2402
-2068
-1786
-1707
-1998
-2213
-2045
-1779
-1710
-1669
-1625
-1606
-1512
-1483
-1351
-1228
-1493
-1800
-1840
-1774
-1709
-1646
-1602
-1511
-1340
-1326
-1214
-1039
-1068
-1029
-857
-581
-277
-81
55
248
463
615
835
1129
1335
1569
1712
1923
2190
2355
2541
2717
2895
3041
3123
3204
3311
3393
3327
3330
3459
3488
3566
3522
3494
3480
3372
3209
3174
3248
3177
3084
2992
2910
2838
2747
2737
2721
2348
1564
743
398
415
568
690
575
134
-562
-1177
-1472
-1709
-2237
-2949
-3269
-3177
-3053
-2908
-2931
-3062
-3385
-3678
-3560
-3199
-3034
-3253
-3354
-3205
-2926
-2522
-2172
-1865
-1883
-2192
-2335
-2172
-1890
-1846
-1844
-1812
-1768
-1698
-1644
-1509
-1516
-1767
-2024
-2069
-1922
-1858
-1805
-1699
-1603
-1430
-1361
-1284
-1191
-1175
-1114
-897
-516
-211
-28
124
271
528
777
1020
1353
1608
1777
1873
2080
2334
2520
2700
2860
3063
3240
3333
3413
3543
3617
3496
3492
3624
3683
3724
3671
3672
3679
3613
3414
3387
3475
3286
3102
2946
2862
2933
2931
2951
2931
2444
1397
497
211
279
538
668
490
67
-677
-1400
-1613
-1870
-2512
-3159
-3403
-3284
-3111
-3016
-3104
-3162
-3504
-3917
-3739
-3385
-3292
-3480
-3557
-3356
-2988
-2579
-2251
-1919
-2014
-2383
-2519
-2325
-2029
-1948
-1862
-1782
-1796
-1893
-1905
-1742
-1660
-1738
-1904
-1994
-1946
-2007
-1943
-1750
-1661
-1567
-1573
-1483
-1302
-1152
-941
-739
-499
-347
-229
41
341
695
878
1084
1380
1587
1864
2038
2250
2508
2624
2765
3018
3306
3469
3543
3597
3684
3776
3694
3731
3861
3833
3771
3787
3851
3848
3726
3475
3496
3601
3322
3171
3046
2943
3059
3057
3145
3074
2441
1238
357
251
297
689
829
490
42
-826
-1448
-1633
-1925
-2711
-3471
-3521
-3389
-3111
-3023
-3233
-3360
-3777
-4143
-3858
-3399
-3432
-3712
-3771
-3461
-2889
-2391
-2128
-1939
-2153
-2630
-2650
-2292
-2022
-1894
-1904
-1873
-1695
-1746
-1732
-1567
-1539
-1738
-1975
-2073
-2057
-1983
-1978
-1890
-1633
-1549
-1520
-1436
-1406
-1256
-1168
-1014
-692
-364
-176
11
308
569
847
1039
1245
1619
1876
2072
2410
2715
2897
3031
3135
3360
3591
3589
3629
3708
3737
3755
3815
3892
3924
3884
3684
3633
3644
3550
3501
3432
3384
3296
3118
2996
3083
3101
3025
3016
3017
2885
2116
901
50
54
339
786
1053
532
-265
-1353
-1979
-1981
-2221
-2983
-3596
-3554
-3616
-3443
-3346
-3430
-3390
-3920
-4165
-3770
-3388
-3588
-3808
-3621
-3291
-2573
-2244
-2022
-1849
-2260
-2579
-2374
-2044
-1950
-1846
-1937
-1819
-1488
-1600
-1516
-1442
-1816
-2077
-2130
-2084
-1899
-1681
-1866
-1919
-1732
-1779
-1481
-1318
-1344
-1200
-1069
-753
-471
-139
-65
85
447
647
1167
1411
1687
1976
1993
2244
2502
2958
3230
3339
3438
3467
3680
3705
3669
3761
3891
3922
3942
3897
3816
3931
3842
3739
3799
3651
3466
3489
3566
3613
3349
2997
2925
3132
3466
3547
3541
2780
1036
-527
-829
292
1452
1414
308
-1103
-2200
-2244
-1977
-2112
-2658
-4053
-4417
-3932
-3924
-3928
-4339
-4501
-3884
-3233
-2771
-2701
-3690
-4695
-4450
-3285
-1791
-1145
-1355
-1855
-2093
-2084
-2037
-1493
-1595
-1815
-1666
-1580
-1124
-1213
-1944
-2185
-2137
-2145
-1966
-2093
-2238
-2293
-2733
-2917
-2562
-1991
-1660
-1709
-1730
-1555
-1356
-1301
-1197
-692
59
569
1055
1330
1417
1441
1378
1892
2667
3344
3660
3680
3625
3553
3634
3690
3982
4249
4390
4293
3947
3856
3630
3654
3871
3970
4174
3708
3155
2992
2910
3191
3301
3319
3262
2912
2523
2260
2322
2675
2931
2203
448
-1265
-1179
382
1219
500
-1365
-2359
-2188
-1946
-2106
-3178
-3862
-4079
-3568
-2766
-3622
-4689
-4907
-3677
-1849
-1745
-2674
-3246
-3094
-2708
-2310
-1875
-1122
-395
-245
-392
-988
-1540
-1707
-1094
-195
-256
-977
-1720
-1933
-1733
-1678
-1880
-1973
-2100
-2624
-3027
-3391
-3454
-3051
-2905
-2676
-2672
-3004
-2978
-2577
-1868
-1479
-1455
-1330
-940
-269
109
380
912
1402
1893
2077
2193
2578
2907
3254
3678
3855
3867
3803
3759
4026
4032
3908
3734
3701
3881
3657
3502
3499
3571
3759
3495
3147
2922
2888
3186
3323
3302
3016
2639
2514
2755
2864
2666
2506
2681
2876
1513
-792
-1825
-784
1195
1385
-355
-1711
-2287
-2576
-2717
-3263
-3430
-3182
-3413
-3152
-3754
-5292
-5507
-4109
-1729
-1036
-2378
-3312
-3247
-2714
-2964
-3009
-1518
-64
357
-266
-1223
-1711
-1724
-1377
-474
-193
-817
-1376
-1511
-1316
-1933
-2427
-2231
-1612
-1503
-2689
-3398
-3434
-3035
-2717
-2848
-2775
-2661
-2395
-2075
-1826
-1817
-1889
-1502
-749
-74
166
304
663
1366
1690
1762
2108
2544
3067
3373
3380
3380
3607
3744
3874
3964
3835
3747
3811
3748
3717
3620
3528
3659
3658
3529
3380
3119
2898
3026
3035
3030
2923
2857
2747
2614
2415
2197
2490
2596
2779
2703
1533
-260
-1346
-918
503
955
-324
-1117
-1492
-1977
-2424
-3351
-3409
-2930
-2897
-3012
-3601
-4944
-5176
-4037
-2168
-1244
-2022
-2479
-2822
-2609
-3311
-3350
-1808
-309
504
67
-945
-1675
-1586
-1489
-789
-460
-696
-984
-1152
-1433
-2197
-2372
-2073
-1406
-1409
-2571
-3256
-3381
-3072
-2875
-2951
-2864
-2437
-2079
-1990
-1989
-1969
-1915
-1437
-672
-486
-8
187
797
1377
1531
1530
1899
2540
2914
3151
2890
3099
3412
3653
3641
3647
3643
3784
3807
3575
3371
3379
3567
3539
3557
3363
3158
3051
3076
3042
2947
2838
2648
2982
2800
2608
2448
2289
2530
2623
2904
2514
1444
-840
-1330
-514
665
808
-528
-771
-1586
-1941
-3037
-3664
-3316
-2866
-2766
-2775
-3677
-5237
-4796
-3823
-1695
-1533
-2141
-2126
-2322
-2409
-3769
-3097
-1674
193
852
262
-657
-1520
-1698
-1699
-718
-729
-239
-587
-695
-1691
-2745
-2540
-2064
-955
-1537
-2371
-3313
-3297
-3194
-3182
-3215
-2687
-2035
-1783
-1667
-2275
-1952
-1886
-1184
-646
-303
185
393
1095
1307
1601
1523
2019
2592
3073
2962
2680
3151
3363
3816
3427
3259
3527
3828
3710
3348
3166
3260
3555
3550
3485
3297
3143
3074
3226
2994
2853
2746
2944
3138
3275
2766
2420
2513
2704
3267
2598
1098
-685
-705
-90
787
301
-565
-591
-1407
-1904
-3283
-3684
-3443
-2731
-2707
-2934
-4023
-5034
-4153
-3409
-1599
-2053
-1931
-1762
-1779
-2141
-3641
-2781
-1518
525
780
399
-630
-978
-1484
-1859
-1150
-918
120
-296
-726
-2277
-2922
-2984
-2277
-1154
-1578
-2374
-3344
-3668
-3794
-3671
-3655
-2695
-1879
-1658
-2239
-2648
-2525
-2097
-1319
-1005
-395
82
271
748
987
1073
1498
1852
2602
2929
2850
2659
2886
3224
3377
3404
3451
3710
3958
3724
3080
3152
3071
3612
3719
3584
3460
3284
3375
3169
3345
3091
3342
3375
3264
3279
3057
3009
2974
3440
3015
2231
253
-589
262
813
1265
-283
-254
-967
-1597
-2501
-3944
-3250
-3035
-2441
-2884
-3082
-4737
-4386
-3651
-2578
-1192
-2100
-1149
-1591
-1338
-3002
-3218
-1863
-164
1467
837
213
-776
-839
-1888
-1478
-1433
-441
89
-349
-1294
-2809
-3043
-3207
-2136
-1875
-2030
-2842
-3269
-3891
-4164
-4535
-3990
-2621
-2013
-1779
-2821
-2779
-2586
-2199
-1756
-1331
-358
383
645
485
360
632
1258
2121
2668
2901
2891
2948
3023
3034
3046
2976
3562
3962
4202
3684
3199
3027
3055
3345
3343
3810
4096
4137
3598
2933
2932
3051
3506
3613
3648
3728
3382
3186
2915
2896
2258
1113
-31
211
733
1072
364
-696
-473
-1772
-1970
-3223
-3428
-2781
-2839
-2711
-3076
-3503
-4621
-3530
-3287
-1475
-1542
-1316
-772
-1111
-1390
-3426
-2125
-1237
1154
1457
1166
214
-568
-1427
-2307
-1377
-1145
477
26
-174
-2240
-3017
-3575
-3241
-2035
-2359
-2269
-3053
-3274
-4244
-4572
-5017
-3885
-2739
-2156
-2162
-2634
-2467
-2599
-2328
-2263
-1334
-129
629
1008
760
481
777
1054
1981
2447
3018
3427
3527
3537
2818
2651
2532
3296
3924
4207
4061
3758
3352
2967
2697
2676
3424
4132
4531
3938
3364
2958
3050
3055
3202
3564
3833
4003
3466
3284
2425
1151
-423
-579
511
1515
1460
-54
-159
-1504
-2347
-3412
-4235
-2868
-2442
-1969
-2457
-2721
-4278
-4229
-3548
-2676
-989
-1478
-54
-188
-188
-2347
-3218
-1825
-354
1786
1491
1539
548
-151
-2352
-2517
-2176
-775
513
294
-447
-2601
-3249
-4321
-3325
-3037
-2848
-2707
-2637
-3120
-4186
-5171
-5356
-3959
-3012
-2182
-2377
-2114
-2164
-2244
-2432
-2354
-1387
-196
807
1313
1159
1115
1130
1418
1831
2209
2945
3472
4284
3839
3426
2644
2579
3025
3480
3896
3978
4094
3772
3335
2443
2480
2683
3784
4051
4037
3724
3340
2980
2576
2709
2798
3513
3631
4103
3286
2003
-567
-1306
-245
936
1707
424
604
-655
-1560
-3491
-4897
-3704
-2667
-1666
-1793
-1861
-3646
-3549
-3514
-2899
-1301
-1838
-110
404
956
-1043
-2562
-1869
-766
1291
1214
1477
1421
1150
-1029
-2009
-2647
-1764
-598
-300
-240
-1637
-2287
-3724
-3701
-3986
-4194
-3982
-3311
-2770
-3273
-4547
-4899
-4673
-3873
-3425
-3466
-2374
-1861
-1229
-1966
-1703
-1699
-909
-18
446
1310
1663
2265
1969
2358
1865
2163
2893
3623
4225
4170
3573
3070
3059
2795
2909
3115
3856
4156
4280
3333
2730
2735
2948
3261
3274
3609
3861
3959
3615
3198
2614
2842
2945
3619
3293
2031
181
-776
165
473
979
-185
279
-516
-1505
-3093
-4975
-3558
-3418
-1793
-2559
-2023
-3455
-3143
-2439
-2961
-715
-2364
133
4
852
-775
-1801
-715
-273
1577
845
1485
1080
1436
-1146
-1239
-2261
-1294
-684
-851
-744
-2259
-2024
-3803
-3127
-4338
-4375
-4720
-3952
-3613
-3974
-4624
-5064
-4173
-4153
-3390
-4123
-2869
-2470
-1713
-1883
-1603
-1117
-566
470
314
1064
1212
1973
2206
2995
2595
2832
3118
3326
3885
3708
3573
3129
3553
3184
3248
3196
3572
3681
4038
3426
2854
3182
3094
3696
3545
3777
3532
3875
3672
3511
3277
3192
3514
3267
2599
262
-647
-759
536
1238
555
186
-620
-1523
-3125
-4852
-4862
-3510
-2184
-1895
-1646
-2966
-3510
-2523
-3306
-780
-1496
-40
1109
1250
1206
-1668
-319
-755
1771
1980
1693
2152
1796
490
-964
-1876
-1991
-749
-955
-507
-2127
-1960
-3624
-3389
-3894
-4797
-4727
-5342
-4143
-4513
-4578
-5305
-4727
-4070
-3706
-3964
-3975
-3129
-2060
-1896
-1735
-1500
-825
242
376
793
1056
1779
1942
2566
2635
2643
3032
3284
3554
3823
3337
3077
3141
3233
3166
2760
3177
3204
4011
3514
3273
2959
3097
3357
3203
3599
3529
4012
3880
3985
3166
3297
3023
2940
2413
543
-498
-643
491
839
542
-243
-642
-1729
-2540
-4777
-4651
-3890
-2740
-1835
-2083
-1914
-3265
-1385
-2917
-546
-1071
-377
1589
1211
2430
-512
870
-8
2082
1975
1737
2117
2056
1359
-310
-795
-1676
-441
-1521
-960
-2550
-2205
-3490
-3362
-3625
-4581
-4682
-5822
-4695
-5427
-5053
-5928
-5044
-4154
-3468
-3583
-3780
-3420
-2746
-2476
-2408
-1620
-1021
676
640
1284
1049
1487
1680
1854
2645
2406
3415
3526
3759
3912
3137
2861
2683
2799
2995
2829
3176
3267
3706
3560
3016
2937
2908
3266
3308
3361
3534
3736
4119
3744
3246
3596
2761
2470
501
-1133
-816
-450
1121
576
693
-325
-1928
-2647
-5135
-4832
-4319
-3221
-1811
-1838
-1394
-2737
-1465
-2170
-1070
-578
-1053
1800
1569
3049
1135
1489
1683
2144
2866
1450
2157
1942
1653
819
398
-493
-58
-1452
-1489
-2647
-2960
-3336
-3701
-2850
-4372
-4272
-5918
-5574
-5489
-5889
-5791
-5481
-4633
-3985
-3744
-3805
-3402
-2926
-2453
-2239
-1708
-1565
-422
-28
971
1489
1671
2191
1845
2249
1892
2312
2918
3283
3954
3558
3287
2860
2495
2703
2553
2798
2929
3242
3518
3312
3087
2882
3260
3318
3476
3429
3481
3854
3899
3778
3727
3559
2533
952
-1375
-1272
-684
207
867
198
422
-1636
-2459
-5009
-5620
-4416
-4279
-2113
-2261
-1330
-2152
-1121
-1496
-789
32
-1269
1557
1455
3046
1902
2031
2538
3153
4010
2245
2526
2027
1658
611
376
-227
748
-264
-1117
-2333
-3139
-3418
-4220
-3538
-4281
-4036
-5379
-5267
-5821
-5768
-5687
-5527
-4556
-4164
-3807
-4404
-2996
-3312
-2027
-2052
-1793
-465
-650
369
-456
912
1110
1844
2403
1933
2525
2142
2463
2334
2849
2796
2829
2635
2324
1977
2243
2428
2710
3167
2864
2811
2430
2702
2688
3177
3444
3751
4087
3950
3720
3505
3581
3766
3132
1495
-564
-811
-316
78
814
-68
734
-1401
-2131
-4783
-5836
-4107
-4788
-2003
-3156
-1466
-2645
-1387
-1572
-1273
504
-1320
2406
1104
3125
1292
1776
2664
2956
4594
2399
3606
2701
2643
986
513
-7
894
394
-607
-1843
-2965
-2872
-3548
-2779
-3970
-3882
-4906
-5008
-5707
-6216
-6362
-5799
-4397
-3748
-3436
-3818
-3122
-3078
-2249
-2888
-1967
-1441
-422
751
92
1063
683
1881
1985
1765
2226
1813
2721
2542
2307
2262
2152
2663
2294
2112
1968
1876
2638
2772
2891
2628
2430
2581
2809
3213
3049
3560
3998
4267
4266
3741
3794
3274
2424
276
-1314
-721
-423
293
69
231
-795
-1533
-2896
-5822
-4466
-5560
-4325
-3807
-3481
-2285
-2439
33
-1649
1083
-210
258
2126
1270
2609
880
2873
2758
4716
4545
3854
4048
3206
2223
666
262
-344
540
-574
-549
-1896
-2099
-2564
-3090
-3225
-4336
-4797
-5530
-5278
-5921
-5754
-5674
-5025
-3990
-3310
-3435
-3325
-2569
-2709
-2133
-2230
-1843
-962
-290
736
478
1428
1458
1727
2084
1036
1740
1646
2249
2539
2011
2192
1962
2162
2094
1727
2075
2147
2519
2725
2384
2522
2488
2983
3129
3247
3637
3782
4204
4419
3950
3978
3636
2662
1104
-1031
-1227
-1121
-31
-421
-338
-584
-1855
-2219
-5119
-5353
-5558
-4851
-4499
-4104
-3060
-3090
-598
-1266
220
716
152
2118
1606
2635
1722
2306
3229
3876
5314
4001
4483
4001
3127
1782
537
62
189
-6
-999
-1386
-1869
-1794
-2508
-3093
-4316
-5076
-5281
-5257
-5054
-5280
-4959
-4578
-4254
-3469
-3527
-3583
-2478
-2031
-1523
-1725
-1110
-982
154
604
163
1224
920
1956
1431
1666
970
1362
2474
1501
2634
1424
1872
1571
1148
1291
871
2148
2023
2641
2487
2392
2737
2856
2932
2737
3080
3496
4105
4152
4192
4069
3954
3662
1915
-133
-1166
-976
-773
-757
-927
-1302
-1289
-2568
-3893
-5432
-5317
-4789
-5052
-4314
-4485
-3660
-2261
-1322
-989
320
88
1344
2533
2485
2717
1804
3304
3197
4286
3931
3511
4347
3771
2976
1480
1130
702
506
-624
-1545
-2025
-1944
-2191
-2876
-3451
-4412
-4922
-4919
-4553
-4798
-4848
-4541
-4245
-3956
-3512
-3637
-3002
-1792
-1478
-1302
-878
-358
-7
906
513
590
1357
1375
1724
1731
1738
1497
2226
2376
2070
2158
1782
1555
1362
1143
873
1310
1923
2200
2364
2505
2416
2609
2679
2524
2554
3177
3778
3841
3994
3685
3612
3460
2495
723
-645
-719
-1019
-696
-1061
-1462
-1346
-2622
-3170
-5250
-4891
-4793
-5107
-4370
-5074
-3685
-3378
-1297
-1570
-217
367
344
2423
1852
3082
1962
3064
3211
3513
3934
3004
3729
3436
3034
1872
1446
1045
806
-323
-1306
-2000
-1979
-2230
-3260
-3927
-4303
-4049
-4151
-4060
-4202
-4319
-4471
-4183
-4172
-3704
-2987
-2632
-1802
-1405
-1113
-1110
62
484
556
1448
721
1655
1835
1431
1172
1142
1981
1897
2745
2219
2089
2098
1646
1175
979
1181
1173
1787
1518
1647
1839
2490
2946
2717
2890
2669
2914
3390
3454
3418
3552
4204
3817
2916
1107
-801
-795
-826
-614
-1024
-764
-1224
-2539
-3042
-5553
-5212
-4519
-5154
-4687
-5313
-4364
-3732
-2131
-1918
-1177
319
194
2075
1635
2323
1834
2466
3242
3290
4053
3073
3896
3124
3074
2050
1645
1805
1253
223
-1283
-1580
-2023
-1710
-2499
-3251
-3730
-4350
-4977
-4962
-4555
-4251
-3712
-3445
-3685
-3511
-3228
-3010
-2231
-1578
-1251
-780
-95
380
806
1268
1388
1735
2617
2107
2352
1896
1905
1827
1715
2479
2239
2935
2140
1725
1135
1081
1101
1421
1727
1497
1796
1670
2316
2368
3046
2867
2959
3269
3155
3243
3288
3679
3635
3170
1629
103
-629
-675
-804
-1123
-1076
-1429
-2220
-2723
-4680
-4990
-4881
-5419
-5166
-5557
-4416
-4316
-2741
-2437
-2019
-120
-347
1455
1553
2109
2055
2036
2878
2632
3440
3022
3269
3178
2914
2264
1862
1872
1316
610
-831
-1365
-1940
-1933
-2373
-3226
-3499
-4288
-4949
-5190
-4777
-4235
-3623
-3173
-3342
-3546
-3064
-2996
-2301
-1405
-1247
-640
-303
586
670
1659
1764
1823
2898
2204
2730
2141
2369
2094
2052
2527
2119
2841
2273
2176
1621
1592
1289
1470
1733
1500
1956
1780
2378
2355
2777
2753
2678
3128
3220
3607
3547
3829
3759
3033
1887
-5
-754
-793
-808
-801
-1041
-1347
-2411
-3052
-4548
-5076
-4614
-5049
-5308
-5568
-5060
-4700
-3234
-2913
-2220
-480
-375
1105
1106
1809
1974
1745
2643
2315
3389
2890
2956
2721
2273
2096
1506
1766
1285
843
-522
-1214
-1936
-2411
-2860
-3697
-3826
-4127
-4455
-4763
-4765
-4390
-4145
-3791
-3522
-3202
-2614
-2332
-1909
-1783
-1026
-839
-177
740
915
1786
1949
2429
2634
2802
2715
2439
2633
2414
2355
2370
2514
2300
2375
2050
1692
1801
1520
1620
1554
1638
1791
1960
2341
2424
2604
2805
2817
3078
3277
3527
3745
3859
4131
3757
2491
943
-395
-880
-871
-1070
-1078
-1469
-2073
-2979
-4279
-4947
-5018
-4952
-5450
-5826
-5095
-5064
-3708
-3180
-3207
-1076
-1069
579
1056
1510
2363
1707
2738
2148
3037
3116
2809
2791
2194
1985
1495
1598
1067
826
-291
-908
-1450
-1894
-2240
-3185
-3607
-4519
-5371
-5783
-5394
-4850
-4070
-3517
-3342
-3076
-2672
-2307
-2202
-1482
-1125
-882
-344
116
568
1465
2095
2124
3144
3173
3389
3377
2997
3012
2431
3061
2691
2875
2731
2101
1956
1600
1858
1820
2262
2284
2468
2324
2341
2306
2467
2642
2289
2596
2714
3077
3325
3729
3805
3621
2610
981
-153
-529
-717
-1097
-923
-1780
-2420
-3124
-4397
-4872
-4769
-4665
-5332
-5324
-4764
-4659
-3296
-3048
-2944
-1187
-1328
48
170
988
2038
1649
2827
2103
3167
2804
2599
2290
1696
1605
962
1011
266
162
-836
-1098
-1826
-1902
-2400
-3212
-3508
-4460
-4954
-5157
-5027
-4875
-4158
-3994
-3765
-3252
-2619
-2326
-1561
-1131
-719
-394
66
368
700
1726
1311
2318
2602
2796
3461
2766
3208
2868
2984
3150
2822
3093
2567
2423
2002
1846
1707
1693
1970
2118
2551
2637
2844
2839
3053
2686
2545
3130
3089
3459
3660
3593
3979
3718
2760
785
-246
-517
-876
-673
-953
-1341
-2379
-3094
-4539
-5349
-4606
-4831
-5199
-5614
-5170
-4969
-3812
-2764
-3222
-1010
-996
85
745
717
2101
1273
2715
2073
3077
3155
2814
2623
1481
1557
786
1381
537
514
-546
-1012
-1659
-2009
-2236
-3369
-3688
-4945
-5450
-5594
-5408
-5046
-4228
-4154
-4135
-3687
-3063
-2509
-1933
-1525
-1178
-789
3
37
788
1479
1332
2618
2379
3538
3432
3500
3440
2864
3373
2800
3561
2911
2933
2265
1846
1919
1762
2377
2342
2627
2604
2692
2261
2409
2624
2668
2983
3232
3163
3162
3365
3347
3506
3808
3088
1223
-10
-555
-999
-871
-854
-1401
-2007
-3034
-4207
-5328
-4665
-4681
-5090
-5287
-4805
-4419
-3526
-2571
-3445
-1266
-1402
128
619
846
2253
1260
2633
1694
2850
3047
2933
2569
1694
1423
792
1139
129
39
-934
-1234
-2020
-2157
-2288
-3230
-3369
-4275
-4977
-5201
-5354
-5130
-4586
-4478
-4343
-3878
-2923
-2475
-1910
-1437
-933
-584
121
14
554
1265
1146
2142
1821
2727
2866
2853
3026
2494
3180
2967
3359
3060
2751
2511
1947
1935
1728
1997
2139
2532
2648
2859
2808
2794
3101
3149
3511
3569
3701
3831
3696
3640
3732
4025
3830
2513
664
-567
-511
-670
-819
-757
-1808
-2668
-3373
-4925
-4984
-4524
-4739
-5361
-5825
-4987
-4930
-2825
-2937
-2751
-824
-1262
935
554
1572
2085
1803
2642
1929
3044
2704
3020
2163
1671
1201
1101
1020
138
-48
-1304
-1285
-2035
-2017
-2594
-3705
-4349
-5264
-5563
-5875
-5611
-5046
-4902
-4969
-4445
-4043
-3113
-2192
-1950
-1628
-1150
-521
-490
401
1080
867
2125
2078
2746
3263
3316
3485
3057
3561
3065
3615
3394
3252
2796
2369
2140
1849
2304
2093
2420
2213
2475
2397
2787
2901
2805
3212
3233
3153
3276
3625
3361
3823
4085
3849
3184
1419
-10
-443
-286
-585
-692
-820
-2422
-2734
-4208
-5105
-4408
-4400
-4781
-5645
-4833
-5131
-3420
-2608
-3106
-1234
-1200
318
666
810
1934
1608
2461
1986
2482
2725
2928
2629
1531
1371
812
1080
114
-183
-1228
-1598
-1929
-2442
-2258
-3208
-3403
-4339
-5271
-5972
-5890
-5444
-5013
-4862
-4472
-4115
-3283
-2506
-2263
-1440
-1098
-479
-552
99
661
1086
1739
1828
2284
2714
3174
3288
3179
3150
3192
3109
3260
2946
2815
2598
2256
2035
1913
2171
2289
2403
2279
2275
2423
2925
3082
3348
3485
3461
3698
3638
3675
3777
4028
4033
3455
1714
84
-345
-470
-472
-612
-887
-1677
-2656
-3397
-5016
-4902
-4393
-5201
-5472
-5690
-5100
-4461
-2570
-3043
-1997
-718
-631
1456
412
2122
1738
2451
2674
2031
3079
2357
3189
1633
1710
937
1211
810
104
-294
-1354
-1284
-2380
-2232
-3377
-4004
-4950
-5762
-5877
-6400
-5991
-5042
-5052
-5002
-4361
-3748
-3047
-2147
-1976
-1826
-1102
-687
-453
251
1633
958
2587
2428
2932
3810
3123
4074
3043
3727
3066
3401
3268
2824
2724
2226
2294
1930
2500
2054
2509
2372
2522
2573
2873
3087
2743
3148
3285
3164
3391
3804
3647
3895
4003
3826
2901
1399
13
-47
-408
-496
-797
-1489
-2078
-3020
-3980
-4897
-4223
-4449
-4948
-5282
-4650
-4783
-3368
-2459
-2891
-892
-1271
494
885
1015
2101
1692
2751
2150
2594
2495
2765
2580
1670
1230
796
1003
-41
-192
-1242
-1603
-2188
-2764
-2801
-3642
-3743
-4517
-5259
-6102
-6225
-5776
-5513
-5143
-4713
-4208
-3366
-2649
-2314
-1955
-1144
-781
-718
51
547
1163
1613
2100
2239
2746
3221
3103
3511
3400
3499
3423
3403
3332
2982
2842
2443
2281
2193
2294
2287
2465
2467
2371
2609
2868
3083
3349
3668
3541
3550
3660
3569
3689
3980
4046
3839
2786
1095
-267
-173
-397
-755
-719
-1574
-2205
-2997
-4075
-5170
-4446
-4594
-5059
-5360
-5323
-4918
-3701
-2399
-2991
-898
-1177
803
1082
953
2270
1477
2970
1762
2510
2057
2821
2547
1727
1352
711
1227
-102
-6
-1635
-1535
-2317
-2361
-2687
-3789
-3894
-5014
-5591
-6464
-6131
-6008
-5230
-4929
-4627
-4237
-3442
-2594
-2593
-1771
-1556
-1008
-513
-92
666
842
1787
2067
2544
3217
3233
3695
3608
3745
3473
3610
3565
3490
3224
2682
2563
2286
2532
2341
2580
2488
2456
2650
2791
2832
2987
3314
3141
3311
3354
3551
3616
3978
3927
3890
3483
2325
473
-371
-53
-955
-573
-1144
-1564
-2382
-2984
-4127
-5157
-4047
-4995
-4914
-5501
-4996
-4813
-3183
-2455
-2728
-746
-1051
1297
745
1565
1993
1867
2927
1765
2682
2181
3098
2302
1832
1060
850
991
-64
-126
-1620
-1416
-2352
-2478
-3414
-4371
-4621
-5364
-5659
-6390
-6265
-6105
-5355
-5106
-4600
-4267
-3090
-2585
-2525
-1987
-1868
-881
-402
416
665
1088
1974
2356
3015
3271
3449
3769
3790
3711
3347
3401
3489
3434
2969
2495
2597
2495
2819
2504
2424
2386
2411
2499
2438
2566
2613
2953
2817
3064
3158
3483
3913
4037
4117
3856
3617
2544
658
-149
-223
-573
-560
-974
-1639
-2123
-2475
-3750
-4477
-4135
-4447
-4712
-5240
-5085
-4965
-3332
-2499
-2445
-978
-856
1142
1145
1575
1941
1821
2809
1874
2411
1903
2743
2341
1828
1121
791
1113
79
96
-1335
-1281
-2103
-2484
-3504
-4704
-4978
-5418
-5495
-6132
-6008
-5826
-5006
-4726
-4492
-4153
-3294
-2755
-2643
-2519
-1989
-1252
-387
206
384
1065
1818
2769
2999
3343
3248
3639
3791
3661
3410
3293
3581
3405
3146
2744
2903
3064
3333
2820
2494
2327
2425
2409
2381
2336
2413
2910
2832
3052
2945
3416
3735
3895
3803
3487
3153
2021
152
-605
-568
-848
-487
-1162
-1623
-1923
-2285
-3365
-4303
-4050
-4421
-4743
-5256
-5453
-5216
-3412
-2610
-2277
-906
-439
1413
1379
1624
1542
1492
2254
1491
1772
1448
2315
2074
1859
1102
1015
1319
711
473
-1226
-1351
-2387
-2669
-3750
-4881
-4935
-5050
-4901
-5557
-5532
-5275
-4542
-4372
-4292
-4413
-3602
-2980
-2966
-2613
-2297
-1189
-199
589
914
1244
2295
2865
3114
3256
3107
3614
3811
3870
3486
3537
3980
3963
3811
3459
3369
3373
3507
2808
2286
1967
2173
2354
2456
2572
2473
3093
3182
3113
3022
3366
3641
3707
3454
2915
2535
1474
-77
-958
-734
-795
-644
-1033
-1778
-1827
-2409
-3522
-4577
-4688
-4781
-5209
-5503
-5667
-5140
-3325
-2381
-1995
-910
-452
1081
1184
1191
1116
946
1641
1083
1430
1467
2356
2445
2175
1528
1328
1578
863
394
-1277
-1701
-2767
-3085
-3876
-4612
-4230
-4391
-4319
-4969
-4968
-4896
-4392
-4418
-4688
-4723
-4049
-3457
-3188
-2598
-2069
-827
96
752
1000
1481
2243
2583
2755
2742
2878
3430
3893
3990
3942
4055
4330
4457
4250
3868
3539
3540
3298
2660
2159
1866
2175
2470
2586
2536
2670
2996
2976
2715
2601
2726
2944
3011
2722
2616
2386
1643
90
-755
-531
-504
-268
-892
-1605
-1734
-2171
-3387
-4749
-4826
-4751
-4592
-5060
-5362
-4830
-3210
-2072
-2213
-1340
-1018
506
740
513
491
531
1500
988
1416
1417
2468
2716
2438
1748
1249
1551
868
383
-1212
-1663
-2676
-2889
-3469
-3944
-3568
-3734
-3725
-4672
-4765
-5099
-4641
-4572
-4685
-4557
-4116
-3333
-3005
-2221
-1866
-773
-23
636
837
1119
1810
1984
2473
2392
2780
3395
4042
4269
4191
4203
4317
4367
4119
3821
3306
3350
2988
2575
2238
2240
2683
2963
3012
2790
2628
2797
2736
2334
2360
2400
2737
2706
2517
2501
2838
2612
1254
-227
-642
-354
-349
-647
-1890
-1994
-1821
-2611
-3968
-4756
-4513
-3990
-4170
-5172
-5374
-4283
-2495
-2504
-2453
-2242
-1130
239
99
-60
-261
973
961
761
529
1017
2325
2349
1903
618
912
885
640
-329
-1341
-1689
-2019
-1995
-2940
-3079
-3185
-3131
-3627
-4184
-4686
-4663
-4056
-4047
-4044
-4240
-3493
-2957
-2293
-1976
-1760
-840
-62
372
341
697
1226
2114
2476
2619
3048
3779
4538
4482
4369
4241
4497
4601
4252
3736
3557
3756
3587
3268
2855
3021
3370
3501
3197
2668
2773
2787
2668
2280
2080
2404
2553
2639
2269
2465
2824
2296
974
-712
-1045
-715
-548
-1113
-2157
-2202
-1838
-2492
-3589
-4472
-4342
-3624
-4368
-5241
-5815
-4445
-2861
-2788
-2742
-2827
-1287
-365
-349
-870
-784
337
258
121
-457
450
1734
1782
1302
158
557
822
583
-320
-1312
-1382
-1462
-1636
-2383
-2679
-2555
-2391
-2925
-3610
-4132
-3914
-3339
-3338
-3418
-3656
-2990
-2521
-1984
-1716
-1617
-698
-265
49
-43
204
1086
2012
2627
2673
2976
3622
4334
4295
4054
3855
4042
4257
3779
3465
3305
3719
3838
3436
3120
3099
3392
3341
2778
2293
2106
2187
2186
1725
1834
2103
2548
2622
2218
2396
2678
2799
1743
3
-906
-841
-327
-470
-1121
-1646
-1308
-1026
-1817
-2798
-3770
-3378
-3469
-4341
-5193
-5689
-3958
-3090
-2764
-2966
-2888
-1477
-969
-979
-1868
-1726
-1220
-1056
-1052
-1286
-213
493
1038
569
51
540
459
392
-424
-1107
-1275
-1384
-1473
-1616
-1476
-1392
-1644
-1955
-2270
-2586
-2463
-2491
-2464
-2581
-2538
-2474
-2021
-1238
-977
-599
-558
-238
-52
379
575
1014
1758
1939
2453
2398
2988
3312
3580
3734
3258
3232
3033
3031
3033
3206
3041
3082
3156
3209
3150
2652
2675
2445
2615
2362
1964
1995
2183
2632
2857
2817
2447
2758
2867
3012
2666
2185
1302
343
102
-333
137
-256
-497
-843
-917
-1056
-2065
-2831
-3706
-3439
-4009
-4531
-5232
-4934
-3725
-3531
-3331
-3842
-3073
-2324
-2121
-2664
-3307
-2845
-2485
-1975
-2101
-1683
-852
-185
257
-59
-35
90
119
-8
-620
-1123
-918
-710
-427
-370
-627
-601
-651
-650
-1104
-1505
-1794
-1703
-1863
-2114
-2149
-2005
-1096
-878
-744
-683
-434
38
266
280
273
655
1242
1691
1910
2330
2648
3092
3164
2837
2679
2974
3006
3303
3348
3408
3644
2947
3192
2624
2802
2848
2951
3307
2206
2664
2203
3002
2583
2129
2414
1818
2878
1882
2737
1840
1992
2278
756
904
-1052
104
-40
-18
-554
-1678
-799
-1583
-1445
-3095
-3530
-3308
-3376
-3436
-4791
-4523
-4152
-3340
-3332
-3874
-3557
-3047
-2534
-3062
-3468
-3329
-2624
-2171
-2058
-1710
-1332
-443
-215
-262
-196
-398
-111
-114
-488
-587
-547
-240
37
133
97
-123
-273
-498
-826
-1147
-1363
-1413
-1558
-1604
-1584
-1276
-788
-667
-258
76
-50
128
334
485
651
267
920
1569
1514
2274
2232
2704
2756
2848
3487
3045
2699
2226
3263
2993
3008
2923
1876
3600
3148
3216
2954
2335
2930
2676
2794
1384
1325
2283
2265
2243
1480
1066
2193
2008
2124
904
466
648
39
674
-996
-598
-1039
-400
-307
-1672
-1381
-2120
-1580
-2396
-3071
-3738
-3945
-3399
-3625
-3909
-4135
-3769
-3082
-2759
-3037
-3173
-3004
-2826
-2806
-2784
-2884
-1997
-1561
-1182
-988
-1084
-515
-390
-116
-301
-422
-276
-404
-302
-176
-347
-75
56
-54
-291
-510
-640
-1039
-1294
-1311
-809
-1381
-1181
-94
389
557
-320
369
553
-251
-41
385
1195
991
953
1916
2872
2508
2350
2508
2315
3309
2260
2241
2848
2243
3551
3537
2514
2440
3158
2795
3789
2819
1980
2702
1043
3039
2123
1230
1368
2062
2281
1431
1064
570
1820
521
1503
606
-147
-69
466
432
-621
-703
-805
-16
-810
-808
-1603
-1769
-1688
-1959
-2713
-3382
-3361
-2531
-2978
-3306
-3481
-3273
-2451
-3006
-2824
-3368
-2824
-2757
-2691
-2629
-2505
-1856
-1745
-1630
-1464
-1149
-660
-528
-655
-636
-820
-669
-834
-457
-117
46
-194
-591
-784
-755
-1094
-1130
-797
-673
-391
-696
-110
-232
287
-98
-557
-371
-165
998
668
590
1039
2259
1485
2990
1494
2064
2527
1332
4476
2122
2475
1686
4429
2617
3385
2254
1706
4575
654
4834
477
2660
2188
2410
1482
-45
2959
693
2516
-314
1842
370
808
794
1
570
-74
599
96
243
1095
465
4
706
-1512
766
-555
84
-1156
-1311
-556
-1015
-512
-2242
-1163
-2114
-1053
-2309
-2613
-2476
-2584
-2284
-2906
-2894
-3075
-2690
-2349
-2500
-2543
-2240
-2361
-1765
-2283
-1958
-2215
-1933
-1523
-1603
-1590
-1415
-851
-853
-623
-969
-838
-845
-914
-1250
-769
-848
-69
-179
-531
171
-711
642
-245
-195
424
-306
680
1193
1266
336
1505
1526
2263
1724
963
3142
1432
2517
3088
1906
1515
1768
4101
3424
1606
1610
2927
2558
2528
907
929
2785
697
2545
1134
622
883
1039
2703
-867
135
-141
1412
106
-52
-8
-477
1636
-121
1385
-376
172
1180
235
787
-382
-431
1246
-973
371
-251
70
484
-456
529
-1679
-96
-1566
-627
-2033
-1810
-1622
-2363
-1664
-2471
-1733
-2520
-1500
-2008
-2191
-2350
-2316
-2702
-2422
-2666
-2466
-2277
-2309
-1763
-1939
-1457
-1687
-1498
-1551
-1219
-1755
-1197
-1249
-1113
-650
-367
-346
-756
11
229
586
-1034
-8
822
1265
549
-42
1640
1421
2463
748
1120
1675
2099
2331
823
1935
1365
3061
1732
1638
3178
244
2518
2329
1831
1385
324
2405
805
1376
184
1391
1363
-192
1909
-412
435
1058
44
341
-631
148
696
24
364
285
1236
-1011
1059
910
-344
957
-502
1677
-357
1239
650
585
1055
147
823
538
907
-356
765
-527
411
-379
-729
28
-1318
-234
-1085
-843
-1036
-1675
-1081
-2181
-1670
-2105
-1940
-2581
-2670
-1924
-3101
-1750
-2967
-1710
-2495
-2756
-1735
-2455
-1849
-2217
-1490
-2178
-1818
-1057
-588
-1162
-592
-479
-586
178
338
194
229
-26
1146
1373
701
2463
11
1991
1776
1280
1439
769
2582
924
2035
403
2929
1082
1064
1783
280
2197
-373
2451
402
687
-169
425
1605
786
-28
-701
1512
-1102
2144
-228
-661
223
-54
1471
-959
940
-114
124
770
-516
778
192
562
346
483
1647
502
224
187
2554
191
-238
1000
368
1944
809
1048
-764
1151
995
440
206
-637
826
-541
872
-372
-660
-761
-962
-125
-1471
-1808
-1519
-1238
-1060
-1589
-2012
-1658
-1155
-1906
-2591
-1572
-2326
-1285
-1745
-2464
-1381
-1093
-1360
-1641
-1266
-1376
85
-1189
-881
-19
-987
564
481
-1038
375
686
187
1329
422
227
1135
1194
248
1859
-344
534
3051
-860
964
1189
688
704
805
-1040
1296
2011
-2125
1638
-805
-178
1007
-689
-718
1190
620
-1195
394
-1669
1771
368
-1381
-1000
711
947
136
76
-1181
2034
249
1096
-219
880
570
498
1481
-389
1799
309
2381
419
446
1304
1133
981
251
1629
137
1538
518
934
546
356
1200
220
-349
-49
826
-352
-137
-163
-775
-323
-20
-943
-31
-1828
-297
97
-2089
-260
-2037
-654
-824
-1557
-1665
-464
-783
-1384
-225
-1901
512
-1382
-1153
-462
-758
-445
-1584
498
-579
-64
148
-323
389
-285
-280
-48
544
-407
-959
1639
-377
923
-428
-713
1478
-1448
1009
-1007
157
-1881
1479
503
-2576
1213
-2016
2281
-2197
-181
-942
-1033
1151
-2351
1066
-2532
779
593
-41
-1507
-672
712
779
1247
-2533
681
1316
1433
-102
575
-271
1655
1013
1021
1165
-541
2388
761
1933
828
550
1320
1496
1434
1345
-268
903
2051
1060
303
913
1178
199
1724
-493
1357
-607
-232
1904
-325
289
-93
1127
-259
112
-670
-728
345
-888
-203
339
-792
-240
205
-743
596
-1431
-66
-1400
-767
34
-690
-431
-1248
791
-655
76
-1586
268
-984
-811
-791
-263
246
-1840
412
-1443
1245
-2037
-296
-168
-1107
-224
-2094
760
-1464
-571
-1362
-204
-49
-956
-589
-2097
121
-580
-1408
-321
-1685
-227
-536
-399
-683
-492
-167
-1399
1881
-1458
273
-858
212
1572
-783
433
-181
1512
-531
2079
-345
863
1007
1672
1401
-442
1150
901
2851
-747
2455
508
955
1741
936
1155
44
1642
1860
1486
-708
1916
769
942
677
567
122
1639
1806
7
818
-1560
2204
719
-1084
534
1007
587
-322
342
-20
1133
-342
-333
-1116
-333
1106
-314
-252
-1313
-334
311
161
-779
-594
-830
-1012
-266
-1218
-84
-1003
-1014
-834
-478
-1084
-739
-135
-1777
-1061
-2127
4
-380
-1548
-1237
-1639
-718
-307
-1050
-1704
-571
-1609
-835
-474
-2236
-1097
603
-1368
-614
-795
-1070
289
-1522
198
68
-1613
236
90
404
-1064
8
1367
-1577
1026
1068
701
-673
978
591
407
714
399
3168
-2005
1070
2345
636
-512
1252
2303
478
1437
15
2707
461
667
609
670
1896
771
2144
23
1651
1394
755
911
541
1267
162
1394
943
1024
784
563
375
1013
605
-780
847
183
619
149
-754
333
20
-90
250
-1122
-526
554
-897
-1028
-430
54
-1679
-1423
-674
653
-16
-2880
-695
-820
133
-2041
-1446
121
-2073
-815
-1195
152
-2059
-1602
-25
-1126
-877
-1699
-639
-1301
-1042
-330
-1992
82
-317
-102
-852
-2929
1706
-821
-893
52
-1251
499
-660
1325
-979
-380
0
940
1476
-2577
1732
-345
657
380
-173
1770
-548
1663
-64
1172
18
283
2266
794
478
229
1746
1039
1053
518
1385
1521
244
2603
1017
32
2020
980
636
1549
605
1507
1765
208
811
324
976
1368
309
-691
1062
526
374
904
-1238
445
-32
210
-1048
183
292
-572
-518
-1192
206
-1491
637
-633
-1550
-1332
978
-1091
-1312
-365
-2200
585
-2033
-201
-2337
825
-1829
-1327
501
-3162
1233
-3157
11
-2246
-1004
531
-1205
-645
-2046
1055
-2105
-529
-113
-1768
-382
-276
232
-272
-1826
613
596
-585
-193
-360
289
113
461
-1022
358
-76
1365
741
-1489
894
-82
1598
35
-168
1257
-286
1787
521
949
-800
1441
2102
-273
2093
-870
3642
-255
886
1604
158
3288
-570
1912
-425
2939
1448
288
521
121
2123
559
1524
-1283
1113
976
-607
1744
-530
-488
1003
-164
380
-782
-745
585
-36
-1610
287
280
-728
-805
-716
263
-731
-522
-1526
-192
-611
-472
-972
-744
-1702
-884
1631
-2970
-869
-565
-1347
-69
-2646
-215
9
-1372
-1813
110
-545
-1870
948
-1685
-862
-908
-394
425
-74
-2325
616
1086
-1521
347
-794
1321
-824
436
-566
336
-63
497
189
-894
709
717
902
-2219
2246
-329
-12
518
1410
-704
531
2037
-1149
1533
-1214
2757
965
-908
929
2592
684
597
1275
-182
1772
950
2064
56
1189
51
1494
1646
-921
1781
-80
336
1113
865
646
-857
265
-301
325
-21
-593
879
-1559
950
-410
-269
-1265
-543
731
-1599
653
-1742
-173
-583
402
-1576
79
-571
-819
13
-2366
563
-1633
-3
-1355
152
-2264
488
385
-2391
-325
-1012
244
-1773
541
-1514
-522
-831
160
-411
-915
204
55
800
-2005
411
-267
-23
1221
-683
-1120
832
1910
-489
-811
242
-267
1551
-713
-172
674
-76
546
342
-61
-561
2386
-1210
1132
795
-595
707
296
1375
-381
1220
423
1583
735
231
1865
1016
364
200
1432
1217
813
-30
539
1916
223
-25
959
815
-720
1052
-440
-181
914
-1191
1158
-2156
731
-161
-166
-881
-1335
948
-1350
-30
-1620
730
-1943
597
-444
-938
-673
-1313
1311
-1651
-587
-1263
802
-1011
-920
-623
-37
-1147
-674
-228
-999
6
-1130
253
-915
-153
-2336
1255
-981
-1041
885
-1921
221
513
685
-2252
-457
871
789
-177
-764
597
774
-558
114
-313
633
434
378
740
-547
1139
32
845
-1202
1940
72
504
418
17
1600
-1378
2024
-278
2085
-1363
1545
2250
-582
833
-1090
2987
744
747
699
258
687
1891
-202
404
965
-478
1443
499
324
-288
736
-949
803
-248
-742
1160
-1033
473
-1283
-533
-473
-825
209
-1524
174
-990
-137
78
-713
-531
-1776
432
-1671
-21
-649
-553
-50
-1692
1003
-743
-856
-1083
18
-453
-1115
-417
-738
269
-327
-1940
141
196
-1017
262
-1082
-625
-115
-165
-459
104
-836
-148
823
-115
236
-9
-193
122
730
-689
381
305
387
885
275
162
545
1003
346
-80
-23
2099
1002
-562
-40
1146
517
1036
359
-116
1272
1326
1238
-272
566
496
1899
362
-183
534
617
1857
-93
237
526
1054
954
-701
525
427
-348
1052
-729
111
213
-7
-329
-307
-234
-593
250
-320
-802
-1592
155
-1028
243
-1444
-13
-17
-1107
-170
-1370
-348
-1895
866
-1485
-779
-461
-1409
334
-878
-1053
-122
-409
-295
-778
-952
-823
-1270
465
-1740
1132
-1488
-835
495
-523
570
-2546
565
98
949
-2281
693
676
-1161
824
-1252
2642
-1089
14
806
755
-527
201
998
204
974
-124
2203
-464
985
290
1281
29
1179
1088
-835
1671
900
1274
-988
1635
531
1425
1162
120
767
151
1529
412
43
1147
358
461
844
38
1224
-768
1072
541
494
-801
1472
289
-1446
780
-1235
1555
-1476
346
-652
608
-632
-936
514
-2131
555
-1661
772
-1263
-2051
693
-184
-1283
-1357
-430
-917
-830
-678
-1514
-1141
250
-590
-1292
-1411
287
19
-1803
-1052
-165
-767
-32
-307
-1831
-1268
829
150
-952
-875
-336
1281
-1673
628
-100
-1369
942
-251
564
-1264
505
974
434
-202
68
459
197
1790
-162
210
82
1948
1108
123
747
151
1381
526
660
355
2097
1092
711
-394
891
2430
-638
1544
-114
783
1675
1083
616
-415
279
962
853
299
866
-722
996
1112
833
-424
-583
73
991
757
-1468
1154
-594
-561
-33
155
108
-2200
375
409
-232
-1217
-1480
1018
-1351
-982
-434
-1814
285
-730
-1328
-1440
-860
-122
-1050
73
-2321
-81
-486
-1327
44
-2800
705
-513
-790
-329
-1035
-17
-1057
-607
-205
-1217
-140
797
-793
73
-118
-729
64
62
-1132
721
485
-431
1099
-526
-60
709
-627
1650
-457
441
1927
-351
1194
-322
1246
693
1057
-567
1743
1207
-610
2144
-426
2554
-861
1301
1625
621
707
-433
2260
-191
1006
113
1762
-10
26
805
83
1232
-174
1215
-875
605
265
1450
154
-1316
506
-823
1467
-774
390
-1097
-250
1429
-1134
54
-1307
-715
79
-125
-1144
-359
-990
359
-781
-1745
-786
-468
-953
-1073
-267
-2392
1222
-1521
-1304
-1006
5
59
-1665
-430
-1426
115
-2078
-23
-459
-475
-417
-67
-113
-1170
-56
-1410
353
105
-917
-19
-411
827
-74
-795
-310
-138
1253
-865
1052
-1308
1135
854
-756
1634
-288
2070
-766
971
-342
1341
928
209
1656
-900
2678
564
-274
1606
550
796
1056
322
1688
135
787
871
1175
-411
1185
1593
-1418
2201
-652
1343
558
-287
1562
150
115
-293
1461
16
-369
-36
3
756
-838
907
-298
-510
545
-1561
1221
-827
-512
-698
-629
627
-1442
-291
-738
-228
-1242
-1102
-419
-665
-18
-1858
-453
-636
-1103
76
-1978
-310
-586
-786
-1361
86
-311
-1659
-897
-426
73
-1653
787
-2314
1250
-440
-1057
325
-2314
1451
-313
-222
-984
433
-434
264
-33
-577
58
1126
222
384
-215
-446
2226
-1242
1860
-1105
1105
998
874
660
-374
1748
-66
2409
-631
1371
-411
1372
1906
54
577
761
1540
513
528
-205
1794
-204
985
994
260
526
883
401
6
317
761
359
69
867
-72
127
-1128
1341
-51
-400
69
451
-156
-1229
1486
-1073
-643
-181
-378
-690
-566
167
-928
-352
-1393
343
-804
-1746
954
-1815
-1009
20
-289
-976
-598
-924
-655
-152
-2668
791
-964
-750
586
-1533
111
-846
-307
-389
-1294
145
-1063
200
556
-1480
307
-367
-17
-143
-166
-249
-384
353
-94
749
-188
-42
232
685
775
-109
245
-48
791
502
122
685
503
964
686
749
70
1279
537
-211
1652
-117
580
732
998
911
-275
786
721
1323
-651
739
1105
-813
1446
62
211
779
406
278
-189
271
-334
549
594
-1159
814
-368
714
377
-1503
381
-306
627
-2250
1544
-1208
-973
1363
-2089
610
-1535
782
-1095
-741
-312
-1429
635
-1085
-124
-926
-1225
948
-934
-610
-1197
-577
49
-806
-264
-1384
566
-503
834
-1348
-897
-153
-56
1
-1373
-116
-524
1510
-890
-272
-714
942
-92
-769
381
-74
559
14
23
35
724
-138
1103
-691
793
709
191
182
402
469
956
775
-780
1307
1033
516
200
518
258
1048
-113
1013
-193
285
967
990
590
-1080
2015
713
-247
-1092
1711
-43
62
857
-709
1133
-411
702
105
-586
-278
1299
-588
-948
1163
-587
64
-54
-1096
36
611
-1316
8
-220
-1240
886
-771
-466
-328
-1389
776
-507
-1569
44
-204
-304
-139
-1289
-622
134
-546
-480
-675
-1370
429
776
-1468
-476
-463
269
-655
-408
129
-1273
276
-129
-116
-689
-155
420
-440
-241
192
377
-611
335
1565
-1896
166
1196
-932
1084
-685
854
989
69
-235
1065
553
-611
1602
-1366
1567
936
-915
1637
38
577
561
318
-8
671
773
-55
599
274
520
247
-135
1401
231
-781
883
635
458
-715
574
304
-488
256
126
615
-893
829
-73
-118
91
-564
429
-964
-222
235
-334
-479
-251
59
-556
-54
312
-1019
-547
-224
308
-447
-1167
-430
531
-1094
-147
196
-929
52
-1044
617
-1109
201
-955
656
-939
-1544
2352
-2380
486
-684
61
557
-1080
293
-86
-533
-358
953
-416
-785
566
411
140
-67
-314
1581
-989
797
390
-730
1050
-210
1011
-723
463
1016
307
344
234
379
198
279
735
60
-623
551
662
344
-318
767
309
1246
-275
-451
757
-425
593
-254
87
-539
1026
515
388
-345
-443
1056
-632
-242
-287
505
-1455
969
-12
-401
434
-1085
1006
-961
260
-1295
-66
276
-717
263
-1412
591
75
-589
-254
-89
64
-767
334
-259
-1434
369
-364
-59
-357
-720
530
566
-472
-1122
826
-491
-367
170
-1063
316
366
-782
630
-67
-518
1228
-570
-398
555
209
224
-92
60
56
526
-36
471
444
-81
851
45
544
-283
521
624
-1145
1248
389
181
416
-87
945
-11
-229
531
1063
-661
-492
662
58
68
-193
461
398
291
240
448
-183
-659
276
186
-620
-29
-89
-54
773
-351
105
-455
-84
47
-115
-644
-447
5
-679
185
-731
-1
-266
136
-367
-655
-95
-271
16
-472
-492
-723
408
-283
-129
180
-275
111
-118
120
-534
-666
541
-146
-248
-227
128
345
-141
154
-193
84
-109
273
-743
562
227
-1074
568
192
268
29
-31
535
529
-268
411
-51
-381
838
480
-420
334
752
732
168
-88
777
170
-263
165
1255
-106
-89
538
943
256
-1225
1114
747
-565
111
431
425
-347
-4
396
-101
-49
-37
127
-68
-172
-324
150
128
-817
-159
440
-499
-364
-315
199
-68
-1055
-262
-104
-19
-642
321
-1158
-764
820
-692
-436
-326
-803
-302
300
-852
-119
-322
-519
-11
-104
-1113
99
60
-716
435
-998
188
246
-218
-286
202
-442
240
388
-769
670
-160
266
-69
612
18
-373
557
355
638
-425
94
784
694
218
-112
308
676
234
658
-112
-257
943
708
438
-133
165
955
702
114
107
226
576
406
192
139
667
185
197
653
11
260
283
301
334
-360
-138
772
-258
105
-197
-88
397
-198
-275
-793
331
-145
-335
-758
-969
376
-153
-649
-429
-661
-413
74
-913
-928
-133
-718
-657
-322
-520
-637
-645
-373
128
-520
-1059
-133
-332
-57
-681
-811
-174
-225
-233
-464
6
-113
-500
12
401
-711
104
61
-77
-211
-92
417
-152
580
-54
637
-65
35
1235
-438
403
308
385
1246
-405
314
678
942
508
31
841
459
1084
218
258
353
584
894
15
368
933
598
326
677
256
480
579
441
-300
148
361
456
678
-539
472
598
547
-29
-777
17
607
21
-889
-110
-337
106
103
-466
-277
-338
-314
-368
-494
-716
-440
-752
-790
-396
-270
-885
-238
-660
-671
-420
-990
-382
-995
-330
-1037
-763
-546
-483
-116
-606
-417
-589
-482
-665
105
-831
-379
-323
-395
19
-477
26
18
95
-303
95
-6
86
51
-67
235
234
346
260
208
504
680
222
729
126
530
994
170
768
230
778
961
501
518
693
1071
591
589
337
681
809
715
416
405
819
490
543
419
594
681
291
258
464
349
38
700
140
42
496
-69
506
-118
131
14
-317
140
-108
-46
-601
352
-552
-547
29
-685
22
-872
-484
-297
-653
-608
-724
-646
-531
-643
-765
-683
-761
-608
-804
-623
-874
-423
-925
-1046
-553
-446
-677
-928
-487
-632
-353
-883
-452
-558
-406
-532
-344
-214
-654
22
-412
-33
-263
-129
-100
259
130
-173
188
107
502
57
397
201
591
490
376
820
302
902
440
487
584
780
865
394
985
716
1014
706
503
1052
686
703
727
607
825
847
488
797
637
618
792
423
678
608
334
197
525
438
337
277
-9
747
32
-14
168
-154
518
-314
-103
-170
-274
-105
-257
-135
-672
-272
-271
-214
-759
-680
-436
-677
-555
-937
-461
-772
-745
-713
-919
-657
-680
-868
-1154
-695
-668
-720
-996
-843
-742
-757
-598
-759
-812
-841
-517
-772
-294
-434
-522
-495
-588
-380
-322
-143
-319
-108
-416
-36
294
156
91
103
24
375
360
173
511
362
533
332
595
889
756
429
627
1009
782
659
636
818
728
818
762
792
949
852
961
877
628
737
749
622
738
457
597
791
640
559
423
631
499
393
293
190
224
163
39
26
311
123
62
-207
-39
33
-306
-241
-423
-360
-446
-364
-451
-495
-590
-455
-380
-680
-689
-722
-713
-781
-593
-899
-967
-760
-717
-634
-804
-939
-714
-747
-976
-706
-717
-763
-794
-812
-699
-446
-639
-555
-444
-665
-374
-480
-403
-305
-241
-384
-289
-124
24
61
-179
210
138
131
80
296
466
237
423
484
421
667
714
505
758
686
778
841
767
826
882
841
781
996
842
875
934
928
877
633
857
980
816
637
596
770
716
685
607
511
491
525
505
307
276
351
267
54
55
216
126
-39
-14
-81
-153
-178
-225
-202
-390
-549
-374
-407
-497
-538
-566
-487
-534
-663
-719
-812
-690
-634
-841
-797
-837
-758
-738
-734
-656
-876
-891
-690
-784
-819
-753
-810
-676
-742
-673
-605
-609
-413
-602
-557
-496
-347
-366
-491
-341
-255
-91
-247
-95
-114
78
110
-1
186
73
152
284
428
370
311
352
607
614
509
481
680
736
688
719
691
826
805
807
728
861
854
760
812
847
835
809
781
801
679
719
788
584
617
522
572
561
486
433
402
449
312
287
241
116
151
49
39
-20
-114
-55
-84
-127
-318
-208
-350
-398
-358
-475
-559
-514
-490
-612
-592
-720
-573
-654
-703
-811
-751
-729
-724
-830
-931
-688
-806
-775
-852
-728
-721
-715
-767
-715
-627
-737
-632
-717
-605
-510
-638
-449
-434
-464
-292
-360
-247
-262
-199
-92
-128
-171
-35
76
44
141
230
173
359
467
293
484
376
488
579
445
522
629
708
712
704
715
806
820
804
731
616
697
839
722
741
690
826
856
724
698
704
681
525
529
462
506
420
418
414
383
410
245
250
319
135
-3
-12
-14
-40
-184
-163
-156
-205
-200
-259
-272
-379
-415
-411
-525
-539
-682
-541
-524
-634
-602
-649
-517
-572
-694
-654
-712
-727
-676
-749
-746
-693
-635
-641
-592
-669
-521
-484
-543
-496
-564
-449
-433
-448
-462
-287
-362
-234
-130
-153
-121
-79
57
7
-31
-103
121
183
116
163
271
448
449
363
390
513
505
387
453
431
561
566
550
659
626
741
578
652
679
664
570
550
593
536
611
524
574
558
589
495
469
485
456
319
243
338
213
173
150
223
178
110
60
71
69
-142
-129
-148
-195
-195
-329
-268
-208
-292
-345
-369
-347
-413
-425
-464
-476
-493
-494
-451
-547
-579
-530
-550
-517
-486
-550
-563
-503
-384
-500
-575
-508
-429
-453
-515
-458
-404
-265
-288
-349
-280
-229
-183
-179
-217
-107
-139
-126
-2
-2
-10
39
132
124
154
130
296
307
272
289
278
401
291
354
406
424
469
437
487
587
537
498
557
458
501
484
470
552
487
431
476
511
442
454
401
419
411
336
321
225
281
217
148
82
115
152
87
119
81
20
-37
-76
-108
-160
-246
-219
-233
-177
-202
-279
-266
-239
-298
-361
-451
-484
-346
-477
-477
-435
-430
-417
-399
-461
-449
-421
-462
-389
-493
-428
-429
-452
-386
-413
-383
-375
-306
-288
-306
-273
-237
-209
-260
-258
-216
-131
-115
-48
-44
-16
78
56
95
54
119
135
183
196
269
304
316
378
321
381
346
378
368
414
443
436
430
445
534
493
434
418
476
482
450
396
397
437
428
328
317
364
369
319
250
335
246
181
215
128
98
29
44
56
-56
-48
-54
-79
-108
-181
-199
-169
-197
-284
-311
-269
-276
-372
-447
-389
-338
-407
-435
-407
-345
-370
-398
-417
-436
-421
-467
-447
-461
-433
-430
-431
-380
-368
-366
-408
-343
-295
-263
-294
-283
-226
-211
-174
-215
-231
-185
-88
-54
-36
-35
107
151
135
129
77
190
184
168
144
215
325
306
336
372
463
443
405
459
459
488
439
442
440
463
462
450
481
497
508
491
508
492
446
394
437
384
308
276
319
293
276
201
187
211
130
144
62
70
36
26
-39
-43
-87
-151
-158
-190
-229
-280
-252
-264
-271
-356
-318
-323
-371
-388
-432
-408
-412
-451
-490
-483
-468
-500
-500
-500
-454
-464
-453
-410
-409
-425
-497
-410
-430
-418
-481
-411
-314
-334
-301
-329
-222
-213
-198
-230
-178
-132
-76
-63
-44
-7
9
63
51
96
87
153
217
270
276
298
336
354
367
317
320
377
415
419
407
453
502
506
485
483
504
509
533
473
491
487
495
447
421
432
407
412
390
369
350
316
290
309
208
177
128
147
133
69
-10
8
38
-47
-105
-156
-81
-94
-179
-235
-203
-211
-223
-332
-350
-315
-339
-342
-384
-358
-380
-391
-435
-428
-435
-466
-441
-440
-431
-438
-428
-422
-408
-421
-462
-380
-395
-365
-384
-362
-260
-285
-258
-267
-195
-175
-161
-185
-133
-76
-51
-58
-34
11
55
111
77
163
177
241
248
250
279
312
326
320
346
363
406
430
440
454
491
488
503
484
500
515
508
476
471
464
467
454
404
420
418
404
388
329
348
346
308
251
209
214
171
123
39
53
39
-13
-73
-76
-59
-82
-142
-196
-189
-240
-281
-338
-356
-372
-382
-376
-404
-394
-426
-429
-425
-461
-483
-501
-472
-473
-483
-528
-483
-477
-510
-528
-521
-474
-485
-465
-461
-389
-388
-388
-342
-348
-340
-336
-316
-264
-243
-232
-174
-113
-81
-79
-60
-3
57
59
63
129
180
189
185
196
278
310
312
346
393
439
456
436
466
509
496
498
527
550
557
547
542
588
561
546
527
548
557
553
528
504
527
449
417
353
341
310
275
256
235
244
205
180
128
89
45
5
-38
-75
-119
-124
-140
-194
-224
-253
-266
-285
-335
-363
-367
-369
-411
-445
-474
-484
-480
-532
-536
-522
-510
-530
-539
-531
-519
-533
-563
-528
-495
-493
-503
-485
-436
-428
-459
-455
-385
-347
-362
-341
-291
-214
-225
-259
-211
-150
-130
-151
-117
-29
36
34
53
120
160
158
171
204
255
266
276
341
393
386
393
439
474
468
451
489
547
546
511
549
579
594
555
544
566
571
538
508
538
521
499
443
448
456
411
371
354
354
311
256
216
201
176
103
77
69
47
34
-29
-46
-67
-103
-159
-206
-232
-239
-263
-293
-317
-317
-334
-369
-396
-440
-416
-429
-445
-459
-439
-433
-449
-476
-486
-483
-498
-509
-487
-458
-436
-414
-402
-378
-373
-371
-373
-342
-339
-312
-284
-247
-215
-211
-173
-146
-137
-119
-77
-40
-19
-4
20
54
69
76
91
132
177
196
211
252
287
290
298
317
339
342
370
402
429
429
436
462
456
435
417
432
451
442
421
438
453
428
386
363
360
348
303
275
277
260
245
205
189
160
123
95
80
53
5
4
-5
-53
-123
-142
-148
-155
-223
-261
-237
-239
-266
-315
-343
-322
-339
-407
-407
-402
-390
-401
-428
-431
-405
-419
-426
-427
-414
-383
-370
-377
-372
-350
-357
-348
-369
-350
-326
-298
-281
-262
-230
-197
-185
-201
-174
-150
-136
-123
-88
-59
-18
7
4
31
58
79
97
108
131
174
199
213
217
231
268
282
269
287
324
355
366
350
363
406
410
374
384
408
429
417
394
408
414
395
370
354
348
349
338
318
314
284
257
242
215
170
132
132
131
108
64
54
57
14
-32
-57
-73
-79
-119
-138
-131
-151
-183
-211
-231
-252
-272
-299
-295
-304
-309
-320
-312
-320
-329
-336
-342
-333
-344
-337
-330
-308
-315
-311
-306
-293
-290
-279
-248
-233
-222
-209
-184
-176
-178
-170
-151
-120
-103
-98
-57
-44
-15
-18
-8
16
27
40
60
93
100
135
145
169
168
185
201
216
228
237
259
273
289
274
289
294
285
282
300
298
304
297
298
318
292
270
269
274
271
245
218
234
238
208
167
164
159
140
114
96
94
74
57
21
-6
-23
-41
-68
-89
-101
-120
-111
-132
-163
-185
-182
-191
-219
-241
-240
-213
-237
-255
-258
-253
-256
-276
-296
-282
-266
-276
-278
-263
-247
-249
-256
-263
-241
-233
-218
-211
-199
-162
-145
-141
-140
-119
-98
-83
-74
-59
-22
0
7
21
44
61
63
65
79
101
120
128
139
160
180
186
189
201
213
220
229
243
250
247
250
267
263
257
261
278
279
266
254
259
272
242
221
225
225
201
184
174
190
175
129
126
110
98
74
51
44
34
15
-6
-8
-28
-53
-73
-92
-111
-132
-152
-147
-168
-190
-205
-207
-218
-242
-252
-250
-245
-264
-270
-283
-264
-274
-286
-300
-287
-273
-294
-284
-284
-267
-255
-265
-262
-237
-227
-219
-221
-203
-171
-167
-168
-159
-136
-120
-107
-109
-94
-55
-42
-28
-16
1
24
38
42
60
89
103
116
129
140
161
164
162
183
171
195
202
207
205
222
236
237
232
212
246
251
239
227
239
248
252
222
217
228
223
209
185
192
199
192
155
150
148
137
105
90
88
85
63
42
40
28
12
-13
-33
-41
-47
-67
-61
-79
-98
-102
-111
-134
-150
-157
-155
-166
-183
-191
-187
-175
-195
-204
-222
-198
-201
-215
-215
-198
-191
-194
-209
-199
-175
-180
-173
-171
-154
-136
-115
-128
-106
-91
-79
-66
-65
-49
-26
-17
-19
8
14
22
36
40
48
68
86
100
102
111
128
137
133
138
140
164
173
159
161
176
192
180
169
174
189
188
167
168
176
188
177
142
158
153
150
123
121
123
123
108
81
86
75
68
45
36
29
42
18
11
-10
-13
-34
-48
-62
-76
-77
-91
-86
-112
-98
-114
-115
-134
-144
-139
-136
-139
-148
-142
-132
-140
-151
-154
-166
-140
-158
-157
-157
-142
-140
-144
-146
-136
-109
-126
-118
-107
-86
-68
-65
-64
-42
-34
-32
-23
-22
-5
9
11
16
25
31
38
45
43
61
66
82
81
83
93
105
113
101
116
118
139
134
133
134
145
149
145
140
137
145
141
132
125
139
129
122
96
103
97
84
79
66
60
57
37
25
28
7
6
-14
-18
-20
-14
-29
-42
-53
-57
-57
-67
-73
-77
-64
-73
-75
-89
-95
-85
-102
-110
-107
-104
-95
-103
-111
-104
-93
-95
-110
-109
-97
-82
-83
-90
-83
-60
-54
-56
-67
-55
-37
-41
-40
-35
-19
-6
-7
-6
-2
26
27
23
22
33
47
40
41
41
65
60
63
60
68
75
82
81
84
92
96
101
89
90
100
111
92
90
96
108
96
90
77
81
80
65
57
59
65
59
56
43
49
38
30
9
8
4
10
-7
-14
-17
-24
-18
-38
-49
-54
-50
-62
-67
-82
-70
-78
-93
-106
-98
-91
-101
-107
-107
-104
-107
-107
-119
-120
-113
-107
-122
-112
-108
-92
-94
-105
-95
-89
-80
-82
-84
-66
-65
-60
-63
-56
-36
-21
-17
-30
-17
3
9
3
9
19
28
37
38
39
54
54
58
49
68
79
75
82
82
100
101
104
99
103
109
107
90
97
100
101
96
92
89
92
96
79
79
74
82
70
63
52
56
51
38
30
23
26
18
10
-3
7
-3
-19
-24
-29
-32
-30
-40
-48
-53
-53
-58
-68
-72
-78
-83
-98
-105
-116
-108
-111
-122
-125
-121
-109
-124
-125
-123
-111
-111
-108
-98
-115
-99
-103
-96
-100
-87
-70
-79
-67
-64
-53
-49
-48
-49
-36
-25
-14
-16
-4
7
26
31
37
48
64
73
70
78
86
98
96
106
96
115
117
120
124
111
129
127
118
120
123
121
127
115
119
124
116
121
117
115
113
114
109
109
106
102
87
85
79
67
67
50
47
35
33
11
-2
-8
-26
-31
-42
-49
-55
-62
-71
-81
-89
-77
-93
-101
-101
-105
-110
-115
-115
-121
-123
-128
-122
-132
-124
-126
-133
-139
-138
-127
-132
-126
-127
-120
-120
-110
-116
-108
-104
-94
-77
-81
-63
-55
-37
-34
-36
-20
-7
4
13
23
33
44
50
60
66
73
85
85
90
91
104
106
100
120
115
126
120
112
130
137
132
137
132
142
133
133
131
127
137
125
131
115
117
106
107
95
95
79
74
84
66
69
57
50
36
31
14
13
-11
-16
-22
-26
-30
-46
-48
-66
-66
-73
-90
-98
-104
-112
-121
-125
-129
-129
-130
-133
-137
-132
-132
-135
-139
-143
-130
-135
-130
-135
-127
-126
-126
-121
-120
-103
-103
-107
-100
-92
-85
-84
-82
-70
-74
-45
-54
-46
-41
-33
-13
-22
6
12
23
41
50
60
72
82
90
86
97
101
103
102
106
116
107
119
114
121
127
131
130
129
132
129
131
126
127
120
123
120
105
111
101
91
91
82
83
81
73
67
57
55
41
29
26
9
4
-8
-19
-30
-39
-45
-57
-66
-70
-76
-87
-88
-107
-99
-106
-107
-104
-112
-109
-108
-113
-109
-111
-113
-112
-126
-117
-124
-125
-130
-127
-117
-121
-111
-101
-107
-97
-92
-94
-82
-85
-64
-56
-42
-35
-22
-11
-2
6
11
29
28
40
45
55
57
67
66
66
72
79
81
82
90
88
101
98
110
113
113
126
118
130
131
126
138
129
139
142
130
142
132
135
133
116
117
109
98
90
82
75
67
63
56
43
39
27
18
17
3
0
-3
-6
-6
-21
-27
-32
-38
-47
-50
-54
-63
-72
-79
-73
-83
-77
-92
-98
-104
-106
-105
-115
-116
-124
-115
-118
-119
-120
-116
-113
-110
-111
-105
-106
-99
-88
-85
-82
-78
-67
-72
-62
-52
-53
-51
-38
-44
-34
-26
-26
-15
-9
6
4
17
25
29
38
44
47
51
57
60
71
74
81
79
83
85
87
85
92
97
92
95
98
97
82
88
83
87
82
81
78
76
78
72
68
61
68
50
52
45
31
31
15
11
0
-1
-3
-11
-16
-14
-24
-32
-35
-37
-40
-54
-58
-66
-73
-81
-80
-88
-91
-95
-90
-105
-106
-107
-120
-113
-119
-114
-105
-105
-102
-102
-104
-95
-95
-92
-91
-82
-80
-69
-71
-63
-53
-57
-36
-38
-32
-26
-20
-17
-11
-9
9
10
12
26
36
41
47
56
52
61
70
83
87
91
102
100
111
111
111
115
109
121
110
121
114
117
113
109
105
102
103
87
92
83
94
79
81
72
73
64
53
51
43
35
24
24
13
9
-2
3
-15
-14
-18
-33
-34
-53
-52
-54
-70
-72
-77
-84
-91
-98
-99
-108
-115
-120
-111
-121
-114
-117
-118
-114
-119
-115
-120
-111
-111
-106
-108
-104
-102
-106
-97
-88
-82
-82
-74
-63
-59
-52
-47
-44
-36
-27
-23
-17
-6
3
9
14
28
40
48
47
52
64
66
69
79
82
86
86
93
96
102
92
102
103
93
107
99
112
101
111
111
96
114
93
101
100
95
109
92
91
87
73
73
64
50
55
43
33
35
17
23
16
7
9
-16
-4
-21
-24
-18
-45
-25
-36
-43
-29
-56
-46
-55
-67
-59
-69
-66
-62
-74
-85
-84
-102
-76
-94
-80
-82
-92
-73
-85
-73
-71
-86
-68
-73
-74
-50
-71
-39
-56
-48
-30
-44
-26
-31
-25
-13
-11
1
11
1
25
12
30
40
34
51
47
55
60
59
73
77
64
94
79
90
98
85
111
95
115
116
100
107
100
95
111
84
98
100
77
110
76
88
88
79
88
67
75
84
66
67
55
36
46
13
27
13
0
8
-12
-9
-17
-39
-33
-44
-54
-46
-77
-58
-77
-80
-63
-95
-84
-85
-100
-88
-103
-108
-108
-126
-105
-123
-122
-114
-133
-119
-128
-119
-108
-125
-116
-119
-122
-108
-121
-105
-95
-102
-79
-90
-66
-54
-60
-34
-45
-35
-6
-9
0
7
14
22
16
31
34
37
51
55
54
68
63
72
81
78
91
94
100
111
105
111
118
108
126
117
126
126
124
123
114
119
118
122
118
116
112
108
92
86
74
66
66
56
44
40
25
17
6
-3
-8
-20
-18
-32
-34
-39
-48
-47
-58
-69
-63
-79
-79
-89
-106
-104
-117
-107
-113
-119
-110
-121
-120
-120
-129
-125
-135
-132
-133
-137
-128
-136
-130
-120
-117
-112
-105
-105
-98
-93
-86
-77
-73
-63
-59
-54
-44
-36
-34
-25
-17
-13
-5
0
8
12
29
32
45
51
56
71
72
84
83
100
96
102
110
108
110
113
119
114
119
124
126
120
129
117
126
116
116
114
99
106
99
92
93
91
82
77
64
75
58
58
54
42
35
30
18
13
1
-10
-15
-25
-21
-44
-36
-47
-57
-62
-65
-68
-83
-91
-95
-99
-108
-97
-116
-109
-109
-116
-114
-121
-118
-125
-126
-125
-121
-119
-109
-123
-123
-114
-118
-103
-101
-94
-89
-85
-78
-77
-62
-60
-50
-35
-32
-22
-14
-6
8
17
22
35
39
43
57
61
75
82
82
100
99
110
111
117
136
126
132
135
127
138
137
143
152
142
153
154
150
151
147
142
139
128
132
129
117
127
110
111
104
103
97
79
82
80
64
59
52
46
51
28
32
21
5
5
-10
-21
-28
-42
-49
-73
-79
-72
-95
-98
-113
-120
-123
-131
-125
-138
-146
-136
-145
-147
-145
-155
-142
-155
-150
-149
-159
-146
-147
-144
-140
-146
-133
-132
-135
-116
-125
-109
-92
-96
-79
-79
-63
-63
-56
-31
-38
-23
-12
-7
16
15
26
42
38
60
63
64
78
74
88
93
93
101
100
95
110
115
117
130
126
133
131
134
135
135
139
143
141
144
135
133
142
128
129
119
111
106
92
92
86
72
68
58
45
39
30
30
9
0
-7
-22
-23
-38
-47
-54
-67
-76
-82
-88
-95
-105
-114
-104
-125
-126
-130
-149
-150
-155
-155
-162
-165
-163
-158
-168
-159
-157
-152
-149
-139
-130
-133
-124
-122
-115
-106
-100
-93
-78
-84
-73
-65
-47
-53
-48
-34
-28
-23
-19
-5
-4
8
13
35
33
43
58
65
73
86
89
106
113
111
134
135
142
143
155
155
153
155
150
150
152
145
145
147
136
139
128
129
124
112
114
104
100
88
86
79
71
63
58
43
35
29
14
16
-4
-4
-13
-25
-35
-43
-60
-56
-69
-75
-72
-90
-80
-104
-104
-109
-119
-116
-118
-127
-124
-136
-131
-128
-143
-134
-140
-134
-136
-132
-130
-126
-129
-121
-127
-114
-111
-117
-98
-103
-96
-96
-82
-70
-67
-53
-38
-35
-27
-16
-6
-1
9
22
25
38
47
54
60
72
79
92
107
107
125
130
135
142
146
151
145
152
159
162
159
170
168
170
171
181
168
164
164
146
153
135
133
132
116
113
110
97
100
83
80
69
65
68
54
50
37
22
7
-4
-20
-21
-31
-42
-47
-60
-69
-82
-89
-102
-111
-120
-124
-134
-140
-141
-151
-148
-154
-154
-161
-161
-165
-169
-164
-162
-152
-154
-154
-152
-138
-147
-135
-131
-126
-124
-121
-106
-111
-97
-94
-83
-77
-65
-54
-44
-34
-21
-16
-4
1
9
31
28
47
57
61
73
75
91
92
105
112
118
126
125
142
138
150
154
151
158
159
162
156
155
157
161
164
153
150
154
143
146
139
136
129
124
116
104
97
98
85
76
69
48
53
23
32
12
-1
-3
-16
-17
-40
-42
-58
-68
-73
-78
-91
-100
-111
-115
-130
-137
-138
-145
-141
-156
-152
-157
-159
-167
-165
-165
-174
-170
-171
-174
-180
-171
-172
-170
-166
-165
-155
-152
-148
-133
-130
-121
-101
-98
-84
-73
-62
-56
-44
-41
-27
-14
-14
0
3
24
31
50
57
64
73
83
91
98
103
107
122
117
133
133
137
143
148
157
159
160
167
162
164
166
158
158
145
152
149
145
143
133
125
122
112
102
94
90
90
78
78
66
54
50
38
28
22
13
2
-2
-14
-26
-38
-53
-61
-63
-78
-79
-86
-94
-101
-105
-101
-118
-111
-119
-123
-122
-132
-132
-134
-133
-134
-132
-134
-126
-128
-130
-130
-123
-117
-115
-111
-104
-99
-100
-86
-85
-72
-64
-50
-54
-48
-36
-30
-21
-15
-4
-2
16
20
28
34
53
57
64
70
77
89
94
108
115
117
120
125
124
140
135
145
143
150
147
147
162
153
164
155
155
148
146
145
130
126
117
107
103
104
89
88
68
70
60
37
39
25
26
15
13
2
-13
-17
-25
-36
-48
-58
-58
-77
-79
-80
-95
-90
-100
-100
-104
-111
-114
-122
-126
-122
-123
-127
-123
-129
-123
-127
-134
-128
-127
-130
-130
-129
-123
-123
-122
-115
-113
-114
-102
-93
-90
-89
-83
-70
-78
-63
-60
-52
-43
-32
-25
-20
-3
0
15
24
31
41
44
43
66
70
82
84
95
102
106
113
114
122
117
130
134
135
124
132
130
130
123
124
123
118
127
114
116
103
107
101
99
89
84
81
66
63
53
50
27
32
20
9
7
-1
-12
-24
-26
-35
-35
-52
-47
-60
-67
-75
-79
-91
-99
-95
-106
-110
-117
-117
-120
-124
-136
-136
-136
-133
-138
-143
-147
-146
-150
-147
-141
-140
-136
-132
-124
-120
-114
-114
-102
-95
-91
-76
-69
-58
-46
-36
-20
-12
-12
-1
9
21
28
37
48
48
61
63
71
77
82
91
95
97
102
109
114
117
129
135
137
146
142
150
148
146
153
148
142
145
139
134
137
133
129
120
118
117
108
106
94
94
88
76
69
63
52
41
37
24
17
6
1
-12
-19
-28
-44
-49
-57
-69
-73
-82
-95
-101
-114
-123
-125
-135
-144
-141
-152
-155
-156
-162
-164
-165
-163
-163
-159
-156
-153
-151
-149
-153
-145
-138
-132
-129
-123
-106
-103
-101
-86
-76
-66
-58
-44
-23
-23
-12
9
7
23
31
45
57
63
77
76
93
103
110
111
123
130
136
142
145
145
146
156
155
161
164
167
165
166
168
170
163
159
167
155
149
153
148
137
136
123
110
107
95
86
79
70
56
45
37
18
16
8
-4
-16
-19
-35
-47
-52
-66
-69
-82
-81
-91
-107
-116
-117
-128
-137
-140
-150
-162
-165
-171
-173
-174
-180
-174
-180
-166
-182
-173
-168
-168
-162
-160
-151
-150
-141
-139
-122
-122
-102
-96
-86
-85
-74
-64
-60
-49
-47
-37
-36
-12
-13
2
14
22
30
41
57
57
70
85
92
98
111
120
124
126
139
140
148
155
161
165
160
171
164
163
162
162
156
157
155
148
146
137
140
133
136
120
119
113
105
100
91
79
68
70
50
51
34
35
12
4
-6
-20
-29
-46
-51
-67
-74
-87
-92
-104
-110
-126
-128
-138
-146
-146
-143
-145
-145
-150
-148
-151
-152
-142
-150
-142
-148
-140
-139
-137
-128
-128
-122
-116
-118
-114
-102
-105
-100
-88
-82
-72
-64
-58
-58
-43
-39
-28
-22
-13
0
4
21
29
44
45
61
66
72
76
93
97
101
114
121
127
131
144
141
146
143
152
140
147
146
154
151
147
155
153
152
149
154
143
147
134
130
127
113
105
90
76
73
68
61
48
41
34
23
16
1
-8
-20
-25
-30
-48
-52
-69
-75
-98
-103
-103
-118
-120
-136
-131
-141
-140
-148
-143
-152
-154
-153
-163
-160
-171
-161
-167
-161
-158
-152
-149
-143
-141
-139
-132
-129
-126
-117
-115
-113
-97
-95
-92
-79
-70
-68
-55
-46
-35
-25
-16
-12
-1
10
14
22
35
41
55
63
67
75
89
100
106
113
110
126
117
123
132
129
128
130
145
139
142
137
137
138
135
139
135
125
132
119
118
123
110
106
102
98
89
87
75
71
61
48
43
32
22
17
9
7
2
-9
-10
-16
-20
-23
-28
-38
-45
-52
-55
-60
-64
-63
-74
-80
-83
-84
-92
-93
-94
-102
-101
-105
-95
-96
-99
-95
-95
-95
-95
-85
-76
-73
-71
-62
-64
-54
-57
-44
-40
-35
-29
-28
-14
-18
-10
-8
-1
5
15
15
25
27
28
40
44
54
60
67
75
73
76
91
89
91
86
94
92
92
92
89
92
84
89
84
82
81
78
78
72
76
79
69
73
71
69
64
60
56
45
46
42
38
28
25
19
10
2
-4
-14
-16
-21
-25
-29
-32
-45
-45
-57
-62
-60
-66
-66
-68
-68
-76
-73
-79
-76
-78
-77
-79
-70
-74
-70
-74
-67
-69
-74
-61
-74
-63
-71
-71
-71
-68
-72
-66
-59
-51
-53
-47
-48
-47
-37
-37
-23
-22
-15
-16
-6
-5
-6
-4
-1
4
3
12
16
23
19
17
21
17
16
20
22
19
24
26
34
32
31
33
35
34
40
41
35
42
38
43
31
35
34
30
33
18
17
17
14
13
9
-3
-3
-15
-16
-13
-14
-15
-20
-23
-28
-26
-32
-31
-37
-38
-36
-35
-42
-36
-45
-50
-51
-57
-54
-51
-55
-53
-48
-54
-45
-46
-41
-47
-45
-38
-44
-37
-35
-34
-30
-23
-16
-10
-9
-11
-4
-1
-4
1
4
5
8
6
5
14
4
11
12
13
20
23
34
28
37
41
44
42
44
50
56
56
59
57
55
59
55
56
47
50
49
50
44
48
45
41
41
37
37
34
36
25
29
27
25
20
26
22
22
25
20
25
16
20
16
18
12
8
-1
-7
-10
-20
-19
-28
-28
-31
-34
-37
-40
-32
-35
-32
-34
-29
-26
-32
-30
-26
-26
-23
-19
-17
-12
-13
-3
-9
-3
1
0
-3
3
1
1
2
-2
5
8
13
14
20
17
24
20
30
27
34
38
37
41
38
44
41
41
45
44
36
41
34
41
36
38
32
37
38
37
46
40
44
42
36
39
32
34
28
25
27
26
23
23
14
10
5
0
8
-6
-1
-13
-14
-24
-22
-24
-24
-28
-35
-30
-39
-42
-44
-39
-45
-42
-47
-39
-53
-48
-54
-49
-45
-47
-48
-49
-45
-48
-40
-45
-35
-38
-34
-35
-26
-29
-31
-27
-28
-18
-20
-15
-13
-11
-9
-8
-10
0
0
-1
10
6
7
1
11
8
13
15
11
14
10
21
14
22
26
27
28
28
32
33
21
26
23
19
25
26
34
20
34
25
26
25
24
23
22
26
16
10
12
14
4
9
10
9
7
7
5
0
-4
4
-3
-8
-10
-10
-7
-13
-8
-14
-9
-17
-18
-21
-29
-25
-25
-31
-32
-28
-28
-26
-29
-20
-19
-15
-12
-16
-19
-14
-19
-3
-13
-5
-4
-5
2
-10
0
-12
-6
-12
-6
-14
-7
-6
-9
-4
-8
-4
-9
-3
-6
-4
0
12
8
16
14
10
15
15
15
19
24
23
26
16
22
23
16
14
27
24
24
24
23
22
15
21
16
16
15
19
16
13
18
4
15
9
13
12
12
15
10
3
-2
0
-2
-7
-15
-3
-14
-11
-17
-12
-17
-25
-18
-19
-19
-25
-27
-29
-25
-27
-27
-31
-18
-24
-22
-19
-25
-22
-22
-25
-30
-33
-37
-32
-32
-35
-37
-33
-38
-34
-32
-25
-26
-29
-23
-26
-22
-22
-15
-15
-7
-10
-9
-3
-8
-2
-6
-1
-1
-6
-3
-4
-5
2
3
1
4
2
9
12
8
10
13
13
10
16
14
14
17
15
16
16
14
14
16
12
8
9
6
8
8
10
15
8
9
8
13
7
3
4
6
3
6
10
-3
10
-3
-4
-7
-4
4
-6
-7
-5
-4
-10
-4
-9
-7
-9
-3
-3
-7
-3
-6
-6
-5
-3
-6
-7
-9
-5
-9
0
-2
-4
-7
-5
-15
-16
-13
-18
-21
-20
-15
-19
-17
-15
-16
-15
-7
-2
-4
-9
-6
2
5
10
11
5
11
12
16
13
11
11
9
19
14
14
16
16
16
22
23
17
21
25
32
29
27
26
27
29
29
33
31
42
41
35
36
38
44
39
38
35
35
38
34
33
35
24
29
25
24
21
27
34
29
31
26
27
21
26
18
19
24
22
19
16
17
15
10
7
10
2
0
1
-4
-10
-1
-8
-8
-9
-14
-15
-18
-11
-13
-12
-20
-17
-18
-7
-7
-10
-5
-14
-7
-15
-15
-16
-13
-22
-20
-19
-16
-19
-14
-13
-17
-10
-17
-15
-18
-6
-3
1
2
2
-6
2
4
-1
6
3
7
2
4
-1
10
6
5
12
15
15
16
16
12
13
8
9
7
6
9
9
2
5
6
-1
-4
-3
6
2
1
4
2
3
0
-2
-6
-6
-7
-4
-11
-11
-14
-13
-16
-22
-14
-18
-18
-23
-16
-26
-26
-31
-29
-29
-28
-25
-31
-25
-32
-26
-31
-29
-29
-26
-32
-28
-26
-22
-21
-20
-17
-22
-15
-20
-11
-18
-13
-12
-11
-13
-11
-10
-11
-10
-9
-6
-13
-12
-11
-8
-16
-12
-18
-12
-12
-8
0
-5
1
-4
1
5
3
6
9
10
14
16
17
21
12
13
17
13
12
12
10
6
7
7
6
-3
7
9
5
10
9
6
4
6
4
9
5
11
9
11
8
12
0
0
1
-4
-3
0
-4
-15
-8
-20
-16
-17
-15
-14
-20
-18
-18
-12
-14
-21
-16
-17
-16
-11
-13
-11
-8
-9
-10
-7
-7
-8
-12
-13
-12
-14
-18
-19
-20
-22
-20
-22
-16
-17
-18
-14
-9
-13
-6
0
2
3
6
12
10
22
18
28
29
35
30
32
29
30
36
24
27
21
23
17
22
17
21
16
13
5
10
11
9
12
10
14
8
21
13
18
13
18
10
12
16
14
18
19
17
14
14
4
9
0
10
6
3
0
2
7
-3
0
-3
4
-1
5
5
3
1
2
3
-4
0
-7
0
-5
-2
-3
-4
-6
-9
-5
-10
-9
-12
-1
-11
-7
-6
-12
-11
-15
-8
-14
-12
-16
-7
-7
-5
-4
-4
1
2
3
6
8
1
9
9
9
3
10
10
11
8
8
8
3
9
8
6
10
6
6
13
7
16
5
12
13
9
16
13
17
14
16
13
14
14
13
17
12
16
10
10
3
2
6
5
3
1
-1
1
-3
-4
-6
-17
-18
-25
-22
-25
-23
-29
-27
-22
-30
-24
-22
-23
-23
-18
-23
-16
-19
-16
-19
-20
-15
-15
-12
-11
-9
-14
-7
-7
-4
-5
-6
-13
-15
-21
-24
-15
-28
-16
-18
-8
-1
-1
3
-1
7
0
5
6
11
8
10
14
11
13
12
12
8
8
6
7
3
6
10
15
15
15
15
17
18
14
23
13
20
25
23
24
23
28
23
26
20
21
15
18
18
16
13
18
16
12
11
5
3
0
6
1
4
6
3
3
0
12
10
6
10
8
3
1
6
-3
-3
-6
-5
-9
-12
-9
-10
-10
-8
-14
-14
-20
-19
-10
-16
-7
-18
-13
-19
-10
-13
-16
-7
-12
-5
-12
-12
-12
-8
-11
-4
-8
-8
-15
-15
-20
-15
-16
-16
-12
-19
-14
-13
-5
-10
-2
-2
0
5
8
13
12
17
11
19
22
23
25
23
21
19
21
18
18
17
20
16
25
19
15
19
16
23
14
22
9
12
18
16
15
16
18
17
16
10
17
9
7
0
6
1
3
5
3
0
-1
0
-10
-1
-9
-6
-5
2
-5
-6
-6
-9
-6
-12
-10
-9
-10
-6
-13
-13
-10
-14
-6
-16
-12
-12
