SAMPLES:	20899
BITSPERSAMPLE:	16
CHANNELS:	1
SAMPLERATE:	16000
NORMALIZED:	FALSE
-5
-8
-7
-3
3
8
1
5
4
-1
-2
2
-6
-6
-7
-6
-11
-10
-13
-16
-13
-16
-12
-5
0
-4
2
-3
1
4
8
9
7
8
8
7
0
10
4
7
8
9
5
2
-3
-5
-6
-11
0
-7
-8
-3
0
0
0
-3
0
2
-3
7
7
12
10
13
12
12
16
11
15
7
15
13
10
5
6
5
1
-2
0
-7
-7
-2
-2
-2
-3
-1
-5
4
-1
7
8
6
3
3
9
3
2
2
6
-2
5
0
-5
0
1
0
1
-5
-1
2
6
12
13
15
16
19
20
16
19
19
11
23
20
23
19
23
22
20
23
20
23
21
19
21
19
12
21
13
21
20
22
21
16
19
13
22
18
20
13
10
10
10
1
4
4
4
4
2
9
4
9
-2
6
0
1
5
3
5
1
2
-1
0
-4
-1
-2
-5
-7
-6
-9
-15
-19
-19
-13
-26
-19
-20
-21
-20
-21
-16
-18
-16
-14
-5
-8
-4
-5
-4
-5
-4
0
-3
0
0
-1
-4
3
-1
1
2
3
4
4
5
2
4
1
1
3
-2
-3
-3
-3
0
0
10
6
4
6
8
8
7
9
0
4
6
2
-1
-6
-6
-5
-11
-12
-15
-13
-9
-11
-9
-11
-6
-13
-6
-5
-1
-3
-8
3
-6
4
0
0
-1
-5
-4
-9
-6
-9
-5
-10
-6
-5
-14
-14
-8
-13
-10
-6
-5
-5
-3
7
-1
11
6
6
4
6
8
7
9
3
0
-5
3
-8
1
-4
3
3
-3
6
2
1
3
3
-1
6
1
0
-3
1
-1
-2
3
-4
-1
5
1
-2
3
-2
-1
-3
-9
-12
-13
-10
-11
-17
-8
-6
-13
-8
-10
-3
0
3
8
10
10
12
10
10
13
13
17
13
15
9
8
8
5
3
6
10
1
3
7
5
7
11
11
15
14
13
17
16
19
16
20
27
26
19
21
22
17
16
13
7
6
6
6
2
-4
-7
0
0
-9
-6
-10
-12
-8
-10
-9
-6
-13
-8
-4
-12
-11
-9
-6
-9
-4
-4
-3
-10
-9
-14
-9
-13
-13
-10
-13
-1
-11
-1
-8
-4
-8
-2
3
3
8
4
14
9
12
7
6
4
6
2
5
0
7
1
-13
-2
-6
-3
-7
3
-3
-5
-5
-9
-8
-13
-13
-13
-16
-17
-12
-18
-10
-11
-5
-7
-9
-4
-10
-8
-15
-12
-13
-7
-8
-9
-10
-8
-14
-19
-12
-17
-10
-12
-7
-5
-3
3
-2
-5
-3
5
0
-1
5
3
-1
-4
-2
-3
-12
-7
-13
-13
-9
-11
-8
-6
-1
1
1
2
9
6
11
11
16
12
17
20
9
14
12
13
3
9
1
2
6
1
4
1
4
-3
10
9
-3
7
10
3
8
9
12
7
0
3
-5
3
-3
1
0
-1
2
-2
-7
-11
-8
-14
-13
-16
-12
-18
-18
-15
-13
-15
-19
-11
-6
-3
-3
6
1
1
1
-2
-2
-4
-6
-18
-10
-18
-16
-18
-18
-18
-16
-12
-20
-13
-6
-4
-4
5
1
3
-1
6
1
7
6
4
11
7
12
6
11
4
6
-1
1
7
1
-1
-4
-4
-4
-2
3
-3
-4
1
-1
3
1
2
8
13
10
9
9
10
12
10
15
15
12
15
15
18
13
13
18
10
10
10
10
0
1
-3
-3
10
6
11
12
9
10
9
10
13
13
10
13
18
19
16
15
15
15
17
20
11
9
7
6
2
-3
-6
-5
-4
-11
-4
-7
1
-3
-1
7
1
8
0
4
-3
-7
-8
-11
-12
-13
-10
-7
-3
-3
0
-6
-4
-7
-7
-5
-12
-9
-9
-8
-10
-6
-9
-7
-6
-6
-6
-7
-12
-9
-10
-7
-6
-9
-9
-13
-6
-12
-9
-7
-4
-3
6
0
1
8
2
7
6
9
1
9
8
8
7
6
14
10
7
9
12
6
1
-2
4
0
2
4
2
-4
1
0
-3
0
-1
3
-1
1
-2
-4
-3
-3
-4
2
-1
-6
-3
-4
-8
-8
-2
-8
-10
-7
-4
-3
-3
0
0
-1
-7
0
-3
-2
-2
0
4
2
16
5
12
9
7
5
8
9
4
8
1
7
-1
5
-6
-3
-4
0
-1
-7
3
3
2
3
9
1
9
8
10
11
7
4
7
6
3
2
2
-2
3
7
9
15
4
9
6
2
4
9
11
7
14
16
12
11
18
9
6
11
8
6
6
1
-1
1
-4
-6
-7
-2
-3
-7
3
-3
-5
-4
-3
-6
-4
0
1
-2
0
4
-1
2
-3
-1
-1
-3
-3
1
-8
-6
-1
-7
-3
-7
-4
-10
0
-1
-4
5
-1
1
2
2
12
5
3
7
8
9
6
9
4
-1
-2
4
-7
-4
-5
-6
-8
-7
-3
-10
-8
-6
-8
-12
-13
-14
-10
-15
-10
-10
-5
-6
-3
-4
-2
-1
-3
-5
-3
-3
-5
2
-15
-10
-15
-10
-16
-10
-10
-13
-10
-15
-11
-15
-13
-15
-1
5
1
0
10
3
6
8
9
9
9
16
9
11
9
8
4
3
4
4
1
-2
-3
0
-10
-7
0
-9
-4
-1
1
-2
2
6
4
10
3
8
10
10
7
10
9
1
2
-9
-7
-12
-8
-7
-5
-6
-3
-7
-9
-8
-5
-8
-11
-10
-16
-9
-18
-14
-15
-12
-11
-14
-12
-13
-20
-18
-13
-19
-10
-10
-9
-14
-10
-5
-10
-16
-10
-11
-10
-12
-11
-7
-9
-2
-5
-5
0
-4
-5
1
-7
-7
-4
-13
-5
-7
-6
1
3
9
1
10
6
5
-1
0
-1
1
3
-6
-5
-6
-1
-5
6
1
9
10
15
17
19
16
17
12
14
12
11
16
7
17
8
11
7
7
10
13
17
19
13
16
16
12
16
15
16
3
10
6
2
2
4
7
3
3
4
7
1
1
12
14
13
12
18
9
13
13
6
9
12
13
13
14
9
15
12
14
11
15
13
-3
3
3
3
2
-2
0
-1
3
12
8
13
12
13
16
19
15
15
15
8
8
3
2
-5
-6
-7
-6
-9
-8
-1
2
-2
3
7
7
14
8
5
7
0
-2
-6
-4
-1
-7
0
-6
3
0
0
6
8
6
3
10
-3
7
-1
2
-1
-6
-6
-3
-6
-6
-5
-9
1
6
5
3
5
-1
4
0
-4
-11
-12
-19
-13
-10
-9
-10
-10
-7
-15
-10
-9
-4
-11
-5
-14
-14
-19
-23
-24
-33
-28
-29
-30
-20
-16
-21
-17
-10
-8
-12
-4
-10
-10
-3
-6
-9
-16
-12
-17
-19
-26
-26
-17
-22
-13
-14
-6
-4
-1
-1
1
6
4
9
0
3
2
3
-3
-4
-5
-4
-5
-1
2
-1
10
12
8
8
8
3
2
-5
-3
-11
-13
-14
-9
-9
-6
0
1
6
6
14
9
13
7
7
0
-1
-6
-9
-4
-10
-6
-6
0
-2
1
3
5
9
11
15
16
13
8
7
4
-6
-1
-2
-7
-7
-5
-9
-8
-3
2
5
10
6
4
9
-3
-2
0
2
-2
0
1
9
3
7
5
17
22
13
19
17
21
17
22
17
15
4
6
-1
0
-5
-7
0
-9
4
4
7
11
16
10
7
13
8
7
7
7
7
12
11
7
4
4
12
12
12
9
19
11
3
9
3
-2
-2
0
-1
1
0
0
2
3
0
11
12
10
18
21
21
17
17
10
6
6
4
-3
-7
-5
-3
-7
-3
2
3
0
6
9
0
1
3
-1
-2
5
3
-2
3
1
-4
6
4
4
8
10
10
15
15
16
14
7
8
1
-3
-7
-2
-12
-7
-9
-12
-4
-5
5
-2
6
9
13
3
7
2
3
-3
0
-4
-12
-1
-14
-3
-11
-2
-2
5
9
8
8
7
9
5
3
1
0
-6
5
-6
2
0
2
9
6
4
6
15
9
15
11
14
7
-4
2
-7
-11
-12
-7
-17
-12
-17
-13
-8
-11
-12
-13
-13
-15
-10
-18
-19
-27
-23
-33
-36
-34
-30
-39
-34
-25
-32
-33
-35
-25
-30
-25
-31
-29
-34
-32
-29
-34
-36
-36
-30
-32
-31
-31
-24
-28
-25
-18
-16
-19
-21
-24
-24
-20
-28
-27
-29
-23
-25
-22
-18
-21
-19
-18
-14
-10
-5
3
-3
-10
-6
-13
-13
-13
-16
-19
-13
-7
-14
-9
-5
-3
-5
0
5
6
3
5
5
1
4
1
-3
0
3
3
5
6
9
13
12
13
12
16
6
5
7
6
5
3
5
5
3
6
4
5
6
7
14
17
16
11
10
8
12
14
10
12
4
9
16
11
9
10
6
11
11
9
12
16
10
13
13
10
8
1
9
4
4
7
5
12
11
12
17
18
10
12
15
13
13
10
7
2
3
4
3
2
6
11
17
22
18
18
26
21
23
32
24
22
24
22
17
22
14
5
7
11
16
13
16
16
16
16
20
17
19
14
10
7
7
12
12
9
12
9
9
17
15
22
19
23
20
21
13
9
8
7
6
10
10
9
16
12
15
8
16
7
4
6
10
9
6
9
2
2
-3
-4
-10
-7
-6
0
-9
-1
-9
-7
-2
-6
-6
-13
-4
-11
-9
-11
-4
-6
-5
-1
-6
-3
5
5
3
3
8
7
1
2
-10
-4
-10
-8
-10
-13
-3
-9
-6
-8
-1
-12
-3
-1
-8
-4
-2
1
-13
6
7
8
1
13
3
0
7
8
6
1
9
-3
6
4
4
-5
5
-2
-5
-1
-1
-2
-5
6
-3
3
4
10
6
12
6
8
6
4
7
3
9
0
1
-6
-4
-5
-6
-12
-16
-12
-18
-15
-18
-12
-10
-12
-13
-10
-10
-8
-8
-7
-4
-7
8
5
3
-1
9
4
0
7
1
-2
-3
5
-1
0
-6
-4
-5
3
0
1
1
-3
3
1
6
-1
9
4
6
2
8
11
4
5
7
6
1
8
1
4
3
4
7
10
7
6
8
12
13
6
16
18
17
19
18
12
10
18
19
20
15
21
20
13
4
9
6
-8
2
6
-4
-8
-2
-9
-6
-6
-8
-6
-10
-9
-6
-3
-5
-2
-3
-3
-4
-1
-3
0
-5
-1
-1
-2
-1
-8
-3
-6
-10
-10
-9
-13
-14
-9
-10
-9
-15
-17
-12
-14
-14
-10
-9
-11
-9
-6
-7
-10
-15
-5
-9
-8
-8
-11
-18
-14
-19
-19
-9
-16
-12
-13
-8
-19
-11
-21
-26
-20
-21
-17
-13
-14
-12
-12
-14
-7
-18
-10
-14
-4
-9
-7
-14
-7
-2
-13
-6
-6
0
-9
-1
4
1
-7
2
-2
-6
1
0
-2
1
3
4
3
-8
-3
-10
-4
-9
-4
3
2
6
2
6
3
6
1
4
-2
0
5
0
2
2
0
-15
3
0
3
0
-1
-4
-8
-2
-14
-7
-19
-14
-14
-12
-15
-13
-11
-10
-6
-6
-6
-9
-7
-12
-3
-2
1
0
4
-4
-1
-1
-9
-6
-9
-4
-11
-4
-4
1
-3
4
2
-4
-1
-2
0
-4
-3
-2
2
-1
4
3
6
7
7
7
12
11
14
13
6
10
2
7
1
2
1
-2
3
0
1
-5
5
3
6
10
9
9
7
13
9
12
10
20
15
15
13
13
16
6
7
8
-2
-9
-2
-4
0
-5
4
3
2
-3
-7
-7
-6
5
1
9
10
12
12
16
13
17
12
15
16
10
15
7
7
2
5
4
1
-6
-3
3
-1
-3
10
5
4
8
3
11
4
7
9
14
10
9
13
6
7
6
10
7
-1
4
5
1
5
-2
-3
-5
-6
-6
-2
3
3
4
8
9
11
11
15
24
22
23
26
19
15
20
16
12
9
14
6
4
5
5
7
-3
1
1
0
3
0
0
1
2
-3
-4
-11
-7
-12
-7
0
1
3
-4
2
-4
5
-2
0
5
0
-2
2
2
5
0
-3
6
-6
7
1
6
-6
9
7
0
1
-4
-3
-6
-2
-9
-3
-13
-3
-14
-8
-11
-9
-12
-9
-6
-5
1
-13
-13
-20
-15
-18
-20
-21
-14
-15
-5
-10
-12
-21
-23
-16
-19
-12
-17
-13
-16
-11
-10
-13
-11
-4
-5
-6
0
-4
-1
-1
4
2
-2
4
-3
-9
-12
-6
-9
-7
-3
-2
-4
-9
-11
-6
-10
-15
-4
-12
-7
-10
-11
-9
-4
-9
-10
-6
-7
-3
-2
4
3
0
-6
7
-6
0
-1
-9
-7
-6
-6
-12
-10
-15
-3
-8
-4
-6
-3
0
3
7
2
5
-1
3
3
4
-1
3
3
-4
6
4
7
3
0
-2
-3
2
-4
-2
0
5
4
5
7
6
6
6
0
5
2
4
6
4
11
7
17
17
14
10
11
7
11
11
6
3
0
7
0
3
1
-4
-4
0
-6
-3
4
2
6
9
13
14
16
15
20
18
22
26
21
17
17
12
7
14
6
4
4
9
8
-4
-4
2
1
-5
-3
-4
2
4
3
2
8
4
6
9
2
0
0
-1
-5
0
1
-7
-9
-12
-16
-10
-7
-11
-9
-13
-13
-7
-11
-15
-12
-13
-15
-4
-4
-7
-7
-3
-1
-4
0
-1
-6
-6
-6
-6
-7
-2
-2
-9
-6
-9
-6
-10
-10
-6
-2
-1
-4
-3
1
2
-4
6
9
11
15
16
15
18
17
19
16
20
18
16
11
9
8
9
11
11
14
5
2
7
10
-3
0
1
-4
-3
2
6
3
-4
6
10
0
0
1
3
-2
2
2
-4
-7
-3
-3
-4
-9
-3
-1
-10
4
2
4
1
3
1
3
7
4
16
9
8
13
12
9
12
11
7
5
9
12
6
5
4
7
-2
2
-6
-13
-8
-4
-6
-10
-4
-11
0
-6
2
0
-6
-6
-10
-5
-10
-13
-20
-12
-10
-16
-21
-16
-17
-17
-10
-9
-15
-20
-17
-13
-14
-11
-4
-5
1
-7
-4
-3
-7
-6
2
-5
-10
-2
-7
-2
-9
-2
-1
-1
2
-6
3
-1
-4
1
6
1
1
2
0
3
6
6
6
2
5
6
4
8
10
11
7
8
0
-1
0
-1
6
6
7
2
3
-1
-1
3
-1
-3
-3
-4
-7
-5
-9
-9
-6
-3
-4
-9
-7
-8
-10
-5
-2
-12
-4
-6
-13
-13
-11
-10
-13
-9
-4
-4
-6
-1
-2
2
2
4
7
12
12
7
9
3
-4
-7
-10
-13
-4
-4
-7
-4
-2
-2
0
2
-2
9
13
10
13
16
16
13
15
17
14
15
24
26
23
26
22
14
15
15
7
2
9
6
1
3
-2
1
4
8
6
8
13
12
17
18
14
12
13
12
6
9
6
9
0
1
9
-1
-1
-6
-4
-14
-12
-19
-16
-19
-19
-22
-19
-19
-23
-15
-20
-17
-17
-11
-13
-15
-15
-4
-7
-12
-9
-8
-11
-17
-13
-13
-19
-22
-14
-12
-13
-12
-14
-19
-14
-12
-13
-13
-12
-10
-15
-9
-13
-12
-1
-5
1
-2
-3
-8
-6
-6
-10
-9
-6
-5
-7
-9
-8
-6
-16
-13
-10
-7
-7
-4
-6
0
2
1
4
4
8
4
6
-1
0
6
10
-4
7
3
3
6
2
10
1
8
2
7
-1
-9
0
7
3
4
9
9
13
14
22
16
19
19
25
24
18
21
16
15
13
15
12
13
13
15
12
13
11
16
16
16
28
16
25
25
20
20
21
22
20
21
16
23
12
12
11
6
5
9
12
10
5
9
13
0
10
6
3
-2
-3
0
1
-1
3
-6
-10
-3
-1
0
-4
-6
-6
0
-4
-2
-4
-3
-9
0
-2
2
0
0
4
-4
0
-4
6
6
13
13
8
8
5
6
2
7
3
7
3
-2
0
-4
-5
-11
-3
-9
-10
-8
-9
-7
-13
-8
-6
-9
1
3
4
3
-2
3
-7
-4
-8
-7
-9
-13
-7
-14
-12
-13
-9
-6
-2
-5
-8
-12
-11
-6
-4
-7
0
-5
-12
-3
0
-5
1
2
1
5
3
2
-7
3
-6
-8
-15
-23
-23
-16
-11
-12
-4
-7
-3
-9
3
2
0
6
16
10
13
14
14
9
6
8
-3
5
-3
2
-6
2
-5
-4
0
-4
-6
-7
-1
-12
-3
-1
-1
-3
0
-4
-5
0
9
5
-4
6
0
0
6
4
2
1
7
1
4
1
-3
-5
-6
-6
-3
-6
-3
-1
-3
3
-6
4
1
9
-3
4
7
6
12
8
6
2
9
3
1
-9
0
-4
4
0
3
2
1
-2
-3
6
0
6
-1
1
-3
7
5
6
4
10
3
1
6
-1
2
2
6
-1
1
-1
-1
-3
-1
-6
-6
0
-4
-2
-4
-3
-4
-1
-1
-2
-1
-3
-3
-3
-5
-2
0
-6
-4
-3
0
-2
-6
2
-6
-3
0
-3
2
5
0
-1
0
-3
-4
0
0
3
9
2
7
2
10
6
11
10
6
2
-2
0
-2
0
-6
9
3
6
0
5
6
5
4
1
6
-1
2
1
-1
-2
2
-5
3
-3
-1
-3
-3
-2
-9
-2
-4
-4
-8
-3
-5
-11
-15
-12
-16
-16
-10
-10
-10
-13
-12
-6
-2
-6
0
3
-1
6
2
5
5
3
9
1
4
-2
-1
-5
-3
-1
-3
0
-1
1
-3
0
0
1
1
8
8
9
9
6
11
15
14
14
15
12
10
0
-4
-5
-11
-13
-7
-7
-7
-12
-11
-14
-16
-19
-16
-15
-9
0
-5
-2
-8
-6
0
3
1
-1
0
0
-3
0
-3
-10
-11
-15
-16
-15
-14
-14
-13
-16
-6
-13
-14
-12
-9
-12
-10
-6
-4
0
-2
0
2
6
0
0
-3
-3
-6
-3
-11
-9
-9
-9
-13
-13
-10
-15
-8
-6
-4
-2
-1
-8
-6
-3
1
5
6
2
3
10
9
4
-1
2
-3
-2
0
-4
-2
-5
4
2
2
3
0
2
-3
3
-1
6
8
6
6
12
10
10
15
10
14
12
15
11
18
15
19
13
11
12
13
14
13
9
3
10
3
7
5
8
8
12
7
9
12
8
9
9
9
7
12
6
5
3
2
-6
-4
-4
-1
0
1
1
0
3
-8
-6
-6
0
1
-10
-3
-11
-7
-3
-4
-7
-9
-11
-12
-7
-11
-11
-16
-15
-21
-16
-22
-22
-21
-18
-20
-14
-16
-20
-9
-16
-3
-6
5
-1
-2
0
1
3
6
3
5
3
4
9
-1
3
0
5
0
-4
-3
-6
-3
-7
-5
-1
0
-8
-2
0
3
7
7
11
8
14
12
14
15
18
17
13
13
19
17
14
19
7
11
11
13
9
8
12
7
1
0
3
3
2
0
6
6
12
10
9
9
8
6
9
3
3
5
3
5
0
4
0
-4
-2
-3
-8
-10
-5
-13
-6
-4
-5
-6
-7
3
-10
0
1
1
3
8
9
0
10
5
13
9
9
9
6
10
9
10
8
6
7
9
4
0
-4
1
-1
7
7
10
9
0
9
6
10
3
5
3
7
11
13
7
6
7
4
9
4
8
2
6
5
-1
-7
-2
-8
-3
-2
0
0
-5
-1
-6
0
-6
0
-4
0
-3
-5
3
-5
-2
-12
-7
-9
-9
-13
-8
-4
-5
4
1
7
3
6
2
6
-3
1
-2
-7
-1
-6
0
-9
-4
-4
0
-5
0
2
2
1
3
4
-3
3
0
8
-4
3
-3
-11
-6
-9
-12
-14
-8
-11
-16
-13
-10
-16
-8
-10
-7
-6
-5
-3
-3
-4
-3
3
0
3
3
7
6
6
0
4
4
-6
2
-6
-3
-6
-2
-8
-13
-9
-15
-4
-12
-2
-7
-1
1
0
-3
-3
2
4
6
5
13
6
8
8
14
2
7
7
2
5
1
0
-13
-6
-13
-14
-16
-13
-12
-13
-11
-9
-15
-13
-8
-9
-3
-6
-3
-9
-4
-1
2
-2
-2
-3
-8
-5
-10
-11
-15
-5
-9
-10
-17
-18
-18
-21
-12
-17
-12
-7
-4
-12
-12
-10
1
5
5
10
10
16
16
19
15
16
9
13
14
8
7
14
7
4
6
5
9
7
16
11
10
13
12
15
17
20
22
17
16
15
16
12
11
13
9
10
7
7
6
-1
4
-2
1
0
0
4
3
4
3
8
5
4
7
8
14
6
10
14
9
9
13
6
4
9
4
3
0
7
-5
2
2
3
2
0
7
-2
7
-3
3
4
-1
1
3
1
2
0
1
-3
-8
-8
-13
-10
-15
-9
-13
-7
-7
0
1
2
1
3
11
7
9
8
18
13
19
19
9
19
18
20
17
13
6
1
1
3
3
-1
-2
-5
-5
-1
0
1
3
-1
0
3
3
3
4
2
10
10
6
13
9
9
5
11
7
8
9
12
8
10
12
-1
4
-2
-1
-7
0
-3
0
-7
-6
-6
-7
-3
0
6
3
8
3
6
7
3
-6
-5
-12
-12
-19
-17
-16
-21
-19
-23
-11
-18
-11
-14
-15
-14
-10
-3
-13
-6
-3
-6
-8
-9
-6
-8
-5
-17
-12
-10
-11
-10
-6
-4
-6
-4
-9
-4
-14
-7
-9
-9
-7
-6
-4
-7
-5
0
4
3
0
6
3
0
8
2
3
-2
1
-2
-2
-3
-1
-3
-6
-2
-8
-2
-8
4
1
2
1
4
13
12
18
17
12
10
16
7
12
12
11
3
6
9
2
3
-7
-6
-10
-9
-15
-14
-13
-16
-16
-13
-7
-14
-8
-10
-13
-15
-11
-10
-9
-4
-4
-4
-10
-9
-12
-11
-6
-8
-16
-14
-15
-13
-17
-20
-10
-21
-18
-10
-20
-21
-18
-15
-15
-13
-13
-11
-9
-9
-7
-5
-3
-7
-2
-6
-13
-9
-9
-12
-18
-14
-13
-9
-6
-4
-4
-10
-9
-2
-7
-6
1
3
2
6
13
7
12
14
18
18
15
16
8
11
7
10
9
10
3
2
10
7
9
12
9
6
7
7
12
6
9
9
10
7
8
6
3
6
-3
1
-3
-7
-10
-9
-13
-6
-6
-13
-13
-10
-4
1
0
-6
2
-9
3
2
-2
4
2
2
-1
7
1
10
3
3
7
11
10
5
6
13
9
6
14
10
15
14
21
16
10
12
19
16
19
21
18
25
18
23
16
12
6
7
7
2
3
0
-3
-5
-4
-8
-6
-10
-10
-3
-3
-2
2
-3
-3
0
10
12
9
9
0
6
2
5
7
-3
-3
-15
-4
-10
-10
-8
-9
-17
-16
-4
-11
-4
-3
-4
-11
2
-3
-5
-2
-5
9
-2
3
3
0
7
6
11
1
-2
0
-10
0
-13
-4
-9
-8
-2
0
-1
-8
3
-9
2
-2
6
3
4
11
8
12
6
6
3
5
0
3
3
-1
-2
6
-4
-3
-1
-11
-3
-5
-1
-1
-1
-3
0
8
3
4
3
5
7
17
19
14
17
16
12
10
18
7
12
15
19
15
14
12
3
9
3
6
-2
3
-1
0
4
0
1
7
2
2
10
7
4
5
-2
0
5
0
3
2
-2
1
3
-2
4
-3
0
-5
-2
-12
-10
-14
-12
-6
-16
-9
-15
-9
-15
-12
-18
-16
-23
-18
-21
-19
-15
-18
-20
-22
-18
-29
-19
-29
-19
-21
-13
-12
-15
-13
-12
-10
-12
-7
-12
-2
0
-5
-9
-2
-3
0
-9
-3
-2
3
1
4
7
-7
4
3
4
-1
5
4
7
10
6
4
5
4
-5
4
3
0
2
-2
-4
-7
5
1
3
-1
4
-4
0
3
-4
6
-2
1
5
7
4
12
1
6
11
12
12
8
4
7
9
-5
5
-3
0
0
3
0
-2
0
-1
-4
-3
-6
1
10
2
5
7
7
6
6
4
7
6
9
11
10
16
12
16
12
15
10
9
12
2
10
8
7
4
4
5
0
5
7
12
9
16
15
13
14
11
10
7
12
6
9
10
6
0
3
4
3
-3
0
-7
-6
-5
-3
-8
-11
-3
-9
-3
-7
-1
-5
-4
-6
-1
-2
-1
-1
-1
4
-1
2
2
6
5
8
5
10
2
5
6
4
6
3
10
-6
3
3
-4
0
-4
-3
0
2
-6
0
-12
-7
-15
-12
-12
-13
-10
-6
-5
-12
-1
-9
-7
-9
-4
-6
-6
-9
-9
-5
-8
-2
-7
-7
-6
-5
-10
-9
-12
-12
-16
-13
-13
-12
-14
-10
-5
-12
-9
-6
2
0
5
6
6
9
10
6
13
23
19
19
26
26
16
18
19
18
10
13
9
7
7
3
-3
0
-6
-7
-1
-4
-4
-4
9
5
6
-2
5
4
5
2
0
0
0
9
3
3
-8
-3
-7
-6
-13
-6
-6
-9
-6
-6
-10
-7
-2
-4
-1
-3
5
1
3
4
3
1
3
5
2
4
9
9
9
7
9
4
1
-5
-4
-1
-6
-5
-6
-6
-7
-8
0
1
-6
6
4
9
9
16
13
21
19
16
18
8
9
4
11
7
3
-3
6
-6
-7
-6
-6
-13
-16
-12
-17
-18
-24
-15
-28
-17
-15
-20
-24
-23
-19
-22
-8
-8
-15
-14
-10
-6
-9
-15
-7
-12
-20
-17
-13
-21
-19
-25
-18
-18
-17
-13
-6
1
3
10
6
15
10
15
23
15
22
20
21
21
19
20
3
15
15
17
13
15
19
13
17
15
22
11
19
16
16
22
22
19
29
30
31
30
35
34
22
28
19
18
17
21
11
13
0
2
-4
-3
-5
-16
-19
-25
-22
-30
-28
-42
-42
-50
-51
-62
-60
-63
-76
-76
-88
-85
-95
-84
-91
-96
-92
-100
-101
-98
-98
-98
-95
-91
-93
-92
-79
-76
-64
-57
-44
-37
-30
-15
-5
9
17
39
48
54
59
75
88
95
119
127
136
142
154
164
165
171
181
174
183
193
191
208
211
214
216
221
221
214
212
209
200
200
191
186
178
166
161
146
132
125
113
89
82
63
50
26
0
-22
-54
-77
-105
-134
-153
-181
-205
-227
-268
-283
-315
-341
-368
-399
-412
-435
-459
-458
-487
-490
-498
-505
-484
-497
-486
-486
-481
-466
-441
-419
-388
-371
-341
-320
-293
-248
-224
-181
-160
-137
-99
-48
-9
42
76
118
148
177
231
265
317
345
377
411
449
495
552
588
622
658
666
706
729
779
817
841
872
896
927
940
957
966
967
948
945
923
923
916
883
853
790
712
617
527
446
363
268
148
6
-135
-286
-423
-559
-692
-843
-1014
-1178
-1330
-1445
-1546
-1632
-1734
-1831
-1909
-1958
-1982
-1969
-1945
-1919
-1889
-1840
-1745
-1638
-1498
-1358
-1221
-1081
-950
-803
-617
-436
-244
-91
38
188
329
493
626
757
878
944
1009
1076
1120
1178
1192
1192
1232
1255
1289
1269
1239
1248
1233
1267
1264
1246
1256
1184
1150
1195
1239
1345
1377
1361
1398
1382
1419
1391
1338
1335
1242
1201
1158
1120
1192
1150
1104
1032
791
512
51
-367
-521
-566
-451
-478
-699
-951
-1385
-1701
-1911
-2101
-2217
-2579
-2872
-2911
-2749
-2347
-2150
-2170
-2313
-2626
-2776
-2778
-2513
-2056
-1861
-1660
-1523
-1312
-847
-632
-491
-420
-556
-586
-573
-300
225
638
925
882
774
769
661
690
795
895
1049
1005
964
1068
1188
1262
1157
1037
996
871
819
775
850
1143
1202
1216
1259
1193
1186
1068
958
1134
1311
1472
1498
1505
1666
1641
1621
1595
1527
1629
1478
1273
1282
1251
1390
1411
1358
1336
966
434
-231
-620
-433
-368
-296
-461
-950
-1222
-1608
-1827
-1777
-1955
-2340
-2976
-3265
-2929
-2447
-1885
-1860
-2110
-2249
-2496
-2394
-1959
-1525
-1254
-1419
-1532
-1338
-849
-210
-33
68
40
-272
-415
-411
-173
278
414
317
208
222
265
197
218
257
269
186
-2
-31
238
407
391
365
378
399
362
219
215
430
614
645
708
951
1012
1004
920
850
1193
1406
1356
1422
1466
1610
1718
1692
1773
1821
1802
1516
1319
1629
1812
1948
2006
1797
1835
1680
1087
505
238
261
188
356
427
110
-8
-680
-1330
-1247
-1441
-1934
-2484
-2805
-2662
-2182
-1711
-1789
-1907
-1999
-2552
-2600
-2120
-1671
-1297
-1364
-1587
-1420
-761
-309
-309
-150
-332
-724
-624
-640
-276
400
329
-44
-178
-198
-294
-284
-288
-417
-232
-256
-594
-450
-221
-220
-274
-403
-440
-366
-266
-402
-363
6
68
88
247
344
532
733
652
765
1228
1400
1405
1564
1548
1645
1907
1916
2118
2394
2332
2055
2026
2150
2194
2387
2276
2021
2238
2258
2166
2276
1932
1246
532
220
220
430
834
304
-242
-424
-1188
-1411
-1507
-2003
-2432
-2889
-2895
-2617
-2026
-1637
-2095
-2220
-2367
-2592
-2144
-1979
-1688
-1371
-1360
-1003
-592
-88
-126
-597
-770
-1121
-802
-216
-322
100
130
-395
-413
-571
-651
-821
-1098
-1329
-1404
-757
-474
-657
-621
-962
-1236
-1119
-1009
-701
-465
-454
-640
-600
-7
342
573
649
386
480
663
725
1346
1874
1978
2114
1878
1851
2190
2322
2358
2522
2614
2488
2358
2455
2568
2800
2995
2517
2388
2551
2506
2692
2781
2501
1659
787
422
224
954
1545
775
395
-296
-1325
-1465
-1662
-1864
-2347
-2856
-3066
-3047
-2098
-1709
-2099
-2325
-2832
-3041
-2757
-2399
-1776
-1552
-1390
-1292
-1067
-216
-70
-169
-545
-1235
-1174
-1022
-909
-260
26
-136
-372
-655
-939
-1218
-1341
-1921
-2134
-1576
-1415
-1313
-1091
-1271
-1360
-1321
-1461
-1377
-1145
-1002
-989
-840
-273
177
560
618
485
769
913
984
1345
1696
2033
2328
2340
2444
2741
3110
2960
2849
3060
2873
2913
2924
2891
3299
3513
3306
3138
2998
3063
3119
3116
3040
2718
2051
868
625
870
1161
1737
979
0
-576
-1480
-1753
-1755
-1872
-2469
-3309
-3524
-3515
-2757
-2119
-2602
-2970
-3263
-3543
-3396
-2901
-2165
-2024
-1659
-1493
-1590
-710
-465
-628
-518
-731
-870
-1034
-1239
-839
-578
-273
-164
-508
-742
-1139
-1432
-2051
-1948
-1608
-1935
-1877
-1707
-1751
-1393
-994
-1214
-1274
-1151
-1214
-1420
-875
-137
193
662
821
611
924
1382
1251
1616
1994
2174
2259
2373
2617
2872
3373
3357
3195
3267
3186
3016
2920
2965
3308
3521
3508
3390
3212
3303
3270
3146
3242
3150
2841
1913
896
906
981
1288
1664
775
-46
-590
-1734
-1992
-1849
-1977
-2797
-3612
-3815
-3939
-2938
-2522
-2982
-3290
-3625
-3952
-3897
-3305
-2424
-2185
-1865
-1633
-1743
-804
-747
-779
-649
-818
-782
-956
-1110
-848
-274
-34
-209
-205
-636
-1408
-1270
-1866
-1796
-1276
-1559
-1745
-1799
-1523
-1454
-1275
-1159
-1350
-1316
-1180
-1188
-850
-477
78
209
418
761
815
1087
977
1144
1531
1829
2242
2423
2368
2655
2853
3007
3080
3313
3249
3000
3085
3009
3357
3741
3662
3617
3591
3487
3818
3741
3825
3738
3286
2382
1382
1436
1383
1654
2028
1204
276
-212
-1343
-1718
-1741
-1938
-2817
-3716
-3802
-3998
-3180
-2608
-2943
-3374
-3744
-4135
-4113
-3584
-2538
-2269
-1993
-1617
-1840
-1067
-811
-705
-578
-721
-664
-901
-819
-318
-165
179
-74
-602
-715
-1277
-1152
-1412
-1396
-1144
-1738
-1557
-1838
-2117
-1632
-1806
-1762
-1506
-1429
-1350
-1426
-1164
-1114
-814
-10
6
172
417
303
537
728
1391
1743
1926
2284
1914
2060
2667
2905
3207
3400
3317
3225
3108
3358
3460
3856
4204
3850
3950
3935
4020
4218
4204
4129
3830
3282
2228
1603
1668
1692
1940
1924
929
139
-546
-1428
-1764
-1895
-2404
-3541
-3995
-3981
-3792
-2957
-2745
-3372
-3933
-4090
-4352
-4049
-3102
-2570
-2425
-2030
-1930
-1620
-931
-730
-618
-791
-667
-733
-795
-394
-200
-102
-64
-228
-571
-745
-821
-1249
-1512
-1216
-1660
-1709
-1597
-2073
-2094
-1891
-1730
-1808
-1510
-1432
-1891
-1776
-1332
-1264
-657
-69
-153
-258
5
282
321
1011
1450
1452
1814
2017
2005
2376
2867
3151
3097
3309
3434
3286
3544
3726
3873
4162
4391
4287
4150
4282
4370
4309
4637
4560
4166
3357
2238
1801
1686
2029
2301
1756
796
31
-995
-1456
-1724
-2120
-3058
-4157
-4335
-4336
-3605
-2994
-3133
-3834
-4339
-4598
-4519
-3988
-3065
-2733
-2582
-2114
-2016
-1313
-1008
-706
-657
-747
-553
-581
-568
-322
-236
9
207
-20
-23
-723
-1113
-1349
-1378
-1069
-1228
-1376
-1795
-2310
-2059
-1728
-1566
-1365
-1659
-1897
-2106
-1666
-1094
-926
-409
-395
-641
-338
-22
437
706
1007
1390
1411
1916
2157
2173
2615
2925
3120
3433
3550
3654
3644
3771
4044
4282
4772
4582
4431
4485
4345
4711
5183
5031
4911
4227
2711
1950
1691
1787
2139
2354
1374
250
-460
-1548
-2075
-2238
-2914
-4246
-4691
-4784
-4587
-3772
-3200
-3782
-4564
-4682
-5209
-4964
-3893
-3190
-2977
-2344
-2258
-1985
-1420
-1098
-718
-802
-614
-640
-690
-439
-89
117
317
141
-66
-656
-979
-1025
-1268
-762
-959
-1371
-1506
-2075
-2276
-1950
-1719
-1592
-1648
-1443
-1850
-1899
-1234
-1325
-1027
-444
-396
-403
-84
268
435
787
1597
1587
1907
2294
2061
2393
2819
3304
3619
3811
3909
3832
3854
4145
4329
4759
4838
4750
4719
4552
4882
5089
5291
5330
4820
3639
2366
1746
1543
1878
2617
2018
908
118
-1350
-2055
-2155
-2583
-3637
-4641
-4853
-5077
-4326
-3310
-3594
-4189
-4679
-5212
-5285
-4571
-3480
-3105
-2747
-2236
-2277
-1599
-1116
-882
-610
-724
-661
-646
-554
-101
270
526
515
41
-175
-832
-1120
-913
-820
-728
-1068
-1387
-1907
-2257
-1916
-1740
-1923
-1668
-1801
-2147
-1947
-1581
-1387
-1346
-886
-795
-886
-385
-140
-31
491
963
1245
1532
1849
1905
1870
2371
2839
3193
3690
3752
3593
3751
3906
4141
4743
4933
4835
4802
4642
4757
5206
5750
5849
5490
4869
3161
2027
1982
1885
2479
2895
1912
647
-357
-1300
-1867
-2183
-2487
-4256
-5069
-4916
-4936
-3808
-3113
-3547
-4569
-5121
-5390
-5313
-4365
-3092
-3188
-2743
-2360
-2328
-1476
-1104
-746
-830
-947
-871
-858
-589
232
220
600
409
-219
-356
-1074
-1153
-1120
-867
-837
-1264
-1533
-1833
-2457
-1963
-1946
-2155
-1876
-2123
-2203
-2231
-1634
-1388
-1483
-957
-838
-1159
-465
-361
-113
486
860
1228
1289
1890
1851
1995
2743
3000
3353
4018
3763
3859
4264
4377
4703
5177
5472
5054
5323
5402
5254
5924
6382
6031
5703
4923
3224
2241
2333
2284
2670
3053
1680
432
-551
-1454
-2012
-2261
-2808
-4644
-5167
-5026
-4943
-3811
-3222
-3942
-4905
-5412
-5625
-5480
-4292
-3140
-3300
-2859
-2587
-2488
-1812
-1234
-658
-915
-964
-724
-1151
-800
120
240
465
455
-73
-967
-1244
-1143
-1360
-857
-719
-1515
-1896
-1990
-2507
-2184
-1830
-2109
-2306
-2213
-2340
-2266
-1604
-1429
-1492
-1067
-830
-1040
-471
-191
-133
483
1050
1281
1717
2069
2018
2304
2884
3420
3700
4268
4180
4120
4599
4702
5221
5646
5625
5664
5536
5558
5997
6310
6536
6357
5497
3990
2629
2380
2186
2669
3465
2181
1040
-129
-1679
-2105
-2327
-2657
-4183
-5100
-5231
-5580
-4595
-3727
-4163
-4648
-5287
-5836
-5774
-5005
-3794
-3443
-2949
-2601
-2521
-1889
-1517
-1154
-764
-904
-713
-686
-752
-91
322
558
349
153
-418
-1072
-1035
-1072
-896
-641
-1117
-1709
-1857
-2181
-2194
-2090
-2021
-2081
-2016
-1900
-2036
-1734
-1456
-1395
-1058
-855
-853
-593
-390
-110
398
1096
1469
1677
1949
1783
1977
2669
3125
3739
4291
4343
4369
4504
4757
5028
5583
5812
5680
5765
5799
6003
6539
7394
8022
6601
2712
274
649
2932
5739
5592
2236
-2402
-4229
-3923
-1554
1061
-1392
-5954
-9091
-7833
-5573
-3156
-3344
-6499
-7902
-6898
-3979
-2754
-2779
-4964
-6456
-5834
-2108
1088
2482
1175
-2344
-2505
-1348
1476
1841
748
-46
414
2099
2348
1382
-680
-2049
-2561
-1049
881
1298
-903
-4176
-5200
-4173
-1672
-998
-2179
-2986
-3010
-2720
-3238
-2883
-2336
-1771
-965
-476
4
268
-8
-684
-29
1778
2950
2858
2439
2692
3735
4578
4053
3616
4086
5087
5571
5530
5757
5313
5480
5006
5181
5936
6143
6299
5683
6263
5737
3600
246
-387
1671
3790
3870
656
-1725
-4210
-2762
-2713
-3161
-2302
-4882
-5807
-7165
-6047
-5856
-6688
-6002
-4253
-2067
-1501
-3164
-6254
-5149
-3668
-1004
4
1000
2107
1461
1167
-21
696
914
1626
2040
2969
2555
1001
-132
-782
234
-110
-901
-2103
-2263
-2282
-2788
-3528
-5082
-5606
-5236
-3555
-2702
-3119
-4309
-5462
-4924
-4732
-3114
-1690
-668
-288
-815
-271
-94
396
733
1765
2735
3713
3867
3780
4252
4178
4486
4422
5296
5978
6175
5745
4992
5070
5246
6028
6327
6068
5444
5248
5067
5319
5647
5296
5176
2853
494
-163
695
2329
1593
-232
-1549
-3851
-3690
-3369
-4813
-2997
-4768
-5814
-6088
-7894
-6667
-7786
-5550
-2293
-2073
-1723
-3829
-6267
-4371
-2711
-371
1009
528
2149
773
1201
974
678
2333
1714
1998
2536
1365
1009
301
-395
145
-1136
-780
-1995
-2879
-2518
-4140
-4555
-5361
-4987
-4117
-3773
-3680
-4017
-4443
-4714
-4572
-4409
-2897
-1705
-865
-691
-362
56
137
758
1493
2496
2903
3521
3982
4165
3954
4190
4705
5810
6055
6400
6180
4944
5213
5715
6633
6502
6615
5982
5533
5464
5550
5503
6154
6201
4694
1740
-803
527
345
2894
1497
-767
-2175
-5504
-3062
-4885
-4422
-3482
-6223
-5510
-7042
-8175
-7416
-7883
-4718
-1706
-2547
-1779
-5294
-6176
-3772
-3145
442
188
1444
2740
823
732
25
553
2322
1636
2785
2444
423
1411
-651
-201
-501
-1423
-310
-2416
-2026
-3134
-4972
-4596
-5687
-4108
-3210
-3572
-3115
-4773
-4323
-4325
-4896
-3300
-2195
-792
-233
-914
-125
-72
172
1667
1905
3068
3056
3752
4561
3919
4556
4709
5252
6133
6236
6431
6235
5130
5867
5958
6727
7214
5916
6693
5531
5655
5715
5504
6543
3741
1165
468
-257
1238
2133
295
-35
-3905
-4270
-3312
-6445
-3541
-5735
-6059
-4662
-8418
-7504
-8306
-7654
-3712
-3154
-1447
-2117
-6040
-4402
-4683
-2153
115
123
3685
2236
1969
739
-788
1504
1681
2749
4229
1910
2297
795
-876
-168
-1731
342
-598
-1754
-1820
-4767
-4423
-5405
-5713
-3851
-3900
-2894
-3967
-4721
-4534
-6019
-5325
-3711
-2303
-278
-708
-616
-391
-768
713
639
2279
3336
3681
4951
4198
3925
4494
4863
6191
6645
6837
7150
6146
6207
6107
6408
7174
6944
7048
6761
6538
6050
5320
6215
4202
2080
829
1016
1362
1155
923
-1336
-2534
-4601
-3433
-6314
-5035
-5452
-6749
-4860
-7999
-7842
-9525
-7766
-5659
-2764
-2641
-1706
-5122
-4848
-3931
-3695
-169
-399
4004
3133
3491
752
85
698
2328
3087
4725
3730
2408
2909
-29
152
-1888
331
-69
-273
-1141
-3282
-5016
-5344
-5734
-4829
-4395
-3733
-3499
-4889
-3898
-6938
-6378
-5800
-3488
-1354
-930
-745
-1155
-1414
-408
238
708
2538
2954
5407
4355
4174
3845
3951
5781
5950
7639
7429
6893
6635
6458
6029
6507
7358
7458
8327
7184
7235
5633
5788
4861
1248
1837
1219
2034
2395
1176
-924
-3071
-5305
-3654
-5784
-5357
-4302
-7542
-4827
-8658
-8725
-9337
-9064
-5576
-3422
-2098
-2006
-4811
-5376
-3975
-4590
-268
-553
3830
4347
3469
2307
-880
738
1704
3080
5462
4525
3185
3387
307
587
-1887
-102
566
-510
197
-2980
-4886
-5636
-6630
-4948
-4247
-4187
-2920
-5137
-3836
-6372
-7077
-6396
-5033
-2310
-1113
-350
-725
-833
-1312
254
-102
2009
2400
4833
5320
4262
4486
3357
5061
5546
7058
7865
7368
6620
6603
5602
6313
6480
7419
8444
7932
8622
6239
6604
3996
682
886
1257
3195
3525
2405
-29
-2951
-5401
-4019
-6579
-4438
-4078
-6379
-4031
-8960
-8842
-10200
-9428
-5599
-3299
-1425
-1166
-4932
-5150
-5101
-5162
-1072
-1188
4892
4621
4832
2421
-1224
-249
224
2418
5109
5037
4226
3807
42
371
-3140
-440
-283
-290
381
-2540
-4272
-6469
-7010
-6802
-4278
-4610
-2133
-4320
-3713
-5815
-7649
-6920
-5916
-2961
-1577
793
-136
966
-1455
-45
-426
1130
2920
4751
6271
5197
5674
3656
4883
4542
6830
7477
8837
7889
7568
6322
5068
6320
6099
8607
9066
9511
8138
6826
2922
-386
-1394
1466
2746
4423
3753
49
-2750
-6314
-5965
-8561
-4622
-4821
-4102
-3937
-8329
-9692
-11589
-9416
-6638
-2290
-1044
274
-4213
-4074
-5712
-5494
-2013
-817
5928
5871
6793
2345
-89
-1454
-563
1340
4518
5582
5093
4716
511
-542
-4371
-1917
-2177
-843
-573
-2056
-4054
-6132
-7662
-8250
-6483
-5296
-3034
-3748
-3081
-5953
-6515
-7752
-5852
-4777
-1955
636
1322
2736
622
670
-1045
613
1920
5312
6301
7683
6881
5984
5250
4497
6045
6359
9413
8929
9431
7404
6612
5745
5798
7206
8485
10150
9228
6598
850
-1470
-1565
-222
3147
3526
2652
-527
-3776
-5680
-9810
-7630
-7120
-4956
-3348
-6021
-7494
-10606
-10301
-7917
-5422
-2412
-196
-2282
-1225
-3705
-4462
-4036
-2435
3058
5265
7682
5529
3068
639
-466
-685
2175
3005
5339
5933
3728
1540
-2955
-2872
-4663
-3267
-2226
-2525
-2210
-3511
-5946
-7538
-9071
-6963
-6561
-4507
-2429
-5054
-3889
-6743
-5344
-5692
-4201
-1247
662
3002
3475
2378
1624
1173
620
3567
3435
7262
6799
8764
7902
6140
5827
4317
5734
6992
8476
8205
9629
6856
7577
4905
6781
6832
6607
6679
1744
1698
-290
371
1355
913
395
-978
-3342
-3507
-8557
-5974
-7564
-6132
-4220
-8086
-5763
-9875
-7444
-6337
-4688
-3015
-1131
-2624
-620
-2875
-2912
-2502
-2511
4177
3626
7974
4882
3424
804
-146
-363
2076
2731
4618
4740
2307
1237
-3928
-1739
-5710
-3005
-3415
-3696
-3323
-4541
-5491
-7666
-8219
-6561
-6658
-4748
-2662
-5750
-3251
-6422
-3716
-4332
-2848
-235
822
2794
3160
2563
2611
2730
1996
4355
3264
6794
5523
7796
7117
6424
6214
4454
5561
5726
6532
7401
7694
7109
7295
5398
7256
4703
4338
2111
1570
1885
1320
1943
1197
13
-1849
-1627
-4689
-4490
-5403
-5869
-4916
-5147
-6618
-6401
-6860
-6352
-4797
-4250
-2471
-2542
-1512
-451
-1003
-1170
-1651
-1092
1443
3133
5401
5264
4997
3190
604
231
-46
805
2714
2909
2746
1094
-1644
-2831
-5105
-4879
-5363
-4842
-4002
-5102
-5083
-6455
-7626
-7455
-7310
-5394
-4252
-4154
-3681
-4297
-3420
-2798
-2351
-470
855
1993
3116
3420
4334
4049
4087
4475
3690
4572
5421
6626
7296
7177
6621
5381
4939
4735
5014
5705
6453
6331
6260
6180
5653
3576
997
-66
-69
213
2006
1733
1443
-275
-2832
-2761
-7034
-3985
-5430
-4123
-3113
-5541
-4585
-6450
-4908
-4592
-2385
-2781
212
-2178
975
-277
429
654
-842
2887
1222
5082
3660
5531
3197
2933
174
1153
-173
1347
1864
59
850
-3248
-2125
-5772
-5074
-6183
-5660
-5668
-4853
-6520
-6266
-8346
-7293
-7491
-6700
-3737
-4682
-2317
-4417
-2024
-3602
-710
-456
2289
2919
3862
3607
3416
4879
4715
7087
5513
7046
4456
6080
5001
6618
6501
7078
6427
5531
4791
3035
4840
4037
6660
4762
5334
853
-1615
-1838
-2691
159
-792
1181
126
-2332
-1043
-6796
-5480
-5220
-6434
-2143
-5435
-3160
-4152
-3872
-1564
-1652
-1485
514
-1155
1360
1506
1465
3917
961
4839
2493
4908
3906
3883
3859
3596
1907
1467
968
99
1521
-1530
400
-4585
-2960
-5895
-6653
-6394
-7356
-6523
-6817
-6088
-7274
-7628
-8460
-7537
-8431
-4931
-4612
-2539
-2370
-1583
-1444
-774
342
1288
3724
4533
5928
5502
6248
5809
6577
5980
7056
6213
7280
6739
6807
6272
5054
5750
4374
4900
3407
3780
3212
4161
2344
1472
-1247
-3292
-3153
-4564
-1324
-3819
-659
-2845
-4021
-3182
-8499
-3924
-7392
-4527
-4678
-5560
-2815
-2457
-627
609
660
-354
2509
-803
5341
2108
6122
5002
4399
6457
3696
7206
4352
6271
3277
4224
271
2467
-939
1306
-375
-1364
-1205
-6087
-4284
-9046
-6954
-8148
-7215
-7115
-7145
-8378
-7605
-9347
-6958
-8004
-5958
-4433
-4357
-1481
-2608
317
79
2202
2443
4173
3711
6601
5221
7544
7098
7787
8900
7137
8142
5364
6449
5842
6986
6038
6844
4424
4571
1851
1813
2305
1948
2359
-2547
-3194
-6234
-6602
-4714
-5450
-2605
-3382
-5303
-3919
-11194
-6634
-9445
-7651
-3770
-7291
-2477
-4067
-511
181
1091
1658
3243
1524
5527
4236
6007
7844
6715
10534
7401
9725
6704
7032
5513
5019
2911
4139
1511
1873
9
-2440
-1583
-5672
-3684
-8245
-7575
-9687
-9767
-9111
-8662
-9154
-7845
-8743
-7719
-7722
-7814
-5095
-5615
-1916
-2510
210
322
2681
3272
4896
5771
6665
7099
7202
7802
7175
8747
8358
9535
7968
8413
6790
6560
5473
5144
3832
4046
3258
2324
2056
-1279
-2557
-5813
-5642
-8046
-6252
-7203
-5540
-6365
-7084
-7303
-11510
-6953
-11966
-7905
-8694
-8483
-4943
-4798
-679
-298
2116
1619
3901
1641
6493
4866
8502
9103
8354
11425
8357
12224
9109
10812
8343
7791
5585
4972
2720
2063
503
-498
-215
-3720
-3035
-7563
-7928
-9514
-9775
-9723
-9513
-9040
-8722
-9311
-8114
-8800
-6843
-5301
-4492
-3030
-2352
-741
118
2799
2953
5170
5158
7235
6717
8335
8220
8779
9163
8394
8504
7249
8284
7170
7971
6311
6082
4385
3859
2548
1523
-375
-3253
-4842
-7378
-8288
-8012
-8282
-6594
-7396
-8740
-8514
-13867
-9243
-13763
-10742
-9660
-11562
-5259
-6544
-1748
-1573
980
826
3775
2172
5922
5062
7231
9064
7353
12120
9310
13492
11235
11663
8751
7629
5525
6072
4182
4646
2595
633
1067
-3218
-2122
-6057
-5777
-7729
-7435
-8480
-8479
-8904
-7602
-8979
-7261
-7741
-6926
-4149
-4654
-2368
-2872
-287
-188
2573
2834
4747
5156
7052
6841
7599
7784
8142
9329
8194
8846
6848
8116
7124
8082
6312
6062
4672
4373
3652
894
-420
-5285
-5219
-8861
-8162
-7984
-8735
-5737
-9609
-7855
-12781
-12570
-11650
-14268
-10124
-13602
-10381
-8861
-5622
-3421
-590
-279
1698
2265
2298
6040
4012
9344
6481
9787
8919
10269
11511
10801
10719
8435
7930
5096
6283
2387
4127
50
941
-625
-2728
-2673
-5456
-5542
-6815
-6660
-7209
-6868
-6911
-5905
-7534
-6155
-5617
-4741
-2262
-1846
-1602
-73
701
2707
3506
4296
5499
6016
6987
7102
7583
7842
9121
8958
9161
7496
7796
7056
7089
6620
4889
5475
3865
4697
2271
-813
-2531
-5806
-7486
-9065
-8859
-8473
-7245
-8236
-8211
-12145
-12522
-10234
-14592
-8839
-13585
-11451
-9241
-8236
-3852
-3470
-26
122
2514
1832
6103
3214
8546
5625
7558
8132
7046
11378
8818
11592
7414
8336
5074
5888
2957
3235
293
141
-681
-3296
-3059
-6408
-5487
-7557
-6088
-7157
-6688
-5896
-5761
-6087
-5629
-5976
-3418
-2943
-160
-145
456
2101
2728
4820
5003
6715
6753
8414
6945
9006
7528
9506
9360
8773
8435
6960
8373
7414
7978
6150
5061
3598
3834
2123
406
-2077
-4003
-7011
-8759
-8867
-9298
-7370
-8478
-8489
-10984
-13007
-10737
-13598
-11320
-12251
-13341
-9909
-8649
-5019
-3417
-794
-442
1997
1397
5493
4232
6651
6640
5815
8409
6580
10291
8548
10375
7149
7343
4525
5410
3704
3222
1943
-1248
-635
-4763
-3960
-6666
-6410
-7572
-7175
-7778
-7570
-7072
-6324
-5867
-5789
-4702
-4031
-2545
-1355
-792
8
1360
3141
5088
6208
7763
7880
9279
8747
9603
9064
9981
9807
10063
9349
8502
9400
8679
9208
7020
6252
4405
3819
2250
93
-2603
-3843
-7244
-8937
-8027
-9725
-5955
-8799
-8154
-10750
-13396
-10409
-14124
-10670
-12417
-11635
-9979
-7174
-5627
-2516
-867
-546
2389
648
6310
3342
7692
5674
6316
7253
6551
8487
7570
8542
5833
7244
3540
5646
2241
2986
322
-1094
-1826
-5023
-4712
-7697
-8061
-8933
-8251
-7957
-7103
-6867
-5617
-6465
-4944
-5404
-3976
-2720
-2343
-1219
-651
459
3559
4744
6443
8516
7682
9900
8435
9793
9216
9669
10091
9410
8859
8740
8883
9228
9661
7987
8131
5771
5757
3352
15
-1282
-4581
-7202
-8091
-9270
-8264
-7263
-8316
-7416
-11468
-10020
-11354
-13512
-10025
-14496
-9904
-9828
-7706
-4071
-3773
-644
749
1426
3762
6535
4812
9380
5250
8767
6902
7400
9106
6302
8609
5156
5911
3746
4724
2275
2877
-556
-430
-3435
-5399
-5639
-9819
-8165
-10925
-9472
-9679
-8652
-7469
-6497
-5730
-4780
-4737
-3596
-2846
-2043
-710
-1244
757
2289
3464
6041
7295
8370
9602
9163
10364
9512
10583
10276
8980
8428
7899
7805
8059
8346
7516
7313
5829
5902
3233
851
-754
-4216
-7112
-7969
-8199
-7668
-6844
-7986
-8256
-11726
-9052
-10294
-11156
-8764
-11742
-9627
-8355
-5457
-4055
-1313
-992
658
420
3811
5805
6313
8677
5854
8451
6620
9041
8227
7931
6468
5345
3868
2424
3268
2050
2424
-464
-559
-3507
-4388
-5510
-7805
-9111
-9984
-10426
-10201
-9971
-7795
-7424
-5943
-4707
-5079
-2646
-3032
-1155
-1440
-1252
-48
1896
2249
4682
5697
6953
8667
8577
10916
9655
11463
10671
9222
8346
8158
8126
8178
8113
6849
6562
5597
5098
2242
62
-1358
-4643
-7010
-7103
-8474
-6933
-7394
-9294
-10034
-10999
-10119
-10986
-10855
-10998
-10894
-7730
-5294
-5057
-507
-1358
185
2753
2670
6117
6805
7853
7112
8305
8660
10342
9858
10813
8068
6581
5712
2683
3526
1889
2169
-199
-200
-2674
-3521
-5205
-6601
-8067
-9194
-9524
-11077
-9692
-10537
-9062
-8474
-7104
-5983
-4124
-2767
-1742
-978
-941
-198
1379
2775
3489
5210
5671
6475
6917
7986
9053
9935
10854
10061
8668
8401
7846
7737
7763
6625
6028
4778
3145
1365
-1738
-2467
-4566
-6425
-6109
-6551
-6468
-6604
-8596
-9920
-10389
-10656
-9339
-11077
-9674
-10160
-8631
-5039
-3620
-1168
724
1603
2265
4602
5568
7820
7516
8207
7261
7490
9133
8650
9639
8664
6996
6264
4990
3826
3342
2002
1041
-814
-2209
-3755
-5675
-6949
-7978
-9105
-8813
-9010
-8580
-7896
-7788
-6478
-6381
-5251
-3896
-3020
-1479
-612
-790
-327
517
1840
2929
4192
5734
6089
6452
7150
7477
8478
9075
9096
7923
6826
7004
6365
6335
5885
4764
4165
3871
1754
-250
-2224
-4497
-7285
-7330
-7564
-8286
-6628
-8906
-10458
-11110
-9417
-10893
-9570
-8835
-11285
-8669
-5420
-4197
-2632
2353
-432
2596
4559
5981
7802
8725
9151
7340
9992
9556
10907
10346
10391
7100
7342
5465
3869
4203
1619
383
-1243
-1179
-3687
-3626
-5511
-8041
-8855
-8764
-9910
-9096
-7100
-8025
-7138
-6071
-5893
-4323
-2119
-815
-396
950
826
1771
3503
3426
4884
5344
6087
5981
7010
7083
7489
8231
7943
7362
6912
7630
6287
6590
5365
3900
3475
2149
265
-2737
-4160
-6634
-9280
-8588
-8757
-8860
-7716
-9114
-10661
-10112
-9100
-10160
-9874
-10005
-11596
-9625
-5591
-4632
-1398
1733
-126
3359
4613
7381
9290
9576
9457
8768
10091
10147
10820
10057
9501
6057
6631
4244
4013
4619
2047
857
-445
-1232
-2503
-2750
-5131
-6758
-8995
-8711
-10345
-9303
-7845
-8004
-5954
-5393
-3930
-2284
-920
50
1295
1014
2268
3203
3775
4355
4693
5770
6135
7149
8094
7991
8704
8856
8288
8154
7910
7990
7284
6001
4985
3791
2239
1503
-1953
-3965
-6697
-9528
-9896
-10704
-8784
-9053
-9912
-10781
-13235
-11601
-10872
-12615
-9390
-12199
-12408
-7965
-7703
-4065
-551
183
367
3268
5964
8265
9858
11650
8729
9372
10890
9695
11899
10628
8443
6102
5138
4166
4826
4346
2875
871
-285
-1953
-3098
-3162
-5833
-6306
-7741
-9265
-9538
-8709
-8531
-7995
-5951
-4915
-3135
-291
450
1070
2751
1896
3172
4181
3811
5332
5273
6185
6300
7091
8710
8602
10184
9740
8545
9281
8302
7629
7660
6075
5572
3793
2402
-248
-3058
-4047
-8198
-9733
-9644
-10660
-9455
-10088
-11557
-12297
-13101
-10840
-13006
-12840
-11528
-14236
-11207
-7279
-7339
-2722
-1305
-2445
1363
2622
7577
8204
9749
10096
8336
10136
10341
10229
11463
9577
6775
6818
3553
4960
3699
2969
1193
-140
-562
-2692
-2988
-4187
-5832
-6623
-6627
-9475
-8156
-8939
-8132
-7651
-6585
-3715
-2590
631
1556
1920
3220
4260
4511
6163
5105
6286
6669
6370
7817
7633
8629
8884
9475
9010
8601
8836
9163
7037
7413
6859
4473
4552
1296
-1409
-4060
-6239
-9067
-9804
-9242
-10033
-10886
-11213
-12485
-13503
-9927
-12770
-11495
-11026
-13155
-9972
-7989
-6410
-4441
-2036
-3001
-613
1231
5652
6057
8434
9062
7446
10415
9336
10672
9586
9080
6423
5495
3769
3579
2244
1169
169
-1904
-1047
-3213
-2254
-4252
-5304
-5600
-6372
-7535
-6792
-7412
-7533
-6108
-6555
-3940
-3035
-283
995
2326
3604
4261
5423
6132
6220
6370
7137
6705
7557
7414
7662
7699
8213
8090
8163
8903
8082
7943
7065
6561
5606
4439
2547
-639
-2329
-5165
-7651
-8351
-8945
-9853
-9742
-11062
-12011
-11274
-11004
-10034
-11047
-10255
-10560
-9548
-6505
-5447
-4084
-2639
-2697
-1318
1749
3796
6671
6895
7548
7655
8335
9414
9912
9605
7900
5860
4110
3256
2507
2175
376
-797
-3113
-3282
-4155
-4702
-4362
-5483
-5783
-6063
-6568
-7110
-6578
-7439
-6011
-6017
-4046
-1901
-1748
781
1832
2620
4423
5959
5965
7175
6578
6909
6732
6861
7622
6663
7698
7502
7085
7777
8200
7490
7903
7506
6388
6243
4851
2461
-366
-1786
-4675
-7537
-6032
-8290
-9657
-8364
-10668
-11952
-10121
-9317
-11400
-9080
-9823
-10754
-8042
-4971
-4790
-3116
-660
-3669
242
1907
4600
6326
7216
7250
7218
8634
8238
10010
9227
8991
5812
5754
2906
2598
2654
-57
-1188
-2453
-3667
-5307
-4969
-7099
-6297
-6773
-6326
-6995
-7168
-7040
-7595
-6606
-5855
-4518
-2738
-1951
-1364
1177
1511
3604
5771
5885
6371
7579
7179
7507
7640
7892
7306
7330
7713
6770
7134
7239
7141
6195
7020
6033
6007
4863
2571
323
-2217
-3654
-6552
-6954
-7367
-8635
-8921
-10109
-11479
-10972
-9129
-10560
-10068
-9259
-11132
-8518
-5158
-4125
-2851
238
-2636
-477
2212
3993
6711
6717
7519
6560
8563
8524
9815
9215
9258
6172
5715
4176
2977
3963
1014
-64
-1841
-2048
-4483
-3594
-6103
-6919
-7085
-6875
-7011
-7274
-6292
-7702
-6682
-6345
-3969
-3295
-1034
-889
-115
1204
2155
4215
5239
5574
5981
6571
5826
7348
6729
6995
6804
6956
6527
6004
6883
6429
5817
6173
5806
4832
5348
3527
1207
-728
-2045
-5627
-7647
-6744
-8813
-8865
-8132
-10425
-11393
-9542
-9252
-11193
-8850
-9426
-10768
-6780
-4005
-4490
-716
114
-2100
2391
3113
6422
6863
7556
7194
7037
8856
9107
10195
9747
8218
4977
5460
2650
3906
2951
867
-594
-1783
-2578
-4085
-3400
-5979
-5980
-6448
-6668
-6976
-6166
-6848
-6933
-5796
-6078
-3741
-2217
-1194
-165
1477
1897
2454
5552
5101
5420
6979
6134
6105
6636
6654
5889
6387
6471
5822
5509
6223
5370
5018
5565
4569
4520
3911
2080
-293
-1821
-4232
-7500
-8104
-8321
-9624
-8657
-9974
-11567
-11222
-9580
-10396
-10333
-8452
-10749
-9279
-5466
-4155
-3549
709
-1717
-561
2632
3968
7590
6940
8306
7099
8113
9073
10391
10485
9901
7296
6106
4771
3429
5082
1856
925
-598
-1692
-2986
-2593
-3975
-6138
-5972
-6341
-6930
-6412
-5828
-7270
-6094
-5947
-4836
-2531
-1429
-140
709
1573
2464
3989
5699
5362
6189
6672
6262
7224
7180
6721
6835
6564
6419
6487
6216
6387
5377
5091
4312
4534
4280
2632
1177
-1839
-3747
-5618
-8230
-8793
-8970
-10400
-10223
-12075
-12131
-12012
-10724
-10863
-11674
-9894
-11243
-9060
-4537
-4073
-2982
921
-2562
920
3333
5217
8261
7051
8686
7445
9066
10106
11196
10261
9888
6606
6491
4860
4070
5230
1351
945
-358
-1710
-2410
-2138
-4739
-5643
-6297
-6106
-7301
-6474
-6196
-7961
-5758
-5959
-4491
-1998
-1161
-476
1588
1547
3550
4831
5566
5771
5529
7021
6302
7526
7523
6736
6793
6898
6518
7008
6755
6413
5747
4738
4889
4689
4052
2725
349
-2304
-3950
-6486
-8199
-8846
-9084
-10308
-10620
-11894
-12297
-12135
-10727
-12251
-11758
-9861
-12419
-7710
-4992
-5315
-2278
-757
-2929
1404
3250
5836
7230
6706
8215
6974
9923
10509
10973
10408
9264
6601
6749
5229
5449
4823
1429
724
-1017
-1527
-2535
-2329
-5119
-6129
-6047
-6554
-7179
-6282
-6572
-7656
-6008
-5703
-4157
-2212
-696
-467
1044
2306
3115
5053
5693
5365
6049
6890
6798
8077
7561
7130
7244
7194
7533
7384
7796
7192
6003
6167
5918
5094
5075
3236
424
-1788
-3430
-6832
-8695
-7776
-9717
-10333
-10076
-12296
-13369
-11367
-11464
-13286
-10736
-11293
-12695
-7911
-5734
-6310
-1464
-2108
-2714
1509
2300
5903
6101
6591
6626
7013
9230
10022
10663
10356
8002
6522
6563
4406
5814
3733
1132
114
-897
-1652
-1872
-2498
-5162
-6138
-6774
-6843
-7189
-6302
-7186
-7159
-6413
-5941
-3288
-2055
-1055
242
851
1965
3922
5364
5967
5856
6557
6933
7152
8492
7757
7425
7536
7201
7950
7563
8042
7929
6363
6789
6776
5423
5002
3742
732
-1801
-2696
-6128
-8925
-6889
-9166
-10320
-9188
-11732
-13032
-10944
-10827
-12892
-10476
-11027
-12368
-8647
-5462
-6656
-2259
-1583
-3466
1311
2196
5330
5848
6603
6133
7028
8813
9848
10322
9694
7812
5340
6210
3432
5092
3047
386
-771
-1668
-2750
-2736
-2762
-5960
-5933
-6962
-7170
-7843
-6292
-7729
-7523
-6347
-6465
-3999
-2682
-1373
-990
842
1715
3612
5605
6223
5839
6826
7509
7419
9047
8361
8466
8253
8248
8527
8283
8555
8422
7705
7263
7315
6318
5477
3974
1875
-1063
-2522
-5118
-8363
-7406
-8855
-9667
-9886
-11569
-12390
-11800
-10320
-11981
-10729
-10302
-12074
-8691
-5171
-6206
-2066
-875
-3199
1461
2444
5417
6432
6415
6743
6526
8616
9786
9815
9592
8129
5390
6169
3989
4562
3256
88
-872
-2275
-3172
-3366
-4236
-6958
-7349
-8284
-8197
-8760
-7657
-8300
-8800
-7332
-7281
-4782
-2812
-1886
-878
315
828
3338
4672
5624
5872
5902
7606
7350
8726
8739
8519
8881
8847
9136
9130
9059
9080
8365
7589
7837
6912
6225
5111
2703
-544
-1521
-4514
-7793
-6681
-8491
-9084
-9033
-11209
-12059
-11750
-10127
-12221
-10887
-10009
-12957
-9092
-5543
-6982
-2622
-931
-3627
1616
2038
5763
6911
6501
7422
6777
9250
10491
10852
10277
9094
5897
7149
4617
5439
4104
837
-497
-2018
-2629
-3430
-3573
-6720
-7609
-9182
-8810
-9828
-8862
-8804
-10047
-9052
-8454
-6738
-4437
-2828
-2389
-560
-552
1586
3514
4063
5340
5108
6439
7331
8015
8614
8439
8764
8957
9086
9418
9643
9415
9027
8383
8063
7558
6978
6069
4339
1005
-1077
-2555
-7193
-7200
-6869
-9730
-8133
-10135
-12122
-11451
-10659
-10775
-11758
-9748
-11554
-12116
-6713
-5496
-6232
407
-3108
-1403
2980
2952
8137
6774
7935
7683
9036
10286
11932
11273
10854
8114
7301
6938
4547
6223
1939
218
-1235
-2166
-3377
-2270
-5125
-7412
-7966
-10054
-9415
-9503
-8917
-9986
-9849
-10006
-8495
-6405
-4224
-3550
-2321
-1451
-619
2054
3575
4836
4827
5654
6252
7325
8122
8539
8665
8761
8487
8687
9032
9221
9380
8344
8200
7222
6962
6176
5157
2932
-314
-1903
-4206
-7804
-7132
-7484
-10057
-8682
-11593
-12157
-11420
-10525
-11050
-11494
-10164
-11868
-10370
-5201
-5043
-4140
822
-3077
1358
3186
5679
8518
7110
9025
8280
10640
11605
12902
11463
11099
7669
8645
6623
5847
5841
1566
279
-1408
-1844
-3598
-2725
-6564
-7873
-9350
-9632
-9640
-9395
-9115
-10725
-10052
-9684
-7841
-6097
-3926
-3852
-2188
-1269
42
2580
4115
4705
4785
5826
6341
7632
8290
8661
8942
8728
9001
9090
8908
9596
9016
7767
7805
6860
5791
5514
4553
1088
-1468
-2045
-6434
-8910
-6783
-9855
-10461
-9113
-12870
-12789
-11362
-10559
-12192
-11058
-10211
-12928
-8857
-4195
-6413
-1896
157
-2972
3199
3399
7446
8825
8495
9280
9136
11505
12305
13242
12300
10852
8236
9770
6049
7116
5355
1356
242
-1380
-2604
-3904
-3489
-7654
-8276
-9707
-9893
-10100
-9332
-10103
-11217
-9968
-9723
-7622
-5629
-3567
-3703
-1745
-608
-13
3297
4668
4912
5481
6733
6922
8610
9154
9569
9775
9292
9921
8985
9312
9372
8756
7775
7299
6366
5559
4281
3789
77
-3044
-2815
-7490
-9753
-7687
-10199
-11576
-10002
-13150
-13409
-11946
-10563
-13350
-11635
-10180
-13523
-7899
-4058
-6198
-1740
446
-2799
3705
4265
7757
9341
8868
9993
9604
12669
12691
13548
12422
10641
8381
9587
5693
6524
4958
770
272
-1814
-2761
-4353
-4017
-7933
-8477
-9277
-10200
-9981
-9265
-10464
-10772
-9706
-9759
-7005
-6131
-3449
-3116
-1953
123
46
4061
5455
5391
7356
7292
7901
9578
9227
10801
10565
9732
10290
8641
9415
9300
8881
8286
6580
5994
4730
3654
3568
-145
-3257
-3518
-8264
-11124
-8225
-10749
-11865
-10494
-13659
-14101
-12549
-10944
-13280
-11410
-10755
-12922
-8985
-4173
-6087
-2196
594
-3074
3270
4126
7592
8994
9076
9298
9943
12225
12819
13610
12561
10631
8270
9520
5325
6998
4836
1300
-4
-2064
-2972
-3651
-4178
-7574
-7775
-10141
-10082
-10438
-9416
-10309
-10426
-9760
-10039
-7038
-5813
-3490
-2203
-975
-671
1955
3719
6106
7421
6676
8796
8087
9596
10072
10935
11070
9521
9698
9366
8827
10297
9597
7531
7769
5216
4723
4595
3468
560
-3017
-4068
-7747
-11207
-8205
-10775
-12121
-10580
-14851
-14094
-12824
-12350
-12126
-12803
-11339
-12452
-11400
-3898
-6895
-3283
590
-3791
2853
4132
6561
9841
8978
9435
10763
11467
13592
13419
12664
11347
8131
9315
6186
6198
5227
1572
-838
-1811
-3404
-4243
-4293
-7716
-8139
-10006
-10602
-10306
-9962
-10390
-10380
-10709
-9542
-7921
-5960
-2771
-3220
-457
347
1314
5440
6861
7477
8588
8188
9508
10206
10557
12216
11050
10538
10181
9592
9811
10392
9813
8477
7062
6180
4663
4184
3989
446
-3419
-4425
-7443
-12005
-9464
-10680
-13413
-11173
-13725
-15493
-12943
-12244
-13113
-12315
-11006
-12706
-11444
-5069
-6521
-4617
348
-3242
1253
4673
5627
9855
9691
9794
10880
12255
13141
14024
13788
11279
8293
8719
5607
4546
5793
830
-1166
-1659
-4255
-5024
-4485
-7299
-8710
-9614
-10921
-11554
-10566
-9723
-11684
-10171
-10078
-9321
-5425
-4501
-2259
-751
343
2234
4770
7551
8327
8979
9528
9665
10309
11475
11214
12553
10846
10121
10351
9599
10448
10102
9198
7604
6538
4693
4475
3618
1394
-2783
-4630
-6382
-11754
-10457
-10456
-13290
-11167
-13146
-14748
-12931
-12545
-11575
-11766
-10859
-10681
-12496
-6239
-5052
-6817
797
-2744
-289
4776
4668
9980
10184
10340
11484
11764
12946
14273
13142
12654
8359
8099
6226
3467
5554
1731
-699
-1850
-4009
-5435
-4982
-7468
-8181
-9774
-11480
-11450
-11534
-10595
-11604
-10972
-11024
-9791
-6918
-5010
-3065
-427
72
1574
4793
6390
8138
9084
9078
9234
10167
10609
11329
12094
11135
10119
9878
9685
9885
10489
9570
8308
6839
5128
4395
4221
2512
-1028
-4327
-6046
-9211
-12066
-9655
-11325
-12033
-11401
-13796
-13173
-12468
-10708
-10729
-11336
-10005
-11849
-10387
-4094
-6674
-2770
510
-3117
3592
4519
7792
11242
10918
11772
11718
13040
13886
13578
12971
10453
6755
7255
3124
4155
3646
-215
-1355
-3463
-4541
-5447
-5840
-7647
-9045
-10713
-11323
-12712
-10565
-11985
-12301
-10698
-11736
-8145
-6282
-3479
-855
-412
1851
3049
5333
8580
7734
9056
8783
8370
10448
9803
11540
11449
10189
10236
9778
10267
10808
10440
9893
7422
5402
5047
3359
3178
1046
-3864
-6541
-7073
-10936
-11940
-8413
-11325
-11981
-10179
-12837
-12502
-9733
-9576
-11889
-9672
-10319
-13072
-6896
-4122
-6858
-15
-289
-1719
6730
6031
10297
12373
12251
11747
12593
13831
12545
12749
11048
7511
5559
5759
1846
5177
2195
-807
-1660
-3355
-4768
-5291
-6298
-9254
-9897
-12481
-13274
-13188
-11487
-13643
-11090
-11408
-10058
-6133
-4675
-1043
318
1119
2251
4347
6116
8038
7098
8624
7092
8820
9644
9913
12312
11266
11516
10830
11161
10540
11632
9647
8487
5960
3570
2882
2304
1124
-2209
-5970
-7352
-7593
-12387
-8970
-9158
-11352
-9270
-11784
-11662
-11818
-10787
-9999
-12980
-9529
-11427
-13026
-3598
-5885
-4490
3343
-1603
4222
8077
7623
13660
12121
13164
12116
12213
13054
11101
11428
10180
5479
6457
4456
2816
5560
1745
-247
-2102
-3109
-5580
-6323
-8428
-10139
-12151
-13797
-13486
-14075
-11973
-11637
-11049
-8857
-7277
-5569
-1498
-739
1233
1531
1936
4777
5128
6717
6749
7031
8395
9034
10227
12271
12137
13238
12201
11473
11341
10364
10260
7852
6295
3444
1321
1450
1131
-694
-3353
-6650
-6067
-8332
-11036
-7481
-9673
-10590
-9701
-12858
-12393
-12862
-11361
-11762
-12626
-9512
-12783
-9504
-2322
-5322
-151
4032
-232
7708
7386
9534
13370
11695
12498
10814
11949
11262
10979
11599
9384
5958
7680
3451
4905
5392
706
-810
-2471
-4866
-7409
-7038
-10545
-11037
-12118
-13584
-13717
-11853
-10418
-10483
-8311
-6829
-7576
-3462
-1535
-2170
1709
-137
1090
4920
4147
6602
7625
7933
10282
10016
12169
12167
13020
13364
10500
10996
9698
8229
8527
6691
4248
2755
1284
1380
1249
-349
-4336
-5782
-5511
-9982
-10612
-8310
-11736
-11357
-11408
-14025
-13231
-12892
-10896
-12553
-9982
-9322
-12111
-5170
-2639
-5100
2828
1228
1211
8431
5899
11240
11871
12275
11738
11853
12826
11586
12226
12054
8286
6895
6932
2908
6076
2957
685
-1462
-2872
-5638
-6458
-7115
-10180
-9550
-11928
-12279
-13086
-10608
-10349
-10081
-8286
-8042
-7298
-3757
-2829
-1848
933
-513
2937
3700
5440
6860
7259
9597
9659
11262
11417
12065
12898
12044
10666
10554
9037
9253
7963
6435
4513
2446
2395
1656
1968
-1110
-4980
-5826
-6480
-11182
-10265
-9107
-12786
-11202
-12240
-14298
-13142
-12349
-11084
-12797
-9215
-10380
-12192
-3520
-4758
-4572
4074
-421
3300
8822
5950
12475
11810
12724
11862
12471
12633
10888
12220
11287
7266
8007
6340
2872
6732
2266
771
-535
-2976
-5407
-6061
-8622
-9220
-10344
-11596
-12692
-12809
-9688
-11570
-8706
-8348
-8466
-5470
-4973
-3360
-360
-2042
1180
2298
3287
5794
6092
8966
9282
11081
11573
11291
12323
12897
11013
11224
9357
8943
8763
6853
6140
4423
3452
2564
3212
1928
-1048
-5115
-5259
-7193
-11689
-10233
-10424
-13210
-11071
-12994
-13468
-12354
-12093
-10801
-12790
-8260
-11184
-11276
-3289
-6468
-3463
3952
-1311
5382
8055
6283
12981
11135
12830
11323
11863
11803
9849
11683
10218
6621
9006
5192
3903
6955
2367
2003
-203
-2647
-5196
-6304
-8702
-9297
-10640
-11440
-13635
-11772
-9908
-10803
-8062
-8847
-7294
-6088
-5083
-3503
-1403
-1949
859
1345
3547
5507
7073
9485
10011
12016
11295
12041
12241
12817
10822
10859
8782
8985
8252
6520
6500
4800
4340
3731
3411
2409
-816
-5642
-5116
-8509
-11750
-11257
-11527
-13112
-11928
-12481
-12555
-12495
-10536
-11111
-12696
-7341
-12656
-10254
-4663
-7850
-2879
2413
-1487
6170
7065
7766
12535
11059
13384
9854
12700
10363
9077
11256
9006
6893
9433
5038
5537
7835
3432
3149
505
-1799
-5727
-6103
-8959
-10234
-11545
-11465
-14422
-11253
-9187
-11019
-7812
-8334
-7694
-6899
-5261
-4893
-2671
-2194
-337
771
4240
5348
7849
10569
10497
12391
11968
12302
12163
12656
10392
10168
9295
9019
8277
8040
6981
5707
5760
4398
4191
3319
-395
-5966
-6843
-8265
-12593
-11983
-10038
-14107
-11435
-11643
-12426
-11288
-10699
-10593
-13618
-8797
-13102
-12896
-5236
-8303
-4344
2930
-1581
5515
7876
7526
12171
10956
12239
8486
11673
9111
8083
11635
9504
8574
10782
7051
7261
9246
4872
3871
679
-1792
-6089
-6313
-9073
-11098
-9710
-11138
-13335
-9678
-9536
-10674
-8171
-9721
-8770
-8686
-7514
-7044
-4141
-2609
-1993
2179
4173
5482
9017
9692
10543
11704
11387
11204
11235
12385
10463
11381
10689
10035
11234
9680
8574
8203
6644
4671
4286
3222
-525
-4585
-7763
-8874
-9724
-12095
-9247
-11415
-11920
-9974
-12360
-10450
-12698
-11847
-14108
-14596
-11805
-14690
-8439
-6059
-6406
988
626
2217
7872
5615
9994
8731
8979
8600
7799
11774
8323
12106
12328
11236
11689
10574
9624
9372
7239
4313
494
-856
-3322
-6051
-6164
-8729
-8247
-9875
-10457
-11151
-9503
-11019
-11597
-11380
-11426
-11103
-10405
-7621
-5958
-3570
-2085
709
2777
5341
5728
8329
7736
9079
10309
10297
11399
12337
13553
12439
13087
12406
12615
11356
10615
8016
7358
5326
4313
3822
1809
-361
-6136
-7504
-7062
-9550
-9095
-9013
-13127
-10479
-12341
-12034
-12737
-13883
-12160
-17656
-12190
-12377
-12930
-4933
-7392
-4243
972
-1224
4024
4741
5729
8893
6657
9458
7381
11413
12113
9700
14725
12075
12163
12222
9638
10298
8554
5600
3319
617
-165
-3443
-3625
-5909
-8626
-7273
-10939
-11294
-11045
-11434
-12006
-12575
-12415
-12089
-10603
-8684
-7368
-4651
-3532
-2849
714
1271
4085
4973
5840
7930
9167
11201
11436
13110
14122
13927
13641
12810
12409
12843
10738
9347
8589
7081
6309
5436
4301
1894
-2065
-6556
-6786
-7322
-9109
-9386
-11748
-12545
-11773
-12547
-12415
-14443
-13800
-16463
-16347
-11085
-14075
-8337
-6777
-8078
-1917
-1351
743
3980
4242
6938
7235
8135
8910
9962
14767
10075
13296
15147
12105
14407
11212
9865
9758
6920
4799
2667
-105
-507
-3239
-3485
-6877
-7497
-7565
-12231
-10334
-11098
-12454
-11469
-13114
-12491
-10332
-10695
-7856
-6623
-4664
-4225
-2799
250
601
4267
4211
4921
7987
8846
10372
11567
11910
12823
12682
11949
10958
12004
11392
9542
9385
7334
7108
6726
5205
4059
2337
-1558
-5789
-5844
-6416
-7870
-7771
-11173
-11314
-9872
-10878
-11058
-13384
-12637
-15659
-14303
-11562
-14045
-7174
-8292
-8711
-3178
-3860
123
2055
2142
5475
4514
7053
7135
9107
13386
9195
13263
12572
12106
13898
10268
10870
8679
8058
5665
2736
3256
1247
443
-1410
-4505
-4298
-6449
-7344
-8531
-9615
-9213
-11479
-10567
-11071
-10397
-7896
-8602
-6814
-5663
-5036
-3118
-2769
-541
609
1302
3352
4283
6798
8072
8311
9923
10036
10314
10619
10040
10382
10009
9488
8529
7490
7894
6835
6370
5062
2285
100
-3480
-3400
-4533
-5692
-6278
-9492
-8280
-8873
-8184
-8967
-11847
-11479
-14246
-12207
-11327
-12160
-8016
-9760
-8211
-4666
-4661
-75
-20
897
2799
2227
5429
5421
8386
9782
8365
10973
9249
10210
11433
9391
10116
8391
6928
6286
4875
4988
3626
2112
-382
-2923
-1967
-3438
-4320
-4309
-7451
-7246
-7545
-7913
-6736
-7317
-6707
-7074
-6410
-5452
-4978
-2879
-2945
-2238
-801
-332
1893
3434
4481
5554
5523
6431
7434
7949
8046
8268
7727
7067
7518
7350
7514
7435
6262
3445
1617
-58
-996
-477
-2067
-3773
-5244
-5429
-5226
-5806
-6505
-8674
-9875
-10027
-10472
-8907
-8758
-8266
-7543
-7637
-5430
-4623
-3224
-2223
-1724
-667
-400
1784
3378
4797
6321
5781
6319
6824
7536
7546
6925
6798
5784
6631
6504
5950
5625
3955
3118
2240
1021
536
-629
-1668
-2587
-3436
-3343
-3869
-3413
-3811
-4269
-4422
-4882
-4012
-4287
-4422
-4194
-3932
-2740
-2359
-806
379
933
2734
2252
2844
2695
3633
5515
4272
4719
4990
5762
6727
6142
5969
5267
3336
2625
1132
1233
955
-1061
-862
-1973
-2078
-2613
-4010
-4676
-6632
-7870
-8277
-8038
-6857
-7008
-6577
-6534
-6192
-4414
-3959
-3358
-3607
-4109
-2853
-1813
-285
1691
2700
3918
3776
4715
5509
5762
6396
5123
4780
4160
4786
6076
5909
5810
4190
3548
3058
2368
2863
819
-518
-1473
-3004
-1954
-1995
-1587
-1637
-3311
-3432
-4425
-3395
-2394
-3969
-3987
-4878
-3367
-1316
-1362
-23
-1583
-223
392
575
3542
2423
2441
3418
4511
4512
4311
3722
4361
4596
4466
3897
3112
2939
1632
2715
1373
381
-1325
-1562
-1347
-1287
-2320
-4331
-4904
-6426
-5376
-6034
-5267
-5693
-6143
-6077
-5601
-4664
-4215
-3478
-4520
-4061
-3747
-1985
-804
521
1027
1400
2045
2939
3903
4605
5128
4191
4392
4189
5419
5863
6040
5083
3809
3808
3272
3224
2699
1741
1154
309
-756
-1691
-2038
-850
-2020
-3209
-3279
-3416
-2964
-2451
-2112
-3196
-4790
-3654
-4017
-1835
-176
-2326
-1035
-1457
574
2546
3628
1573
333
1734
3092
2869
3999
3630
2004
4045
2623
5343
4383
2801
874
1331
1850
657
253
-24
-410
-1381
-57
-1688
-1207
-3313
-3167
-4818
-5082
-4227
-4972
-4228
-4446
-4519
-3959
-2831
-3744
-2939
-3342
-2576
-2956
-1561
-602
-120
1534
1284
2178
2844
3037
3471
3700
3181
3834
3576
4161
3936
4192
4192
3065
3145
2335
2257
2247
882
-96
-1243
-1443
-128
-819
-924
-2874
-2125
-763
-2572
-1971
-4227
-4153
-2254
-2929
-2842
-3313
-1866
-1293
-1394
2011
801
-370
115
-384
2624
2458
662
243
1761
3738
2549
2805
3127
3147
2750
2520
3396
2608
1517
205
1143
493
1166
434
-171
177
-732
-631
-1573
-1131
-3455
-2865
-3544
-3302
-4167
-3176
-2914
-3520
-2484
-3111
-1782
-2427
-1170
-2317
-236
-830
193
399
388
1613
879
2216
1662
2660
2290
2784
2422
2882
2696
2784
2398
2585
1886
1851
1428
-142
990
3
565
-317
-601
-1238
-580
905
-3932
-2765
-1295
-4026
-2173
-2054
-2960
-3200
-2166
-1849
-896
97
-320
-3917
902
1722
-1108
1338
-2081
2081
1461
449
1
1670
2483
2045
-414
2398
3474
1368
3169
-166
4359
199
1315
475
1394
1787
-548
1220
1783
1708
-82
888
-1278
-574
-2594
-1668
-3075
-660
-2187
-1261
-992
-1963
1309
-308
464
-1901
-1244
-1101
-459
-1035
-449
-1101
582
-311
545
1592
618
2114
-273
991
430
1433
771
415
584
-816
-1095
1014
2167
1304
-1538
-1616
1711
359
-144
-3128
-3770
-1198
-782
-794
-2102
-1576
-810
-2440
1857
-1082
-4317
-454
-883
2027
-2397
-575
1036
-1094
2025
-958
1208
-268
-1460
-57
1428
2183
-609
-1946
2865
3540
863
3418
1411
3435
-491
2058
3097
2058
3141
-31
1556
1928
3477
1160
1506
-868
962
88
628
91
-1322
57
-1436
100
-1411
396
-1235
-892
-1323
-1837
-2265
-2170
-1318
-1971
-2492
-2474
-716
-310
136
-941
-317
-506
285
447
-431
-240
152
145
-186
-17
1121
1480
1348
-920
-1645
2259
-930
-1955
-1941
348
-1641
-2255
847
-2113
2337
-1501
-2732
-43
1236
-2777
-2599
-274
-913
-1655
-928
579
-2051
3272
-2522
1425
-1260
803
-213
-2796
2136
-907
4291
73
2683
2032
4503
2270
988
2155
3841
1446
670
3540
-104
5443
-110
2882
2901
1151
2173
1272
2248
-7
1281
447
438
-17
484
-172
-925
-2137
-1719
-1306
-2673
-2804
-3372
-2151
-2213
-2619
-1591
-2284
-1152
-1906
-1794
-1294
-1888
-237
-865
-721
-381
-208
266
773
554
-487
339
1589
-1573
-1523
2372
589
-1609
-1692
606
1631
21
-448
-1854
1146
-751
-5059
232
3262
-2486
-4927
-466
592
-942
-2634
730
-2585
-54
591
-1359
3889
-1026
-1719
-380
3747
1111
-514
832
3312
-445
2063
4850
916
4389
-1208
2488
1133
4484
1703
1220
2267
1745
4200
3203
5148
4
2167
-480
3497
657
1504
36
-1131
301
-12
857
-1820
-1148
-3408
-508
-3204
-1440
-3811
-1831
-2043
-2356
-2238
-2683
-748
-1448
-1556
-2935
-1508
-1372
905
-1333
-817
-1876
884
529
98
-1107
-2773
1501
846
388
-613
-99
1349
1285
-820
-1544
-2320
-415
-361
-1227
-3888
-1314
205
-2926
-351
-2172
-2328
-510
-1558
-144
674
-1684
-405
1070
2340
-1136
2
1913
-1132
5041
142
-2203
5665
1462
1937
3842
1386
1044
3175
3325
695
3400
3120
2804
1951
3575
1824
1615
2605
1007
1382
1060
2062
-51
2791
-1267
171
196
-721
-184
-1677
-264
-2043
527
-1836
-427
-1754
-979
-431
-896
-1838
-1920
-840
-1440
-226
-3066
-1179
-1668
189
-38
-1758
-1255
-222
-210
-421
-1208
-1798
-194
-1093
365
-2976
-473
653
-2672
-1014
-2855
-1264
-268
-4478
-1258
-1277
-2311
2205
-4384
690
-672
-2643
1293
-5693
2310
-1165
-363
2463
-1976
3320
2963
-2016
1591
2983
-187
2057
-552
3476
2240
2556
3686
2545
3696
436
2043
4857
1716
-954
1375
3332
4222
-1117
163
4768
252
-1058
-682
-1242
2189
229
-2180
-1072
2279
887
357
-236
-244
899
-961
813
-351
-139
-543
217
-567
1286
287
-701
4
-235
-244
-997
-1139
-691
-841
-1053
155
-1971
-525
-1726
2
-1636
-3192
-3149
-2010
-94
-3306
-3759
-2637
115
198
-4498
-3738
770
-575
-3854
-4178
251
-52
-1512
-2660
-663
1538
-539
-2785
1486
2285
-1125
-1494
1289
6165
-708
-1420
3458
3898
2576
-414
-383
6339
3472
2331
-732
2772
5834
-2733
3212
933
-507
1452
1614
-203
2391
897
-2045
-567
1123
-1211
-790
1091
-1130
-340
1222
1060
-2212
2939
-790
-47
1600
391
752
1173
1068
722
274
1548
1868
1244
781
-45
2067
654
-206
-990
1829
-503
81
-1152
937
-1223
-2546
-1568
-1402
-452
-4556
-2111
-1551
-1634
-2840
-2453
-2980
-916
-2965
-2140
-1647
-2725
-1454
-2525
-1567
-3156
462
-249
-3577
662
2817
652
-1473
-724
1135
2642
951
-2433
3237
4250
43
-1652
2878
6217
1247
-1689
51
4690
1833
-1761
-2018
3457
544
331
-539
-555
4566
-4838
-622
-619
-350
-343
-880
565
-1370
264
1121
-267
-1688
2370
-3303
4109
-2009
-1065
2863
749
1763
-2775
5314
1439
1131
-1495
2955
2495
1021
416
-574
1331
2720
1427
-1415
1723
-1333
715
368
-498
-1799
-1583
316
-571
-2347
291
-2443
1035
-1561
-3615
-991
-1057
-136
-4193
-1292
-1656
421
-1901
77
-405
1126
-689
-1936
3342
-222
-545
-1160
2255
1037
1521
818
507
1952
1184
725
-1516
2764
494
171
123
38
820
-596
90
-43
202
-1366
-2108
-615
-184
-3035
1078
-2628
1005
272
-3018
2086
-821
-2518
-3149
1516
202
-1452
-2293
1478
-163
1255
-882
-56
2928
-2535
574
-66
1341
109
755
-772
1637
2837
970
2111
-1364
-1361
2037
106
-2020
1993
-6
1048
1506
-1692
3136
1420
-3882
-2334
-132
3758
-1760
-1187
-1612
345
3025
-1572
-420
-1286
3099
-18
376
-272
-105
2195
-469
-131
791
2917
1994
-239
1663
991
-1216
1816
574
261
1413
859
-466
1746
2352
-1989
-1052
-579
-236
943
-2505
-486
178
-1805
947
-2712
802
-958
-4021
1964
-2404
744
-3599
-4599
2298
-1134
-2016
-1823
-875
976
-1758
-462
-1038
-3808
3059
-2356
-2703
2927
104
-1048
339
-122
-685
-198
1262
-4853
2527
3349
-6164
2822
588
1285
-2283
2848
-1033
287
1937
-2675
414
637
3460
-2240
1820
-957
3916
-886
4004
-2044
-955
5517
-3250
5536
-1966
3670
1053
296
4203
-1658
772
3185
-1584
2926
715
-1388
4801
-1983
4353
226
-1781
2428
-2990
3298
-79
-2932
1912
-2432
4114
-2481
49
2094
-5493
3305
-1507
-2806
1116
-117
-3530
123
769
-2367
-1682
2624
-3657
-939
1036
-4792
2138
-1300
-2594
-1810
2434
-844
-2501
-665
-2728
1997
-1449
-4401
92
-371
619
-1145
-4802
1904
1298
-1648
-1575
-995
439
-184
-332
-1752
45
1793
-1914
-1196
2969
-784
-211
2822
-963
740
1971
1506
-40
1245
2454
-703
3865
30
-1207
5360
2245
-563
-282
2760
2435
1515
-180
-2729
6742
1779
-3826
2878
318
1489
213
-1833
1602
563
1576
-2967
-789
4102
-5044
3101
287
-2019
951
-1827
1751
-3290
-468
888
-932
1668
-2252
-2679
4771
-3559
-1513
145
-999
2468
-4413
908
-561
-151
536
-5715
844
2362
-631
-1158
-4513
1040
2182
-1927
-3233
-1858
3641
252
-5387
38
3602
-2399
-1455
-3209
145
5314
-3794
-2802
4599
-646
-511
-218
-656
2214
-874
3851
-3154
1895
2397
-1929
4952
-1858
-16
2867
2317
-1256
-1441
4081
2485
-3796
2060
946
448
3191
-3083
1001
1695
144
838
-375
1228
-1118
645
-753
-2136
1816
1519
-312
-3235
1384
1887
208
-2676
40
-2242
350
1236
-2475
2735
-1888
-521
743
-446
-1486
-184
-272
-600
-1408
-504
-27
-821
132
-1884
1907
-967
-1396
691
-728
-1269
-930
613
-1334
-456
2835
-1169
-2264
337
-209
3443
-3042
-2273
882
2563
211
-3353
2749
2451
-1250
-2169
2876
2519
8
-3767
2314
1222
-251
2489
-1364
2633
1098
-1274
767
2856
-1722
-397
1277
-782
-622
1669
3001
935
-1259
-1052
1813
-204
1528
-1711
754
-2125
-935
3880
-504
144
-2191
-234
2566
-2230
-1223
4814
-5041
-1196
-4
2767
955
-3666
-1937
573
3693
-4430
-932
202
2417
-6631
653
2520
-3776
1955
-1617
-1322
985
-1047
-1569
3002
-2730
-3620
435
5692
-4101
-1943
2456
-1507
1793
-1506
-2507
2845
3751
-5051
390
2640
2780
-2572
-1377
247
3959
263
-3663
4155
366
1563
-558
772
-1045
3452
-1908
-295
3557
-1233
-634
257
4711
-4033
1316
2099
-877
241
-1901
2600
1394
309
-2427
2514
252
434
685
-3858
3779
-1827
817
-663
1208
1021
-1597
1323
-2492
1300
2888
-1838
-3854
2925
996
-1550
-3268
2597
-1776
-778
1872
-4353
1497
-1656
999
-3519
-343
2439
-7104
3774
-1599
-2159
2533
-2996
-512
-2045
1471
-9
-4107
1940
121
-4122
3906
-1207
-228
1469
-902
-1183
2070
592
-2017
1087
1623
833
-3056
6613
-1432
-114
1464
-785
3361
-587
-449
992
2213
1620
-2818
5
4922
-2983
425
-777
2257
426
-1186
2637
-2011
1177
-843
1011
3334
-2344
-2665
2117
2224
-2873
-1081
3509
-1121
427
-152
-255
3167
-849
-1467
-222
2790
-1532
-1507
2181
300
-43
-507
-1882
-180
2606
-1173
-2486
-1827
4086
-1763
-2559
563
-1408
2160
-5163
1090
-362
-1400
-422
-2500
3692
-3759
-2960
964
2670
-2978
-3371
1642
1232
590
-2898
-40
3271
1231
-5371
1971
2399
-1117
627
1593
-494
-24
3159
-4056
4520
2219
-3417
1266
1435
1574
-815
609
-1628
422
3893
-2288
-495
2525
-1102
18
-124
-1166
2344
570
-1936
1042
-319
546
-141
5
-1161
-81
999
-286
1506
528
-594
-819
2109
-1191
850
538
584
-698
-273
1570
-766
498
-1299
321
715
-449
-2494
1810
533
-174
-2849
168
2263
-2786
489
-2121
-283
-21
-1001
-1170
-979
836
445
-1827
-1232
298
170
-252
470
-766
26
1161
-1996
2419
-728
-546
1132
-613
2526
-609
1100
647
574
-640
432
721
111
401
1112
1235
-2777
1693
230
3165
-3325
-1614
2798
98
-1324
-430
-570
131
2280
-5844
4550
48
-909
-2449
1262
871
-2993
3087
-2470
1801
-887
442
-1355
1236
1563
-2250
706
2208
-1615
1196
1540
-3220
853
22
1810
-2041
2049
-929
-1401
3246
-1667
-1744
1431
1134
-2084
120
-26
1176
-2964
1068
-1357
-1071
600
-1487
1234
3
641
-3611
-493
3667
1294
-4740
2772
162
754
-547
-230
2604
-3156
2142
-2032
2374
1529
970
-926
1363
1190
-731
1188
387
-737
-2291
2943
258
127
-712
1536
-2959
3216
-998
-3361
1731
-789
1910
-4353
2581
-1532
1150
-1191
-3189
1697
-483
647
-2318
758
282
-857
-419
1057
-244
-695
978
-52
236
-423
-747
1794
-899
-1615
1024
2843
-1189
-321
-268
772
365
-1177
832
-317
366
-1628
2380
-2123
-19
912
-1448
-2497
2007
1489
-3275
1050
-919
968
1371
-748
-2447
3390
504
-2557
270
1427
1063
-753
-903
2665
811
-1066
2397
188
-44
-461
2841
1076
-885
1391
-118
336
564
-1576
2159
926
-2458
-1146
4056
272
-3655
201
175
407
-1082
-1560
-992
3571
-3216
-1976
-366
757
-503
-654
1098
-4883
2966
35
-829
-191
620
-1588
1585
-989
-1039
2330
-1639
1947
-3449
1640
1047
654
256
-1505
425
-44
773
666
-776
798
855
-3240
929
221
-1079
102
-3073
1924
1428
-968
1822
-3653
934
153
-490
62
-1657
996
778
290
-256
1366
-1120
575
723
-560
1266
2275
-741
-689
1710
2799
-848
-670
3567
-3182
2081
1826
-1612
786
-466
2039
-891
1529
-104
-4275
4187
13
-2687
543
-1017
649
-2103
467
-329
-961
-476
-1466
-195
1044
-1667
-1260
339
34
107
-1991
559
1261
319
-3607
1540
172
2644
-2325
-2712
3554
-280
2373
-3992
1629
1872
-949
-216
390
-8
2271
-4027
384
3833
-4054
1583
-1285
1874
-1389
781
-1288
472
417
-2695
836
526
1162
-2580
1420
825
-141
-2468
834
1825
-345
273
-237
1557
910
505
-1555
1561
3855
-3310
-206
2978
483
155
658
-1628
1122
2355
-2251
2182
-793
-39
-686
1230
322
-1941
-397
163
775
120
-1312
-1791
1952
-2229
-1210
-395
-518
-670
-454
820
1396
-2880
625
153
-1269
834
-2076
-300
1792
-1127
-1180
2397
-568
1657
-2104
3010
-1687
-95
1249
-2317
1944
-2318
1266
129
1392
-1751
589
1047
-1267
196
-1276
-764
1031
283
-1866
1488
-1827
1180
828
-1835
1360
-2388
2757
-1431
-398
1879
-2359
2506
-617
688
1654
415
-643
1330
152
715
-417
1066
578
720
2320
-3757
3128
1338
-1477
-618
2191
-1575
584
1647
-1564
-50
-836
1465
-1986
592
-3022
1007
2439
-2948
-2626
1559
1249
-2819
-1534
110
2632
-1464
-571
-1275
1300
819
-2823
146
-170
-816
1389
162
-535
1073
518
121
-423
-171
316
-226
-1208
-1351
1445
3069
-3019
233
542
381
99
-1187
-1595
887
1160
-2927
2234
-604
311
11
-656
-852
-464
1985
-15
-1117
62
176
1700
1881
-1867
1073
963
1788
315
-2339
1938
1962
-482
-905
890
1725
2002
-1289
-1580
1458
1957
-710
-2157
2453
-728
64
426
-1102
-35
-436
-426
-1324
-22
78
329
-1178
-909
-735
231
466
-1128
-1857
1260
1897
-1744
-1769
351
1017
196
-81
-1984
819
2811
-490
-2058
1096
744
-68
-1340
448
1474
-464
-361
-2357
365
1856
648
-3556
481
42
1136
964
-3434
699
-828
2045
-2339
-1339
1555
-515
541
-2073
-358
2084
607
-1564
449
364
1848
393
-784
394
832
2021
-1327
190
1388
1043
1033
-268
161
1400
553
-593
-343
873
729
-1031
1366
-104
-483
582
-447
680
-1925
-861
1432
-2300
-1
-499
-721
2014
-2611
-493
965
-581
683
-2925
-702
3049
-1487
-467
-1676
1738
2681
-1936
-578
318
1622
-200
-1666
921
2557
-1350
-129
-1051
1891
1512
-2698
-381
146
159
775
446
-1615
164
131
561
-1039
-861
70
-915
357
-2125
380
1387
-2245
247
-97
328
601
-613
476
-135
179
-457
2329
514
-2676
1994
2054
500
-2064
578
2668
-285
-821
-261
2850
1644
-2351
-1118
2559
724
253
-3136
1000
1815
-1159
307
-2501
1688
-159
-166
-2151
-411
781
-283
-2000
-1981
2137
530
-234
-2859
1521
962
55
-2255
-900
1397
968
106
-768
1469
720
507
-250
216
-184
455
-823
1544
-310
569
715
-212
61
434
591
-579
-150
-1459
1312
64
445
-2095
-146
1349
-1517
-820
-1031
-133
739
-2129
530
791
-521
1453
-3001
1830
1320
-2390
652
-100
758
415
-343
381
-217
2556
-581
-622
1019
221
191
687
-570
-750
2784
-1456
-489
341
1699
-202
-1767
28
202
-22
-1191
-1649
1005
752
-2943
1110
-303
808
-1502
-1589
1158
5
-231
-1533
642
10
686
-304
941
-806
281
2409
-1831
407
1007
579
50
-767
1281
1385
-346
-223
-467
2367
693
-2591
1799
1200
-480
-1344
238
1649
-1038
-1385
-104
97
-350
-370
-949
892
-580
-1088
1149
-242
-1033
-1153
78
788
-253
54
-473
812
896
-1332
589
130
78
-833
892
701
364
1196
-1360
312
696
1117
-1379
795
70
-1248
1151
559
-606
-503
-162
-1188
1098
-2
-753
-1385
642
-675
-1165
975
-1068
195
-786
-373
638
197
-38
-1312
983
1281
-1086
-794
1351
1077
208
-709
609
691
743
643
-2172
2805
125
-946
620
748
766
174
151
-1005
1661
355
-396
-1999
1585
-17
-844
-202
-807
1243
-619
-983
-1012
1003
-743
-470
-229
549
-303
-993
626
855
-694
-273
-910
608
1818
-2169
1208
-343
821
496
-783
1595
-301
-872
982
-1408
1383
527
-1923
1677
-1088
1454
-752
-147
-589
-296
49
-749
-931
-198
782
-2152
505
-538
-462
-834
461
-40
-29
-1044
-145
1030
-375
-476
-743
1367
-245
798
258
34
1003
117
-859
1305
611
-640
751
821
-392
843
1205
-1153
864
714
820
-1519
611
405
378
-95
-1697
662
973
-11
-2068
592
44
727
-1838
-182
1120
-226
-341
-955
1096
906
-53
-2149
701
1572
-112
-1232
1408
611
245
596
-1172
1792
-20
-1007
-733
811
1989
-1669
120
712
722
223
-1912
-104
596
-911
-1143
-816
-339
2500
-2393
-757
-259
-329
-240
-1693
-346
-1744
1215
-471
-318
31
1050
-1659
291
-102
-880
955
-1299
1366
390
491
-645
682
603
530
-386
6
1052
202
314
-473
1849
-1770
37
2223
43
-201
-503
562
500
46
-1529
-970
1261
577
-1555
1120
-5
-264
1089
-1042
137
-471
49
341
526
211
14
1089
741
-198
663
600
-885
1363
-286
272
1727
-400
95
780
77
-7
384
-104
-504
143
288
-990
718
-321
-1035
537
-1368
-372
204
-1262
-1324
-480
343
-361
-1500
-798
65
829
-854
-2195
1428
-95
-1090
108
-449
657
-475
-291
818
349
-91
-878
1272
22
-466
468
75
619
-222
-185
128
865
269
134
-457
362
-657
1024
200
-863
-280
-565
1048
-416
404
-730
137
-19
368
67
-106
902
-628
31
175
959
123
-492
1261
1143
-319
355
636
1254
272
-995
136
1499
846
-750
850
170
-144
349
770
36
-1006
-101
627
251
-1020
-101
8
-747
-1237
166
314
-1023
-1372
238
797
-1283
-1148
-332
987
-1188
-2130
340
1091
285
-2183
262
1912
-837
-1099
-23
400
-326
-559
842
523
-362
386
-674
1449
348
-1452
971
-334
-60
337
265
835
-786
-352
492
-45
455
-1312
109
791
-466
263
-380
141
59
-696
448
-74
-229
896
266
338
-395
153
437
119
404
70
213
574
90
683
856
-171
-104
143
337
-135
663
307
-860
11
1273
64
-273
-413
-988
1090
-663
-1740
1074
-211
-948
-868
199
497
-1167
-416
-547
258
-608
-1089
340
271
-1420
-182
375
246
40
-349
371
-528
286
-14
704
-636
-183
40
1281
730
-1054
1042
255
804
-280
-113
577
-803
-383
1585
-153
-209
-511
311
1218
-1327
717
-768
-39
-62
-1548
1238
712
-1195
-338
1003
75
274
-723
310
-35
-74
194
-744
1573
326
484
-770
-200
1099
300
-642
-179
676
255
699
-833
648
114
-173
-1157
-100
675
-1138
757
-831
-699
560
-263
-448
-1326
-523
553
-549
-720
-938
673
905
-1184
-174
-258
-43
241
-506
448
-304
-275
1095
-177
541
489
-86
549
-527
945
776
-26
-29
-101
1260
633
-329
-564
1138
591
-781
418
40
-156
74
-295
-319
181
518
-243
-808
1000
-80
-502
387
-1572
607
710
-265
-21
167
1068
-449
-75
452
-49
-83
-270
16
707
331
-87
-147
54
581
391
-455
-682
-130
-112
160
-98
-513
-220
-183
-181
-98
-688
-839
-352
84
31
-882
-742
607
-364
-643
-252
-699
694
-156
-186
211
-261
610
-742
8
600
-241
951
83
-85
257
226
322
291
415
28
-211
722
539
-225
599
-576
131
293
340
-32
-377
92
76
326
-303
-173
-26
798
-683
126
-377
-330
647
155
431
-414
324
171
67
246
192
-83
381
-780
695
902
-473
254
55
391
-370
720
-2
-521
-60
-668
372
535
-658
78
522
-567
-412
-465
-74
-1129
-289
1044
-815
-518
-839
1069
860
-1872
-1180
-179
997
-353
-1075
298
706
-506
-617
178
1363
-586
-1057
172
69
1092
-405
-66
295
316
71
-370
608
791
-403
-288
40
348
971
-157
-559
-99
-5
351
133
-223
125
-247
457
275
-53
-613
-96
29
-24
254
-145
35
270
1024
-268
-416
311
524
59
-397
296
809
-114
77
194
257
612
661
-216
-175
525
-59
233
-341
-145
-213
609
-103
-284
498
92
-876
-306
145
-426
-506
-615
206
-571
-73
-965
-132
544
-474
-480
-503
283
-34
41
-678
-641
116
-153
399
337
-182
298
465
-198
-34
304
-109
-753
404
185
-197
525
-339
805
111
-24
-772
425
169
-1108
-343
-606
715
-478
789
-216
290
-748
-713
758
-298
-202
-697
723
425
378
-391
695
70
329
-512
223
1057
259
702
-896
596
491
608
191
401
-108
110
270
-107
219
-96
499
46
-26
-23
188
-181
-257
-959
-270
10
183
394
-330
-162
-722
-55
-11
-349
-451
-282
105
170
334
84
-298
-553
107
521
410
-470
-347
311
305
497
-685
178
357
-501
-331
318
493
-452
-611
-45
637
297
-242
-945
-300
-492
-191
-172
-185
379
-482
97
256
-383
-676
111
-292
-471
281
351
127
-34
221
-184
562
272
-175
619
145
243
-87
46
421
-9
315
65
498
596
148
346
38
13
214
-420
218
211
-625
2
90
286
25
351
-281
-485
212
-198
-288
-357
-322
-114
398
-314
48
396
383
-108
-609
135
348
486
-626
-302
198
454
235
-571
328
267
296
-241
-8
306
-356
97
-349
-394
-65
-23
-232
-110
-163
-75
-48
-5
-360
-424
176
-618
-307
-460
42
-93
-105
201
46
244
-325
305
-215
-128
457
130
-296
-90
466
837
99
-329
-81
136
1010
-292
219
704
248
132
-341
387
-120
-215
-73
-22
321
568
181
-150
-11
0
-187
-503
-214
-418
-12
115
40
126
103
178
125
73
-308
-108
-145
-188
-115
85
729
292
-364
179
297
93
-568
-6
267
147
104
-435
616
-31
-669
-700
325
411
-331
203
232
-103
-287
-585
-577
30
-758
-37
31
243
364
-181
-67
-292
-84
-375
-179
-435
34
377
398
47
23
432
155
365
-124
-488
-50
534
28
154
646
345
352
62
147
158
316
51
-474
189
624
241
25
-361
-46
409
-169
-15
-303
318
312
-288
-361
-245
159
-379
-468
-305
221
314
365
-241
35
291
-3
-128
-579
-544
-158
360
203
39
-260
606
738
284
-350
-572
-331
-86
330
-671
-306
-114
39
387
7
-87
-343
69
-16
-515
-423
-721
-654
-36
-616
-277
-63
-182
596
93
290
115
-193
-26
-496
-268
-482
-484
181
384
656
587
581
1034
692
81
-254
-436
-218
-83
-303
-222
307
925
840
545
451
236
-37
-286
-540
-674
-352
-483
-268
358
343
235
399
348
145
-26
-182
-292
-273
-257
-373
63
218
247
363
412
416
290
260
126
-108
-292
-66
-31
-31
20
56
18
10
93
159
55
-154
-295
-309
-49
-226
-419
-512
-345
-70
-124
-198
-195
-130
63
-128
-221
-98
-231
-148
-197
-76
-131
-115
69
3
155
-52
-43
351
17
69
35
137
243
-51
72
-156
97
108
185
18
-87
220
83
227
-79
-21
-11
-152
18
-140
53
-40
-111
81
-8
142
-18
54
148
20
143
70
182
241
14
60
77
152
203
13
329
177
244
332
197
371
61
184
105
51
-95
-54
194
22
135
-60
76
103
-20
20
-316
-223
-254
-313
-118
-237
-108
-25
-55
-100
-98
31
-160
-192
-196
-184
-134
-14
-56
-115
100
75
193
44
-60
12
67
-31
-181
-54
-60
3
13
-47
-41
23
-11
-15
-202
-194
-114
-158
-179
-263
-197
-108
-104
-139
-84
-115
-76
-130
43
-32
-61
-36
0
213
-63
96
152
184
162
78
270
212
200
183
203
196
146
199
248
187
183
231
148
112
223
159
73
17
86
161
-70
-63
-74
-58
-42
-3
-31
-24
126
-14
118
-19
-160
-59
-47
-20
-130
2
21
114
245
147
79
49
124
91
-58
-62
46
7
35
16
41
98
63
28
-109
15
-81
-206
-106
-260
-202
-122
-195
-205
-268
-218
-213
-274
-241
-210
-147
-172
-290
-157
-109
-171
-223
-252
-82
-115
-17
-49
-44
42
25
168
40
-23
0
91
95
57
6
96
132
83
104
29
228
67
22
41
6
112
-63
-112
-122
-15
1
-100
-45
14
64
13
4
72
77
146
-67
-75
76
107
148
97
120
165
360
362
292
137
259
342
169
85
74
252
252
161
160
229
244
212
73
48
41
-21
-81
-41
-140
-56
7
-178
-158
-70
-60
-173
-156
-241
-168
-135
-153
-215
-156
-76
-145
-119
-81
-23
-29
-45
-135
-48
-19
-69
-28
-58
-55
34
-5
70
43
-12
35
5
-90
-3
-50
-196
-143
-162
14
-168
-124
-100
-130
-52
-160
-157
-205
-121
-144
-150
-128
-159
-20
34
-54
29
-42
124
175
12
106
70
233
149
23
125
205
286
102
192
311
288
193
150
305
160
88
91
111
105
84
63
101
104
46
56
36
52
-87
-122
-116
-152
-54
-110
-160
-14
-10
-52
-9
32
-32
-44
-88
-78
-60
-75
5
-12
31
80
85
70
111
103
56
0
7
-22
8
-26
-95
49
-30
-97
-44
-43
-85
-169
-186
-131
-212
-228
-169
-186
-129
-179
-224
-159
-58
-111
-224
-145
-64
12
-63
-81
22
113
66
-23
122
55
121
135
58
123
159
204
152
130
137
229
163
20
70
116
34
12
49
7
-13
0
-11
8
-38
-45
-72
-123
-74
-71
-76
-94
-73
-44
-36
-87
-7
38
-71
-54
15
51
-37
-45
99
71
74
34
105
192
43
110
54
119
86
-52
28
44
62
-92
-54
-10
16
-85
-176
-67
-89
-88
-219
-123
-116
-129
-117
-174
-128
-161
-54
-133
-92
-77
-47
-12
-91
44
7
41
-8
-5
62
38
45
53
132
56
175
111
71
172
93
95
6
37
59
44
-31
39
64
-18
5
-38
40
-87
-70
-92
-121
-19
-97
-7
-74
-18
67
34
-10
-60
50
-24
-4
0
-18
68
50
122
84
139
137
100
119
39
89
36
29
14
9
25
-3
2
39
3
-28
7
-56
-69
-82
-29
-80
-157
-78
-79
-44
-65
-70
-36
-50
19
-83
-16
-5
-47
46
-62
-52
14
41
14
-17
-2
98
68
55
31
25
147
62
41
-15
66
103
-9
48
18
58
17
24
54
-16
12
-28
-17
-33
-45
-15
44
-37
-32
38
11
102
20
8
-6
-18
83
28
-43
-13
95
85
57
63
91
123
60
54
-5
-7
26
-23
-24
-16
-58
21
60
-35
-19
-34
7
-41
-112
-94
-89
-54
-80
-106
-73
-3
-46
-31
-44
-28
12
-66
0
-83
-29
25
-44
0
-25
42
16
4
15
19
56
3
-13
67
78
-13
51
11
3
65
-38
37
29
-21
51
25
22
41
21
19
26
10
-14
23
57
35
20
40
99
99
72
42
45
108
37
14
43
20
79
89
65
37
93
111
94
-10
-35
59
-28
-29
-82
-51
4
-29
-16
-49
-60
-38
4
-91
-160
-136
-85
-59
-162
-154
-69
-44
-38
-65
-92
4
1
-50
-52
-81
16
-22
-47
-27
-45
20
-7
22
-10
0
29
-9
53
-19
37
12
-38
3
-9
41
-41
-11
4
24
21
-21
17
32
30
-39
5
-16
25
25
-55
9
34
118
-7
21
82
74
103
-25
54
44
64
40
28
48
47
123
44
49
10
63
48
-43
-19
-45
3
-32
-24
-45
-35
-7
-51
-18
-98
-57
-61
-112
-107
-81
-60
-106
-89
-63
-19
-71
-42
-51
-35
-12
-64
-25
-74
-18
17
-34
-43
-9
52
28
-12
-28
32
47
8
-15
-11
5
18
-7
-47
21
15
12
-13
-5
14
-6
-16
-10
1
-37
-11
4
9
-16
-4
47
34
14
39
51
47
46
48
35
44
69
73
44
20
84
94
43
35
27
60
37
-13
18
-32
20
27
-9
0
-19
30
-23
-21
-32
-46
-56
-89
-36
-64
-74
-68
-46
-31
-73
-31
-16
-69
-60
-40
-38
-83
-83
-41
-16
-16
-62
11
13
27
41
-31
3
4
12
-11
-43
-12
26
13
4
14
17
44
6
19
-25
-11
16
-37
-29
-11
5
1
12
18
52
20
0
54
21
-4
6
31
44
20
39
49
92
83
60
68
60
83
83
36
14
69
50
35
16
25
57
38
37
10
11
13
23
9
-30
-41
-4
17
-31
-34
-16
14
25
-12
-31
1
15
10
-27
-53
-7
6
-12
-45
-7
3
5
25
8
18
-6
6
-13
-26
-36
-39
-9
-41
-24
-8
6
8
10
5
-11
-19
-44
-13
-52
-64
-41
-29
-19
-20
-6
-2
38
2
8
0
-7
22
-3
17
6
40
32
53
80
15
63
79
70
26
10
58
60
34
0
59
63
57
47
12
39
38
55
-15
-22
22
31
31
-37
-4
33
61
10
-25
6
27
53
-29
-29
-5
22
8
-32
-2
-11
16
-10
-12
-8
-16
13
-32
-37
-50
-16
-31
-69
-67
-35
-17
-80
-60
-78
-10
-47
-103
-77
-74
-16
-84
-92
-94
-24
-37
-85
-61
-53
15
-44
-29
-48
-14
9
-32
-1
-23
33
13
14
18
35
38
10
32
10
38
6
33
24
15
33
26
57
20
35
16
33
39
15
10
1
23
13
39
4
23
34
30
44
-9
15
12
39
7
-18
-1
13
43
1
-5
-8
33
16
-16
-45
-24
30
-14
-47
-72
-2
14
-47
-69
-40
-12
-28
-73
-95
-33
-57
-76
-96
-87
-49
-66
-72
-77
-45
-37
-40
-50
-42
-37
-20
-14
-26
0
8
14
18
0
14
31
25
13
15
25
31
31
28
30
35
40
36
28
17
43
51
38
29
46
67
44
31
34
62
46
31
34
60
67
35
36
48
66
43
27
32
47
41
22
12
12
21
16
17
2
14
5
24
17
-18
-7
-18
-6
-25
-23
-39
-16
-3
-31
-31
-54
-28
-47
-54
-87
-79
-59
-79
-84
-88
-59
-64
-65
-75
-48
-52
-51
-39
-41
-21
-19
0
-9
4
3
13
30
8
17
-4
23
22
10
3
1
49
33
27
10
43
55
36
12
15
48
44
35
10
33
49
57
22
22
42
44
49
20
49
58
59
50
39
54
43
45
29
26
29
44
34
11
19
13
37
4
-5
-11
19
26
-5
-10
-4
27
-6
-18
-28
13
-6
-26
-26
-39
-7
-35
-31
-48
-33
-13
-18
-34
-38
-10
-13
-16
-35
-10
-13
-17
-17
-12
16
9
2
-14
6
-12
-5
-21
-13
10
-9
19
7
13
3
6
15
7
-4
-5
9
18
15
0
11
10
10
13
-5
-13
4
14
6
-8
0
20
10
7
-3
-10
14
4
2
-15
-11
9
-10
-15
-34
-25
-12
-10
-27
-17
-8
-9
-10
-33
-21
-18
-13
-34
-28
-15
-15
-26
-43
-31
-37
-31
-43
-24
-19
-20
-6
-9
-3
-7
-7
-13
-2
-5
4
-3
-6
13
12
-3
-29
-5
7
5
-16
-16
19
36
18
-3
22
30
36
22
5
16
31
34
13
-7
1
35
29
0
-9
19
39
8
-12
-4
17
13
-23
-21
-1
14
1
-12
-19
-3
8
-23
-35
-34
-7
-8
-21
-36
-22
4
-7
-25
-32
-4
-8
-19
-19
-8
0
-4
-5
-20
-19
-17
0
-3
-9
-1
8
23
13
4
6
19
25
16
14
26
32
37
27
33
32
16
22
22
25
12
22
25
20
18
8
20
23
23
16
21
35
27
21
15
20
29
18
1
0
26
40
15
-1
22
35
23
-2
-1
22
25
-3
-19
-7
6
-6
-28
-35
-22
-10
-30
-31
-32
-18
-25
-28
-29
-20
-6
-31
-38
-30
-4
-8
-26
-36
-17
-12
-34
-47
-39
-27
-24
-35
-39
-15
-13
-11
-21
-15
-12
-11
-6
-8
-4
4
18
8
-2
3
12
12
9
-6
18
32
23
19
15
35
31
29
21
23
45
58
34
14
27
43
42
9
9
42
53
37
19
36
56
41
25
19
32
40
22
21
23
22
21
9
3
2
-5
4
1
-9
9
7
3
-9
-1
-4
-16
-22
-12
10
-17
-14
-15
-5
-17
-42
-33
-17
-16
-34
-32
-16
-6
-21
-33
-34
-22
-19
-28
-37
-28
-19
-9
-15
-30
-15
-1
3
-9
-18
3
13
6
-10
-7
5
1
-2
-6
-11
1
12
10
5
-1
15
19
8
-7
-1
20
18
-3
6
16
20
0
-4
5
16
9
-1
18
18
19
8
7
-2
-2
-5
-9
-6
-6
-2
-7
-9
-16
-8
-24
-29
-12
-1
-8
-28
-22
0
-1
-23
-31
-25
-11
-25
-37
-32
-17
-12
-19
-28
-21
-7
-12
-9
-31
-22
-7
-7
-11
-25
-7
1
5
-22
-26
-7
-1
-6
-22
-14
6
3
-7
-6
0
7
11
9
2
16
20
24
-2
-7
12
20
5
-3
18
22
19
10
10
14
10
3
8
11
17
8
4
9
20
13
0
6
7
8
8
10
3
12
3
-1
-11
2
4
-5
-14
-9
9
0
-11
-15
5
0
-9
-8
2
1
12
1
-3
6
7
14
1
9
9
22
18
1
10
13
13
9
-7
-4
14
13
-1
-8
-4
6
-1
-13
-19
-2
0
-6
-2
-3
12
17
5
3
-1
15
3
-10
-5
-3
7
-8
-1
3
9
-8
-7
1
11
7
-17
-8
-1
-1
-21
-14
-3
9
-9
-16
-21
-9
-3
-26
-29
-25
-2
-16
-20
-18
-4
5
-6
-28
-18
2
-7
-19
-29
-10
0
-2
-14
-11
-1
9
4
0
9
17
28
16
13
25
36
38
31
18
25
37
28
18
15
20
15
7
-5
7
4
3
7
0
-1
-2
10
-7
-8
-8
-2
1
-8
-4
4
14
9
11
6
18
15
11
15
9
4
9
12
4
-2
0
8
11
0
-16
6
10
12
-5
-1
8
8
6
-17
-3
4
15
-4
-20
-10
5
0
-9
-13
3
12
-1
-17
-17
5
-1
-10
-18
0
12
4
-5
-8
8
18
18
16
19
19
26
16
10
8
16
18
16
5
3
9
0
-2
-15
-14
-10
-10
-15
-22
-25
-20
-15
-30
-35
-35
-29
-24
-31
-39
-34
-13
-15
-10
-17
-13
-8
-6
-3
-4
1
1
10
-2
-2
3
13
0
-6
0
-1
-2
-9
-19
-14
-3
-8
-14
-16
-16
-10
-16
-28
-22
-23
-20
-21
-22
-21
-9
-14
-24
-19
-9
-2
-5
-3
13
19
20
21
23
32
25
31
27
41
36
26
32
34
30
21
14
1
6
10
0
-13
-5
-3
-7
-25
-23
-22
-20
-32
-35
-29
-28
-17
-32
-33
-28
-16
-14
-16
-15
-9
5
3
-4
-1
11
22
22
22
22
29
32
31
28
32
30
38
30
29
33
25
25
13
12
6
7
-1
-3
-10
-12
-9
-9
-13
-26
-25
-9
-5
-7
-7
-5
12
3
6
4
12
22
27
22
19
32
45
41
28
31
34
45
36
27
25
35
35
24
3
6
16
3
-5
-24
-11
-9
-18
-29
-37
-25
-20
-25
-35
-29
-19
-11
-13
-14
-7
7
15
-7
-3
-5
13
16
-2
3
7
28
19
12
17
34
36
33
25
31
35
36
29
15
20
22
16
4
1
-8
-2
-12
-19
-29
-29
-32
-35
-37
-31
-33
-38
-35
-36
-26
-30
-19
-21
-18
-17
-10
-5
1
1
6
23
26
29
23
22
23
26
19
12
9
12
20
12
3
-1
3
-2
-17
-18
-21
-28
-34
-38
-41
-39
-31
-36
-38
-34
-29
-15
-20
-22
-13
-12
-9
-12
-10
-3
4
7
11
19
20
16
23
25
25
33
31
19
25
26
25
21
19
16
11
16
6
6
5
1
-6
-11
-17
-10
-18
-31
-34
-32
-29
-34
-36
-45
-31
-25
-31
-28
-26
-17
-19
-12
-8
4
13
13
18
20
26
20
16
12
9
4
3
-9
-6
-5
-5
-12
-16
-9
-12
-17
-22
-24
-28
-26
-27
-25
-29
-21
-28
-22
-25
-26
-31
-22
-17
-19
-15
-15
-1
-7
8
2
7
12
16
23
21
22
30
40
39
41
28
40
42
32
26
28
26
16
9
3
0
3
-1
-11
-7
-12
-7
-10
-13
-13
-13
-9
-11
-12
-19
-5
-6
-9
-3
-2
5
7
6
9
16
20
25
25
23
23
27
20
17
18
21
18
13
11
10
16
10
1
-4
-2
-7
-5
-13
-14
-13
-19
-19
-25
-19
-29
-27
-28
-26
-26
-22
-19
-17
-14
-16
-7
-10
-4
-4
4
4
6
7
0
12
10
13
10
13
12
22
19
16
18
19
21
8
4
-7
-1
-6
-9
-17
-17
-14
-24
-27
-37
-31
-29
-32
-25
-22
-19
-12
-15
-6
-5
8
13
9
9
12
18
12
12
10
18
19
19
18
14
15
18
16
15
16
19
20
13
7
9
9
6
-3
-3
-6
-5
-5
-12
-10
-11
-7
-7
-12
-8
-7
-15
-13
-9
-3
-7
-9
1
2
1
10
5
8
17
21
25
23
31
29
28
22
24
12
10
12
14
4
13
19
8
13
10
11
4
4
0
-5
-5
-3
0
5
4
7
10
9
9
13
15
13
23
17
22
23
24
28
28
28
30
30
23
21
25
22
25
23
14
15
12
12
6
8
4
5
3
-4
-1
-7
-5
-10
-9
-12
-12
-16
-19
-14
-18
-17
-16
-28
-23
-18
-25
-16
-15
-7
-5
-4
-3
-7
-12
-7
-3
-8
0
-4
-5
-5
1
2
-8
-6
-10
-11
-16
-13
-18
-16
-17
-12
-13
-15
-13
-14
-5
-12
-4
-13
-6
-10
-6
-7
-6
-3
-2
5
1
5
-6
6
-2
1
0
8
10
3
1
2
11
10
11
2
9
13
16
15
18
18
19
14
10
13
10
9
6
-2
0
4
2
-6
-11
-2
-9
-10
-8
-8
-16
-20
-16
-21
-22
-13
-10
-4
-4
-5
-3
-7
-14
-9
-7
-1
-4
-15
-10
-18
-10
-15
-9
-15
-14
-15
-9
-10
-15
-19
-28
-23
-27
-21
-24
-12
-13
-7
-9
-5
-8
-6
-2
-2
3
4
5
-2
6
4
7
1
3
0
5
0
-1
-5
-8
-4
-8
1
0
9
4
9
10
19
14
10
12
9
16
2
3
-1
-6
-6
-7
-15
-16
-15
-16
-17
-15
-11
-12
-18
-23
-19
-17
-9
-8
-11
-7
-9
-6
-8
-8
-12
-12
-7
-12
-12
-15
-16
-16
-13
-15
-20
-19
-19
-25
-28
-23
-25
-24
-18
-16
-11
-9
-8
-3
-6
0
3
0
4
10
7
-1
3
9
9
3
-2
3
2
4
6
7
13
12
13
12
14
19
18
19
17
14
11
13
6
6
13
16
15
12
8
16
13
9
10
13
9
10
10
0
6
1
1
-5
-1
-4
2
1
3
2
5
2
-2
6
1
13
6
13
10
8
9
14
11
16
16
10
19
10
18
15
23
29
29
22
31
32
28
28
27
38
30
33
30
38
32
33
31
25
27
19
27
14
20
19
16
13
11
12
6
10
8
5
8
12
13
16
12
14
12
6
10
10
8
4
3
2
-3
-3
-5
-13
-16
-17
-22
-21
-19
-22
-25
-22
-30
-24
-20
-21
-24
-23
-24
-26
-22
-18
-18
-21
-13
-19
-19
-19
-13
-20
-25
-22
-25
-19
-17
-7
-21
-13
-13
-19
-15
-11
-5
-8
-5
-2
0
0
0
-1
2
-4
1
-1
-3
-4
-6
-3
-10
-12
-13
-7
-6
-8
-9
2
-9
-9
-8
-3
0
-3
0
2
7
-3
2
-3
1
3
8
7
7
8
10
10
10
11
1
3
-6
0
-6
-11
-11
-6
-12
-13
-9
-12
-15
-20
-9
-8
-9
-13
-9
-11
-6
-4
-10
-10
-14
-11
-16
-10
-12
-17
-22
-18
-12
-12
-9
-7
0
-1
4
0
5
3
1
9
10
6
4
10
4
4
2
6
2
-2
-4
-9
-6
-10
-8
-15
-10
-9
-13
-7
-13
-10
-7
-6
-6
-7
-10
-9
-11
-6
2
3
7
4
6
9
10
12
10
7
3
2
1
4
0
5
-4
3
3
3
6
-6
5
-5
-1
-10
-9
-12
-10
-6
-8
-9
-13
-4
-7
-4
-4
0
-4
2
-4
0
0
1
0
-1
9
3
9
7
10
5
9
7
11
14
12
18
16
16
13
17
13
14
10
12
9
-2
3
-3
0
-4
-3
4
3
5
16
17
6
13
16
18
16
22
29
28
26
35
33
32
27
33
31
26
34
31
30
25
26
20
25
22
18
13
15
13
16
19
16
21
19
28
26
25
25
22
19
21
21
16
13
12
10
0
-4
-2
0
-4
-6
-7
-7
-9
-10
-9
-6
-6
-4
-3
-8
-3
6
6
9
4
8
3
3
3
0
2
-4
0
-3
-3
3
0
-8
-4
-5
-5
1
-3
-7
0
-2
0
-1
-1
-4
-8
7
5
11
2
4
-1
-1
-3
-2
0
-4
2
1
8
0
1
0
3
-2
0
1
2
6
-1
6
1
0
-6
-10
-3
-10
-12
-6
-10
-4
-8
-6
0
-4
-6
-14
-11
-16
-16
-21
-24
-22
-26
-18
-22
-26
-25
-21
-19
-13
-10
-9
-4
-10
-7
-9
-8
-13
-10
-15
-17
-13
-15
-12
-18
-10
-11
-8
-9
-12
-9
-13
-12
-10
-10
-7
-3
-6
-5
-7
-7
4
-1
7
4
6
7
2
4
-1
0
-10
-4
-6
0
-6
-11
-7
-13
-8
-12
-9
-12
-10
-10
-6
-6
-4
0
-3
-4
-3
3
4
6
3
6
4
10
-4
0
-4
-2
3
-3
0
-2
2
-3
4
0
5
3
7
0
4
1
0
4
-3
4
2
3
2
2
-4
0
0
0
-4
-4
-1
-4
-1
-1
0
-2
-3
-1
1
2
4
2
1
3
2
7
-2
2
6
12
4
4
9
0
12
3
5
4
0
-2
-3
-3
3
0
-3
-1
-4
-1
-3
4
-4
-4
-4
4
3
-3
1
-2
-4
-3
-6
-14
-10
-9
-10
-12
-7
-10
-9
-7
-6
-2
-3
-6
-7
-3
-1
1
-4
-6
0
0
1
4
-1
0
8
1
0
0
4
-1
0
4
-2
3
-2
2
-1
-1
0
3
3
1
9
12
18
12
19
13
13
7
11
5
2
9
2
3
0
7
3
3
1
0
-2
-3
3
2
0
6
7
6
7
3
8
3
-1
2
6
3
-3
0
-3
-2
-6
-9
-7
-4
2
2
-1
1
-3
-2
-4
-5
2
1
5
7
8
0
3
2
2
-2
-7
-4
-13
-10
-17
-7
-16
-5
-5
-9
3
-6
-6
-13
-8
-11
-13
-10
-9
-9
-5
-2
2
-2
-3
0
6
8
5
7
3
6
3
3
0
3
1
2
3
2
4
2
0
2
1
-3
-5
-6
-7
-7
-7
-13
-7
-6
-7
-12
-4
-13
-8
-11
-14
-9
-12
-6
-13
-12
-16
-14
-17
-13
-24
-13
-18
-11
-8
-14
-3
-4
3
0
12
3
5
2
4
-5
-3
-6
-4
1
-12
-4
-2
3
0
7
1
5
5
3
4
2
3
6
4
5
6
6
10
8
16
18
22
26
25
24
21
23
19
20
11
12
13
10
18
11
18
12
19
12
18
16
6
9
1
3
0
-4
-10
-2
-12
-11
-15
-16
-15
-17
-11
-14
-16
-13
-12
-16
-12
-17
-20
-19
-16
-18
-9
-9
-9
-5
0
3
5
10
5
8
5
6
6
7
6
9
8
5
0
-9
-6
-7
-13
-10
-10
-8
-4
3
1
3
5
4
2
10
9
7
10
4
11
5
9
10
13
10
12
10
14
9
10
10
5
13
9
11
1
12
4
9
8
4
8
6
8
0
8
-4
1
3
-2
-12
-9
-6
-3
-11
-14
-10
-14
-10
-12
-7
-10
-6
-14
-4
-9
-7
-2
-4
3
-4
1
-1
3
-2
-5
-8
-4
-6
-2
0
5
3
1
5
3
11
8
6
3
11
15
12
16
18
16
17
19
19
21
16
19
16
11
5
3
2
0
0
0
3
5
7
6
8
10
8
4
13
15
17
22
24
27
19
25
27
27
27
22
22
19
20
13
9
7
-3
1
-6
-7
-7
-11
-13
-18
-10
-21
-20
-21
-16
-9
-9
-3
-1
-1
-3
0
0
0
2
6
2
7
3
4
-4
-1
-7
-12
-12
-21
-15
-21
-12
-15
-15
-10
-3
-5
1
0
-1
6
7
14
14
21
15
23
19
21
20
20
20
10
8
4
0
-9
-10
-18
-9
-17
-14
-12
-14
-5
-11
-10
-8
3
1
9
4
12
19
20
24
18
19
13
12
9
9
7
5
-5
-2
-1
-4
-3
-3
-7
-11
-6
-9
-12
-9
-2
0
4
6
0
7
4
4
2
0
4
-2
-3
-7
-10
-12
-20
-16
-19
-24
-28
-35
-30
-28
-28
-30
-28
-31
-29
-22
-23
-21
-17
-16
-19
-16
-18
-12
-9
-6
-12
-9
-7
-14
-7
-9
-10
-9
-11
-12
-13
-15
-9
-15
-19
-23
-23
-20
-24
-17
-19
-19
-21
-17
-16
-15
-13
-11
-6
-7
-1
-5
-3
-3
-6
-7
-5
-3
-4
0
-2
-1
-1
-3
-7
-9
-5
-6
-6
-6
-7
-10
-13
-11
-12
-16
-12
-13
-10
-9
-4
1
-1
0
-6
-2
1
4
0
0
0
1
2
0
3
1
6
6
8
9
12
7
12
17
12
11
5
1
2
6
1
2
3
4
9
12
14
18
15
11
16
20
17
16
15
16
14
10
12
8
7
-2
0
7
7
6
-3
-1
5
4
3
3
5
8
9
15
16
18
16
19
26
27
34
28
29
26
25
20
16
19
17
14
9
10
11
10
16
11
14
12
12
19
10
15
10
13
14
16
19
18
25
21
28
23
23
21
26
20
22
15
14
12
9
7
4
9
2
7
3
10
3
5
9
6
6
7
12
14
14
13
19
16
19
10
13
12
11
10
5
7
-1
4
-2
-3
-11
-4
-2
-3
-1
-6
-4
-9
-6
-5
1
-4
1
-3
3
2
3
6
7
8
4
13
5
10
3
3
0
-4
-4
-6
-9
-8
-7
-7
-3
-4
-3
-9
-2
-2
0
-3
-1
-2
-1
-3
-9
-3
-4
-3
-6
-5
-9
-7
-8
-7
-9
-17
-13
-20
-14
-13
-10
-10
-12
-9
-8
-5
-14
-10
-12
-10
-10
-3
-10
-11
-12
-15
-8
-13
-11
-15
-16
-16
-15
-16
-16
-17
-19
-16
-16
-16
-15
-17
-14
-12
-18
-13
-14
-13
-15
-11
-12
-12
-7
-10
-10
-12
-7
-10
-11
-13
-9
-4
-7
-8
-11
-13
-18
-16
-10
-9
-9
-5
-8
-9
0
-1
-7
-6
-5
-12
-8
-8
-10
-13
-16
-16
-14
-17
-23
-21
-22
-22
-23
-17
-21
-18
-17
-20
-16
-19
-19
-19
-19
-15
-14
-16
-12
-15
-16
-20
-18
-26
-24
-19
-22
-16
-18
-15
-21
-22
-24
-26
-20
-16
-15
-10
-4
3
2
0
2
0
0
0
1
0
5
6
10
9
10
3
1
-4
1
2
-7
5
3
9
9
12
12
18
16
24
21
23
27
28
30
32
34
22
33
26
31
29
35
32
34
29
20
29
25
24
22
25
19
28
23
25
25
31
28
34
32
31
37
28
36
29
29
24
21
20
19
16
17
18
16
14
9
13
11
8
3
7
5
3
7
4
5
-3
3
2
7
6
3
11
9
7
2
7
1
5
0
3
1
3
3
1
7
7
5
4
7
6
4
3
2
0
4
0
10
11
13
12
12
14
12
4
-1
0
-3
-4
-2
4
-3
0
0
-3
0
0
-2
-5
1
-2
-3
-2
0
-3
3
5
5
4
-4
0
-9
-6
-6
-8
-3
-9
-1
-7
3
-4
0
0
0
6
-2
2
-4
-2
-5
-1
-10
-8
-11
-7
-9
-8
-7
-13
-3
-13
-10
-15
-13
-19
-23
-23
-20
-19
-16
-23
-22
-18
-18
-18
-18
-13
-19
-16
-19
-15
-21
-20
-26
-26
-21
-26
-22
-20
-22
-29
-22
-22
-19
-19
-15
-16
-14
-13
-19
-20
-13
-13
-17
-16
-19
-13
-13
-12
-11
-11
-7
-10
-3
-6
0
0
-5
-3
-6
-4
-11
-7
-6
-5
-3
1
2
-1
1
7
9
12
11
10
