SAMPLES:	21759
BITSPERSAMPLE:	16
CHANNELS:	1
SAMPLERATE:	16000
NORMALIZED:	FALSE
-3
-7
-2
-4
0
0
3
14
4
18
14
22
20
23
15
20
16
14
14
18
22
9
17
9
12
-1
3
4
6
0
2
0
-4
6
4
7
-6
9
7
10
4
12
13
13
13
9
11
10
12
-1
10
3
3
-9
-2
-1
-8
3
5
5
-6
6
3
5
0
6
1
-4
-1
-5
-6
-10
-11
-16
-4
-6
-10
-7
-6
-14
-14
-10
-7
-11
-6
-4
-9
-6
-11
-4
-13
-8
-3
-3
-5
-3
6
-1
4
2
4
0
-4
-6
-7
-10
-5
-9
-12
-8
-12
-6
-6
0
-3
0
-3
-1
-4
-4
-1
-7
3
-4
4
3
3
1
2
4
-1
3
-9
-1
-4
-3
-9
-2
-7
-9
-9
-8
2
-7
1
-2
5
1
12
2
12
16
15
21
16
10
10
14
8
15
0
4
-3
4
-2
-2
-1
-3
-2
-8
-3
-10
-2
-13
-4
-3
-13
-3
-1
-6
-2
5
-1
-2
-2
-3
-6
-6
-5
-11
-8
-8
-14
-20
-16
-15
-13
-11
-12
-9
-12
-7
-7
-4
-3
2
1
6
7
-1
3
2
2
9
6
6
10
4
6
-4
-7
-9
-6
-13
-9
-6
-2
-2
-10
0
-6
-8
-2
-2
4
6
8
9
7
14
16
19
14
12
15
20
12
13
9
9
7
-1
1
0
-3
-10
-4
-12
-16
-15
-10
-12
-6
-6
-4
-6
-4
1
-7
5
5
12
9
15
8
5
3
4
3
-6
3
-2
-2
-8
-7
-8
-3
-9
-7
-15
-12
-9
-9
-7
-5
0
-5
7
1
8
7
11
7
5
0
-4
0
-11
-13
-21
-13
-19
-12
-13
-11
1
-12
-6
-14
3
-7
2
2
5
9
4
11
2
15
3
9
-2
7
5
5
3
1
-4
-12
-13
-13
-9
-15
-5
-13
-11
-12
-8
-11
-7
-9
-3
-3
-6
-1
-9
-2
-6
1
-5
-3
-7
-3
0
5
3
3
2
-4
7
2
7
1
5
-2
-9
-3
-1
-1
-2
6
8
8
3
3
1
4
1
1
6
3
7
0
7
-1
2
4
0
0
-9
0
-4
0
-11
2
-9
-6
-3
4
-2
-7
11
-2
4
2
15
-3
2
-1
0
4
-1
4
1
1
-6
-2
-5
1
-9
-3
-12
-4
-6
-9
-7
-7
-3
-9
-1
-3
3
0
6
2
4
4
2
3
1
8
1
0
-3
3
-3
0
7
7
5
7
12
12
20
14
19
12
13
8
5
12
4
7
-4
7
4
5
3
-3
-1
-2
0
-3
2
0
2
4
7
1
9
5
5
4
5
9
9
8
9
9
4
6
3
2
2
8
5
6
7
9
6
13
17
20
18
15
16
14
13
9
17
10
7
3
8
-1
3
0
-1
-5
-10
-4
-11
-14
-10
-8
-12
-3
1
8
11
12
3
10
2
6
6
6
19
10
9
4
5
-9
-1
-5
-3
-10
0
-5
-9
-5
-9
-5
-7
0
-9
0
-7
-4
1
1
2
-2
1
0
0
-4
-3
-4
0
0
1
3
5
3
-3
4
-4
3
-4
-2
-4
-7
-6
-11
-1
-8
0
-6
-1
-2
3
-3
0
0
-4
-1
-2
6
-6
2
-10
-7
-13
-11
-19
-23
-19
-20
-16
-18
-6
-12
-3
-1
4
7
11
12
13
16
16
16
15
16
19
17
11
12
8
7
-8
-8
-8
-8
-9
-16
-7
-10
-10
-5
-3
-1
5
6
7
10
11
15
10
17
10
14
13
10
9
2
7
4
3
3
5
-1
5
6
7
0
7
2
-1
6
7
5
-2
9
-4
-2
-3
8
1
0
4
0
0
-4
-2
-9
-4
-16
-10
-12
-7
-16
-11
-9
-19
-11
-14
-7
-9
0
-5
-3
-2
-4
3
3
2
0
0
-2
4
-1
3
3
7
-4
-7
-3
-10
-10
-9
-9
-18
-9
-15
-19
-16
-11
-11
-10
0
-4
2
7
10
7
7
9
13
15
13
18
16
7
11
9
2
4
1
0
0
-4
-9
2
6
7
4
7
10
10
15
12
16
10
13
16
17
18
13
8
1
3
-6
-10
-11
-18
-14
-14
-20
-16
-19
-10
-16
-7
-6
-6
1
-3
0
1
8
13
8
11
18
7
10
6
16
7
6
3
2
-1
-3
-3
-8
4
-2
5
-2
0
-10
-3
-6
2
0
0
6
4
19
15
14
14
20
15
11
9
9
2
9
3
3
4
0
4
-4
3
-3
-3
-9
-3
3
-3
5
-4
0
-5
1
4
-1
1
-5
2
-2
4
-9
-7
-9
-7
-15
-15
-18
-32
-26
-27
-22
-32
-20
-32
-26
-26
-25
-22
-26
-17
-18
-14
-11
-11
-15
-14
-15
-8
-15
-11
-14
-20
-18
-15
-18
-14
-16
-20
-19
-17
-14
-22
-13
-14
-14
-14
-17
-15
-14
-12
-7
-14
-13
-7
-14
-8
-13
-5
-6
-8
-4
-10
-3
-6
6
-2
-2
2
5
9
7
12
7
13
9
14
7
17
11
16
10
14
15
9
15
3
12
4
16
10
14
9
19
12
10
12
4
13
6
16
6
16
10
17
16
19
19
19
23
18
23
13
20
13
18
13
16
17
15
13
9
6
2
2
-4
6
-3
3
2
5
1
1
0
-3
8
3
7
-2
3
5
4
4
-3
-1
-1
1
-1
7
-1
4
1
-6
-2
-3
-4
-7
-8
-10
3
3
9
12
9
11
14
10
11
13
9
3
3
2
-5
-7
-1
-4
-6
-9
-7
-3
-5
-1
-11
-11
-8
-4
-9
-7
-6
-7
-3
0
-1
1
3
-6
-2
0
-4
-6
0
-4
0
-7
-3
-3
-10
-5
-10
-10
-11
2
-7
2
-2
-1
-3
-5
-3
-6
-5
-11
-10
-16
-6
-12
-6
-6
0
-3
2
3
2
10
2
10
3
5
5
3
4
3
3
1
-3
-2
1
-8
-1
-5
-5
-6
-3
-4
-9
-3
1
4
-5
2
-5
-1
-2
6
0
4
3
2
3
3
7
-4
5
-2
1
-6
-2
-8
-13
-7
-10
-11
-12
-7
-16
-10
-11
-6
-7
-3
-3
-3
-1
-2
2
-6
9
4
7
7
3
10
9
10
8
10
9
8
5
7
5
5
7
0
2
4
0
2
-3
-1
7
3
10
6
1
3
4
7
9
9
4
11
2
1
-2
1
-3
-4
0
-4
0
-9
-6
-11
-11
-10
-7
-5
-2
0
3
2
4
5
0
2
1
7
0
7
5
5
2
2
3
-2
0
-3
5
-3
5
-5
3
0
-4
-2
-6
-3
-12
3
-3
0
-7
0
-1
-6
0
1
5
0
3
7
13
0
7
4
6
6
13
7
4
13
7
13
3
9
-6
1
1
-5
-2
-9
-2
-7
-7
-4
-4
-8
-10
-8
-3
-8
-4
-4
0
7
8
9
10
6
4
10
10
11
7
11
7
11
8
9
13
16
10
13
18
19
12
6
11
6
12
3
2
-1
-3
-7
-4
-6
-9
-4
-9
0
-2
0
-1
2
1
5
-1
0
-3
0
1
3
-4
-4
0
-6
0
-12
-3
-8
-6
-3
0
-6
-9
-4
-7
-9
-6
-4
-9
-4
-13
-9
-13
-3
-11
-13
-13
-19
-19
-24
-13
-26
-25
-22
-26
-28
-26
-25
-25
-13
-12
-4
-9
-9
-11
-4
-5
-4
-5
-3
0
-6
4
-4
2
-10
-5
-11
-8
-12
-12
-11
-14
-8
-14
-1
-7
2
-6
0
-8
-3
-5
-6
-2
-9
-3
-6
0
-8
-2
-9
-3
-8
-9
-16
-13
-13
-16
-11
-16
-6
-8
-4
-4
1
-2
3
7
8
12
13
19
16
22
21
17
24
25
22
25
24
22
19
20
20
9
13
10
16
13
14
22
16
21
22
28
25
31
26
32
30
32
33
35
35
33
36
29
31
19
28
13
16
8
13
9
12
15
11
17
11
21
11
19
16
25
13
24
20
19
25
20
28
21
26
22
30
18
19
10
16
5
5
6
-7
3
-5
-1
-7
3
7
6
4
5
13
18
17
14
19
10
13
10
11
7
7
2
-3
0
-10
-10
-8
-6
-9
-6
-10
-12
-16
-12
-20
-18
-11
-14
-13
-10
-2
-9
-1
-2
0
-2
2
2
0
-6
-11
-3
-14
-9
-8
-16
-13
-13
-16
-16
-21
-19
-22
-15
-16
-15
-6
-9
0
-2
-1
-5
3
-1
-6
-1
-5
-7
-3
-10
-14
-13
-13
-16
-19
-19
-22
-11
-18
-10
-13
-4
-7
-3
0
-9
-2
-7
5
-3
-1
6
9
-3
7
0
-1
-4
-12
-8
-21
-15
-20
-16
-25
-18
-25
-21
-18
-21
-18
-21
-13
-14
-9
-15
-6
-9
-6
-6
-3
-6
-7
-7
-13
-3
-10
-3
-10
-1
-16
-10
-14
-18
-12
-15
-4
-11
-5
-11
-9
-14
-5
-3
0
-3
5
3
-1
12
1
5
1
4
-4
-7
-7
-6
-12
-5
-6
-10
-7
-9
-2
-7
-3
-6
-4
-5
-4
0
2
0
-6
0
-3
-1
-7
0
-3
-6
0
0
0
1
1
-2
7
3
-3
-3
0
-4
1
1
6
4
8
16
5
13
10
13
7
12
7
4
5
-1
6
-3
2
-4
5
-5
6
1
-1
3
-4
-1
-2
9
0
12
7
12
6
8
4
6
3
4
7
-1
1
-6
7
-6
-1
-3
3
-3
-3
-1
-3
6
-4
6
6
6
6
13
11
15
15
10
15
10
7
12
8
-2
4
-3
-7
-11
-10
-6
-8
-12
-11
-10
-15
-7
-6
-4
-3
4
8
6
12
9
8
7
9
10
10
11
7
14
6
4
4
-6
-6
-7
-6
-1
1
1
2
-2
-3
1
3
1
1
7
9
7
2
11
6
4
9
7
3
1
2
-8
-4
-13
-14
-16
-16
-9
-13
-13
-8
-10
-15
-9
-7
2
-8
-2
3
6
10
6
5
10
7
0
16
0
8
-1
-1
-3
-12
-6
-13
-14
-19
-10
-11
-13
-15
-7
-6
-2
1
9
4
10
15
9
14
12
11
7
15
7
10
2
-1
-4
-5
-5
-9
-3
-9
-8
-10
-6
-11
-3
-9
-5
-12
-9
3
-6
5
0
12
3
12
8
7
6
6
6
2
6
-7
6
-8
1
-3
-5
-10
-10
-2
-4
3
6
10
1
12
10
10
14
18
15
14
17
12
14
11
15
13
10
5
1
2
0
3
5
9
8
6
3
6
3
0
2
6
5
6
16
10
12
21
19
15
28
19
20
15
16
16
6
12
3
10
6
9
4
5
7
7
8
7
13
8
9
8
15
1
12
13
10
12
10
5
4
4
0
10
0
2
-6
5
-3
0
-3
-1
-9
-6
-2
-3
6
-3
7
-7
3
7
12
6
6
8
0
3
-4
-4
-14
-9
-10
-16
-13
-21
-19
-22
-17
-13
-13
-13
-8
-4
-12
-13
-5
-4
0
-3
-5
-6
-13
-3
-12
-5
-7
-11
-15
-13
-17
-19
-20
-26
-15
-25
-24
-27
-18
-25
-18
-20
-16
-17
-12
-9
-10
2
0
7
2
3
-6
1
-2
-2
-2
-9
-9
-9
-10
-3
-5
-13
-14
-17
-18
-27
-19
-18
-14
-13
-8
-9
-2
1
0
5
0
6
8
10
3
13
6
4
-4
-2
-1
-6
-3
-7
-7
-18
-14
-12
-16
-14
-7
-10
-7
-3
3
-3
-3
4
-4
1
-1
1
-3
-2
-5
-7
-8
-9
-10
-8
-13
-9
-9
-18
-7
-19
-12
-16
-14
-18
-28
-13
-19
-16
-15
-14
-18
-5
-6
-3
-10
-6
-6
-9
-8
-6
-5
-19
-4
-15
-2
-12
-3
-2
-6
3
-2
8
3
7
6
11
3
10
2
8
6
6
6
3
9
8
15
5
18
4
17
8
10
16
10
15
13
13
3
11
4
11
4
14
10
16
17
15
19
16
21
17
25
13
17
11
22
16
19
20
19
18
13
19
13
18
12
25
12
22
26
19
18
10
23
12
22
22
20
16
11
12
13
13
8
20
10
19
13
18
10
4
7
3
-1
-1
-2
-5
7
-5
0
2
1
-1
5
4
7
1
-3
-1
3
2
-10
-1
-9
-4
-10
-8
-12
-15
-9
-6
-1
-3
-6
-9
-4
-6
3
-3
-10
-10
-5
-4
-4
-4
-2
3
-2
2
3
3
3
7
3
3
7
0
10
6
6
4
4
4
-4
-3
-7
-7
-2
-2
-6
2
-7
-4
-3
-1
-3
-3
-10
-13
-16
-15
-7
-10
-8
-14
-6
-5
-9
-5
-4
-2
-1
-8
0
-5
-1
2
1
3
-2
2
-8
-1
-4
-1
-8
5
2
5
5
2
-1
-6
3
-1
12
4
11
7
8
4
0
1
10
6
11
13
6
9
9
15
10
17
11
19
12
24
17
16
22
18
14
12
18
10
16
10
9
6
11
9
7
7
9
8
4
7
0
-2
-8
-10
-13
-14
-13
-18
-20
-15
-19
-20
-8
-14
-3
-3
1
0
-2
0
-4
4
-5
7
-5
4
-3
-9
-10
-18
-16
-16
-14
-18
-12
-17
-16
-24
-14
-22
-16
-28
-19
-19
-22
-15
-25
-23
-31
-13
-18
-11
-22
-14
-13
-9
-10
-5
1
-9
-1
-10
-10
-17
-11
-17
-8
-8
-5
-7
-10
-4
-3
-2
-3
4
4
7
3
9
7
8
4
4
5
-4
7
-1
1
0
-6
0
-4
0
-4
3
2
3
11
10
5
6
9
6
6
4
8
10
16
11
15
12
20
19
22
24
26
30
18
28
21
18
15
11
6
14
6
11
15
15
11
10
19
7
11
3
6
3
10
9
7
6
3
6
0
5
2
3
4
9
9
10
11
10
17
13
13
14
11
10
7
9
9
-4
0
3
0
2
-13
-6
-12
-13
-12
-15
-9
-19
-15
-16
-15
-20
-15
-17
-9
-10
-13
-7
-18
-17
-15
-6
-9
-6
-13
-17
-15
-16
-15
-10
-12
-15
-12
-16
-12
-7
-8
-7
-7
-4
-5
-8
-3
-3
-1
-4
2
-4
-6
-11
-4
-9
-11
-6
-15
-17
-16
-11
-22
-19
-24
-21
-22
-16
-20
-19
-16
-13
-12
-6
-9
-6
1
-6
4
-8
1
-8
5
1
0
-2
-7
-3
-8
-4
-8
-10
-15
-7
-19
-13
-11
-4
-9
-7
-5
-5
-3
-4
4
-4
0
4
7
7
14
7
11
5
7
11
1
6
-4
1
-5
6
-5
-3
6
1
6
-1
3
0
11
3
5
6
13
12
13
10
8
14
6
16
5
17
11
13
6
9
11
11
9
3
4
-4
10
0
-2
-3
0
-1
5
4
10
9
3
16
4
10
16
16
17
15
13
19
10
19
19
15
20
15
12
10
15
11
16
10
12
6
4
6
0
6
-3
5
-1
0
4
-4
7
0
3
2
3
0
1
-7
-3
-3
-4
-1
3
-1
-4
4
-8
6
-3
-1
-6
-1
-10
-16
-8
-8
-9
-4
-3
-8
0
-7
0
-5
1
-3
-5
-3
1
0
0
2
-8
1
-1
1
-3
2
5
0
2
7
9
4
5
4
3
-1
-3
-6
-10
-7
-12
-12
-13
-9
-13
-3
-6
-2
0
2
9
4
14
8
15
14
17
13
14
13
12
6
9
14
16
16
7
7
3
6
-3
-2
0
-2
-6
-5
-2
4
-3
4
6
1
7
14
15
14
17
9
10
6
7
-3
-5
-3
-4
-13
-15
-10
-11
-13
-5
-8
-11
0
-7
4
-4
6
6
5
4
6
6
2
9
1
4
0
9
4
7
7
2
4
6
1
-5
-6
-16
-13
-16
-14
-16
-10
-9
-7
-9
-2
3
0
-1
4
3
-1
8
0
3
-3
3
-2
-5
-2
-12
-8
-11
-9
-11
-12
-6
-5
-17
-8
-9
-5
-10
-7
-6
-25
-10
-18
-11
-8
-7
-7
-16
-11
-13
-15
-20
-16
-18
-16
-22
-19
-22
-19
-15
-20
-18
-16
-12
-13
-2
-8
0
0
1
0
6
2
-4
9
3
5
-1
3
1
-7
-16
-14
-15
-16
-19
-15
-11
-18
-11
-15
-6
-9
-3
0
4
1
8
11
6
13
12
5
6
14
8
9
3
7
-3
-3
5
-5
-6
-10
-5
-5
-5
0
0
-3
-1
6
2
4
-2
-2
0
5
5
6
8
4
5
-1
3
1
13
7
5
8
5
0
6
9
4
-3
-3
2
-3
4
-2
6
4
13
8
12
17
13
18
16
25
16
20
14
17
11
16
2
2
6
-1
6
-3
6
-3
3
-3
-1
-1
-3
-2
2
10
0
2
-4
3
-3
-1
-1
-2
-3
-6
-3
-7
-8
-12
-17
-19
-20
-23
-17
-18
-17
-16
-9
-9
-11
-10
-11
-8
-3
4
4
9
7
7
7
5
9
3
1
3
2
7
6
10
3
1
5
4
6
-2
3
2
4
-3
3
-9
-6
-5
-8
-2
0
9
4
17
7
12
8
11
15
15
19
16
17
12
22
15
23
20
18
9
12
10
13
12
8
16
5
12
12
16
11
13
16
10
10
8
10
9
12
12
10
12
15
10
7
9
5
8
1
2
2
5
3
4
8
10
9
14
8
13
11
11
17
7
19
13
23
19
22
16
12
17
15
17
18
25
13
18
17
12
14
18
17
23
13
12
8
4
5
-4
3
1
-2
-4
-1
0
2
2
3
2
3
1
0
-1
-6
-2
-6
-2
-1
-3
-1
-8
-8
-6
-8
-11
-15
-22
-22
-20
-17
-20
-22
-24
-25
-21
-21
-15
-16
-3
-12
-3
-3
-3
6
-1
6
-9
1
-12
-8
-10
-13
-9
-11
-13
-11
-7
-11
-1
-6
6
-3
5
-3
1
3
-2
1
-3
1
-11
-4
-8
-7
-8
-6
-10
-4
-6
-8
-8
-7
-3
-7
-9
-15
-9
-18
-11
-13
-10
-11
-9
-5
-5
-4
-9
0
-9
-13
-9
-8
-5
-3
-7
-3
0
-2
3
-2
0
-8
-6
-13
-13
-11
-9
-5
-8
-8
-13
-3
-12
-9
-9
-10
-4
-2
3
4
4
1
4
3
12
8
6
2
1
3
-2
-6
-10
-7
-10
-11
-18
-8
-12
-13
-6
-3
6
2
8
4
3
9
12
19
15
12
12
6
6
2
-3
-7
-4
-13
-6
-13
-8
-6
-8
-4
-9
-1
-6
6
6
6
2
5
1
4
6
5
6
11
4
-1
18
6
11
2
3
-2
3
-2
3
3
-2
3
-7
5
-3
6
-2
11
7
7
6
10
14
7
15
5
12
13
16
13
13
10
15
10
6
7
-2
0
1
3
1
2
-5
6
-1
2
4
3
7
3
10
0
9
1
8
11
11
8
8
6
4
5
-3
0
-6
3
-9
0
-5
-11
-12
-9
-9
-6
-3
-9
2
-4
2
-5
-1
-3
2
-2
0
4
-2
4
0
2
0
4
-4
-3
-7
-4
-9
-10
-9
-12
-7
-12
-5
-13
-6
-3
-1
-7
-7
-1
-3
-1
-3
4
-7
-2
-6
-3
-12
-9
-3
-16
-6
-20
-9
-12
-6
-10
-9
-4
-6
-3
-7
-1
-6
-4
-12
-8
-9
-10
-12
-6
-12
-7
-14
-6
-3
-12
-10
-10
-10
-12
-5
-15
-7
-13
-11
-12
-8
-11
-11
-6
-6
-4
-4
4
-4
3
4
6
-2
-1
1
-9
-9
-13
-10
-13
-5
-5
-6
-1
-4
1
-3
-1
-11
-6
-8
-8
-11
-12
-7
-10
0
-9
-3
-9
-9
-13
-6
-4
-5
-5
-8
-4
0
-2
-4
-4
-11
-10
-9
-5
-9
-4
-8
-5
-4
1
3
2
4
8
11
6
3
8
-2
-2
-5
-4
-3
-5
-3
-15
-3
-8
-5
0
13
8
9
9
7
0
3
12
-1
8
4
12
10
10
7
2
1
-8
-4
-3
-6
-7
3
-7
-4
-9
-2
-1
-3
9
-1
2
-2
11
6
7
9
13
10
10
9
3
8
-6
-1
-12
-2
-7
-2
5
1
-7
-4
5
1
6
-2
6
-5
5
3
0
2
3
3
0
12
8
10
7
18
5
9
7
6
8
4
6
7
10
0
12
6
8
6
11
11
3
11
13
18
13
26
23
23
25
29
29
26
29
27
24
21
21
21
25
19
22
11
13
19
13
15
18
16
9
18
17
17
16
20
18
18
21
21
14
13
8
10
14
16
22
14
20
14
20
19
16
16
9
18
12
22
17
15
7
9
19
0
6
3
3
3
10
2
3
-3
-6
-1
0
3
-4
0
-5
0
-2
5
3
10
7
3
0
1
3
4
-1
-2
-3
-13
-5
-16
-15
-22
-15
-20
-16
-15
-16
-11
-17
-11
-15
-8
-8
-1
-3
0
-3
-3
4
-1
0
0
-3
-7
-3
-6
-7
-11
-8
-13
-20
-18
-22
-26
-28
-25
-32
-25
-25
-22
-24
-20
-13
-19
-13
-21
-14
-15
-11
-6
-2
-14
-10
-11
-10
-15
-18
-12
-18
-14
-21
-11
-24
-22
-28
-22
-28
-26
-21
-25
-24
-26
-9
-15
-8
-6
5
4
8
7
8
5
6
10
3
3
3
-1
-3
-5
-5
-6
-14
-6
-9
-4
1
0
-5
-3
4
9
9
12
9
13
10
9
16
9
16
4
12
4
1
-3
-4
-2
-10
-6
-16
-7
-13
-22
-16
-16
-16
-10
-10
-1
-1
-1
1
6
12
8
19
14
23
21
20
18
11
11
9
15
9
10
5
4
0
3
0
10
13
4
13
2
8
-2
9
4
4
11
4
12
0
10
7
6
1
6
0
0
0
1
3
-3
0
-9
-6
-10
-3
-10
-7
-7
-11
-16
-12
-6
-3
-4
-2
6
-1
1
-3
4
-10
-3
-13
-10
-3
1
-5
-11
-1
-7
-5
-7
-1
-7
-3
-12
-9
-3
-3
3
2
0
-1
1
0
6
6
5
-2
0
4
0
-2
-12
-8
-13
-9
-7
-12
-6
-13
-3
-7
-1
-7
-3
-5
1
2
7
12
6
10
10
13
10
12
2
7
-1
13
7
8
0
-2
1
-1
10
7
7
-4
12
10
20
11
22
17
19
25
21
26
10
15
3
20
12
13
11
2
6
1
11
14
15
3
1
8
14
10
13
7
8
3
4
15
9
8
2
17
12
13
10
6
10
1
7
6
9
-1
-1
-2
-3
0
3
-4
-6
2
7
9
3
12
8
0
-6
6
18
15
10
11
14
3
10
9
9
1
-4
6
7
12
-9
-9
0
-11
-16
-4
11
-9
-6
0
5
0
0
3
-8
0
-18
-9
-1
-9
-24
-15
-9
-17
-16
-9
-10
-9
-1
-20
-11
-9
-3
-23
-8
-2
-13
-7
-11
-4
4
7
-20
1
13
11
3
16
17
3
3
-3
4
6
-4
-24
3
4
-11
4
22
-3
-10
21
20
6
9
25
12
4
1
31
29
-15
-43
14
59
-44
-48
58
32
-69
-32
47
37
-44
-56
18
51
-11
-75
26
65
-53
-60
40
55
-13
-53
6
55
10
-36
-5
50
-14
-58
15
38
-17
-34
-3
13
-6
-6
4
-7
-10
-22
-5
23
-6
-23
4
-11
-30
-7
12
-7
-25
-9
14
13
1
-15
-4
5
-18
-13
16
10
-26
-23
-1
2
-3
-4
-16
-1
6
-14
4
26
-3
-18
-10
3
9
2
-13
-24
-13
-19
-19
-9
-10
-31
-23
-23
-24
-19
-11
-27
-43
-14
-5
-1
-16
-16
-6
-1
-16
-4
13
9
-26
-22
13
0
-16
-29
-15
-18
-25
-35
-16
-16
-39
-43
-19
-5
-29
-24
-25
-22
-10
-11
-12
-8
-10
-22
-18
-5
-10
-23
-11
-23
-22
-7
-11
-23
-11
-12
-25
-5
0
-10
-24
-5
-8
-10
6
5
3
-1
0
10
25
18
7
8
21
14
11
32
23
3
9
3
2
7
0
-7
-3
13
14
15
14
7
17
13
20
42
47
28
6
32
54
41
31
40
41
18
23
40
47
38
9
7
22
23
13
18
13
-7
-4
16
15
15
12
3
7
18
24
32
26
12
16
22
37
10
22
15
3
3
26
28
-3
-1
-5
0
6
14
4
2
-18
-13
7
20
5
7
16
0
10
20
35
8
0
13
10
10
8
11
3
-12
-15
3
16
-2
-24
-11
-9
-13
-2
1
-4
-25
-26
-16
3
1
-12
-16
-10
-4
1
15
10
3
-3
4
11
13
5
1
-19
-16
-5
2
1
-12
-11
-13
-11
-2
7
-5
-1
-5
7
13
15
9
-1
-5
1
9
10
0
-3
5
-6
13
10
11
-4
-10
1
13
21
4
6
10
-6
-5
19
17
6
1
2
10
17
32
19
7
-3
-6
2
3
11
-9
-17
-26
-15
-8
-9
-21
-28
-20
-34
-23
-21
-9
-29
-34
-31
-14
-14
-19
-21
-18
-19
-26
-12
-8
-12
-29
-10
-19
-6
-2
-7
-18
-16
-16
-9
8
-5
-6
-5
-10
-23
11
4
-10
-9
3
9
6
13
10
7
-2
1
12
14
14
8
9
15
17
21
32
26
14
31
28
27
35
38
27
25
21
25
26
19
0
7
9
0
7
3
-2
-13
-19
-15
-9
-16
-17
-30
-24
-20
-23
-36
-30
-36
-49
-38
-46
-36
-35
-38
-49
-29
-47
-51
-47
-60
-62
-67
-68
-68
-59
-61
-69
-72
-58
-53
-51
-50
-45
-41
-34
-44
-35
-23
-18
-24
-24
-3
-5
-11
-9
0
-12
-1
-12
1
20
15
12
24
26
22
32
37
41
40
59
45
61
66
82
82
67
85
84
92
100
106
112
111
90
95
106
102
88
101
93
80
88
82
82
86
88
76
85
80
77
72
68
57
57
51
35
33
31
35
10
7
-4
-14
-24
-33
-40
-54
-67
-95
-97
-98
-111
-127
-130
-147
-160
-159
-165
-171
-179
-189
-209
-203
-205
-195
-192
-206
-218
-209
-206
-211
-202
-205
-219
-226
-196
-189
-176
-170
-178
-178
-155
-143
-122
-96
-97
-91
-85
-48
-37
-8
3
11
21
43
78
98
120
123
136
139
162
184
213
222
222
237
259
274
291
313
311
321
333
348
367
386
396
392
406
416
425
434
440
442
445
444
444
445
439
427
404
415
402
379
360
344
310
293
275
247
217
179
139
99
79
32
-3
-49
-93
-132
-170
-231
-275
-323
-376
-431
-480
-526
-591
-625
-673
-716
-759
-792
-842
-885
-903
-923
-947
-965
-983
-1002
-989
-990
-990
-963
-954
-957
-921
-872
-837
-775
-721
-693
-629
-564
-500
-423
-345
-287
-227
-154
-81
6
86
145
203
262
317
380
448
515
556
596
632
677
732
778
816
832
842
860
883
933
975
993
1000
997
1009
1038
1083
1110
1111
1088
1062
1062
1106
1160
1175
1156
1098
1054
1068
1101
1126
1114
1038
953
907
928
955
948
861
725
604
561
557
549
477
323
141
14
-40
-84
-151
-305
-535
-761
-898
-1005
-1043
-1145
-1339
-1561
-1759
-1877
-1936
-1983
-2117
-2280
-2443
-2543
-2559
-2491
-2469
-2481
-2528
-2560
-2516
-2414
-2255
-2123
-2009
-1911
-1788
-1619
-1396
-1177
-971
-809
-660
-504
-323
-102
100
284
436
556
679
816
942
1065
1161
1218
1268
1321
1380
1430
1483
1504
1504
1513
1506
1514
1518
1528
1514
1526
1530
1542
1542
1530
1512
1502
1535
1562
1597
1605
1594
1575
1609
1642
1678
1672
1634
1568
1541
1553
1585
1615
1561
1473
1363
1289
1234
1200
1127
992
826
688
572
499
418
278
83
-147
-373
-588
-761
-923
-1088
-1274
-1448
-1636
-1811
-1972
-2139
-2299
-2472
-2626
-2801
-2934
-2987
-3000
-2945
-2918
-2939
-2987
-3022
-3006
-2898
-2722
-2559
-2446
-2365
-2268
-2100
-1821
-1558
-1348
-1230
-1171
-1080
-884
-617
-355
-165
-97
-81
4
172
370
552
600
581
577
626
733
906
998
1014
994
982
1043
1148
1251
1307
1346
1339
1402
1482
1572
1652
1710
1726
1763
1834
1877
1950
2003
2036
2081
2124
2153
2175
2162
2127
2121
2147
2165
2202
2199
2160
2114
2047
2009
1989
1935
1857
1753
1617
1516
1453
1386
1302
1171
939
692
459
265
117
-65
-350
-660
-957
-1203
-1369
-1531
-1770
-2043
-2367
-2679
-2841
-2960
-3069
-3216
-3377
-3526
-3528
-3489
-3436
-3383
-3404
-3417
-3353
-3215
-3046
-2849
-2756
-2652
-2466
-2249
-1993
-1769
-1702
-1646
-1544
-1390
-1169
-939
-852
-821
-736
-677
-483
-280
-242
-250
-241
-223
-36
212
354
423
472
466
598
821
983
1131
1234
1264
1394
1622
1770
1952
2039
2052
2143
2293
2386
2515
2604
2591
2635
2721
2756
2820
2851
2773
2770
2770
2750
2779
2761
2666
2666
2639
2578
2588
2557
2445
2367
2211
1995
1951
1893
1820
1836
1714
1460
1257
972
692
568
327
-60
-381
-735
-1002
-1046
-1191
-1513
-1859
-2415
-2919
-3110
-3217
-3306
-3366
-3687
-4025
-4072
-4056
-3942
-3811
-3879
-4062
-4050
-3956
-3673
-3238
-3004
-2943
-2857
-2809
-2617
-2217
-1969
-1778
-1639
-1594
-1501
-1282
-1119
-959
-823
-816
-816
-718
-648
-557
-421
-382
-316
-224
-187
-121
20
135
308
479
596
709
846
961
1138
1372
1550
1715
1846
1935
2079
2298
2467
2632
2750
2797
2858
2941
2997
3062
3129
3125
3117
3135
3121
3126
3120
3050
2995
2985
2922
2864
2805
2684
2594
2526
2458
2387
2316
2132
1972
1896
1851
1857
1840
1614
1287
963
628
470
356
155
-176
-537
-890
-1115
-1263
-1480
-1832
-2347
-2926
-3331
-3489
-3534
-3541
-3733
-4042
-4327
-4489
-4500
-4384
-4308
-4325
-4375
-4367
-4165
-3826
-3488
-3299
-3207
-3174
-3076
-2822
-2507
-2199
-1956
-1806
-1703
-1581
-1416
-1248
-1118
-1014
-970
-939
-849
-754
-648
-491
-382
-308
-204
-158
-76
106
304
470
657
802
908
1110
1299
1503
1772
1947
2052
2229
2398
2585
2825
2966
3041
3155
3268
3332
3418
3437
3372
3357
3376
3404
3466
3457
3318
3201
3151
3139
3173
3149
2979
2791
2709
2684
2706
2712
2524
2283
2134
2058
2159
2342
2295
2004
1600
1150
830
689
433
86
-165
-487
-726
-839
-1118
-1555
-2072
-2796
-3378
-3613
-3831
-3974
-4057
-4258
-4428
-4470
-4680
-4849
-4869
-4987
-4938
-4665
-4451
-4212
-3942
-3884
-3717
-3401
-3190
-2972
-2759
-2732
-2566
-2186
-1886
-1580
-1366
-1465
-1513
-1376
-1299
-1031
-773
-811
-874
-838
-781
-518
-192
-190
-202
-119
-88
179
604
808
998
1131
1118
1301
1668
1921
2155
2361
2406
2591
2884
3060
3238
3436
3412
3430
3553
3537
3603
3672
3577
3540
3604
3563
3570
3584
3430
3314
3285
3193
3165
3204
3078
3010
2952
2778
2659
2609
2481
2411
2425
2374
2419
2432
2184
1814
1376
824
407
95
-125
-181
-273
-564
-951
-1395
-1962
-2511
-3103
-3638
-3998
-4274
-4454
-4493
-4469
-4554
-4728
-5046
-5312
-5379
-5341
-5144
-4861
-4632
-4457
-4291
-4120
-3835
-3544
-3359
-3204
-3088
-2972
-2665
-2300
-1976
-1705
-1621
-1651
-1545
-1425
-1311
-1076
-966
-935
-821
-712
-597
-317
-234
-222
-100
5
169
462
676
833
1102
1197
1333
1596
1802
1952
2192
2339
2532
2843
2960
3066
3201
3275
3389
3588
3688
3737
3766
3646
3605
3685
3772
3836
3827
3694
3579
3539
3533
3616
3591
3477
3294
3110
3019
3044
3024
2915
2785
2570
2496
2596
2689
2666
2438
1819
1121
585
155
34
144
57
-240
-597
-1178
-1674
-2012
-2596
-3226
-3749
-4339
-4678
-4500
-4341
-4265
-4279
-4858
-5386
-5506
-5490
-5238
-4722
-4570
-4620
-4447
-4381
-4055
-3457
-3212
-3241
-3146
-3244
-3134
-2545
-2180
-1914
-1673
-1808
-1941
-1732
-1610
-1454
-1147
-1182
-1267
-1100
-1024
-893
-581
-533
-521
-315
-294
-140
212
458
657
953
1057
1150
1425
1554
1782
2124
2370
2535
2780
2834
2947
3207
3330
3510
3635
3666
3649
3741
3748
3813
3960
3946
3942
3919
3862
3831
3847
3754
3675
3626
3513
3436
3348
3273
3171
3059
2923
2787
2724
2759
2829
2779
2630
2152
1456
831
298
47
172
206
-11
-284
-873
-1468
-1832
-2385
-3056
-3590
-4244
-4736
-4566
-4385
-4307
-4263
-4849
-5532
-5676
-5672
-5401
-4778
-4643
-4753
-4620
-4543
-4236
-3557
-3264
-3341
-3246
-3381
-3296
-2673
-2228
-1995
-1790
-1925
-2077
-1799
-1613
-1482
-1246
-1251
-1388
-1230
-1035
-904
-611
-536
-590
-419
-225
-66
264
555
697
947
1204
1332
1593
1848
1963
2213
2514
2688
2922
3125
3180
3321
3517
3632
3787
3938
3891
3878
3916
3907
3967
4107
4100
4065
4016
3878
3802
3778
3764
3666
3598
3443
3269
3245
3212
3154
3065
2891
2669
2625
2739
2812
2819
2406
1601
813
263
15
239
446
213
-183
-902
-1544
-1846
-2122
-2681
-3387
-4181
-4899
-4858
-4488
-4264
-4185
-4732
-5617
-5988
-5904
-5549
-4909
-4676
-4959
-5083
-5014
-4672
-3959
-3430
-3525
-3644
-3748
-3809
-3232
-2648
-2415
-2226
-2258
-2431
-2205
-1858
-1734
-1545
-1428
-1552
-1416
-1097
-1033
-801
-616
-657
-408
-84
65
322
600
684
974
1360
1561
1791
2010
2051
2241
2662
2895
3177
3357
3309
3365
3518
3724
3938
4119
4093
3989
3970
3985
4099
4244
4280
4176
4023
3891
3799
3831
3880
3849
3726
3594
3447
3357
3392
3333
3245
3117
2963
2977
3090
3180
2957
2382
1576
781
391
337
573
603
340
-282
-1042
-1470
-1888
-2288
-2946
-3747
-4537
-4845
-4660
-4434
-4174
-4512
-5277
-5875
-6046
-5828
-5235
-4787
-4900
-4973
-5071
-4934
-4326
-3768
-3587
-3632
-3687
-3816
-3415
-2827
-2512
-2190
-2171
-2393
-2313
-2015
-1820
-1516
-1344
-1392
-1314
-1131
-1056
-867
-638
-677
-559
-295
-105
187
508
564
772
1061
1227
1535
1754
1919
2035
2335
2547
2800
3110
3119
3205
3289
3424
3627
3896
3961
3943
3906
3823
3917
4020
4113
4064
3958
3798
3698
3809
3872
3892
3823
3540
3347
3297
3278
3361
3325
3170
2989
3017
3148
3219
3207
2497
1531
664
10
34
534
696
404
-138
-1147
-1743
-1987
-2390
-2980
-3716
-4644
-5298
-4814
-4498
-4188
-4123
-5100
-5839
-6045
-5883
-5319
-4504
-4531
-4842
-4834
-4866
-4365
-3538
-3243
-3457
-3406
-3746
-3664
-2848
-2514
-2202
-2086
-2328
-2486
-2172
-1929
-1780
-1424
-1463
-1559
-1358
-1164
-1072
-761
-687
-691
-351
-86
161
483
731
828
1081
1394
1620
1911
2152
2225
2385
2748
2953
3194
3410
3386
3439
3588
3751
3951
4162
4165
4040
4001
4040
4081
4251
4294
4173
4092
3936
3910
3848
3938
3851
3643
3578
3410
3369
3415
3406
3171
3176
3112
3062
3195
2817
1879
863
205
-162
454
889
533
101
-979
-1794
-2030
-2060
-2598
-3434
-4349
-5350
-4995
-4340
-4009
-3891
-4659
-5824
-6312
-6005
-5368
-4345
-4110
-4652
-4998
-5034
-4512
-3645
-2831
-2933
-3292
-3633
-3867
-3127
-2411
-1957
-1889
-2160
-2410
-2470
-2074
-1766
-1536
-1485
-1674
-1719
-1474
-1169
-1029
-790
-795
-781
-516
-277
64
430
755
827
1095
1355
1495
1892
2171
2334
2643
2904
2925
3166
3329
3334
3608
3798
3926
4133
4162
4034
3966
4084
4102
4177
4270
4080
3979
3932
3844
3855
3966
3772
3528
3491
3386
3366
3389
3325
3173
3158
3244
3247
3514
3225
1933
728
-141
-314
798
1764
1687
954
-1016
-2701
-2771
-1877
-1284
-2152
-3924
-5863
-5846
-4194
-3353
-3174
-4570
-6638
-6589
-5176
-3791
-3423
-5066
-6628
-6097
-4060
-2038
-1766
-2696
-4068
-4537
-3489
-2705
-1827
-1412
-1869
-1790
-1974
-2319
-2429
-2431
-1570
-853
-905
-1802
-2916
-2804
-1815
-941
-726
-1258
-1808
-1668
-1169
-630
-163
43
171
343
784
1223
1397
1709
1964
2526
3189
3187
2935
3135
3688
4249
4547
4227
4174
4420
4481
4432
4376
4566
4567
4495
4427
4230
4247
3957
3613
3958
4228
4037
3553
2981
2886
3002
3074
2931
3017
3432
3408
3314
2290
358
-1013
-947
575
1800
1102
-1063
-2605
-2349
-1629
-1576
-2200
-3676
-4451
-4569
-4641
-4264
-4882
-5297
-4620
-3509
-2813
-4136
-5178
-4986
-3852
-2785
-3299
-3154
-2017
-1138
-1063
-1982
-2595
-2249
-1736
-920
-589
-1085
-1905
-2806
-2257
-1506
-1537
-1938
-2535
-2489
-2937
-3781
-3861
-3026
-1921
-2064
-2976
-3412
-3142
-2420
-1709
-1121
-586
-512
-731
-431
396
1310
1802
2221
2782
3017
2925
2719
3169
4153
4641
4581
4272
4341
4455
4288
4218
4246
4612
4718
4338
3927
3574
3420
3640
3923
4120
3976
3536
3394
3345
3454
3379
3198
3428
3400
3536
3372
2861
3095
3462
4115
3429
811
-1286
-1393
723
2095
938
-1119
-2398
-1907
-1883
-2829
-3444
-4205
-4485
-4701
-4820
-4915
-5816
-6389
-5191
-3021
-2488
-4538
-6062
-5140
-3437
-2930
-3962
-3435
-1353
-465
-1311
-2735
-2821
-2228
-1818
-1236
-933
-1134
-2280
-2901
-2078
-1530
-2104
-2980
-2692
-1828
-2331
-3828
-4253
-3106
-1758
-1973
-2648
-2677
-2174
-1723
-1691
-1115
-303
257
456
664
1103
1506
1860
2463
3151
3570
3438
3179
3548
4159
4711
4798
4617
4693
4819
4783
4431
4230
4496
4881
4911
4372
3951
4017
4122
4048
4053
4139
4328
3890
3171
3177
3328
3391
3093
2954
3225
3430
3392
3189
2801
1304
-1161
-1767
-104
1478
1195
-1288
-2831
-2313
-1928
-2655
-3634
-3932
-4218
-4964
-5280
-5525
-5511
-5747
-5466
-3529
-2758
-4288
-6009
-5611
-3554
-2869
-3824
-3984
-2417
-462
-1051
-2496
-3035
-2699
-1839
-1420
-1009
-1233
-2239
-2843
-2641
-1899
-1813
-2390
-2109
-1895
-2469
-3637
-3980
-2839
-1714
-1663
-2424
-2893
-2209
-1635
-1152
-707
-429
257
622
780
800
1156
1987
2818
3366
3330
3087
3366
3632
4088
4466
4577
4614
4665
4927
4920
4547
4199
4339
5033
5260
4511
3940
3887
4359
4490
4205
4060
4192
4220
3638
3223
3218
3283
3528
3597
3435
3393
3331
3130
2301
519
-1436
-1152
704
1617
558
-1722
-2900
-2360
-1826
-2522
-3319
-3994
-4861
-5211
-4958
-5082
-5367
-5309
-4369
-2810
-3127
-5434
-6252
-4537
-2644
-2705
-3713
-3487
-1833
-772
-1671
-2559
-2571
-2221
-1946
-1565
-1419
-1851
-2512
-2683
-2200
-2156
-2833
-2976
-2272
-1993
-3085
-4382
-4029
-2619
-1622
-2104
-3042
-3121
-2409
-1654
-1211
-785
-267
254
577
547
591
1342
2364
3136
3371
3122
3029
3180
3684
4288
4703
4731
4282
4397
4697
4799
4438
4147
4711
5244
5055
4198
3854
4232
4625
4422
4208
4322
4564
4351
3729
3545
3500
3833
3986
3940
3983
3907
3591
2950
1336
-614
-926
589
1900
1244
-758
-2679
-2758
-1890
-2354
-2990
-3461
-4512
-5105
-5026
-5097
-5504
-5464
-4732
-3159
-2620
-4648
-6561
-5240
-2980
-2275
-3109
-3866
-2631
-1249
-1477
-2438
-2391
-2180
-2128
-2057
-1951
-1961
-2438
-3024
-2912
-2420
-3057
-3420
-2975
-2500
-2848
-4046
-4527
-3609
-2177
-2422
-3080
-3219
-2776
-1920
-1388
-1167
-710
268
429
330
302
915
2127
3205
3293
2931
3166
3361
3518
3853
4344
4789
4926
4567
4471
4737
4514
4396
4818
5591
5593
4817
3950
3993
4948
5042
4729
4727
4891
4725
4365
3589
3684
4353
4507
4358
4472
4390
3580
1943
-630
-1105
640
2194
1833
22
-1781
-2781
-2324
-2999
-3351
-2652
-3532
-4570
-5280
-5236
-5502
-5327
-4700
-3187
-1933
-3496
-6079
-5691
-3146
-2057
-2339
-3436
-2398
-739
-723
-2036
-2385
-1735
-1694
-1858
-1806
-1927
-1679
-2143
-2900
-2818
-3465
-3883
-3520
-2352
-2511
-3894
-4908
-5022
-3458
-2317
-2963
-3290
-3359
-2719
-2298
-2109
-1876
-844
592
761
262
41
847
2033
3128
2713
2924
3167
3513
3563
3844
4465
4528
4658
4362
4496
4590
4496
4337
4901
5435
5235
4531
4358
4444
4800
4840
4433
4749
5188
4962
4290
4006
4195
4367
4478
4382
4128
4284
2617
-444
-1193
122
1956
2257
460
-1390
-2642
-2242
-3535
-4006
-2535
-3341
-4039
-5015
-5331
-5455
-5359
-4620
-3411
-1585
-2726
-5524
-5179
-3084
-1853
-1908
-3073
-1736
-92
-167
-1809
-2865
-1529
-1055
-901
-1350
-1892
-1609
-2465
-2969
-3112
-3702
-3306
-3568
-2957
-2863
-4443
-5354
-5475
-3776
-2798
-3190
-3792
-4400
-2999
-2261
-2584
-2233
-1465
199
619
32
-324
403
1956
2689
2573
2862
3102
3612
3441
3470
4240
4294
4837
4706
4679
4452
4052
4187
4794
5520
5252
4362
4212
4459
4687
4763
4362
4790
5122
5157
4459
3815
4264
4450
4840
4858
4619
4346
3191
555
-1306
-73
1860
2729
1741
-334
-2322
-2302
-2946
-4402
-2882
-2536
-3397
-4306
-5223
-5915
-5610
-4382
-3480
-1762
-1877
-4643
-5545
-3519
-2246
-1724
-2617
-2167
-323
396
-529
-2237
-1681
-1386
-1256
-1502
-1763
-1310
-1629
-2352
-3185
-4020
-3855
-3696
-3200
-2884
-3932
-4981
-5557
-4995
-4204
-3956
-3674
-4006
-3333
-2694
-3032
-2809
-2408
-876
-135
69
-310
171
1448
2190
2127
2074
2673
3402
3815
3517
3958
4101
4716
4612
4626
4515
4533
4708
4807
5230
5116
4870
4450
4553
4670
5080
4991
5030
5082
4932
4616
4231
4408
4633
5088
5054
4729
4460
3624
1240
-901
-147
1425
2735
2044
-53
-1850
-2347
-2379
-4435
-3187
-2577
-3418
-3727
-5062
-5608
-5719
-4548
-3548
-2106
-1560
-3680
-5145
-3289
-2402
-1650
-2352
-2210
-59
458
276
-1818
-1647
-1235
-1180
-1178
-1712
-1226
-1151
-2161
-2749
-4015
-4320
-3836
-3804
-2984
-3833
-4604
-5351
-5461
-4508
-4766
-4269
-4093
-3930
-2620
-3078
-3056
-2825
-1624
-462
-354
-116
107
1089
2160
1755
1775
2421
2990
3759
3282
3970
3945
4552
4350
3888
4118
4183
4617
4833
5050
4933
4753
4156
4225
4267
4991
4905
5123
5356
4941
4684
4374
4371
4685
5307
5196
4920
4759
3716
952
-633
119
1536
2977
2203
171
-1831
-2277
-2873
-4748
-2911
-2690
-3090
-3259
-4763
-5606
-5822
-4710
-3551
-1917
-1406
-3488
-4291
-2628
-2229
-1493
-2400
-1488
450
1141
245
-1698
-1141
-927
-733
-1172
-1479
-1023
-717
-1610
-2911
-3978
-4095
-4279
-3942
-3496
-4232
-4649
-5102
-5176
-4830
-5053
-5062
-4834
-3629
-2838
-3000
-3234
-3217
-1748
-849
-522
-684
277
1151
2188
1722
1288
1906
2827
3414
3222
3747
3671
4627
4212
3701
3324
3850
4164
4647
5159
4741
4596
4115
3761
3639
4720
4817
5290
5412
5146
4657
4137
4269
4412
5385
5766
5231
4778
3521
780
-670
63
1758
3052
2670
738
-1654
-1864
-2954
-5109
-3033
-2812
-2757
-2778
-4218
-5258
-5528
-4253
-3842
-2106
-1269
-2880
-3399
-1724
-1627
-1176
-2434
-1634
337
1770
1546
-647
-339
-927
-914
-1746
-1855
-1036
57
-1078
-2434
-3843
-4253
-4330
-4558
-3979
-4518
-4035
-4665
-4977
-5069
-5231
-5372
-4991
-4113
-2851
-2507
-2534
-2399
-1949
-1128
-1211
-872
219
1560
2508
2042
1407
1591
2213
2762
2739
3259
3889
4642
4359
3461
2692
3099
3519
4146
4510
4641
4762
4197
3766
2895
3534
4120
5026
5369
5169
4869
4358
4175
4042
4435
4921
5249
4892
2681
-168
-482
87
1678
2505
1556
63
-1482
-1864
-4554
-4608
-3337
-3867
-2764
-3050
-3854
-4789
-4635
-3984
-2790
-1538
-1991
-3315
-1630
-203
22
-896
-2182
-292
1114
2452
1167
819
779
349
-787
-1963
-1843
-474
42
-1138
-2149
-3680
-3754
-4515
-4329
-4910
-4870
-4530
-4608
-4373
-4511
-5183
-5404
-5194
-4273
-3135
-2967
-2236
-1753
-731
-975
-1407
-1263
-52
1702
2641
2076
1808
2143
2434
2415
2258
2607
3433
4490
4168
3422
2717
2874
3082
3427
3560
3837
4252
4611
3854
3291
3136
3518
4336
4615
5013
4718
4934
4454
4354
4555
4612
4082
2249
68
51
670
1632
2077
1444
423
-1540
-2377
-5306
-4611
-3029
-3477
-3038
-3562
-3667
-4233
-4129
-4175
-3052
-1427
-1310
-2498
-1052
205
709
-66
-1285
250
1471
2895
1843
2015
1802
1092
-383
-1439
-1143
-279
387
-717
-1232
-2521
-3574
-5266
-5362
-5191
-5093
-4358
-4400
-4434
-4463
-5156
-5961
-5724
-4809
-3806
-3074
-2272
-1760
-1107
-649
-1271
-896
-404
531
1781
2207
2714
2629
2761
1905
1879
2100
2855
3649
4038
3665
3005
2740
2286
2757
2761
3425
3621
4103
3786
3314
3260
3218
3816
4004
4269
4544
4829
4731
4571
4600
4828
4235
2397
-99
-856
362
1541
2369
1852
745
-1217
-2302
-4741
-5932
-3558
-3686
-2987
-3206
-3578
-4121
-3722
-3506
-3503
-2283
-2067
-2326
-1151
1389
1716
1545
-372
139
787
2237
2013
2215
3169
2806
1670
-711
-869
-1082
45
-914
-1447
-2089
-2001
-3140
-4200
-4741
-5982
-5825
-5562
-4987
-4628
-3966
-4269
-4511
-4339
-4101
-4350
-3478
-2417
-1225
-48
76
126
379
689
1113
1006
1573
2044
2990
3152
2730
2617
2389
2782
2382
2391
1885
2498
2702
3157
2954
2728
2689
2586
2671
2399
2775
2999
4024
4253
4637
3978
4128
4166
4014
4550
4565
4828
3849
1768
-753
-1132
-7
1132
1713
1349
-111
-1644
-2832
-6045
-5614
-4632
-4818
-4000
-4091
-3666
-3703
-2657
-3519
-3003
-2528
-2661
-2858
-549
1750
2412
2285
780
1528
1719
2499
1206
2120
2637
3171
1851
504
-14
-310
-444
-2008
-2091
-2613
-1884
-3264
-3588
-5077
-5647
-5831
-5713
-5116
-4860
-4159
-4314
-3784
-3338
-3171
-3475
-2880
-2464
-1242
-227
615
1109
1751
1908
1684
1402
1606
2161
2865
3123
2852
2831
2952
3172
2810
2333
1808
1949
1921
2561
2435
2839
2894
2965
2709
2403
2568
2754
3799
3894
4213
3916
4316
4494
4752
4857
4629
4265
2723
-105
-1488
-776
169
1553
1330
692
-1227
-1983
-4396
-7099
-5272
-5529
-5132
-4661
-4340
-4097
-3067
-2314
-3178
-2620
-2661
-3016
-2746
312
1683
2735
2149
1909
2296
2751
2156
1009
1778
2192
2870
1177
961
-96
436
-1085
-2520
-3336
-3338
-2966
-3998
-3792
-4979
-4510
-4858
-4842
-5473
-5030
-4813
-4401
-3497
-2421
-1902
-1714
-1052
-996
-72
369
1035
1380
2204
2520
2644
2493
2710
2953
2894
2750
2275
2402
2761
2825
2393
1844
1675
1560
1897
2024
1935
2393
2471
2453
2254
2442
2439
3350
3903
3841
3976
4141
4320
4832
5123
4862
4757
3787
1331
-1580
-1630
-1157
266
1242
838
-638
-1928
-2948
-6843
-6431
-6025
-6461
-5958
-5669
-5105
-4187
-2044
-2545
-2370
-2277
-2449
-3322
-1299
416
1742
2507
2187
2987
3463
3985
2146
2228
1592
2399
1322
869
301
300
-3
-1910
-2442
-3443
-2510
-3893
-4027
-5245
-5186
-5250
-5166
-4796
-5193
-4287
-3879
-3455
-2698
-1692
-1725
-1047
-642
33
226
1648
2325
2686
3406
2963
2864
2773
2993
2866
2731
2784
2692
2979
2973
2636
2155
1680
1406
1295
1612
1503
2167
2279
2540
2435
2541
2492
2746
3442
3393
3769
3937
4527
4820
5279
4928
4722
3716
1424
-1243
-1754
-1484
-272
854
281
-647
-1494
-2406
-6372
-5939
-6559
-7070
-6584
-6576
-5856
-4518
-1768
-2726
-1994
-2065
-2047
-2698
-917
141
1057
1678
1446
2716
3552
4514
2799
3110
2050
2535
867
28
-420
130
-139
-2347
-2676
-3499
-2477
-3822
-3895
-5659
-5418
-4888
-5407
-5427
-5228
-4353
-4237
-2972
-2315
-1526
-805
-130
-209
198
508
1091
2194
3025
3705
3666
3610
3541
3687
3530
2752
2693
2389
2630
2430
2417
2027
1960
2066
1597
1755
1255
1965
1775
2196
2096
2363
2229
2855
3609
3479
4109
4120
4799
4729
5417
4897
5015
4369
2611
-446
-1805
-1254
-710
592
85
-693
-2318
-2120
-5429
-6488
-5844
-7151
-6844
-7500
-6986
-6273
-3100
-2653
-2604
-2274
-2167
-2397
-1439
413
440
1842
1239
2041
2537
3943
3338
3033
2910
2648
2053
616
499
-441
-84
-2125
-2896
-3991
-2963
-3512
-4285
-4505
-5341
-4561
-5064
-5130
-6082
-4827
-4506
-3800
-2802
-2005
-1133
-166
587
547
1271
1634
2215
2580
3185
3171
3672
4134
4104
4109
3585
3423
3132
3175
2549
2007
1747
1404
1444
1087
1654
1835
2528
2701
2430
2169
2016
1993
2145
2880
2970
3856
3964
4620
5078
5607
5906
5786
5342
3006
-117
-1744
-1798
-1180
11
-242
-1025
-2213
-2087
-4489
-5875
-5044
-6809
-7183
-7984
-7853
-7092
-4285
-3271
-3469
-2576
-2321
-1788
-1201
770
636
1685
1011
1301
2070
3123
3228
2543
2863
2302
2515
1178
1018
97
140
-1688
-3085
-4066
-3633
-3840
-4696
-4372
-5344
-4414
-4822
-4736
-5540
-4660
-4113
-4160
-3305
-2402
-1611
-860
338
336
1294
2079
2768
3023
3487
3599
3526
3815
3714
3725
3576
3566
3390
3322
2868
2555
2460
2066
1862
1517
1641
1801
2303
2402
2455
2526
2528
2541
2460
3097
3452
4035
4238
4530
4789
5125
5433
5610
5083
3592
793
-1208
-1375
-1271
-340
-330
-1111
-2578
-2623
-4800
-5890
-4751
-6238
-6724
-7500
-7501
-7059
-4648
-3907
-4216
-3170
-2727
-2229
-1388
713
958
2026
1227
1167
1785
2869
2826
1956
1945
1455
1928
1000
948
261
608
-1354
-2767
-3917
-3793
-4133
-4822
-4642
-6018
-4793
-5015
-4908
-5236
-3822
-3974
-3561
-2638
-2381
-1541
-868
63
-131
1421
1685
2584
3181
3832
3683
3955
3923
3658
4006
3445
3325
3067
3324
2509
2635
2310
1991
1961
1765
1457
1481
2271
2275
2660
2999
2934
2564
2810
2833
3199
4147
4297
4510
4797
5224
5435
5933
5671
3826
1237
-659
-1432
-1462
-133
-362
-1103
-2491
-3072
-5236
-5586
-4366
-6454
-6391
-7630
-7497
-6886
-4493
-4499
-4662
-3586
-3528
-2499
-1419
844
812
2449
1028
1427
2094
3168
3028
2153
1853
946
1725
652
981
347
863
-1180
-2126
-3411
-3461
-3880
-4731
-4767
-6096
-4935
-5540
-5173
-5529
-4184
-3970
-3467
-2437
-2117
-1270
-791
-11
-68
1163
1489
2304
2855
3489
3691
3860
4126
3835
4168
3628
3477
3326
3386
2694
2426
2276
1807
2068
1792
1617
1468
2084
2066
2382
2825
2840
2740
2845
3133
3116
4035
4183
4325
4721
5059
5232
5673
5330
3898
1332
21
-666
-1072
-7
-466
-1325
-2448
-2798
-5384
-5015
-4625
-6396
-6552
-7439
-7096
-6252
-3898
-4831
-4708
-4168
-3676
-2926
-1230
442
809
2327
956
1461
2050
3267
2634
2305
1562
1089
1343
592
388
52
557
-1366
-1761
-3038
-3116
-3947
-4433
-5121
-5686
-4496
-5317
-5330
-5437
-4677
-4343
-2984
-2594
-2057
-1226
-725
-249
376
1422
1510
2472
2764
3055
3428
3918
3774
3973
4011
3492
3549
3747
3637
3052
3015
2328
2117
2231
1888
1651
1835
2091
1925
2256
2762
2806
3130
3473
3154
3521
3993
4075
4208
4705
4690
4991
5289
4778
3486
1389
599
-409
-264
-148
-511
-1631
-2407
-3017
-5117
-4355
-4827
-6160
-6804
-7395
-7265
-5587
-4081
-4786
-4612
-4418
-3899
-3194
-1194
-313
653
1504
515
1119
2015
2870
2401
2073
1180
1082
1049
587
155
125
43
-1476
-1829
-2864
-2854
-3430
-4037
-5053
-5320
-4564
-5212
-5193
-5275
-4773
-4341
-3075
-2668
-2167
-1310
-829
-333
291
1260
1448
2459
2664
2947
3301
3764
3849
3953
4014
3435
3624
3652
3641
3053
3183
2598
2397
2320
1967
1845
1804
2370
1945
2335
2696
2739
2767
3336
3145
3335
4097
3953
4180
4565
4957
4956
5356
4782
3147
1418
491
-19
12
322
-243
-1635
-2504
-3084
-4782
-4140
-4243
-5949
-6433
-7194
-7007
-5503
-3934
-4620
-4696
-4345
-4222
-3240
-1531
-355
164
1391
459
1055
2016
2755
2357
1791
1163
597
1099
400
304
-142
-145
-1510
-1920
-2554
-2848
-3050
-3776
-4642
-5268
-4368
-5143
-4903
-5174
-4907
-4496
-3443
-2727
-2415
-1313
-1023
-296
144
1142
1459
2464
2718
2751
3120
3297
3687
3719
3937
3382
3707
3739
3598
3163
3145
2800
2463
2627
2006
2034
2030
2220
1900
2264
2575
2737
2980
3211
3077
3278
4009
3617
4241
4433
4749
5140
5306
4645
3172
1610
147
46
54
311
-30
-1224
-2564
-3008
-4432
-4187
-3989
-5742
-6192
-7252
-6724
-5574
-4003
-4436
-4655
-4320
-4037
-3069
-1714
-368
-242
1041
66
957
1719
2738
2515
1676
1256
499
1042
247
412
-483
-449
-1605
-1999
-2546
-2647
-2931
-3802
-4293
-5202
-4253
-4999
-4744
-5184
-4858
-4548
-3563
-2680
-2366
-1298
-979
-179
43
1272
1527
2488
2826
2886
3150
3419
3822
3705
3934
3363
3700
3743
3751
3320
3321
2953
2624
2626
2171
2189
2243
2404
2023
2322
2527
2757
2959
3283
3203
3317
3676
3753
3938
4348
5031
4781
5301
4691
2769
1454
415
-134
83
335
-371
-1526
-2179
-2919
-4673
-3762
-4430
-5944
-5975
-7223
-6625
-5165
-3935
-4843
-4659
-4498
-4046
-3023
-1608
-904
-330
800
-207
1048
1648
2738
2107
1724
883
549
1125
204
210
-416
-498
-1775
-1727
-2640
-2549
-3011
-3637
-4546
-4937
-4088
-5128
-4460
-5153
-4703
-4448
-3285
-2982
-2454
-1341
-1229
-106
263
1318
1488
2801
2589
3009
3332
3454
3917
3838
3966
3227
3942
3669
3860
3496
3515
3008
2784
2778
2088
2289
2270
2289
1988
2594
2388
2752
3024
2957
2993
3301
3499
3428
4131
4065
4396
4950
5072
4632
3335
1565
10
108
105
-13
131
-1378
-2399
-2965
-4292
-4253
-3813
-5416
-6144
-7093
-6811
-5383
-4180
-4192
-4972
-4362
-4279
-3306
-2104
-877
-493
393
-29
480
1620
2414
2436
1360
1124
430
1017
348
125
-394
-826
-1453
-1998
-2313
-2595
-2847
-3662
-4174
-4859
-4083
-4581
-4580
-4888
-4808
-4324
-3507
-2512
-2440
-1558
-1204
-350
202
1240
1627
2399
2740
2838
3274
3527
4106
3878
3976
3286
3572
3793
3825
3554
3389
3248
2888
2923
2543
2431
2355
2518
2173
2459
2715
2912
2825
2908
2951
3042
3751
3756
3986
4107
4377
4664
5144
5041
4138
2311
480
52
-211
226
349
-639
-2225
-2912
-3963
-4615
-3523
-4667
-5655
-6683
-7114
-6339
-4717
-4043
-4802
-4506
-4728
-3974
-3063
-1316
-1026
0
99
-160
888
1739
2500
1572
1547
437
717
361
259
-399
-803
-1294
-2176
-2238
-2823
-2416
-3396
-3652
-4917
-4594
-4775
-4758
-4715
-5095
-4455
-4354
-3051
-2913
-1868
-1590
-691
-371
296
1244
1899
2881
2849
3401
3060
3923
3748
4061
3720
3609
3947
3725
3864
3349
3602
3035
3229
2626
2559
2468
2655
2754
2528
2870
2713
2806
2741
3223
3039
3763
3945
4016
4303
4676
5005
5284
5555
4757
3244
1260
528
216
415
409
-8
-1819
-2637
-3151
-4523
-3789
-3938
-5268
-6286
-7084
-6828
-5460
-4228
-4407
-4840
-4665
-4426
-3661
-2093
-1042
-324
408
-117
337
1372
2287
2106
1534
1080
471
565
198
-200
-662
-999
-1910
-2542
-2745
-2744
-3183
-3732
-4629
-5187
-4794
-5037
-4935
-5070
-4959
-4589
-3922
-3108
-2403
-1756
-1220
-713
-185
811
1526
2465
2884
3041
3198
3435
3874
4011
4119
3736
3802
3808
3939
3787
3688
3545
3224
2953
2542
2728
2659
2967
2833
2692
2647
2798
2805
3128
3408
3502
3923
3807
4218
4286
4886
5137
5175
4889
3784
1986
560
574
68
211
163
-1033
-2586
-2694
-3705
-4429
-3340
-4623
-5706
-6709
-6765
-6307
-4890
-4134
-4868
-4601
-4478
-3854
-3100
-1023
-614
430
331
54
757
1603
2350
1308
1505
492
656
211
178
-545
-820
-1146
-2308
-2347
-2780
-2654
-3747
-3956
-5192
-5032
-5074
-5112
-5128
-5312
-4580
-4550
-3282
-2769
-1916
-1570
-741
-514
274
1179
1739
2529
2590
3124
2982
3859
3880
4192
4052
3887
4027
3911
4192
3815
4003
3560
3334
2839
2843
2828
2799
2899
2648
2715
2840
3180
3131
3565
3729
3847
3857
4019
4157
4374
4881
5067
4806
4549
3422
1424
613
253
-44
-145
-48
-1619
-2591
-2643
-3826
-4178
-3530
-4875
-6193
-6559
-7041
-6183
-4973
-4202
-4747
-4362
-4124
-3810
-2541
-831
-145
479
448
-146
655
1358
1802
1301
1285
574
255
5
-295
-736
-814
-1174
-2227
-2395
-2881
-3215
-4010
-4421
-5254
-5337
-5287
-5526
-5386
-5158
-4497
-4108
-3051
-2641
-2039
-1438
-932
-357
416
1281
1633
2318
2544
2884
3240
3877
4029
4230
4239
4068
4129
4155
4264
3879
4029
3527
3239
3009
2943
2900
2937
3045
2711
2949
3168
3386
3490
3896
3800
3805
3982
3949
4176
4489
5057
4925
4798
4446
2830
1359
514
228
-237
-63
-448
-2058
-2512
-2706
-3985
-4001
-3651
-5509
-6044
-6864
-6959
-6135
-4731
-4202
-4574
-3991
-3993
-3299
-2031
-400
-61
858
145
12
648
1354
1654
1197
1357
358
428
22
-168
-699
-458
-1281
-2250
-2667
-3234
-3652
-4357
-4505
-5580
-5202
-5580
-5581
-5451
-5064
-4340
-3823
-2834
-2707
-1966
-1672
-1029
-579
503
1098
1620
2277
2435
3052
3386
4296
4256
4659
4484
4353
4366
4350
4320
4166
4175
3592
3501
3020
3156
3075
3336
3104
2933
3063
3082
3258
3305
3670
3464
3570
3365
3495
3612
4150
4535
4425
4252
3855
2583
895
359
-41
-328
-377
-800
-2276
-2508
-2525
-3757
-3761
-3695
-5051
-5809
-6536
-6787
-5857
-4490
-4062
-4323
-3852
-3545
-3045
-1670
-340
129
937
137
-214
303
1152
1376
1242
1217
540
507
43
-187
-545
-186
-1177
-2097
-2907
-3491
-3835
-4332
-4685
-5361
-4932
-5574
-5372
-5241
-4696
-4067
-3358
-2906
-2795
-2071
-1811
-1188
-706
506
785
1585
1994
2390
3091
3621
4348
4271
4584
4158
4271
4141
4198
4054
4115
3932
3455
3454
2957
3130
3213
3453
2951
2992
3168
3137
3229
3293
3396
3305
3530
3256
3381
3807
4182
4405
4463
4207
4202
3378
1479
270
-115
-478
-759
-893
-1891
-2537
-2362
-3087
-4137
-3740
-4339
-5543
-6432
-7064
-6655
-5344
-4321
-4394
-4128
-3677
-3084
-2376
-652
122
912
762
-185
-65
563
1439
1237
1488
1137
899
274
210
90
307
116
-1291
-2558
-3686
-3872
-4351
-4448
-5010
-4766
-5196
-5617
-5289
-4724
-4075
-3382
-2955
-3629
-3075
-2632
-1906
-1186
-174
385
715
1429
1956
2844
3866
4557
4451
4385
3867
3981
4213
4422
4337
4231
4206
3680
3548
3604
3670
3687
3875
3178
2724
2992
3133
2945
3239
3269
3033
3371
3231
3156
3593
4211
4032
4118
4052
3818
3636
2955
1189
-49
-69
-787
-1116
-1177
-1785
-2391
-2069
-3067
-4072
-3911
-4426
-5665
-6551
-6624
-6509
-5323
-4399
-4352
-4035
-3005
-2610
-2040
-564
20
513
287
-384
-258
524
1067
978
1236
1318
928
524
398
57
58
-511
-2109
-3270
-3527
-3678
-4107
-4164
-4401
-4509
-4798
-4926
-4851
-4466
-3762
-3607
-3592
-3462
-3006
-2432
-1539
-848
-69
575
959
1772
2367
3087
3513
3962
4084
3857
3833
3992
4306
4543
4739
4438
4346
4176
3841
3564
3603
3572
3412
3168
2838
2926
3188
3242
3136
3418
3399
3326
3203
3203
3194
3536
3852
3515
3528
3627
3479
3038
2426
953
-203
-534
-1213
-1606
-1720
-2296
-2595
-2582
-3342
-4184
-4261
-4718
-5815
-6279
-6528
-6345
-5248
-4537
-4207
-3688
-2713
-2341
-1806
-588
-174
225
-192
-562
-395
424
854
724
1277
1375
1089
529
197
-283
-38
-727
-2571
-3351
-3527
-3935
-4135
-4059
-4180
-3726
-3695
-4083
-4608
-4034
-3674
-3900
-3533
-3513
-2967
-2143
-1172
-665
447
1215
1686
2455
2783
3121
3146
3763
3648
3886
3983
4026
4355
4734
4832
4505
4755
4388
4086
3555
3462
3184
3186
3052
2834
3021
3194
3309
3118
3468
3236
3253
3013
2784
2924
3193
3075
2936
3201
3249
3225
3057
2683
1139
-46
-935
-1692
-1924
-1742
-2237
-2758
-2367
-2669
-3565
-4054
-4376
-5265
-5719
-6191
-6468
-5759
-4669
-4281
-3702
-3044
-2438
-1864
-941
-451
-400
-396
-1227
-931
-219
439
265
558
1156
1312
1068
504
69
102
-218
-2005
-3443
-3921
-3218
-3144
-3397
-3635
-3230
-2910
-3292
-3829
-4147
-3656
-3678
-3765
-4017
-3354
-2353
-1518
-816
48
1159
1657
1929
2062
2567
2913
3129
3124
3374
3802
4149
4408
4748
5198
5368
5244
4449
4064
3804
3686
3450
3373
3466
3394
3584
3591
3590
3462
3619
3291
2805
2522
2200
2237
2313
2406
2533
2646
2967
2966
2615
2185
1472
329
-1277
-1815
-2256
-2110
-1800
-2473
-2313
-2039
-2051
-3049
-3991
-4466
-5282
-5318
-5905
-6244
-5030
-4119
-3526
-3165
-2494
-1874
-1472
-861
-1291
-1214
-1433
-1814
-1454
-800
-6
154
671
1114
1213
929
7
-646
-660
-1331
-2689
-3555
-3187
-2392
-1769
-2033
-2483
-2172
-2132
-2718
-3749
-3720
-3535
-3352
-3373
-3462
-2502
-1063
-78
330
825
1031
1165
1264
1421
1867
2406
2612
2776
3253
3983
4496
4947
5247
5147
4918
4036
3498
3492
3615
3684
3558
3528
3660
3887
3833
3735
3533
3401
2882
2102
1626
1468
1745
2034
2276
2162
2120
2138
1918
1795
1643
1569
1541
959
-435
-1930
-1821
-1534
-1169
-908
-2074
-1794
-1432
-1681
-2847
-3918
-3838
-4691
-4947
-5582
-5893
-4119
-3255
-3127
-3189
-3042
-2526
-2730
-2348
-2467
-1842
-1790
-2830
-2699
-1605
-95
136
269
269
372
389
-650
-1235
-609
-314
-1148
-2606
-2527
-1333
-569
-691
-1637
-1473
-1414
-1860
-3004
-3280
-2390
-1953
-2256
-2958
-2126
-617
310
203
56
487
865
664
589
1275
2383
3159
2933
3020
3647
4476
4662
4412
4352
4434
4206
3680
3803
4138
4474
4196
3709
3634
3913
4059
3615
2967
2691
2313
1724
1420
1129
1590
1595
1352
1197
888
1334
1357
1349
1145
935
1371
1105
575
-316
-975
-700
-574
-385
-975
-1195
-621
-613
-875
-2052
-2692
-3125
-3815
-4195
-5051
-4590
-4018
-3857
-3610
-3768
-3204
-3293
-3376
-3319
-3360
-3142
-3760
-3779
-3004
-1887
-1158
-1225
-1050
-553
-70
-403
-1047
-1046
-716
-683
-1271
-1408
-586
380
558
-140
-476
-480
-587
-1188
-1865
-1789
-1348
-1129
-1442
-1186
-478
121
336
91
117
184
411
420
563
1074
1389
1898
2404
2948
3342
3449
3419
3242
3173
3098
3066
3219
3202
3307
3619
3730
3556
3339
3383
3182
2661
1936
1489
1637
1802
1516
1306
1463
1644
1535
1226
1317
1168
1139
915
931
1417
1429
1743
1777
1551
929
188
-89
5
146
-29
-467
-604
-531
-830
-1087
-1731
-2457
-3184
-3727
-4205
-4354
-4455
-4372
-4074
-4072
-3981
-4265
-4027
-3874
-3757
-3860
-4344
-4270
-3690
-2830
-2250
-1910
-1514
-933
-769
-785
-861
-587
-123
-96
-314
-443
207
1004
1313
1129
800
518
261
-126
-495
-488
-348
-258
-330
-107
109
454
674
615
344
-188
-321
-90
508
826
1268
1520
1880
2169
2407
2757
2055
1846
1668
2211
2875
2006
2650
3007
3323
3275
1889
2565
2070
1941
1721
992
2153
1608
1344
1702
981
1713
1276
1384
1797
815
1319
780
1818
2192
1714
1617
1675
2276
2654
1781
926
819
716
1075
34
61
-317
331
79
-693
-1390
-2134
-2436
-3148
-3493
-4249
-4371
-4564
-4245
-4563
-4578
-4998
-4797
-4634
-4544
-4605
-4967
-4676
-4286
-3456
-3217
-2891
-2623
-1685
-1263
-1004
-1178
-1043
-460
28
166
250
847
1158
1674
1470
1303
1116
963
743
441
483
609
615
606
369
673
836
448
193
348
307
-277
198
-113
10
402
164
1137
1315
953
1317
812
2049
1398
603
1342
838
2707
2111
1668
2134
1766
2777
2302
1273
2191
986
1961
2282
1355
2448
1295
2777
2409
2276
2796
1285
2284
2563
1964
2424
1234
2420
2541
2781
2850
1351
2102
1660
2045
1022
586
203
394
463
123
-725
-913
-1112
-1425
-1749
-2916
-2775
-3686
-3114
-3986
-3683
-3972
-4145
-3818
-4349
-4344
-4507
-4296
-3985
-3876
-4255
-3575
-3638
-2331
-2410
-2131
-1964
-1804
-1423
-1586
-1191
-1018
-309
-386
-76
-255
301
630
1003
931
666
385
49
105
122
636
346
77
511
1266
740
-241
-7
-165
-135
-222
-909
99
-395
464
740
316
904
-659
117
556
534
981
-405
940
2250
1063
1717
643
2597
2029
1091
3022
451
3210
2807
1899
3285
1611
3365
3025
2205
3686
2193
2389
2967
1962
3841
2311
1243
2621
1797
3008
2041
12
2225
1263
1244
1133
-252
1293
206
-194
110
-397
81
-634
-1265
-879
-1550
-1010
-1680
-2132
-1784
-2252
-2037
-2315
-2816
-2757
-2801
-3119
-2844
-3409
-3263
-3269
-3346
-3184
-3037
-3204
-3090
-3027
-2993
-2741
-2842
-2566
-2392
-1819
-1849
-1525
-1303
-959
-824
-501
-649
-520
278
-154
-47
-41
565
824
56
310
249
804
1419
-1161
320
645
290
1072
-2349
1511
57
-552
1503
-1448
1730
-1164
-41
2091
-952
1766
-16
151
3635
647
1327
1444
1685
3642
931
2955
2389
2005
3781
2518
3438
2490
1865
3817
3920
2465
1942
2265
4187
2683
1867
1634
1558
3674
841
2202
1210
994
964
1324
2036
-221
582
-493
1602
-78
-152
-654
-252
-104
-579
-709
-1075
-1182
-1673
-583
-2377
-963
-3000
-1234
-1845
-2172
-2247
-3153
-1537
-2348
-2987
-3235
-2605
-2679
-1983
-3229
-2343
-3136
-1733
-1998
-2575
-2544
-2293
-1412
-2028
-2184
-2649
-1109
-1303
-1459
-2027
-1446
-1267
-1027
-1352
-1130
-1938
-569
-673
-1436
-390
-1358
-248
-1219
-689
-362
68
-614
-54
-373
586
622
-59
587
-107
2241
942
508
1816
1769
1290
1964
892
3125
2509
1347
2423
2706
3579
2203
2143
3022
2356
3354
3400
704
4395
2895
2946
2330
2545
3303
1865
2197
2543
1910
2247
2839
855
2477
664
2977
495
775
985
472
1465
-130
503
-636
941
-496
-276
-1452
25
-951
-1689
-1039
-451
-716
-3038
-1541
-1810
-330
-2380
-2791
-2292
-515
-1454
-2948
-1995
-2139
-1216
-2691
-2202
-2565
-928
-1967
-2504
-2103
-1290
-1454
-3038
-2170
-1891
-1198
-3299
-1778
-1865
-1406
-1863
-2607
-1431
-1192
-1693
-2557
-1356
-1930
-539
-2097
-1051
-921
-1242
-37
-1314
-268
-140
-333
7
-537
108
1843
-385
1277
-172
1321
2763
77
1638
1148
2761
2009
816
2360
2943
1514
2421
1168
3355
3449
1241
2055
3523
3313
678
2988
2481
2368
2099
3027
1601
2060
3590
1677
1191
2629
1957
1258
2173
753
1825
1461
762
556
1251
803
546
-1142
1101
410
-708
418
-1644
142
-927
-1348
-1228
-742
-1085
-1070
-2840
-248
-439
-2516
-1208
-2842
-499
-1508
-2737
-1326
-1351
-1606
-1459
-2857
-486
-1770
-2446
-1896
-2287
-1197
-2181
-1548
-2422
-1228
-1919
-1500
-2384
-1354
-1855
-2240
-819
-1529
-1244
-2454
-522
-573
-935
-1730
-778
-59
448
-1386
-588
515
266
824
-1719
1418
1298
292
-73
935
2061
728
1143
740
1445
2077
1158
1083
1033
2442
1964
608
2397
1810
2030
1492
1690
3086
1102
1226
3135
1399
2012
1707
1895
2213
1520
2705
247
2467
2228
500
986
1604
2068
-271
510
1160
552
1826
-1256
-104
757
48
203
-2527
1125
-550
-220
-1660
-1638
1265
-1686
-1052
-1798
-898
231
-1959
-1628
-1282
-995
-808
-2807
-1136
-958
-1378
-1929
-1947
-1222
-1289
-1944
-2059
-1501
-1794
-983
-3215
-1086
-579
-2518
-1276
-1715
-703
-1217
-1421
-1045
-1520
-458
-198
-1415
-1098
817
-116
-1313
-117
596
459
-676
-483
1237
235
737
-460
-146
2744
-256
-130
1296
337
1438
377
403
1529
392
1656
-76
1511
2067
536
1498
1538
827
1712
1831
-78
2285
868
3217
404
1060
2544
952
2214
-154
1695
1248
1860
-1112
2649
989
-86
1858
-1344
2636
-1657
708
820
-1249
1489
-1373
560
610
-1932
912
-594
-1099
516
-2481
1333
-1058
-1331
-171
-939
501
-2761
-180
-631
-1091
-1307
-1864
-1306
-750
-1565
-1350
-913
-1813
-1394
-1291
-1249
-2246
-1584
-1418
-685
-2415
-657
-1014
-330
-928
-2567
1084
-1388
-408
-777
-1015
1588
-954
-702
1403
121
654
-1010
734
1812
-836
916
408
888
1129
-212
947
1454
-258
1352
760
744
921
-84
2074
300
808
1088
-88
2715
1052
-69
1667
1437
1576
-121
1840
2258
-153
1109
1544
1823
641
1000
1393
382
1712
-101
189
531
1291
152
-1119
1242
-433
832
-760
-1092
850
-686
-874
-669
-682
643
-1973
-1138
752
-1136
139
-2245
55
-18
-1116
-1363
-1028
-10
-1613
-274
-2055
164
-1248
-1284
-571
-2144
-195
-1898
-1362
-926
-1416
-1241
-1115
-1590
-364
-1512
-500
-1869
-1612
1291
-1398
-766
-1073
1146
-1037
-2
875
-454
702
-502
1169
877
31
898
-246
1907
1756
-1351
3078
-474
1524
481
160
2832
-1036
971
1455
786
561
1081
616
2261
-1269
1566
1837
-190
1015
490
2672
317
-621
2647
2061
-562
789
725
2690
-703
359
1344
644
1757
-1843
1092
1464
-596
-376
-689
854
-16
-1505
-412
100
991
-2835
-875
1396
-1973
-1394
-946
580
-1811
-1411
583
-1671
304
-2514
-786
826
-2712
-270
-1455
-57
-212
-3313
-567
722
-1810
-1448
-2706
940
22
-3927
1117
-1730
-726
-856
-3815
2252
-1096
-2803
1669
-2942
2247
-381
-2872
1764
-1549
2343
-2488
-227
3585
-2104
1303
1316
-184
2405
-1198
868
1956
246
1273
-443
3768
-491
897
3084
-561
1560
1552
-338
1444
2656
311
534
1869
2566
-708
2276
1141
924
981
1219
1923
-714
2497
1098
1108
-490
2103
1623
-941
981
944
889
-1235
573
696
-64
-181
-595
-202
698
-592
-1546
-354
181
-1353
-1861
417
-1195
-1006
-1453
-430
-765
-2080
-41
-1850
-844
-1180
-1640
-619
-2172
-541
-1486
-1304
-784
-1845
254
-2815
-491
-892
-1514
-1112
-2315
1307
-2586
-1036
-109
-1038
-518
-1930
609
-32
-2218
185
-1005
1192
-86
-2930
2686
297
-502
-580
1471
1072
-815
38
792
2557
-475
52
1778
1544
1342
-54
1014
2338
-93
1507
507
1352
2661
-597
2531
1060
435
2648
-454
2428
1480
-416
2721
623
1523
768
953
1777
382
541
2028
951
-132
1306
53
1581
-189
85
1352
-1630
1831
-76
-2111
1996
-1165
346
-1117
-1785
2229
-2492
-1241
-106
-1384
-228
-1715
-1644
115
-1268
-1279
-2135
-1029
956
-4347
-714
-439
-1084
-1324
-2711
541
-1828
-565
-2878
-782
114
-3050
124
-1881
-580
74
-3243
639
-1286
-360
-961
-2023
1813
-2395
99
132
-530
-66
-635
1047
1
-607
417
730
1003
-477
1004
1480
453
649
348
1862
556
1611
-417
2769
1133
234
1753
597
2459
106
1253
1212
1848
1148
610
895
2157
441
1855
781
727
1560
348
2529
-519
856
1910
1415
-379
524
1559
1334
-1120
538
1082
557
499
-1837
1992
752
-1120
-1225
208
502
-200
-1938
-393
352
-530
-1850
-1020
-482
-1138
-1020
-1762
-259
-1765
-670
-1533
-1789
-1644
-386
-1767
-1445
-1490
-816
-1383
-1947
-612
-2961
657
-1567
-2324
-128
-1291
-744
-1713
-2067
1518
-2713
-726
-101
-1472
1008
-2781
511
-124
-844
1184
-1839
985
945
-1646
952
531
821
-237
1139
1135
1517
99
391
2254
1230
357
546
2886
877
1389
755
2147
1786
700
898
1352
2684
505
974
1460
1898
2148
-603
2143
1377
922
1308
-103
2472
817
429
602
795
2001
640
-1490
2658
-667
1333
-21
-1730
3004
-1377
486
-1376
1112
532
-2012
-655
477
-58
-1536
-1698
86
497
-2003
-2364
-377
1473
-3550
-1831
-661
71
-2520
-2648
1004
-2068
-1501
-1875
-1147
-398
-3026
-1101
-908
-1264
-979
-3034
579
-1622
-1666
-1200
-1159
311
-2619
-306
-798
-87
-1290
-1909
1245
-425
-547
-1261
666
623
-789
-56
-132
1129
197
1052
-340
1275
1180
278
1248
444
1973
668
913
1282
2177
1206
972
1060
1843
2131
674
1638
756
2416
1882
107
1764
1957
1640
176
1550
2378
285
964
906
1893
766
974
67
1115
2056
-709
381
510
1084
-261
255
-19
1033
-604
-557
4
-188
-29
-1486
526
-1343
51
-1127
-1235
-743
-404
-1790
-976
-1091
-1516
-160
-2863
-132
-1984
-997
-1781
-1399
-487
-2504
-1741
-954
-701
-2735
-1578
-735
-36
-3193
-1298
303
-1852
-1341
-1822
-370
-415
-1997
-1079
306
-609
-989
-1142
818
-780
-537
-117
-594
939
-250
333
289
991
-140
784
1505
114
586
790
2155
435
804
1909
621
2777
-359
2107
2298
-135
2736
-364
3327
1384
-480
2920
1356
2129
633
546
3337
-667
1710
2339
-746
2550
162
1274
1996
-583
949
1726
-536
606
770
463
748
-555
864
-644
569
1049
-2525
693
1131
-2318
124
-21
-962
179
-2065
294
-1530
-809
694
-4031
1151
-2057
-1240
-712
-2290
35
-2786
-87
-2542
-796
-1073
-2443
-1067
-887
-2269
-1850
25
-2180
-1040
-2394
483
-1954
-1831
-1050
-1293
605
-2596
-866
-428
234
-1066
-1430
-1400
1660
-585
-2037
571
872
1058
-2293
1052
1263
-57
-109
51
1991
1854
-474
418
2171
1735
207
453
1886
1623
1562
587
1932
1203
2497
480
789
2651
1154
984
1162
1916
943
1881
261
1675
1447
1143
515
850
1705
288
921
507
967
357
760
296
1319
-1040
564
1700
-1655
472
-7
895
-1136
-610
532
129
328
-2829
916
142
-1594
-587
-1138
621
-1819
-1312
219
-649
-1319
-2059
-214
-892
-1404
-1433
-1078
-1132
-859
-1835
-1095
-124
-2797
-650
-809
-726
-2627
-469
-396
-1731
-721
-2054
759
-1125
-1839
-889
799
-1018
-2736
445
1437
-2019
-1422
962
751
-1333
-935
1618
-200
570
-1633
1480
1729
-636
-408
861
3560
-1838
461
3008
1079
-211
286
2951
1011
-457
1768
2291
1281
556
490
2781
1061
851
270
995
3141
-578
235
2385
2098
-862
-108
2633
1105
-297
-919
1660
1618
122
-1186
1179
2060
-1216
-708
349
2080
-1570
-1362
722
1591
-879
-2589
1446
134
-690
-2129
704
167
-1286
-1336
-399
-409
-1095
-477
-2425
967
-1125
-1042
-1601
-742
113
-2388
-724
-1438
94
-1516
-1434
452
-1710
-979
-956
-745
10
-2514
152
-716
-1176
759
-2315
444
-500
-746
-169
-1276
961
-975
-793
319
8
94
-194
-436
596
89
685
111
-884
2365
-406
91
582
779
1619
-671
1380
1332
904
1009
135
1820
972
-735
2210
1268
1031
301
1155
2546
-267
788
1096
1727
-169
251
1015
1813
626
-698
2054
950
1085
-1869
1548
1987
-1741
-158
1435
1233
-1093
311
910
746
-1393
-405
682
98
-847
-690
351
83
-732
-1172
658
-841
-792
-1356
-216
385
-2144
-1120
-201
-459
-1247
-1623
-150
-345
-1628
-641
-1448
214
-1206
-2307
356
-465
-632
-2300
12
369
-1133
-952
-1055
367
-384
-653
-1595
-158
1041
-1414
-1565
1548
909
-1933
-564
963
773
-1051
-1946
1259
1882
-981
-973
1211
2125
-814
-1625
2106
1371
-683
-689
991
2997
-1271
-597
2300
1265
517
-1358
1887
2023
-547
-398
1247
2102
-461
310
925
1889
11
-375
1586
455
985
-703
1238
1260
-407
660
119
1633
399
-922
1311
366
74
-143
363
1378
-1433
610
941
-113
-408
-871
1134
-44
-838
-356
276
444
-1175
-1052
481
-804
-978
-369
-129
-17
-1195
-780
-333
-402
-1113
-995
-936
145
-648
-1256
246
-742
-565
-1084
126
-609
-1361
-179
-287
-560
-572
-230
-381
709
-1504
-16
539
-1066
-504
-476
506
-319
-67
7
513
311
-364
-479
698
-23
-485
344
185
1182
-305
49
1017
627
-548
108
588
807
62
68
591
367
862
-384
937
447
230
-522
1067
852
278
-97
-356
1738
-55
102
-193
1724
-504
-106
1143
414
462
-1097
1415
-6
352
452
-295
487
286
337
112
-414
555
285
2
169
-795
672
-478
204
-544
108
745
-781
-404
-270
939
-808
-1712
-489
1958
-705
-2040
281
1108
-545
-1854
19
118
435
-1651
-1215
808
501
-1394
-1074
730
563
-823
-1301
446
454
-792
-1377
-225
1111
176
-1130
443
-307
684
-181
-1391
706
-261
344
-633
-177
1256
25
-979
-58
1295
-208
-566
-67
180
560
-242
-593
272
605
752
-594
-508
1362
-608
188
-683
434
403
-1094
1873
-885
406
1013
-810
-1
135
585
179
-1007
584
286
591
603
-1106
1186
236
442
-680
-58
1154
-340
-68
21
1123
-75
367
383
-624
923
-110
-159
-160
423
901
-1075
542
348
170
376
-991
222
340
268
-304
-1647
1451
764
-1560
201
-14
821
-931
-1238
1001
297
-1042
-1116
808
1015
-843
-1353
378
1020
-870
-1234
207
498
484
-1850
553
882
-820
6
-1377
1438
-295
-1287
578
-543
769
-502
-1066
660
-323
254
-1015
-83
238
-356
14
-1268
554
-126
105
-797
-317
637
-751
114
-558
-527
894
-1132
-415
1247
-517
173
-1024
282
921
-599
22
-918
568
1159
-974
421
366
221
382
-641
804
525
329
-405
486
766
424
119
-21
963
267
690
-390
963
1332
-654
-92
659
493
312
230
788
-226
554
1454
-1062
661
-111
119
421
-970
1455
-16
-34
418
-428
1118
-610
-609
-43
336
558
-1183
-255
867
498
-485
-924
-140
1372
-1091
-937
134
530
334
-1573
-290
904
419
-1351
-884
599
1113
-2515
-142
490
-302
176
-2045
575
-248
308
-777
-1531
218
432
-1290
-703
-261
325
-180
-1699
538
-421
296
-1450
-745
511
155
-421
-1087
587
216
351
-1168
-306
578
-101
-572
31
489
1067
-218
-793
1389
-20
628
-1395
488
1617
-618
852
262
1590
265
-398
351
1132
19
294
637
338
1298
-31
1242
-17
660
621
133
417
358
632
427
-79
277
997
-515
1628
-530
362
656
-477
332
-808
1098
159
-346
-151
707
555
-316
-794
496
-112
-456
-188
-831
1639
-809
-821
181
-91
112
-1378
-69
41
-592
-246
-935
77
-329
-624
-435
-1053
184
-710
-819
-267
-630
-372
-626
-1001
61
-1009
-265
-290
-840
-271
-913
0
-852
-271
-551
231
-994
-274
129
-149
405
-1533
466
22
-659
189
149
105
441
-1143
1206
755
-459
156
-205
1371
-932
298
1537
201
247
412
620
1435
-470
890
784
118
1040
-239
1696
394
710
847
511
831
655
252
815
579
-69
881
123
1482
-286
676
920
-152
781
-805
774
703
-603
201
463
351
57
-612
1368
-354
-549
-146
-519
1157
-1271
110
-577
-72
176
-1132
323
-584
-667
-810
-530
-19
-1123
-860
74
-1002
-519
-1497
-576
10
-1519
-448
-616
-681
-834
-798
-506
-758
-841
-941
-817
-126
-760
-426
-692
-546
28
-788
-171
-859
-132
-117
-490
-233
-646
353
380
-654
212
730
-313
-55
-131
805
310
-104
337
357
945
538
641
506
889
583
370
476
1254
846
70
701
1313
1321
343
812
887
1259
399
635
935
542
851
302
632
902
1037
347
482
894
731
120
-34
370
598
47
3
389
640
347
55
329
-222
142
-500
-314
103
-370
-357
-141
-220
-325
-341
-204
-382
-822
-759
-969
-598
-926
-740
-636
-443
-882
-1147
-248
-362
-1117
-1472
-870
-732
-1112
-834
-629
-669
-148
-1105
-652
-324
-510
-1218
-1073
142
-1011
-687
-723
-153
213
-240
-430
-390
-56
-384
-445
6
-346
-506
426
415
426
306
420
435
163
75
671
335
102
538
1013
1109
558
841
837
1328
561
399
921
485
645
750
1086
879
821
1159
952
1082
796
275
514
681
400
556
920
656
655
704
1017
872
73
296
84
78
468
-12
205
153
256
274
-10
340
81
-374
-444
-530
-472
-640
-754
-201
-314
-207
-347
-422
-489
-809
-703
-1230
-1026
-990
-876
-523
-749
-367
-516
-577
-632
-1191
-719
-677
-1345
-1023
-792
-632
-354
-640
-166
-442
-341
-525
-1088
-248
-832
-1073
-459
-189
-117
114
55
172
-83
-110
-151
-576
42
-163
328
348
288
627
699
774
394
315
714
713
16
385
781
856
288
766
1495
1076
849
581
760
804
147
130
889
978
494
696
1378
1036
634
468
769
495
-26
289
714
500
187
537
665
858
206
138
493
333
-293
-724
99
59
-374
-340
118
368
-223
-531
-248
-291
-825
-1131
-965
-580
-457
-624
-835
-229
-174
-610
-988
-734
-468
-1283
-1059
-1128
-548
-519
-931
-335
-348
-369
-663
-773
-641
-850
-959
-874
-831
-339
-427
-284
-100
-205
-117
-487
-299
-431
-447
-331
-421
-37
72
445
516
106
374
470
106
233
236
241
308
345
677
808
697
721
862
666
675
527
671
514
462
788
668
690
661
821
885
753
691
687
472
634
346
356
559
560
601
300
695
788
465
216
296
382
63
-224
174
258
-5
31
178
204
-287
-210
-168
-385
-469
-506
-305
-400
-520
-580
-383
-247
-761
-638
-390
-649
-792
-688
-550
-635
-727
-652
-565
-519
-490
-674
-544
-586
-575
-746
-688
-366
-577
-554
-415
-340
-514
-417
-464
-313
-343
-478
-216
-257
-239
-120
-36
-86
-28
3
100
-48
109
452
209
111
381
521
458
193
364
762
505
275
383
797
628
389
566
729
645
381
463
651
699
441
471
582
602
603
449
532
613
617
411
331
599
488
299
270
433
512
142
179
369
257
91
-39
178
80
-217
-105
-98
-130
-221
-238
-209
-260
-313
-434
-331
-398
-498
-490
-445
-434
-569
-491
-468
-406
-409
-541
-604
-425
-453
-675
-561
-404
-459
-713
-505
-277
-277
-481
-505
-380
-420
-441
-625
-295
-214
-316
-268
-213
14
-137
-190
-129
2
10
-181
-4
310
323
150
240
398
373
202
297
493
472
350
333
580
618
532
422
574
687
429
364
427
622
575
361
554
604
601
498
409
525
432
374
255
355
510
350
354
480
396
266
229
128
38
133
53
-29
37
106
18
-183
-20
-183
-282
-354
-525
-341
-454
-516
-481
-395
-299
-563
-608
-454
-550
-617
-768
-651
-525
-753
-639
-463
-406
-487
-541
-540
-535
-466
-614
-683
-550
-431
-515
-562
-284
-257
-316
-360
-364
-245
-346
-305
-347
-148
-94
-171
79
68
215
181
107
167
198
266
125
319
431
348
465
527
635
575
534
589
515
487
490
503
576
552
567
629
639
672
539
569
589
463
403
433
521
494
467
469
499
490
450
376
323
295
226
151
117
174
187
92
67
94
50
-63
-158
-142
-192
-317
-353
-384
-333
-318
-374
-391
-451
-351
-475
-627
-531
-531
-596
-694
-580
-443
-557
-549
-453
-463
-505
-595
-573
-489
-552
-599
-494
-404
-380
-415
-329
-284
-295
-310
-363
-307
-215
-267
-318
-116
-48
-38
-14
52
124
140
83
35
155
194
167
192
391
470
471
467
478
608
520
412
429
478
502
497
540
553
645
662
572
531
586
503
377
448
433
396
357
442
455
438
433
384
429
282
183
209
195
80
23
111
172
151
22
48
94
-8
-214
-300
-168
-304
-382
-394
-334
-260
-399
-370
-378
-359
-452
-545
-565
-612
-550
-631
-700
-597
-467
-479
-551
-472
-399
-426
-554
-609
-507
-556
-550
-538
-374
-314
-312
-211
-282
-169
-194
-274
-317
-264
-113
-184
-137
-19
67
177
133
161
183
250
201
134
204
248
303
285
393
482
597
532
531
581
598
561
411
518
549
556
515
568
711
635
604
635
658
587
473
479
547
449
297
426
434
392
344
390
441
270
290
181
116
92
-65
-29
-30
-5
-14
-75
-16
-43
-124
-243
-282
-339
-414
-459
-426
-426
-496
-460
-469
-444
-552
-608
-568
-601
-700
-763
-689
-677
-755
-726
-648
-600
-625
-668
-583
-535
-600
-664
-598
-539
-510
-532
-473
-383
-327
-281
-323
-226
-160
-184
-178
-158
-56
-42
-68
-16
95
189
146
207
281
342
354
341
347
399
477
431
462
529
593
633
609
629
730
737
670
651
754
780
661
679
693
746
727
647
694
742
747
631
627
649
567
497
435
421
397
348
307
298
305
225
182
126
73
-8
-55
-115
-206
-181
-233
-250
-295
-300
-322
-360
-414
-440
-469
-576
-590
-633
-643
-733
-716
-665
-721
-699
-709
-682
-747
-800
-781
-833
-870
-887
-824
-817
-797
-714
-656
-639
-625
-550
-533
-581
-556
-504
-471
-472
-382
-280
-209
-143
-97
30
20
43
58
92
93
84
175
219
274
381
480
504
559
588
619
587
551
601
615
607
653
734
816
809
888
926
888
877
826
806
736
737
721
733
751
769
795
774
754
672
652
544
453
431
329
310
265
299
220
201
211
108
75
-31
-57
-148
-232
-314
-320
-341
-436
-432
-422
-443
-506
-538
-537
-611
-656
-749
-750
-760
-842
-820
-828
-759
-817
-780
-781
-802
-803
-852
-855
-873
-819
-850
-803
-754
-722
-673
-654
-622
-597
-537
-529
-512
-425
-403
-356
-305
-251
-200
-133
-73
-36
58
94
157
212
237
265
315
366
340
400
456
508
555
585
688
702
724
675
731
754
672
708
751
796
767
861
877
864
905
846
852
809
773
752
710
717
659
705
654
589
627
600
533
442
449
378
319
199
149
174
89
22
21
72
-7
-79
-103
-170
-230
-341
-405
-430
-441
-471
-498
-465
-492
-488
-535
-592
-629
-648
-711
-784
-751
-753
-758
-772
-720
-691
-724
-728
-722
-703
-741
-768
-707
-683
-693
-649
-574
-537
-542
-481
-418
-397
-404
-351
-288
-252
-256
-202
-85
-91
-56
21
118
116
142
205
242
267
252
316
348
385
400
433
483
513
540
527
564
591
607
595
595
658
679
657
655
704
722
668
661
687
700
671
642
670
663
609
567
566
522
486
440
406
385
351
318
246
228
176
126
51
-3
-4
-51
-111
-187
-147
-186
-263
-272
-285
-271
-363
-394
-402
-437
-470
-544
-515
-528
-538
-563
-572
-540
-586
-581
-638
-642
-648
-675
-687
-695
-642
-668
-632
-628
-602
-584
-579
-535
-554
-500
-480
-433
-393
-394
-315
-266
-240
-212
-148
-71
-62
-28
15
73
79
81
148
194
218
214
318
348
345
376
422
470
417
445
481
498
474
481
558
575
563
574
626
640
597
601
632
638
608
579
603
600
592
550
551
551
520
480
428
444
402
345
275
269
239
139
97
84
78
12
-44
-52
-62
-144
-211
-230
-260
-320
-363
-364
-369
-411
-421
-401
-432
-459
-482
-475
-527
-565
-566
-557
-573
-615
-584
-572
-583
-604
-605
-580
-598
-614
-615
-588
-576
-596
-560
-518
-478
-464
-426
-370
-364
-329
-309
-249
-231
-209
-143
-117
-69
-50
18
78
100
128
157
216
218
225
250
298
329
319
370
414
450
456
466
515
524
516
505
528
543
536
547
584
607
588
601
601
601
568
551
568
536
517
498
508
480
432
424
409
370
310
290
284
240
187
154
162
109
49
15
1
-23
-94
-121
-131
-143
-202
-254
-252
-268
-313
-360
-372
-360
-413
-456
-462
-450
-470
-515
-504
-500
-505
-540
-533
-524
-534
-549
-541
-523
-548
-529
-514
-481
-486
-466
-417
-408
-399
-395
-346
-340
-323
-303
-263
-212
-200
-161
-120
-87
-60
-46
-22
4
32
58
85
129
170
200
222
271
280
298
315
328
345
343
386
396
416
438
461
484
471
485
485
484
461
452
475
469
446
445
456
446
419
415
417
384
342
335
322
288
258
244
252
210
183
170
158
129
70
74
52
26
-13
-35
-38
-85
-114
-139
-142
-180
-216
-222
-240
-263
-300
-323
-331
-349
-374
-390
-387
-393
-414
-415
-416
-412
-436
-424
-411
-399
-392
-376
-345
-344
-340
-341
-311
-307
-304
-281
-238
-220
-218
-185
-146
-136
-150
-128
-97
-94
-94
-66
-19
5
0
27
63
76
66
79
111
124
138
151
203
216
227
247
257
273
261
285
289
291
291
313
329
321
323
327
328
314
295
289
287
271
235
232
248
230
200
175
191
171
139
107
111
106
60
46
34
42
7
-7
-1
-6
-20
-52
-48
-61
-84
-99
-113
-119
-144
-145
-146
-154
-166
-172
-176
-203
-226
-232
-221
-251
-269
-253
-235
-250
-263
-230
-221
-227
-245
-244
-205
-208
-219
-198
-159
-131
-142
-121
-90
-75
-80
-90
-55
-47
-36
-27
-10
13
24
32
27
46
40
40
36
52
71
85
91
103
124
130
135
136
155
155
156
152
166
176
191
183
192
205
207
207
185
196
188
180
153
159
159
143
127
126
124
109
111
89
91
80
69
48
41
41
28
15
6
7
-1
-10
-25
-33
-35
-38
-58
-61
-56
-55
-73
-85
-75
-84
-96
-111
-102
-102
-106
-108
-116
-107
-104
-121
-128
-111
-120
-129
-136
-127
-113
-118
-119
-111
-102
-98
-101
-92
-83
-76
-77
-75
-58
-45
-43
-44
-16
-16
-9
0
5
16
19
23
31
40
42
51
55
53
54
53
62
59
60
66
70
72
78
85
90
95
75
88
79
79
75
80
79
79
89
97
98
96
101
85
83
63
67
44
41
35
31
36
29
19
17
6
-7
-17
-32
-17
-26
-26
-38
-32
-32
-29
-35
-30
-34
-47
-43
-59
-50
-57
-61
-67
-67
-60
-70
-74
-70
-73
-78
-85
-88
-82
-81
-76
-76
-67
-47
-43
-44
-42
-29
-25
-33
-26
-13
5
3
11
23
31
31
29
29
38
33
25
19
25
38
33
41
48
66
57
55
58
65
63
52
50
67
63
57
54
65
79
60
51
57
63
55
42
37
47
36
22
15
20
9
-1
-14
-12
-7
-13
-12
-12
-14
-19
-25
-35
-36
-47
-51
-56
-51
-49
-45
-50
-62
-60
-64
-75
-88
-76
-81
-79
-87
-78
-69
-69
-75
-72
-64
-65
-64
-67
-57
-47
-32
-39
-14
1
2
-9
9
20
12
8
4
24
16
35
31
38
55
60
58
65
74
76
70
60
80
72
79
74
82
89
95
98
96
96
83
73
55
65
54
49
36
48
54
44
40
33
34
8
7
-4
5
-3
-13
-9
-2
4
-9
-14
-23
-21
-34
-51
-61
-66
-69
-78
-77
-71
-72
-76
-87
-94
-89
-102
-102
-105
-93
-92
-89
-89
-85
-74
-88
-83
-86
-85
-86
-82
-82
-64
-59
-54
-48
-41
-36
-37
-37
-35
-23
-30
-23
-19
-1
4
22
40
40
60
63
64
65
77
80
86
92
112
119
117
123
126
139
123
117
107
108
105
98
104
106
111
107
107
102
105
85
78
67
70
55
48
56
50
55
38
42
32
22
-5
-15
-24
-35
-48
-57
-50
-53
-54
-67
-74
-92
-101
-116
-120
-126
-133
-135
-139
-135
-134
-136
-143
-129
-145
-142
-159
-155
-147
-153
-149
-157
-134
-135
-121
-126
-118
-117
-113
-104
-101
-88
-80
-70
-53
-33
-20
-12
-8
8
15
21
17
38
39
59
68
79
95
108
123
122
137
140
137
139
152
157
163
167
182
180
191
188
183
187
177
171
161
161
162
166
158
165
159
157
139
132
126
107
107
91
81
72
62
59
53
47
38
16
3
-12
-22
-27
-48
-51
-64
-71
-85
-88
-95
-112
-127
-139
-141
-153
-160
-162
-170
-168
-167
-173
-168
-173
-170
-179
-176
-184
-174
-177
-170
-146
-154
-137
-143
-136
-135
-130
-129
-124
-115
-119
-107
-94
-80
-70
-49
-43
-24
-16
-1
3
15
22
33
48
51
79
83
101
108
120
130
132
134
142
149
151
150
153
162
167
180
168
176
169
169
171
165
157
155
155
149
155
152
149
127
135
122
109
106
93
87
73
66
47
35
25
17
10
-3
-12
-25
-37
-49
-63
-67
-79
-85
-92
-96
-102
-123
-123
-127
-136
-149
-153
-155
-161
-154
-172
-174
-168
-170
-176
-193
-180
-189
-192
-192
-191
-189
-179
-170
-160
-155
-145
-143
-135
-116
-118
-105
-102
-76
-68
-54
-58
-38
-21
-3
6
6
30
39
53
54
69
77
100
107
127
133
141
148
158
173
176
183
184
211
212
228
224
229
246
242
247
237
243
242
236
226
215
211
214
210
201
196
186
183
170
164
152
143
130
125
106
88
67
51
46
21
3
-17
-14
-29
-44
-64
-96
-106
-117
-132
-164
-179
-182
-194
-201
-213
-215
-223
-236
-237
-249
-259
-272
-278
-271
-279
-282
-279
-257
-245
-240
-244
-255
-245
-249
-250
-251
-247
-225
-208
-189
-170
-151
-137
-132
-116
-114
-107
-104
-83
-58
-41
-26
-5
38
61
82
83
102
111
125
123
132
151
187
208
225
251
261
282
282
287
272
274
262
279
279
287
284
301
314
316
307
281
280
264
256
223
209
200
213
201
199
174
174
150
130
107
71
56
28
28
-3
-10
-34
-36
-48
-68
-97
-121
-134
-155
-173
-207
-225
-227
-223
-232
-259
-272
-276
-276
-302
-322
-326
-321
-317
-309
-307
-312
-307
-301
-283
-303
-302
-312
-291
-280
-261
-257
-241
-209
-180
-169
-175
-163
-148
-128
-134
-123
-111
-77
-53
-18
-5
16
42
71
83
96
101
116
143
151
183
195
233
257
284
284
288
301
313
314
306
296
303
319
332
335
332
337
335
340
329
309
286
285
284
267
246
236
227
240
218
209
182
167
161
135
99
72
58
42
35
1
-19
-43
-43
-68
-87
-127
-130
-152
-153
-179
-203
-216
-225
-217
-249
-263
-291
-272
-282
-283
-312
-311
-312
-293
-292
-315
-318
-319
-300
-303
-310
-306
-296
-274
-253
-252
-239
-236
-192
-181
-182
-178
-160
-143
-121
-112
-95
-70
-28
7
16
28
42
73
84
100
94
106
124
173
176
199
212
251
284
294
292
287
304
306
309
294
293
299
330
339
356
343
364
365
361
327
301
288
279
270
238
233
217
235
222
217
193
182
169
149
119
76
48
44
27
14
-3
-19
-24
-31
-48
-82
-105
-137
-144
-174
-181
-205
-219
-224
-232
-247
-266
-269
-284
-290
-291
-304
-314
-313
-315
-297
-312
-299
-302
-297
-294
-293
-289
-287
-272
-258
-245
-246
-238
-238
-216
-217
-203
-208
-177
-149
-122
-97
-86
-52
-30
4
8
22
19
45
64
74
82
101
136
165
180
184
202
220
237
234
224
224
240
257
253
252
259
272
287
288
283
275
284
285
288
260
252
252
253
243
227
217
199
206
193
172
139
123
109
102
67
41
23
10
-1
-19
-34
-58
-57
-76
-93
-122
-141
-158
-175
-199
-225
-237
-232
-240
-253
-257
-272
-279
-283
-284
-305
-321
-331
-332
-344
-338
-329
-317
-303
-291
-272
-272
-269
-267
-263
-255
-244
-241
-222
-196
-162
-138
-128
-106
-92
-71
-52
-56
-40
-15
20
37
64
80
98
129
152
160
153
169
203
229
231
253
264
302
330
335
312
312
329
341
327
319
332
343
365
362
347
330
350
341
327
289
268
267
272
268
239
231
224
234
203
173
136
115
104
73
45
5
7
-3
-16
-47
-65
-74
-87
-112
-162
-187
-200
-211
-235
-256
-268
-270
-275
-276
-314
-329
-335
-332
-342
-369
-373
-375
-358
-354
-362
-362
-343
-334
-330
-338
-335
-327
-296
-291
-281
-273
-243
-210
-201
-190
-186
-145
-117
-98
-100
-80
-52
-12
6
12
30
60
95
113
124
138
172
203
226
229
237
260
295
302
306
305
326
348
349
351
347
366
388
397
382
376
382
385
389
361
340
328
328
319
285
264
260
255
256
229
205
193
182
178
134
90
64
56
36
17
-18
-22
-28
-24
-61
-99
-128
-154
-165
-201
-231
-279
-273
-278
-274
-302
-315
-313
-309
-307
-344
-368
-377
-370
-379
-384
-387
-370
-361
-329
-316
-326
-316
-301
-275
-290
-298
-306
-284
-249
-233
-218
-205
-161
-131
-101
-95
-98
-84
-48
-21
-25
-14
9
54
92
109
127
156
183
219
216
218
215
236
271
269
268
261
294
317
340
326
314
323
346
348
326
311
303
329
317
298
266
268
282
287
261
234
225
228
225
190
155
125
124
114
87
47
31
30
36
15
-25
-50
-62
-66
-91
-129
-171
-167
-165
-173
-194
-220
-216
-215
-218
-245
-274
-290
-277
-284
-301
-322
-327
-307
-298
-306
-323
-320
-304
-279
-288
-288
-287
-267
-240
-229
-235
-228
-202
-181
-165
-170
-154
-132
-99
-73
-63
-50
-16
9
33
40
42
62
78
118
121
126
145
179
206
221
230
230
256
268
271
262
266
273
288
294
290
283
295
304
311
305
293
291
279
285
259
244
221
218
214
200
190
171
169
160
161
140
107
83
67
36
6
-26
-55
-65
-66
-69
-80
-90
-101
-104
-125
-157
-192
-221
-235
-255
-272
-278
-281
-265
-254
-254
-266
-274
-272
-279
-288
-319
-332
-333
-317
-314
-306
-290
-270
-242
-234
-232
-238
-229
-221
-208
-209
-218
-196
-158
-127
-98
-85
-55
-18
7
25
13
25
50
87
85
87
102
134
174
190
202
205
231
258
275
256
251
260
288
295
275
278
291
316
327
326
304
318
332
339
303
281
274
278
288
260
238
212
234
233
222
168
157
158
151
126
76
60
44
59
23
-7
-47
-42
-36
-57
-95
-135
-140
-142
-151
-189
-222
-239
-220
-237
-266
-299
-303
-281
-280
-295
-322
-323
-308
-291
-311
-337
-339
-319
-295
-303
-316
-313
-274
-250
-237
-248
-249
-221
-184
-178
-196
-193
-172
-123
-104
-88
-93
-57
-9
21
26
23
44
81
111
112
113
128
177
204
218
210
230
261
294
293
288
286
300
324
329
321
309
328
348
357
336
322
332
351
348
329
304
290
301
294
269
244
229
233
232
214
187
164
157
156
129
86
54
45
41
19
-16
-47
-57
-60
-72
-110
-133
-151
-158
-174
-201
-231
-253
-244
-256
-273
-305
-311
-307
-307
-320
-339
-344
-333
-326
-336
-346
-354
-333
-323
-310
-324
-315
-295
-264
-252
-257
-248
-230
-197
-195
-181
-185
-156
-141
-112
-105
-100
-72
-44
-10
-4
9
27
66
87
97
104
133
156
187
191
204
222
250
283
283
289
297
320
328
326
313
311
326
347
339
326
320
336
346
341
303
281
283
293
282
254
233
229
243
231
216
175
174
164
158
120
79
54
40
44
9
-29
-56
-45
-59
-79
-126
-145
-155
-157
-180
-221
-243
-249
-233
-252
-264
-288
-283
-275
-279
-299
-325
-327
-309
-308
-318
-328
-322
-304
-299
-296
-311
-310
-296
-271
-272
-279
-274
-257
-230
-213
-209
-202
-182
-153
-131
-123
-108
-91
-63
-41
-29
-17
0
26
50
62
76
85
107
121
139
142
155
155
178
180
191
208
209
226
229
257
244
259
245
253
247
255
248
249
249
244
256
244
242
213
219
200
204
175
169
157
158
148
125
117
101
105
93
79
51
44
34
35
11
1
-15
-8
-15
-23
-44
-61
-69
-69
-71
-107
-119
-129
-121
-119
-131
-143
-144
-138
-134
-145
-158
-177
-156
-156
-155
-165
-164
-156
-141
-135
-145
-134
-134
-116
-116
-112
-125
-108
-106
-90
-91
-75
-62
-52
-47
-47
-42
-37
-12
-15
-11
-14
2
13
21
20
34
32
44
48
44
38
41
49
52
55
50
70
66
79
71
76
75
81
83
72
72
73
86
85
83
70
79
83
85
71
59
60
60
63
48
38
25
41
37
23
14
0
9
6
3
-16
-19
-22
-18
-17
-25
-36
-29
-28
-25
-28
-44
-35
-36
-37
-52
-54
-63
-56
-58
-61
-69
-66
-66
-66
-57
-66
-64
-70
-60
-59
-63
-55
-49
-45
-44
-42
-26
-22
-16
-9
-9
2
13
18
12
12
6
13
13
19
22
27
32
35
29
33
45
54
54
50
57
61
75
70
75
71
86
93
93
90
92
103
106
107
95
88
85
93
89
81
67
69
66
66
53
37
36
35
37
26
13
0
7
9
0
-14
-25
-25
-22
-28
-45
-59
-64
-59
-73
-85
-93
-97
-95
-104
-105
-120
-116
-118
-118
-128
-141
-142
-141
-128
-145
-140
-140
-119
-131
-127
-130
-127
-116
-111
-98
-104
-103
-98
-76
-91
-73
-69
-61
-59
-52
-42
-31
-22
-16
-10
-6
10
10
22
23
32
38
60
57
67
70
72
84
85
90
86
95
104
117
115
115
116
126
129
123
113
117
129
129
129
125
123
130
132
120
111
107
107
108
100
84
72
69
72
51
45
26
29
31
26
12
-6
-7
-6
-11
-33
-35
-44
-38
-36
-51
-68
-69
-69
-59
-75
-79
-90
-88
-91
-97
-95
-108
-95
-95
-90
-110
-103
-102
-95
-97
-90
-82
-77
-67
-70
-65
-56
-45
-47
-37
-38
-29
-18
-19
-20
-22
-16
-5
5
10
13
19
33
32
42
52
57
69
76
81
84
92
105
111
119
117
117
127
128
119
124
121
123
122
122
120
114
117
107
99
86
87
78
78
73
66
57
57
53
42
44
28
36
32
22
13
13
1
-7
-14
-33
-36
-47
-44
-54
-69
-72
-79
-80
-91
-95
-101
-109
-108
-111
-116
-121
-120
-119
-114
-124
-120
-112
-108
-110
-106
-97
-97
-93
-91
-91
-89
-83
-85
-80
-82
-69
-67
-57
-50
-50
-35
-32
-18
-15
-4
-3
15
21
29
36
42
53
57
63
72
79
73
85
85
85
84
96
86
93
90
91
96
92
95
89
98
93
88
81
88
79
84
85
88
81
69
75
59
64
50
41
35
33
20
4
7
0
-2
-9
-13
-22
-25
-31
-36
-46
-53
-57
-56
-57
-64
-63
-66
-67
-77
-85
-94
-91
-89
-87
-88
-94
-86
-92
-93
-87
-85
-86
-83
-84
-86
-87
-83
-74
-69
-63
-61
-54
-53
-45
-42
-34
-32
-24
-17
-19
-16
-11
1
-4
5
6
13
17
24
28
32
38
38
48
45
51
46
57
57
57
60
66
68
72
83
70
78
74
74
67
68
64
60
52
46
43
32
34
25
25
16
19
15
19
9
9
8
1
5
0
1
-8
-5
-16
-10
-16
-18
-22
-26
-30
-45
-35
-40
-38
-47
-46
-60
-63
-61
-62
-63
-61
-53
-61
-59
-60
-51
-55
-45
-40
-38
-41
-37
-34
-30
-25
-26
-24
-27
-16
-30
-16
-18
-16
-16
-25
-13
-17
-9
-16
-2
-3
4
10
13
16
23
34
34
44
42
48
43
44
46
52
49
50
49
44
42
41
48
44
44
41
41
36
35
35
36
35
33
33
41
35
36
33
33
35
33
37
30
35
30
27
19
23
20
17
8
4
4
-9
-15
-21
-25
-25
-25
-26
-26
-34
-29
-31
-29
-32
-23
-22
-28
-25
-25
-24
-21
-13
-20
-17
-20
-16
-12
-10
-14
-15
-15
-18
-12
-18
-13
-18
-20
-19
-13
-9
-9
3
0
1
5
10
7
6
9
11
10
13
17
21
21
17
21
16
26
26
21
23
26
24
29
31
29
32
28
24
20
21
15
17
12
19
13
16
13
11
14
11
15
13
18
13
21
16
18
8
12
7
3
8
0
-1
-10
-12
-17
-12
-18
-13
-16
-13
-14
-17
-19
-20
-25
-25
-14
-20
-17
-16
-13
-17
-10
-12
-8
-5
-5
-3
0
2
-3
0
-3
-1
-1
-4
-3
-2
1
-6
1
2
6
10
12
19
13
24
20
25
26
26
25
26
23
27
28
18
19
21
26
16
27
11
15
14
15
13
12
8
2
2
-3
-2
-7
-3
-6
-3
-6
2
-2
8
0
2
-4
-7
-3
-10
-7
-17
-13
-24
-25
-28
-29
-34
-32
-34
-39
-37
-36
-36
-46
-35
-39
-38
-32
-36
-35
-36
-31
-32
-28
-30
-26
-27
-24
-26
-31
-26
-35
-29
-26
-29
-26
-20
-22
-18
-16
-13
-9
-7
-1
2
1
3
12
12
15
17
18
15
20
22
25
24
23
28
24
19
15
18
12
19
17
12
19
17
15
18
19
18
21
22
23
27
22
17
21
12
10
14
19
19
23
24
21
15
16
11
2
3
-3
-1
-8
-2
-10
-7
-9
-6
-10
-9
-9
-12
-11
-15
-12
-19
-10
-15
-15
-18
-6
-18
-17
-18
-15
-22
-23
-14
-23
-16
-25
-18
-25
-23
-22
-16
-17
-13
-12
-18
-7
-13
-6
-7
6
2
0
7
5
4
3
10
4
13
10
12
11
13
14
10
25
19
21
21
27
27
25
27
31
27
37
36
32
34
33
37
30
35
32
41
34
41
41
38
41
38
41
39
43
36
40
32
38
36
36
32
31
34
26
28
28
28
19
23
16
13
9
11
4
0
-3
-10
-11
-19
-18
-22
-24
-31
-30
-35
-32
-32
-38
-32
-44
-38
-47
-44
-45
-46
-48
-47
-46
-52
-39
-50
-47
-52
-42
-48
-44
-43
-41
-41
-42
-36
-45
-40
-44
-38
-47
-33
-34
-27
-27
-18
-22
-19
-3
-6
6
-3
10
0
9
14
18
24
25
33
32
41
41
46
48
57
53
53
63
60
60
65
63
70
72
70
73
70
72
66
68
61
60
54
49
51
46
45
41
44
31
33
29
22
19
13
19
6
4
10
-3
-6
-10
-19
-22
-32
-36
-47
-47
-53
-67
-67
-67
-73
-79
-84
-81
-82
-88
-86
-92
-96
-98
-99
-107
-106
-111
-110
-116
-114
-114
-115
-108
-115
-108
-107
-106
-104
-102
-101
-98
-92
-89
-91
-75
-65
-64
-50
-45
-40
-31
-16
-13
-2
0
13
19
24
33
42
53
44
62
66
75
80
82
86
92
100
101
101
111
115
118
129
127
135
136
140
136
142
145
142
140
137
145
143
140
135
135
127
121
118
108
100
95
82
77
69
62
59
46
43
30
20
12
5
4
-12
-16
-20
-26
-35
-39
-50
-58
-66
-75
-85
-89
-101
-111
-113
-125
-127
-135
-133
-135
-137
-138
-138
-139
-141
-137
-139
-142
-140
-130
-133
-129
-126
-116
-108
-104
-96
-92
-84
-82
-76
-69
-60
-60
-44
-36
-32
-22
-12
-6
0
7
18
30
34
49
52
65
75
78
91
101
111
119
132
130
143
142
141
147
146
154
150
156
149
154
149
149
148
146
145
135
137
121
124
113
113
106
101
97
86
81
71
66
54
43
39
32
19
9
-5
-9
-25
-29
-41
-48
-60
-73
-79
-85
-89
-101
-110
-117
-117
-133
-128
-138
-137
-139
-143
-149
-150
-157
-158
-159
-167
-161
-165
-157
-158
-148
-142
-136
-133
-134
-126
-121
-111
-111
-101
-92
-81
-79
-76
-64
-59
-46
-39
-15
-11
-4
8
14
23
26
37
43
52
56
70
70
78
87
94
104
117
118
122
130
133
139
139
151
148
154
150
151
146
148
143
130
130
127
121
115
111
104
98
89
87
79
75
73
66
60
48
36
33
17
18
14
-3
-14
-17
-29
-42
-50
-59
-68
-81
-85
-103
-108
-119
-118
-132
-134
-139
-151
-146
-153
-149
-157
-155
-158
-153
-158
-149
-146
-146
-142
-145
-140
-136
-131
-143
-130
-128
-119
-113
-104
-101
-96
-85
-80
-66
-60
-45
-45
-37
-22
-9
0
17
31
39
48
51
66
69
88
89
97
102
108
117
119
129
127
135
130
143
147
155
148
157
163
161
164
170
175
168
176
167
171
168
168
159
153
154
148
141
132
130
121
117
99
94
80
71
63
50
36
33
22
12
8
-7
-17
-28
-33
-47
-54
-62
-62
-72
-78
-89
-102
-109
-117
-120
-132
-135
-145
-151
-158
-154
-163
-166
-165
-169
-166
-174
-165
-171
-168
-167
-161
-153
-153
-138
-130
-123
-124
-111
-105
-97
-85
-80
-76
-70
-55
-53
-46
-39
-27
-21
-13
-7
4
16
26
37
41
54
64
77
81
91
101
111
117
128
130
136
141
143
149
150
155
155
164
158
161
157
158
153
155
160
153
155
152
151
142
139
135
131
121
122
115
109
104
92
82
72
65
54
43
27
21
11
0
-9
-21
-32
-49
-58
-63
-74
-87
-97
-101
-105
-114
-117
-120
-129
-130
-136
-146
-154
-154
-164
-161
-157
-162
-161
-162
-161
-160
-158
-157
-149
-150
-140
-134
-134
-124
-120
-107
-101
-86
-82
-79
-65
-58
-45
-34
-22
-17
-3
9
19
25
30
45
57
64
73
88
86
101
109
123
132
134
149
155
167
164
178
178
184
189
190
194
193
199
187
190
187
184
171
173
166
163
158
150
141
137
125
110
106
96
89
68
69
47
37
25
16
-3
-13
-22
-38
-51
-60
-70
-92
-91
-105
-111
-129
-133
-142
-155
-159
-171
-172
-183
-179
-187
-193
-194
-194
-191
-202
-196
-195
-200
-197
-190
-191
-191
-185
-183
-183
-174
-164
-159
-148
-142
-129
-126
-117
-102
-89
-79
-60
-49
-39
-26
-14
-3
10
25
33
48
57
70
73
85
93
100
111
120
127
129
142
147
149
155
161
158
162
165
175
171
173
179
166
172
165
165
153
154
146
136
133
120
122
104
96
79
74
59
41
29
16
5
-8
-18
-29
-35
-50
-51
-63
-70
-83
-87
-98
-104
-105
-120
-130
-143
-146
-154
-162
-170
-168
-180
-180
-187
-186
-186
-188
-184
-188
-178
-183
-180
-177
-162
-155
-151
-139
-129
-118
-116
-99
-91
-79
-67
-47
-38
-34
-23
-9
4
5
22
29
42
55
71
77
84
96
115
126
123
142
149
163
165
180
180
183
187
190
197
197
202
204
203
197
199
190
192
180
174
171
165
159
152
143
126
117
106
102
88
82
72
55
47
38
29
19
6
-6
-23
-30
-50
-57
-76
-89
-95
-115
-121
-132
-142
-159
-164
-175
-180
-189
-190
-205
-202
-207
-211
-203
-209
-205
-209
-207
-204
-199
-202
-202
-199
-189
-187
-184
-175
-173
-160
-152
-134
-125
-111
-100
-89
-73
-69
-60
-51
-28
-18
-2
3
23
29
46
57
67
80
90
104
111
126
130
145
143
168
173
187
191
198
212
208
223
226
233
230
247
244
243
237
243
243
233
234
224
217
212
208
190
189
172
163
152
149
138
124
117
99
93
77
67
51
41
25
14
3
-9
-13
-36
-43
-50
-61
-79
-86
-100
-111
-125
-131
-145
-157
-156
-168
-174
-184
-184
-192
-190
-197
-195
-202
-194
-194
-201
-192
-191
-191
-191
-181
-179
-171
-174
-165
-161
-155
-151
-135
-128
-125
-107
-104
-89
-78
-67
-64
-42
-28
-20
-7
-4
11
21
40
48
61
74
83
95
99
116
120
124
124
145
143
149
158
165
164
167
177
170
177
178
184
176
185
184
187
172
182
177
175
176
169
167
153
161
138
135
117
114
96
89
76
65
48
33
27
9
3
-13
-25
-41
-44
-57
-65
-77
-83
-93
-98
-107
-111
-118
-131
-138
-144
-151
-162
-175
-180
-181
-188
-191
-188
-196
-198
-194
-199
-198
-199
-187
-190
-184
-186
-174
-175
-163
-154
-153
-136
-133
-120
-117
-101
-94
-82
-74
-61
-51
-32
-25
-17
-9
6
13
23
40
46
58
70
85
93
106
114
126
135
148
155
166
168
179
181
188
187
186
185
189
195
191
201
200
205
196
198
187
183
183
183
170
167
158
149
138
125
122
105
102
85
76
54
50
32
22
9
-6
-16
-37
-50
-59
-69
-84
-89
-104
-106
-120
-123
-141
-142
-155
-153
-151
-164
-156
-174
-177
-187
-187
-189
-196
-197
-198
-192
-194
-190
-191
-185
-179
-174
-175
-163
-152
-151
-146
-139
-124
-126
-102
-95
-88
-77
-69
-55
-50
-36
-22
-7
-4
12
21
35
41
56
68
82
89
97
108
111
128
131
142
141
160
164
168
171
181
182
184
188
189
191
183
185
179
179
169
170
158
156
143
142
133
124
123
114
106
94
95
76
78
63
52
43
34
25
11
-6
-10
-15
-35
-41
-54
-61
-74
-84
-96
-107
-110
-119
-125
-140
-138
-145
-148
-158
-158
-158
-170
-158
-170
-156
-164
-161
-164
-159
-159
-155
-148
-152
-149
-149
-134
-139
-126
-122
-107
-108
-93
-87
-78
-71
-63
-47
-44
-26
-32
-10
-4
13
22
30
35
46
59
62
70
76
94
94
99
101
114
115
119
124
124
130
132
145
138
139
145
147
142
140
146
141
143
144
148
139
140
131
131
125
117
112
105
100
89
87
75
69
60
56
44
37
24
18
12
0
-5
-17
-26
-39
-41
-54
-59
-66
-76
-81
-87
-90
-98
-107
-116
-124
-122
-129
-139
-139
-139
-139
-143
-141
-132
-136
-132
-136
-132
-115
-116
-108
-107
-99
-98
-87
-85
-86
-72
-69
-65
-62
-54
-48
-38
-34
-24
-22
-15
-5
0
9
12
22
30
47
59
72
72
82
92
96
108
109
115
120
120
122
128
124
129
123
122
118
120
119
114
122
113
121
122
117
110
108
105
98
91
83
90
81
77
65
65
54
49
34
31
28
12
1
-18
-17
-33
-35
-44
-52
-64
-64
-72
-80
-83
-88
-87
-97
-97
-101
-93
-101
-100
-104
-105
-101
-98
-102
-102
-96
-101
-94
-98
-93
-92
-89
-88
-87
-79
-73
-70
-61
-60
-47
-45
-41
-33
-28
-14
-10
-10
-5
9
9
16
22
34
44
37
44
45
53
54
57
55
60
68
69
74
68
76
73
76
70
80
80
74
80
73
82
70
79
65
70
64
60
61
45
40
33
28
17
18
7
13
-6
-3
-9
-12
-22
-21
-17
-28
-22
-32
-37
-38
-33
-37
-40
-44
-36
-46
-48
-53
-54
-53
-61
-63
-70
-62
-70
-73
-65
-63
-62
-54
-55
-56
-48
-47
-41
-43
-41
-33
-33
-31
-25
-19
-16
-11
-11
-12
-11
-6
-12
-9
-5
-1
3
0
9
10
20
24
23
25
27
33
29
31
39
38
46
42
43
41
37
39
31
38
31
36
32
33
35
25
21
21
20
19
21
19
21
16
11
6
1
0
5
-3
0
2
0
3
5
4
-1
2
-6
-7
-13
-14
-16
-15
-18
-23
-21
-22
-22
-24
-21
-19
-21
-22
-17
-15
-9
-11
-2
-3
0
-3
3
2
-4
3
-8
-2
-9
-4
-16
-16
-15
-13
-10
-6
-7
-8
-6
-8
-8
-14
0
-13
-3
-3
6
10
9
15
13
21
12
16
10
12
7
13
9
6
16
8
10
2
6
2
9
4
5
7
9
9
6
13
9
18
8
18
12
19
19
10
6
6
13
3
6
-5
0
-10
-6
-6
-11
-10
-12
-12
-15
-13
-11
-10
-15
-6
-7
-5
-12
-5
-1
3
2
3
7
-1
-3
-14
-11
-18
-15
-15
-18
-23
-19
-25
-22
-20
-15
-12
-14
-3
-10
-7
-11
-7
-10
-3
-2
-3
2
-8
3
1
4
-3
-3
-1
0
6
4
16
0
11
10
6
4
10
10
9
12
13
23
12
21
23
24
18
28
17
22
21
19
23
19
23
15
20
17
14
10
15
11
14
15
22
20
12
14
16
22
18
22
15
19
13
13
9
8
9
3
3
4
4
-3
4
5
0
1
5
8
12
9
13
16
10
15
9
22
17
21
22
13
19
9
14
4
2
1
-1
-6
-4
0
-7
-5
-2
0
1
4
-1
5
2
1
5
9
9
9
7
16
13
17
19
8
8
6
6
-6
-1
-1
-4
-2
-6
-6
-6
-4
-7
-9
-3
-12
-9
-13
-9
-9
-10
2
-1
4
0
6
1
4
3
0
-1
-4
-14
-17
-16
-23
-18
-23
-18
-26
-18
-17
-15
-20
-19
-19
-27
-16
-26
-18
-21
-16
-21
-15
-19
-16
-13
-20
-18
-22
-13
-31
-14
-31
-29
-32
-32
-36
-38
-29
-33
-26
-42
-33
-37
-33
-36
-25
-26
-22
-11
-13
-11
-16
-5
-10
-9
-19
-2
-11
-11
-7
-16
-14
-22
-10
-14
-16
-14
-6
-10
2
-3
-9
-4
-5
2
-1
5
-2
5
4
10
-1
1
3
-3
-1
-1
6
1
8
6
5
-5
3
-4
-3
1
2
2
3
6
4
6
8
12
7
18
13
18
12
17
14
4
6
6
0
-7
1
-5
-1
-7
1
0
-3
-1
-5
7
3
9
10
19
12
3
4
3
2
-4
-1
-7
0
-6
-4
-6
-12
-10
-6
-7
-3
2
-4
0
-1
5
-2
1
1
5
3
6
10
6
15
6
13
8
9
6
9
3
6
9
-2
4
-1
6
1
2
1
6
10
9
13
13
19
12
18
17
25
19
28
28
25
22
23
28
16
27
16
20
7
9
11
14
12
13
16
11
15
8
17
11
19
13
19
20
27
27
27
22
20
22
12
13
8
12
-3
8
4
1
0
0
3
0
5
0
4
0
3
7
3
7
10
7
10
11
13
15
17
10
11
13
12
13
17
17
12
15
16
10
10
5
5
9
3
7
1
10
7
11
13
12
19
9
15
14
20
16
20
19
13
9
6
6
0
3
1
0
0
6
6
6
8
10
9
11
12
9
9
2
7
1
-3
-5
-6
-4
-7
-4
-9
-11
-18
-10
-11
-9
-19
-16
-14
-28
-23
-32
-27
-33
-29
-35
-32
-38
-28
-28
-30
-25
-32
-23
-29
-19
-23
-22
-25
-21
-23
-22
-22
-26
-25
-26
-23
-25
-27
-26
-21
-31
-27
-31
-29
-32
-33
-26
-33
-26
-26
-22
-24
-23
-16
-16
-12
-4
-6
-6
-7
-8
-8
-12
-5
-2
2
3
4
1
9
6
2
9
6
7
4
12
4
16
14
16
14
13
20
7
13
4
15
6
7
12
11
7
4
4
-3
5
1
6
0
13
1
5
-3
3
9
10
17
13
16
7
9
-8
5
-9
-4
-3
-1
-6
-9
-2
-7
2
-6
11
0
12
4
3
3
0
10
-1
2
-1
6
-7
-4
-6
-13
-9
-11
-15
-16
-10
-5
-7
-3
4
0
3
4
9
3
2
4
2
1
0
7
6
12
2
8
9
2
5
5
3
1
9
-1
7
5
8
7
11
11
10
13
16
17
7
12
12
12
8
15
13
10
14
9
12
10
11
14
9
10
6
13
8
7
6
1
3
0
2
-4
-1
-11
-1
-2
2
-3
-2
0
-3
0
-6
1
-8
0
-10
-10
-25
-20
-23
-23
-24
-23
-14
-22
-6
-12
-9
-18
-10
-18
-10
-10
-7
-7
-2
0
-4
3
-4
-1
-2
13
3
4
1
8
5
9
6
-1
6
1
11
1
13
8
8
13
15
12
12
19
16
19
12
23
12
16
17
18
14
8
16
8
15
4
8
4
12
14
16
18
20
22
13
21
19
15
14
28
20
26
23
21
19
17
20
19
20
11
11
-1
2
-6
-6
-11
-10
-12
-13
-10
-16
-12
-16
-17
-18
-9
-14
-10
-13
-14
-15
-16
-16
-22
-13
-18
-17
-19
-19
-23
-21
-20
-22
-22
-15
-16
-22
-13
-15
-16
-25
-22
-25
-32
-22
-28
-27
-25
-21
-26
-22
-16
-20
-19
-17
-13
-18
-16
-16
-21
-24
-19
-23
-21
-20
-19
-23
-13
-7
-5
5
1
12
13
13
11
18
16
18
17
18
19
13
18
10
14
9
12
9
6
4
4
5
0
0
-2
7
-2
0
4
0
-2
7
11
5
12
12
16
11
9
5
0
-4
-5
-3
-13
-12
-13
-12
-9
-11
-17
-14
-13
-11
-5
-6
4
-1
-3
2
5
6
3
2
-1
-4
-7
-11
-12
-15
-13
-10
-8
-11
-12
-13
-7
-6
-5
-2
1
-7
-7
-1
-6
0
-3
7
-1
0
7
9
10
10
12
10
13
7
19
11
16
16
13
15
8
12
13
13
12
12
14
20
12
9
10
12
11
17
13
18
24
19
28
24
26
19
17
17
13
9
6
5
8
3
0
2
-2
-4
-6
3
-3
-1
-2
3
4
-1
2
0
-2
-1
2
1
3
-4
7
-5
-6
-6
-9
-5
-6
0
-9
-3
-8
-1
-8
-6
-10
-12
-14
-16
-4
-13
0
-12
-10
-7
-8
-9
-7
-10
-15
-5
-9
-3
-14
-7
-12
-7
-10
-6
-7
-10
-4
-7
5
3
7
5
10
7
8
7
6
4
3
0
-3
0
2
2
-2
1
-3
-1
0
2
4
2
-1
1
4
7
7
14
16
17
19
16
23
16
22
25
23
22
16
19
6
5
6
-5
3
-6
3
-7
-2
-4
-4
-3
2
8
-1
2
4
10
-4
12
3
6
6
9
2
5
7
2
3
-5
-3
-10
-4
-14
-11
-19
-12
-16
-7
-12
-12
-6
-10
-4
-8
2
-3
8
-1
3
5
2
3
4
8
3
0
-1
0
-4
-3
-3
-3
-4
-2
0
3
-3
-4
6
3
10
15
20
16
16
19
24
22
12
27
16
16
21
15
11
11
10
6
9
4
6
6
6
3
8
12
9
3
7
3
9
6
13
11
9
14
3
5
1
4
1
0
4
2
-9
-9
-15
-15
-22
-17
-19
-18
-10
-19
-16
-20
-16
-27
-20
-25
-19
-21
-14
-14
-19
-16
-18
-14
-28
-20
-18
-21
-31
-26
-31
-25
-29
-23
-23
-21
-11
-18
-8
-14
-11
-17
-3
-16
-10
-6
-9
-6
-13
-10
-9
-5
-12
-7
-18
-10
-22
-9
-15
-10
-9
-14
-9
-22
-10
-21
-12
-12
-11
-10
-3
-6
-9
-7
-2
3
0
12
-2
5
2
1
-13
-6
-4
-19
-7
-19
-6
-16
-6
-9
-8
-11
-12
-4
-12
-4
-9
-5
-11
-3
-11
-9
-5
-6
-4
-3
-1
-2
-2
-9
-2
-8
0
-4
-3
-10
-9
-9
-10
-8
-7
1
3
9
2
5
-2
0
-3
3
3
3
7
-1
-2
-4
-4
-1
-1
-4
-5
-14
-7
-11
-6
-5
0
3
1
13
6
9
13
16
17
16
25
20
21
18
15
12
16
12
12
12
19
21
10
22
19
16
20
28
24
27
24
25
28
26
29
31
31
29
34
26
37
32
34
31
29
25
23
24
19
23
19
18
7
13
13
13
5
16
16
14
19
16
16
15
16
6
15
15
19
15
16
19
13
8
7
10
-3
2
-5
-3
-5
-3
-4
-11
-3
-15
-7
-12
-5
-6
-10
-3
-6
-6
2
12
1
3
4
3
2
-1
0
-1
4
7
6
7
6
10
14
12
18
26
21
25
26
23
24
23
26
22
32
28
22
29
24
16
17
19
13
12
13
9
-3
6
0
-1
-3
-2
3
-10
-9
-10
-8
0
1
-6
-1
-5
3
-2
9
6
6
1
2
4
-7
-3
-5
-1
-7
5
-3
4
0
-1
-2
2
2
-2
-3
-6
-2
-12
-5
-14
-9
-15
-7
-16
-19
-16
-16
-10
-19
-12
-16
-15
-25
-20
-25
-25
-25
-26
-23
-19
-15
-21
-12
-10
-10
-13
-7
-12
-16
-12
-7
-6
-12
-5
-9
-14
-16
-13
-17
-18
-15
-18
-23
-22
-19
-14
-16
-19
-12
-17
-15
-12
-6
-13
-16
-4
-16
-4
-3
-8
-3
-2
-2
-2
-2
-15
-13
-17
-16
-15
-16
-15
-15
-18
-18
-18
-18
-17
-18
-16
-16
-15
-17
-15
-12
-15
-18
-12
-11
-13
-12
-14
-18
-20
-17
-15
-16
-15
-13
-13
-13
-13
-18
-13
-15
-6
-3
-6
-11
-12
-5
-10
-4
-7
-5
-2
-3
