SAMPLES:	23651
BITSPERSAMPLE:	16
CHANNELS:	1
SAMPLERATE:	16000
NORMALIZED:	FALSE
-16
-24
-23
-28
-21
-23
-24
-25
-29
-23
-27
-22
-22
-19
-23
-16
-21
-18
-23
-25
-26
-30
-24
-28
-25
-24
-17
-19
-17
-18
-19
-19
-17
-12
-13
-10
-7
-11
-3
0
-2
3
6
7
1
-3
1
4
5
10
9
9
6
7
8
6
7
5
11
12
14
17
18
25
25
26
23
26
31
29
31
28
29
20
21
21
18
19
18
11
12
10
7
8
4
7
5
10
9
15
10
12
9
12
11
9
7
7
10
8
12
6
10
6
11
6
4
4
3
3
4
0
-1
3
0
3
-2
7
4
-1
0
0
4
4
3
-1
0
0
0
-1
-6
-8
-1
-2
-3
0
-4
0
-4
1
1
2
4
5
5
6
7
4
11
7
6
6
6
4
-1
-3
2
0
-7
-3
-7
-9
-15
-10
-13
-13
-4
-3
-4
-6
3
1
0
-5
-5
-4
-7
-9
-9
-6
-10
-5
-7
-7
-8
-10
-6
-2
-3
-13
-10
-12
-13
-12
-13
-11
-8
-3
-6
-5
-4
1
0
-2
3
-1
0
10
12
5
8
1
6
1
-4
-1
-7
-4
-6
-2
-5
3
-3
-1
-4
-4
-6
2
9
4
10
11
12
14
15
17
30
19
24
17
20
15
16
15
10
16
13
16
4
6
1
4
-4
-4
-1
-4
-3
0
3
-3
4
5
19
12
13
10
13
11
0
-1
-7
-2
-10
-7
-13
-13
-9
-9
-8
-8
-7
-13
-9
-9
-2
-10
-7
-4
0
0
-1
6
-2
6
2
2
4
9
6
8
6
10
-1
-3
3
-7
-3
-4
-1
-9
-8
-15
-15
-17
-13
-15
-12
-10
-6
-3
-10
0
-4
3
0
6
8
7
8
4
10
3
3
-6
0
-8
-9
-3
-10
-13
-15
-13
-19
-18
-18
-10
-13
-9
-6
-6
-4
-3
0
-1
3
1
6
3
5
3
10
9
7
8
3
3
0
2
3
4
0
1
-3
3
7
9
7
7
8
7
6
9
14
3
9
3
4
7
9
10
4
10
9
10
5
4
6
3
6
10
7
12
10
10
6
3
10
2
11
6
5
5
4
4
2
4
-5
3
0
3
1
0
-2
-6
-6
-5
-6
-3
-1
-7
-5
-12
-1
-4
-3
-6
-7
-2
-12
-3
-9
-6
-4
-6
-6
-7
-6
-10
-8
-3
-9
-10
-14
-11
-10
-13
-9
-10
-10
-18
-13
-10
-12
-9
-7
-10
-7
-6
6
14
8
-7
1
-3
-3
2
-9
13
-4
9
0
-26
-4
-18
-9
-13
-9
-10
-15
-4
-16
-9
-6
-7
4
-2
2
-2
5
1
-5
-4
-13
-4
-11
-8
-16
-17
-12
-18
-19
-18
-22
-13
-15
-9
-16
-20
-14
-23
-15
-30
-18
-25
-27
-25
-29
-19
-27
-14
-21
-19
-10
-16
-9
-9
-6
-11
-7
-8
-10
-12
-18
-18
-10
-13
-5
-12
-12
0
-11
-6
-18
-9
-13
-9
-6
-12
-3
-11
2
10
18
13
6
16
10
14
20
18
35
24
49
17
24
33
11
35
10
32
17
19
21
12
23
15
32
22
14
21
15
26
19
16
24
17
28
27
29
31
27
31
21
23
21
15
23
14
20
10
16
8
10
17
0
9
4
9
9
7
18
14
19
24
13
25
10
17
11
13
19
14
21
11
15
5
10
13
9
9
2
0
1
-3
0
-9
3
-3
0
4
-4
13
3
9
-3
9
16
10
23
16
19
15
13
16
9
6
5
-1
-6
-7
-3
-10
0
-3
-8
-3
-16
-3
-12
-8
-3
-4
2
-11
0
-11
-7
-7
-14
-5
-11
0
-11
-13
-8
-12
-5
-10
-11
-9
-13
-6
-12
-9
-7
-9
-6
-14
0
-8
-1
4
1
11
7
7
1
1
1
-11
0
-1
-6
-9
-12
-10
-19
-14
-15
-16
-16
-16
-13
-10
-9
-10
-13
-8
-10
-9
-9
3
-1
-2
5
-4
5
-2
8
-2
9
7
5
12
10
6
-3
-2
-10
-7
-8
-3
-6
-5
-20
-12
-13
-10
-12
-13
-4
-2
5
-1
4
-4
-5
-2
0
-9
-5
-7
-11
-10
-3
-5
-15
-9
-9
-3
-7
-3
-12
-4
0
-6
0
-2
6
3
5
6
7
2
2
3
0
4
4
1
-7
-4
-10
-6
-9
-7
-9
-10
-6
-7
-1
-2
-3
0
2
0
3
0
3
-1
6
4
0
6
3
9
-3
4
4
-1
-6
1
3
-3
0
-4
0
-2
3
4
4
7
5
2
11
3
10
9
6
7
2
10
-1
7
0
4
2
2
13
-7
3
7
4
7
2
0
4
1
1
2
1
7
2
9
10
10
7
9
8
5
6
1
4
3
7
2
0
1
6
-2
5
8
7
9
7
8
2
4
2
7
1
6
9
6
-1
3
2
-7
-2
-8
-4
-7
-1
-1
-2
-5
-8
-4
-6
-4
-6
1
-1
-6
-3
-3
-4
7
6
-1
4
0
-3
-7
0
-6
-10
-12
-8
-8
-12
-7
-6
-6
-4
1
-2
-4
-4
-3
-4
3
6
8
7
2
7
4
8
3
1
-6
-10
-7
-12
-9
-13
-7
-12
-13
-13
-16
-12
-13
-6
-5
-6
1
0
0
-3
0
1
8
9
14
13
5
8
5
12
10
9
7
4
3
0
-4
-8
-13
-6
-12
-16
-10
-18
-21
-24
-17
-21
-13
-15
-13
-15
-12
-6
-5
-5
-5
4
3
0
-6
-4
-12
-10
-12
3
-1
-3
-2
-12
-1
-16
-7
-4
-6
-2
-2
5
6
1
1
4
3
6
3
3
-1
4
-7
3
0
-5
2
-1
5
-7
2
-5
4
1
8
6
3
6
5
13
10
15
11
16
10
19
13
15
16
10
13
15
18
7
13
8
11
10
14
9
9
13
4
3
5
9
10
12
15
17
12
18
10
13
10
8
9
8
15
10
17
11
14
6
13
10
9
16
11
13
5
12
7
6
0
7
8
0
5
0
3
0
3
0
1
-1
2
0
-2
-1
-5
-3
-3
-4
-4
6
9
9
10
13
9
15
13
14
14
14
15
11
12
9
4
-6
1
-7
-7
-5
-7
-3
0
3
-4
0
-5
-4
-1
5
7
9
16
13
10
12
20
16
15
20
21
16
20
14
10
8
1
1
-6
-3
-8
-10
-12
-10
-9
-9
-9
-14
-3
-3
-1
-3
2
0
1
3
3
3
3
3
-1
0
0
-1
1
3
-6
-4
-3
-10
-5
-5
-3
-5
-4
-1
-5
1
-3
-4
-8
-6
-4
0
2
-1
9
3
6
6
3
6
3
6
3
0
-2
-5
-13
-17
-20
-18
-26
-26
-20
-21
-16
-22
-17
-18
-17
-16
-10
-12
-7
-6
-7
-12
-9
-6
-16
-14
-18
-7
-16
-7
-8
-6
-5
-5
-10
-9
-12
-22
-16
-19
-13
-20
-14
-22
-16
-19
-10
-7
-15
-13
-15
-13
-14
-4
-11
-8
-2
-1
-7
-1
-3
-5
-5
-3
3
-6
2
3
10
8
10
10
6
6
-1
5
6
8
3
3
1
-1
-2
-1
4
-2
-1
1
1
-3
1
-2
-7
-1
2
-6
-2
3
3
3
9
15
4
8
6
6
2
-1
-3
-2
-3
-7
-7
-15
-13
-10
-5
-5
1
3
3
0
2
-3
-7
-7
-10
1
3
4
12
13
3
9
6
9
13
6
13
9
13
2
-1
4
-3
6
4
2
0
0
2
6
1
9
3
3
9
9
10
10
15
11
9
7
10
0
2
-3
-3
0
-2
0
0
3
5
3
1
7
0
5
3
6
2
1
-3
-6
-6
-9
-10
-14
-5
-10
-8
-13
-12
-22
-22
-13
-15
-12
-13
-9
-10
-8
-10
-8
-7
-3
4
9
6
10
16
6
11
10
15
9
8
13
1
6
0
-3
-6
-8
-6
-5
-8
-9
-7
-10
-3
-3
4
-2
3
1
2
0
0
2
1
3
1
3
2
0
-4
-2
-9
-3
-1
-4
-6
-3
-8
-6
-6
-9
-5
-2
0
-4
-8
-2
1
-2
0
-4
1
-6
-1
-5
-4
2
-3
5
0
1
5
5
0
2
-1
3
-1
7
0
9
7
7
9
1
8
1
15
7
12
6
9
8
4
5
3
-2
0
-2
-8
4
-3
-3
-2
0
-5
-6
-11
-6
-16
-12
-4
-7
-3
-6
2
-1
0
-3
3
3
0
-3
-5
-6
-14
-7
-12
-13
-11
-9
-14
-18
-16
-18
-12
-15
-10
-11
-9
-2
-2
-6
-2
-2
0
6
1
7
6
9
5
11
6
13
13
19
22
16
18
17
15
7
12
5
12
7
13
12
12
17
20
20
21
28
21
27
23
23
20
20
22
24
20
16
15
10
7
5
9
0
6
10
9
9
9
9
10
11
5
9
7
7
5
7
3
6
10
7
8
4
10
2
1
-1
3
0
-2
-3
-7
-7
-13
-6
-10
-4
-13
1
4
3
12
10
16
6
8
11
13
8
12
10
10
6
10
9
2
9
10
6
1
7
2
9
6
10
6
3
10
7
9
2
9
4
5
7
10
2
3
4
-3
1
1
3
-2
-3
-7
-9
-15
-15
-22
-16
-20
-21
-19
-25
-21
-19
-11
-22
-20
-20
-21
-31
-32
-26
-29
-29
-25
-23
-27
-17
-23
-21
-24
-23
-26
-29
-23
-22
-28
-27
-23
-27
-25
-20
-18
-15
-13
-17
-12
-20
-21
-15
-13
-13
-12
-16
-17
-11
-11
-6
-10
-10
-4
-3
-9
-5
-7
-9
-6
-8
-12
-13
-9
-12
-16
-15
-10
-18
-13
-14
-6
-13
-10
-8
-3
5
-2
9
7
12
3
9
7
5
7
13
12
11
9
11
15
10
15
7
12
10
14
8
6
11
6
9
8
13
7
6
6
7
9
15
14
19
23
23
24
22
25
14
21
20
22
20
22
19
14
19
20
20
12
13
12
19
16
19
11
18
18
9
17
10
12
10
10
6
8
7
7
8
8
13
10
6
0
1
-6
-4
-5
-7
-4
0
-5
-9
-2
-7
-3
-5
-7
-11
-14
-10
-7
-8
-4
-4
-5
0
0
0
1
3
-6
-4
-4
-3
1
-3
0
-12
-4
-2
-2
0
0
-5
-3
3
3
11
3
10
9
13
18
17
16
16
13
12
10
6
9
4
5
-2
3
1
-1
-1
-5
-3
-3
-1
-3
-6
-4
-3
-2
-4
-5
3
1
6
0
1
2
-3
-3
-2
-2
-10
-8
-13
-9
-10
-6
-10
-7
-13
-15
-15
-19
-16
-15
-9
-13
-8
-10
-7
-10
-7
-7
-4
-1
-12
-3
-7
1
3
6
2
3
9
7
10
3
10
2
3
2
2
3
1
8
7
2
2
2
1
4
3
4
0
3
1
0
-1
3
6
9
5
4
3
1
2
-3
6
-1
0
4
-2
0
2
3
3
4
11
10
3
5
6
5
0
3
3
-3
2
-2
-2
-2
-7
-5
-9
-6
-2
-4
-3
-2
4
-3
-3
-1
3
6
3
8
11
3
1
7
6
9
1
3
-5
-4
-3
3
-4
-2
6
-2
-2
-2
4
-2
-1
0
0
-1
2
-1
-4
1
0
3
3
0
-8
-4
-7
-13
-9
-12
-13
-16
-13
-16
-13
-10
-9
-16
-17
-7
-6
-9
-9
-3
-10
-3
0
2
3
3
2
4
6
3
6
3
3
1
4
3
9
6
6
-1
3
3
-3
4
-2
-2
6
3
-3
2
0
7
8
3
3
-2
-6
-4
-7
-7
2
1
6
2
1
6
9
7
5
7
7
6
-1
5
5
7
6
-3
8
0
7
3
7
9
6
12
10
15
13
18
13
13
7
2
-2
-1
-2
1
-9
-9
-5
-5
-7
-11
-2
-6
-6
-3
0
-10
0
-7
-3
-9
-5
-3
-6
-4
-6
-6
-10
-3
-7
0
4
5
7
6
7
5
6
2
0
3
4
9
6
7
2
3
4
1
9
6
4
4
6
7
7
7
5
1
-1
-7
-1
-3
-1
-1
3
4
1
3
1
3
6
3
-3
0
-8
-3
-10
-13
-15
-14
-19
-15
-11
-14
-3
-7
-9
-8
-4
-8
-2
-9
-10
-4
-8
-11
-12
-13
-14
-12
-12
-9
-12
-9
-11
-7
-9
-6
-11
-2
-3
-1
-2
0
4
5
10
13
15
9
22
21
25
26
29
25
35
28
37
30
22
25
16
23
14
19
13
16
10
18
18
13
7
8
6
10
13
9
18
11
14
12
18
12
13
13
9
12
10
6
-1
3
-2
1
-1
-1
-2
-13
-7
-9
-8
-12
-12
-13
-11
-12
-14
-13
-8
-4
-3
-2
0
2
-13
-3
-6
-7
-8
-9
-13
-15
-10
-11
-10
-13
-10
-16
-13
-16
-13
-16
-14
-14
-10
-16
-15
-9
-20
-9
-9
-8
-8
-6
-11
-9
-9
-12
-10
-14
-16
-13
-19
-20
-16
-23
-19
-23
-16
-19
-20
-20
-20
-21
-23
-21
-25
-16
-18
-18
-13
-15
-19
-17
-13
-13
-10
-10
-6
-2
-2
2
-4
0
-6
-3
0
3
0
3
4
3
3
3
11
4
10
7
9
10
13
7
11
6
6
11
10
9
6
15
4
16
10
12
5
6
6
4
3
-2
-1
0
6
3
7
7
10
1
6
6
4
1
1
2
-1
0
-6
-2
1
-4
-2
4
-1
-2
1
2
1
6
12
12
13
12
13
9
4
2
-1
4
-1
2
0
0
-1
3
5
4
-1
-1
3
0
10
8
13
7
12
12
9
7
8
8
10
13
17
15
3
6
4
7
1
6
4
5
5
7
7
3
1
0
1
-2
6
-2
6
4
9
7
8
11
8
2
4
3
1
0
-5
-1
-6
-2
-7
-4
-6
-9
-8
-2
-9
-3
-7
-4
-1
-6
-2
-9
-4
-9
-7
-10
-7
-10
-2
-2
-2
0
-1
-3
-6
-3
-7
-5
-4
5
-2
-3
-2
1
-4
0
0
-7
-4
-3
0
-3
-3
0
1
4
6
6
8
7
4
14
11
18
9
16
13
11
19
15
23
14
17
14
12
12
13
11
9
12
16
12
16
18
8
11
4
8
13
10
9
9
8
9
3
5
7
-1
5
3
3
-6
-2
-5
-4
-4
-6
-1
-5
-2
-6
-3
-3
0
-2
-4
-3
-5
-12
-10
-16
-16
-12
-18
-8
-12
-9
-16
-19
-19
-16
-12
-21
-18
-19
-18
-21
-20
-20
-16
-12
-14
-10
-20
-10
-16
-11
-8
-12
-14
-12
-7
-13
-4
-5
3
0
5
5
9
3
7
4
5
0
1
1
-5
2
-3
2
-8
-3
-9
-1
-4
0
1
-1
1
-2
7
8
12
5
11
9
11
7
6
4
-1
2
3
3
-1
2
6
10
8
10
9
6
6
7
11
3
8
7
7
6
4
9
6
6
-3
2
-1
1
1
0
0
2
2
-2
1
1
6
1
0
-4
-2
-5
-5
-11
-6
-9
-9
-10
-12
-5
-7
-4
-11
-8
-6
-1
-3
-1
-1
-4
0
-1
-4
-9
-12
-11
-11
-17
-19
-21
-25
-28
-24
-28
-25
-23
-22
-26
-18
-16
-11
-7
-8
-3
-3
0
1
6
1
3
3
6
1
6
1
-1
-2
-2
-3
-6
1
3
5
0
3
2
7
4
11
16
10
13
11
14
16
25
23
25
20
19
18
12
7
6
11
4
5
6
8
6
10
5
6
9
8
9
7
13
4
13
6
9
6
5
7
7
6
-1
3
1
3
-4
3
-1
-1
-3
-3
-6
-9
-7
-13
-8
-10
-4
0
-1
-3
0
-3
3
7
15
15
4
10
0
6
4
4
0
-1
-3
-7
-2
-4
0
-6
-3
-9
-3
-2
-2
-1
-7
-3
-3
-7
0
2
-3
6
10
16
14
12
16
18
10
14
17
5
13
8
13
8
6
8
1
6
8
17
12
22
18
19
21
21
19
20
21
16
18
13
9
-1
4
-2
5
3
3
1
7
8
6
3
0
0
-7
-3
-2
0
-9
-7
-6
-6
-7
-4
4
5
9
4
7
9
6
4
6
6
3
2
-3
-3
-7
-6
-14
-13
-15
-9
-10
-11
-5
-12
-9
-9
-11
-15
-7
-11
-10
-14
-12
-9
-16
-13
-12
-11
-11
-10
-11
-4
-7
-3
-8
-7
-10
-9
-11
-16
-9
-17
-12
-17
-9
-7
-2
-2
-2
1
2
3
-3
1
-2
-3
5
1
3
3
-8
2
-5
3
2
6
4
7
8
10
12
7
11
6
6
-1
8
3
1
3
5
4
7
10
10
7
8
6
0
-1
-2
3
-3
10
-1
7
4
2
6
4
9
4
10
4
3
-4
2
-7
-2
-4
-4
0
-8
-7
-8
-9
-12
-6
-8
0
-2
2
1
2
-2
-4
0
-7
-2
-3
-6
-10
-5
-10
-10
-15
-16
-15
-20
-9
-13
-5
-10
-5
-7
1
1
3
3
0
5
3
10
3
6
6
19
16
18
16
17
17
13
22
8
9
-4
6
3
-1
2
5
5
6
9
4
7
8
8
0
7
-3
0
-4
-1
-3
-3
0
-4
-2
-9
-4
-10
-4
-5
-5
0
3
0
-2
0
2
1
1
3
-3
3
-1
3
4
0
6
-4
2
-5
4
7
3
4
-2
-3
-12
-5
-13
-9
-15
-8
-13
-13
-10
-7
-7
-6
-3
-6
-4
-7
2
-3
4
-6
0
-1
3
10
14
12
7
9
4
6
1
6
-2
8
2
-1
2
0
-4
-1
3
-2
0
-5
0
-1
-4
-2
-4
-9
-13
-13
-13
-14
-16
-18
-22
-15
-16
-9
-8
-8
-1
1
5
8
9
10
13
9
13
11
11
17
15
19
18
12
18
20
15
19
13
16
11
8
0
-1
-1
-3
-6
-9
-3
-16
-7
-5
-6
-10
-12
0
-4
-1
0
0
-1
2
3
-2
-3
0
-5
-6
-13
-19
-21
-20
-18
-17
-16
-19
-19
-22
-22
-23
-22
-23
-23
-22
-15
-18
-18
-22
-16
-15
-16
-10
-9
-4
-5
5
-8
3
-6
-2
-2
-3
0
-9
-7
-10
-6
-5
-2
-6
2
-1
6
4
9
6
16
10
7
15
10
12
11
12
6
13
5
16
12
13
15
14
17
13
16
13
19
14
19
22
23
19
25
25
13
24
16
19
17
20
17
6
9
7
10
4
10
3
6
0
3
-1
1
-4
-7
-3
-7
0
-6
3
-5
0
0
2
-2
-4
-7
-8
-8
-8
-10
-13
-7
-16
-9
-11
-10
-17
-11
-19
-14
-9
-12
-10
-17
-13
-13
-11
-11
-5
-12
-9
-5
-6
-12
-17
-15
-17
-14
-13
-7
-3
-4
-1
4
5
3
6
10
11
12
18
17
10
16
15
12
10
12
7
11
12
13
7
8
6
5
7
0
6
-3
2
3
-1
-3
0
-1
-4
-6
-4
-7
-2
-2
-4
0
-3
0
-8
-4
-8
-3
-3
-1
0
-4
-3
-3
-3
-6
-3
-1
2
2
6
3
10
8
4
6
9
9
3
12
10
9
10
13
7
8
8
3
8
10
9
3
5
4
3
6
6
6
6
3
4
6
3
6
12
12
9
13
7
8
7
10
13
13
13
17
13
9
13
8
6
11
11
7
6
8
8
6
9
7
10
10
9
4
8
7
3
5
-1
3
1
0
1
-1
0
-6
-3
-6
-7
-16
-13
-10
-15
-13
-10
-16
-15
-13
-9
-9
-15
-8
-16
-10
-16
-12
-15
-16
-11
-15
-13
-8
-9
-13
-11
-12
-7
-16
-12
-19
-11
-16
-12
-13
-13
-10
-16
-7
-8
-3
-5
3
0
5
-2
0
0
-4
2
-3
2
-8
0
-12
-9
-13
-16
-12
-15
-7
-11
-9
-13
-3
-9
-4
-4
-4
-1
-6
-6
-3
0
3
9
1
4
-3
4
0
-2
1
3
7
0
7
-1
-3
-5
2
-3
-1
8
6
9
9
11
9
12
13
16
13
14
10
15
13
10
18
12
6
6
4
6
3
-4
-2
-7
-3
-3
-2
-10
-10
-8
-13
1
-2
-2
-6
0
5
6
12
2
5
3
6
0
5
-3
-2
-3
-4
-7
-6
-3
-13
-4
-15
-12
-18
-10
-16
-16
-14
-12
-8
-8
-6
-6
-3
-8
-4
-9
-8
-12
-3
-4
-3
-5
-1
-6
-8
-3
-8
2
-6
2
0
3
7
8
14
12
16
16
13
16
14
12
18
19
15
16
12
14
12
9
6
11
12
16
9
7
9
6
15
8
9
5
11
0
1
8
7
14
14
16
17
19
11
12
5
6
4
4
1
3
6
1
6
5
0
0
-3
0
2
-3
2
-2
-1
-3
-2
-3
1
-3
-6
0
-4
-3
-6
-4
-1
-3
-7
3
-2
-4
-13
-10
-9
-10
-13
-15
-9
-18
-13
-9
-10
-8
-3
-3
7
1
5
3
4
10
7
9
7
8
7
12
4
7
0
6
7
7
7
9
4
3
9
2
9
9
10
7
11
7
12
10
6
5
5
7
10
9
16
10
7
12
4
6
7
6
3
6
4
-1
0
2
4
4
5
8
3
5
6
3
-3
1
-4
-7
-8
-9
-12
-19
-12
-18
-13
-16
-15
-17
-8
-14
-11
-12
-13
-12
-19
-13
-20
-16
-23
-18
-24
-23
-25
-26
-24
-25
-26
-23
-27
-31
-31
-33
-31
-30
-26
-32
-23
-24
-18
-26
-26
-28
-23
-21
-19
-14
-13
-6
-15
-13
-14
-14
-11
-8
-9
-7
0
-4
1
7
6
9
7
3
-2
-3
-9
-8
-5
-2
3
4
6
8
7
7
7
5
7
-1
6
0
2
0
-2
-3
-6
-3
-3
-6
-13
-10
-9
-5
-8
-1
-10
-4
0
0
4
4
6
0
6
3
6
-3
5
-3
-8
0
-4
-7
-5
-3
-12
-10
-13
-9
-14
-6
-4
-3
-4
4
8
9
16
8
13
13
22
19
16
14
12
11
6
10
7
7
2
6
4
9
13
10
10
10
10
13
19
12
10
12
16
18
21
28
24
17
22
23
15
18
16
15
12
11
5
4
4
4
2
9
11
10
10
7
13
13
13
10
14
9
15
7
10
12
12
7
9
10
4
6
2
5
2
3
4
9
3
13
6
14
8
9
8
6
6
0
11
1
12
2
9
2
7
6
6
8
10
13
9
18
8
14
9
10
4
3
1
3
1
0
8
10
9
9
13
10
7
-1
9
2
3
3
3
0
-4
-3
-6
0
-9
2
0
2
1
5
-1
-8
3
-6
-1
-5
2
-5
4
6
10
18
10
19
13
12
5
10
3
9
3
5
3
-2
-1
-6
-4
-6
-1
-7
-1
-3
0
-5
-4
-2
-3
3
1
4
-1
6
8
1
0
-1
-5
-8
-6
-4
-14
-5
-7
-8
-7
-3
-2
-12
-4
-8
-6
-2
-7
-7
-9
-3
-7
-2
-4
-6
-4
-12
-11
-16
-16
-19
-19
-23
-18
-28
-25
-27
-24
-19
-16
-6
-13
-2
-11
-4
-14
0
-3
-2
-2
0
4
-4
-3
-7
-6
-8
2
-4
3
1
6
10
9
2
6
9
1
0
0
-4
-3
0
-2
2
5
6
7
12
12
16
12
13
16
13
13
12
11
7
4
7
7
9
5
13
5
5
3
4
12
-3
8
4
7
7
6
5
5
5
6
6
3
0
0
4
-2
3
-8
-7
-9
-6
-8
-9
-6
-5
-9
-2
4
-5
-4
4
3
-1
0
2
2
0
8
3
3
0
-2
-8
3
-4
-3
-2
-5
-3
-7
0
-7
3
-2
6
3
2
7
2
0
3
-3
3
0
1
6
-3
6
-7
-3
-6
-4
-6
-2
-6
-13
-8
-12
-3
-7
-2
-4
3
0
-2
1
4
-4
5
9
5
14
6
6
9
6
0
3
-4
-1
1
0
0
4
7
4
8
-3
1
-4
-6
-6
-9
-7
-9
2
-8
-4
-5
-2
-10
-3
-3
-3
2
1
5
-7
-2
-9
0
-9
-11
-12
-11
-16
-15
-10
-15
-11
-16
-10
-9
-10
-12
-10
-14
-7
-9
-12
-11
-11
-9
-8
-7
-10
-9
-16
-10
-10
-12
-16
-17
-11
-13
-12
-17
-15
-13
-12
-10
-10
-11
-13
-4
-6
1
2
4
5
2
-2
-2
0
4
3
1
10
1
15
13
16
14
17
13
10
12
7
9
2
6
3
11
9
9
0
8
6
7
11
10
12
6
8
11
11
7
15
12
19
18
18
18
16
18
18
17
9
13
8
6
7
9
0
1
-3
-6
-4
-12
-9
-16
-13
-20
-19
-15
-15
-17
-16
-9
-7
-1
-10
-6
-7
-7
-11
-6
-3
-4
-3
-6
1
-5
-3
-7
-4
-4
3
1
2
2
4
5
6
5
0
6
0
4
0
6
4
4
0
2
6
-1
0
3
2
1
4
-1
0
-2
0
-4
3
2
0
3
4
6
4
6
7
10
10
10
10
8
8
10
6
8
6
5
10
9
9
6
7
3
4
0
-4
-4
-9
-11
-6
-11
-9
-8
-16
-7
-10
-6
-11
-3
-10
-8
-9
-6
-2
-10
-6
-8
-6
-9
-6
-10
-6
-16
-13
-16
-12
-16
-12
-13
-16
-2
-11
-4
-7
-4
-8
-5
-5
-5
-4
-3
5
3
6
4
9
-1
6
3
3
-2
-2
6
1
12
0
2
1
12
6
6
2
4
-1
1
9
-2
7
1
8
9
12
8
13
13
12
9
9
11
8
12
9
11
12
14
9
16
13
15
19
19
18
20
22
16
16
15
10
10
13
12
7
8
8
3
1
10
9
3
-1
-3
-6
-12
-5
-9
-6
-10
-2
-4
2
0
0
6
-2
3
3
11
6
12
2
1
-7
-5
-10
-6
-5
-7
0
-8
-3
-4
1
-4
0
-6
-3
-1
-1
1
0
-2
3
5
-1
3
1
-1
3
0
-8
-7
-16
-12
-13
-16
-12
-16
-13
-10
-8
-6
-3
0
-6
0
2
5
7
1
3
0
4
5
7
4
-2
0
2
-8
-5
-7
-13
-18
-10
-13
-14
-17
-20
-15
-18
-17
-15
-13
-15
-10
-17
-10
-10
-5
-13
-7
-7
-4
-1
-5
-6
-11
-1
-15
-7
-16
-10
-12
-15
-16
-17
-13
-19
-19
-23
-13
-17
-14
-12
-12
-13
-10
-16
-11
-12
-5
0
-6
0
-5
-8
-9
-7
-14
-14
-18
-9
-13
-12
-6
-9
-15
-13
-10
-16
-6
-12
-8
-3
3
-8
12
6
10
14
4
19
11
17
10
8
3
13
4
2
3
-3
-3
2
-2
0
3
-4
9
-1
12
5
10
6
9
10
11
18
4
9
7
10
10
15
19
18
14
24
15
19
26
13
18
21
12
14
24
5
16
12
19
30
28
32
32
22
19
29
16
32
23
12
22
16
10
21
15
3
23
16
10
15
8
3
7
13
10
16
3
14
3
0
0
1
-4
3
8
-2
17
-2
14
-2
15
3
10
4
-6
-4
-13
0
-23
-2
-24
-7
-13
-5
-13
-4
-6
-4
-4
-2
6
-17
7
-18
3
-18
7
-8
2
8
-6
23
1
9
1
14
-2
11
2
13
1
4
6
3
3
4
5
3
11
1
8
4
1
-8
-3
-14
1
-22
-3
-15
2
-12
0
-13
-2
-3
-20
11
-26
17
-19
20
-14
15
-8
3
-1
-13
11
-24
10
-13
8
-23
13
-11
1
-1
-9
-3
-3
2
-16
1
-21
7
-21
-3
4
1
14
9
23
5
24
2
15
12
3
17
4
19
-5
13
4
12
0
4
6
0
16
0
12
5
19
2
17
17
16
14
12
18
2
22
6
10
12
17
0
16
7
0
19
-18
6
-13
-3
-1
-4
-10
-4
-9
-13
15
-13
2
13
8
0
23
7
7
10
4
0
7
-2
-8
-5
-16
-1
-20
-2
-12
-11
-15
0
-18
-6
-12
-6
-11
-8
0
-14
17
-11
15
-18
23
-20
15
-3
-5
-4
-23
9
-46
8
-48
-4
-30
-5
-24
-28
1
-42
0
-30
8
-26
-3
-6
-17
1
-19
-2
-32
4
-22
-17
-4
-16
-10
-17
8
-44
7
-35
-15
-21
-18
-11
-37
8
-52
15
-53
13
-45
0
-5
-33
6
-41
28
-57
47
-45
29
-11
-2
-3
-11
14
-36
41
-42
38
-37
20
-17
10
-10
8
4
-21
37
-36
28
-20
19
-29
26
-7
-9
21
-20
17
-17
13
-23
25
-10
7
26
-11
20
8
25
4
36
-3
30
29
3
36
18
30
16
47
3
47
16
12
22
10
6
5
36
-12
36
4
14
15
14
10
21
20
-13
18
-3
-3
16
0
7
5
6
-10
0
1
-12
16
-10
13
-7
4
-9
-6
0
-25
7
-22
11
-24
4
-13
-1
-5
-15
11
-13
19
-20
24
-32
21
-21
0
-1
-11
1
-24
26
-47
22
-38
-10
-30
-5
-21
-2
15
-37
21
-22
3
-9
12
-3
14
15
-7
19
-13
9
1
3
1
5
-3
-14
14
-32
4
-15
3
-35
10
-14
-20
14
-28
16
-21
26
-33
39
-17
8
14
-7
24
-5
28
-14
38
-17
31
-3
3
-4
0
-5
-6
12
-34
12
-34
-4
-32
-3
-27
-5
-15
-18
14
-14
19
-13
22
-27
16
-15
4
-4
-10
8
-17
11
-15
17
-12
26
-22
13
-3
-2
-4
2
-3
-11
18
-27
32
-11
30
-3
29
2
18
16
7
34
-6
27
5
13
-8
30
-21
14
-1
-12
5
11
-12
-1
5
-26
5
-20
-5
-4
7
-18
15
-18
7
-8
-6
-8
-3
-13
-3
4
-28
19
-18
15
-21
16
-28
23
-17
-7
12
-12
4
-19
11
-25
29
-30
26
-22
-5
-16
-1
-15
-4
-1
-29
21
-26
11
-9
20
-27
29
-10
-5
22
-7
7
10
14
-8
27
-7
16
6
9
-1
8
-2
11
-6
9
2
-3
-9
-9
1
-9
12
-12
19
-20
10
-10
19
-3
21
2
19
5
-6
31
-10
19
-9
27
-38
45
-29
24
3
1
3
3
18
-23
48
-34
35
-23
21
-14
39
-15
16
20
-17
29
-11
27
-8
41
-29
36
-23
4
-1
-3
0
-20
14
-48
20
-31
12
-16
-1
-13
-22
-1
-24
16
-20
16
-24
3
-12
-1
7
0
8
-6
14
-12
25
-16
27
3
4
13
-1
10
5
24
-8
34
5
12
29
9
16
18
22
-12
27
14
9
48
7
33
3
27
-10
40
-12
12
10
-17
21
-27
30
-36
51
-49
33
-40
10
-8
-5
16
-33
32
-69
53
-64
55
-45
37
-29
1
11
-32
40
-51
52
-70
50
-50
27
-21
3
5
-11
15
-32
52
-44
53
-20
31
-20
21
-8
-3
39
-32
41
-29
13
-28
26
-28
-2
-7
-32
18
-29
5
-14
2
-31
3
-14
-7
14
-7
0
0
2
-4
16
4
6
11
-17
9
-10
0
-2
-10
-4
-19
-7
-26
7
-34
14
-24
-2
-16
-15
5
-11
8
-12
16
-34
19
-23
15
-4
1
-15
-4
-2
-13
27
-9
14
0
5
-20
23
-18
8
0
-17
1
-4
-8
4
14
-14
16
-4
-2
6
12
-7
8
-2
-10
-2
2
-5
-3
1
-20
1
-14
-5
2
0
3
9
4
6
11
4
19
6
16
3
3
9
-2
16
-2
-3
-4
-3
-13
2
-9
-13
-6
-24
-10
-18
1
-22
2
-10
-18
-8
-12
-11
-11
-4
-32
12
-28
2
3
-8
-1
-9
-16
-21
-10
-34
-2
-37
-13
-25
-19
-23
-10
-15
-24
-7
-34
-20
-24
-8
-24
1
-17
-4
0
3
17
5
23
12
11
22
28
9
48
32
16
54
21
25
53
28
16
58
0
20
38
-2
36
29
-5
27
32
-9
65
31
17
57
15
-12
61
-13
-3
62
-23
-2
43
-22
-28
57
-51
3
27
-39
-26
32
-63
1
-6
-57
-4
-40
-33
-40
-20
-65
-4
-78
1
-54
-35
-39
-45
-69
-47
-47
-77
-19
-78
-26
-82
-25
-108
-5
-94
-27
-59
-53
-33
-51
-38
-42
-6
-91
44
-102
36
-28
-7
-23
31
-53
0
23
-66
73
-39
43
-14
64
-25
78
26
54
59
52
75
23
115
28
119
51
104
62
92
78
90
93
86
114
64
128
75
116
85
99
110
86
95
128
53
115
103
14
130
80
17
134
44
20
98
-3
29
17
39
-40
65
-34
-3
-27
-14
-51
-63
-10
-151
23
-178
-25
-138
-85
-145
-106
-159
-140
-143
-232
-88
-294
-101
-304
-148
-288
-207
-260
-224
-242
-260
-202
-310
-140
-327
-146
-267
-165
-235
-149
-173
-150
-88
-127
-52
-65
16
-55
94
4
86
119
103
164
177
198
231
259
276
298
323
348
362
381
409
414
436
448
445
504
449
534
485
522
513
521
504
521
527
463
531
452
486
391
479
360
389
382
295
331
248
248
151
205
39
107
-41
-30
-104
-186
-193
-321
-305
-456
-410
-586
-523
-698
-672
-779
-808
-845
-942
-902
-1030
-971
-1073
-994
-1116
-1023
-1085
-1045
-1038
-999
-973
-952
-856
-885
-745
-736
-653
-600
-479
-480
-317
-279
-223
-82
-31
21
157
183
252
378
373
461
537
573
611
716
684
798
784
850
874
893
901
963
960
958
1037
968
1053
1026
1066
1024
1103
1035
1085
1096
1078
1103
1066
1094
1046
1084
1031
1066
958
986
917
829
856
749
652
625
504
348
336
106
-23
-126
-373
-456
-600
-800
-915
-1062
-1274
-1358
-1521
-1710
-1733
-1920
-1975
-2010
-2048
-2108
-2030
-2072
-2040
-1927
-1965
-1853
-1784
-1711
-1603
-1391
-1374
-1124
-1061
-956
-761
-704
-554
-430
-330
-241
-63
-24
163
212
291
374
424
490
544
571
599
665
652
718
770
768
799
822
793
831
865
838
883
899
882
974
968
1034
1085
1111
1153
1227
1220
1275
1342
1320
1417
1462
1498
1531
1621
1562
1613
1647
1576
1565
1567
1467
1419
1437
1263
1251
1134
967
873
718
477
301
69
-187
-303
-541
-693
-877
-1134
-1373
-1537
-1789
-1926
-2031
-2214
-2255
-2315
-2339
-2319
-2234
-2275
-2150
-2105
-2046
-1892
-1793
-1640
-1473
-1336
-1176
-990
-940
-729
-706
-618
-494
-476
-439
-319
-396
-359
-283
-402
-320
-361
-396
-398
-361
-478
-395
-465
-488
-403
-398
-339
-251
-211
-216
-28
-84
93
192
233
361
521
556
782
928
929
1177
1182
1300
1445
1565
1585
1778
1775
1851
1972
1989
2068
2098
2159
2157
2255
2209
2275
2196
2175
2139
2098
2090
2105
2013
1939
1921
1671
1597
1422
1133
891
702
370
256
67
-200
-382
-733
-1080
-1363
-1683
-1939
-2074
-2320
-2422
-2482
-2607
-2578
-2495
-2552
-2413
-2355
-2383
-2254
-2098
-2010
-1703
-1460
-1340
-1061
-987
-878
-727
-629
-619
-512
-650
-710
-701
-813
-750
-691
-801
-875
-885
-1165
-1164
-1255
-1430
-1411
-1433
-1473
-1335
-1203
-1180
-964
-921
-811
-663
-549
-412
-253
-76
82
390
585
885
1099
1276
1440
1571
1679
1788
1923
1997
2207
2288
2460
2522
2571
2581
2594
2616
2633
2656
2643
2647
2587
2625
2588
2590
2536
2463
2329
2290
2206
2126
2126
2027
1842
1692
1383
975
801
444
238
176
-91
-387
-587
-1115
-1442
-1734
-2150
-2354
-2570
-2752
-2885
-2841
-2954
-2876
-2929
-2941
-2942
-2862
-2810
-2641
-2426
-2335
-1967
-1861
-1582
-1408
-1238
-1200
-973
-974
-856
-715
-776
-731
-796
-790
-944
-767
-879
-824
-817
-870
-1066
-1074
-1256
-1376
-1247
-1296
-1134
-1052
-926
-931
-702
-697
-489
-438
-269
-190
-2
242
448
799
938
1242
1346
1619
1718
1998
2028
2266
2366
2486
2707
2776
2911
2934
3018
2927
3067
2945
3013
2991
3001
2946
2961
2865
2733
2719
2569
2570
2500
2431
2282
2242
2021
2014
1885
1694
1453
1073
616
331
67
-139
-209
-511
-835
-1252
-1681
-2188
-2431
-2847
-3050
-3255
-3365
-3517
-3510
-3556
-3589
-3480
-3543
-3404
-3453
-3236
-3193
-2846
-2652
-2262
-2066
-1806
-1562
-1446
-1200
-1134
-899
-940
-675
-684
-546
-584
-543
-755
-734
-602
-738
-602
-641
-930
-1114
-1044
-1388
-1141
-1091
-1200
-1121
-1035
-1153
-972
-745
-746
-457
-365
-151
-2
314
509
820
1083
1334
1626
1821
2165
2326
2556
2721
2885
2930
3082
3189
3186
3329
3333
3285
3272
3296
3195
3230
3208
3037
2930
2847
2768
2720
2781
2669
2482
2424
2246
2100
2161
2023
1865
1786
1515
1191
939
480
50
-145
-373
-555
-635
-991
-1443
-1834
-2357
-2644
-2899
-3160
-3324
-3435
-3607
-3526
-3524
-3466
-3354
-3488
-3414
-3433
-3328
-3203
-2833
-2642
-2344
-2096
-1963
-1749
-1621
-1404
-1359
-1119
-1180
-1014
-975
-866
-732
-713
-691
-778
-884
-952
-842
-1054
-877
-996
-1290
-1156
-1190
-1266
-908
-1006
-1085
-900
-1004
-879
-515
-381
-265
63
48
391
606
933
1178
1433
1565
1799
2043
2180
2574
2547
2815
2836
2960
2980
3213
3170
3239
3332
3178
3254
3170
3246
3147
3290
3077
3123
2954
2936
2897
2845
2897
2686
2629
2436
2341
2159
2279
2070
2040
1886
1495
1131
709
210
-63
-95
-453
-452
-744
-1328
-1584
-2148
-2603
-2784
-3224
-3490
-3621
-3837
-3963
-3774
-3934
-3780
-3953
-4007
-4039
-4027
-3762
-3647
-3188
-3201
-2800
-2838
-2427
-2326
-2018
-1810
-1691
-1495
-1513
-1161
-1236
-849
-983
-733
-922
-753
-847
-777
-698
-841
-740
-909
-804
-937
-703
-861
-696
-811
-659
-667
-453
-324
-230
-23
21
289
430
823
927
1286
1388
1623
1740
2065
2231
2488
2735
2839
3014
3060
3203
3196
3380
3377
3492
3552
3657
3605
3674
3625
3550
3547
3509
3484
3360
3347
3161
3159
3110
3102
3066
2919
2714
2469
2348
2211
2218
2044
1667
1215
518
60
-95
-250
-367
-383
-1097
-1623
-2109
-2940
-3034
-3521
-3903
-4102
-4389
-4638
-4547
-4527
-4628
-4500
-4838
-4781
-4884
-4658
-4458
-4049
-3751
-3595
-3162
-3138
-2583
-2471
-2011
-1862
-1665
-1525
-1338
-1074
-890
-544
-599
-339
-556
-344
-418
-252
-357
-411
-509
-749
-596
-654
-484
-510
-496
-690
-581
-752
-530
-490
-436
-293
-216
49
271
606
773
1080
1148
1389
1579
1844
1991
2325
2472
2664
2953
3049
3270
3369
3408
3498
3618
3665
3835
3833
3879
3746
3761
3745
3735
3774
3695
3611
3465
3353
3278
3270
3156
3082
2825
2595
2416
2270
2323
2199
1904
1427
707
168
-167
-256
-355
-501
-968
-1566
-2086
-2723
-3065
-3473
-3862
-4224
-4502
-4730
-4750
-4645
-4718
-4643
-4842
-4941
-4956
-4847
-4580
-4320
-3913
-3839
-3463
-3322
-3009
-2622
-2314
-1995
-1843
-1627
-1630
-1272
-1135
-780
-653
-486
-504
-437
-300
-314
-129
-330
-414
-637
-595
-591
-390
-334
-381
-510
-599
-671
-542
-409
-401
-187
-243
-8
191
556
790
1106
1179
1404
1560
1775
2099
2311
2645
2712
3085
3119
3386
3491
3617
3717
3786
3841
3925
3994
3970
4065
3981
4092
3923
4025
3826
3831
3719
3594
3634
3452
3421
3255
3138
2799
2802
2470
2559
2439
2215
1948
1171
682
-13
-123
-379
-401
-771
-1234
-1835
-2516
-2918
-3556
-3786
-4482
-4623
-5173
-5166
-5193
-5242
-5010
-5407
-5285
-5665
-5431
-5473
-5002
-4809
-4454
-4238
-4077
-3628
-3561
-2773
-2803
-2159
-2254
-1953
-1793
-1510
-1133
-922
-584
-668
-294
-495
57
-122
209
-59
-120
-244
-336
3
-139
230
-105
-7
-247
-48
-153
123
21
18
145
118
603
693
1159
1137
1434
1392
1702
1860
2138
2380
2550
2784
2913
3246
3219
3583
3459
3632
3668
3777
3926
4076
4171
4176
4237
4117
4179
4074
4125
4005
4083
3942
3945
3883
3734
3675
3443
3258
3021
2863
2701
2746
2443
2139
1393
600
48
-328
-394
-557
-818
-1485
-2067
-2864
-3414
-3993
-4467
-4920
-5347
-5568
-5841
-5665
-5837
-5716
-5945
-6124
-6201
-6206
-5952
-5667
-5181
-4993
-4537
-4493
-4059
-3792
-3302
-2890
-2579
-2238
-2152
-1710
-1583
-1077
-896
-597
-517
-289
-205
82
285
275
344
-1
9
-108
146
144
404
174
129
52
-59
113
73
166
46
246
151
626
752
1074
1292
1344
1504
1599
1875
2015
2509
2591
2982
3133
3338
3470
3655
3719
3835
4068
4020
4366
4325
4535
4592
4655
4646
4624
4590
4483
4491
4357
4385
4286
4264
4058
3992
3699
3518
3361
3069
3079
2814
2531
1953
1148
257
-133
-485
-498
-582
-1224
-1709
-2704
-3345
-4040
-4569
-5016
-5484
-5741
-6077
-6076
-6102
-6064
-6149
-6263
-6539
-6485
-6400
-6147
-5576
-5345
-4830
-4662
-4434
-4014
-3693
-3079
-2637
-2299
-2031
-1913
-1686
-1268
-997
-547
-295
-227
75
86
435
582
623
607
288
298
130
347
535
496
578
301
152
150
66
98
119
-24
21
123
300
627
834
1025
1138
1190
1308
1473
1793
2074
2389
2708
2880
3208
3341
3521
3656
3691
3877
3972
4164
4360
4481
4593
4692
4577
4642
4581
4528
4570
4463
4413
4335
4210
3979
3914
3682
3503
3392
3168
2945
2881
2476
1982
1246
215
-364
-624
-801
-808
-1033
-1897
-2385
-3566
-4201
-4871
-5451
-5610
-6034
-5990
-6406
-6205
-6409
-6302
-6410
-6488
-6551
-6484
-6254
-6031
-5238
-5159
-4333
-4353
-3905
-3493
-3235
-2524
-2248
-1876
-1751
-1380
-1308
-636
-481
-2
211
343
528
606
985
785
1101
764
726
683
710
760
920
718
471
479
103
292
216
232
13
63
-208
82
255
408
800
735
969
848
1215
1287
1788
2023
2335
2592
2783
3009
3175
3490
3435
3930
3787
4197
4226
4361
4636
4608
4748
4672
4735
4612
4800
4597
4769
4574
4429
4270
4087
3981
3755
3733
3366
3321
3118
2850
2334
1529
299
-240
-576
-672
-406
-902
-1569
-2397
-3565
-4350
-4834
-5530
-5553
-6057
-6197
-6495
-6514
-6370
-6458
-6355
-6670
-6673
-6712
-6339
-6101
-5185
-5070
-4430
-4248
-4100
-3300
-3293
-2223
-2108
-1689
-1566
-1357
-1134
-623
-343
-49
377
224
654
569
1024
790
1005
639
507
596
444
763
517
627
113
244
-35
21
68
-150
-232
-449
-364
-261
155
153
494
415
578
741
889
1343
1544
1849
2103
2345
2641
2977
3163
3471
3445
3775
3823
4039
4316
4281
4656
4648
4747
4821
4872
4962
5020
4876
4842
4595
4552
4505
4418
4481
4158
4081
3689
3565
3511
3283
2763
1704
389
-257
-378
-401
-13
-621
-1439
-2240
-3666
-4270
-4905
-5406
-5373
-5930
-6093
-6587
-6506
-6280
-6185
-6104
-6338
-6536
-6657
-6279
-6174
-5043
-4896
-4263
-4044
-4062
-3267
-3277
-2242
-2066
-1809
-1723
-1528
-1314
-699
-441
-291
215
-121
326
218
628
607
698
458
161
268
34
338
174
439
61
-103
-410
-578
-274
-210
-370
-656
-520
-430
31
174
240
264
358
291
749
1368
1781
2051
2020
2304
2503
2947
3045
3385
3618
4007
4220
4249
4455
4322
4643
4793
5170
5510
5796
5671
5402
5098
4772
4927
5227
5456
5109
4826
4059
3988
4153
4001
4064
3099
1428
-587
-1377
-517
716
679
-1310
-3778
-4830
-4539
-4252
-4350
-4603
-5733
-6748
-7652
-8429
-7229
-6143
-5122
-4680
-4911
-5762
-6685
-6444
-5473
-3552
-2944
-2725
-2763
-2456
-1690
-1877
-1472
-1038
-770
-413
-20
182
308
-299
-1053
-628
76
589
130
95
-22
-445
-1013
-1962
-1564
-867
-552
-985
-1476
-1767
-1979
-2254
-1937
-1540
-1109
-711
-1360
-1320
-1038
-1061
-766
411
828
1502
1457
811
1756
2041
2597
2936
3327
4159
4298
4126
4146
4237
4449
4959
4945
5475
5623
4898
5017
5074
5480
5704
5424
5383
5345
5225
4679
4554
4722
4700
4457
4207
3838
3607
3555
3555
3397
2526
98
-2189
-1626
50
1027
-316
-3255
-4808
-5289
-4630
-5071
-5693
-4514
-6488
-6876
-7923
-9391
-7289
-6774
-4419
-3763
-5138
-6225
-7209
-5468
-3637
-3572
-3050
-2063
-1547
-772
-1726
-1757
-786
-232
397
-47
707
472
-32
238
-646
-178
131
436
1207
676
-663
-1666
-1838
-1169
-905
-855
-812
-1620
-1258
-2122
-2378
-1631
-2082
-1070
-1255
-1634
-1347
-1730
-646
-370
-516
211
340
1230
1468
1252
1548
1728
2473
2608
3232
3879
3736
4091
4006
4014
4416
4478
4738
5163
4929
4798
4587
4891
5313
5360
5600
5183
5230
5016
4860
4994
4882
4927
4923
4432
4170
4073
3721
4253
4101
3476
2273
-190
-2034
-1069
366
561
-824
-3713
-4757
-5255
-4739
-6417
-6167
-5127
-7456
-6666
-9179
-9556
-7788
-7221
-4512
-4869
-5841
-6565
-7208
-4929
-4117
-4506
-2807
-2180
-853
-968
-1622
-1259
-906
546
405
310
1065
297
546
715
-444
-60
102
1308
1376
396
-471
-1858
-1641
-1379
-1305
-677
-1069
-1960
-1751
-2305
-1719
-2291
-2275
-1224
-1945
-1211
-2112
-1721
-309
-726
37
247
638
1325
1117
1707
1840
2161
2793
2738
3962
3989
3918
4475
4289
4777
4409
4696
5030
5061
5368
4745
4708
5216
5331
5687
5825
5197
5136
4868
4978
4828
4826
5063
4628
4910
4094
4045
3964
4271
4062
2515
397
-2234
-943
95
894
-991
-3301
-4387
-5449
-4324
-7186
-6069
-5535
-7500
-6563
-9573
-9701
-8423
-7500
-4446
-5031
-5989
-6608
-7612
-4835
-4682
-4728
-2766
-2211
-292
-1375
-1335
-1201
-746
1264
349
917
1323
757
1293
895
196
341
704
2231
1729
1084
72
-1313
-537
-1269
-1304
-995
-1034
-496
-1036
-1767
-2611
-3045
-2258
-1467
-1092
-1448
-1402
-1689
-1497
-1184
-1331
105
1251
1901
1753
934
559
1176
2236
3385
3972
4192
4232
3858
3584
3478
4036
4847
5488
5510
4889
4316
4198
4547
5285
5563
5695
5427
5405
4806
4224
4355
4473
5129
5108
5007
4006
3889
3890
3598
3772
1967
-888
-1504
-385
54
93
-2689
-3695
-4979
-4603
-5242
-8291
-4700
-7619
-6919
-7566
-10817
-8420
-9257
-5186
-5111
-4989
-5767
-7666
-6230
-4853
-4542
-3715
-1600
-974
-73
-1455
-907
-1246
1168
1792
749
1956
1078
1683
1738
1060
516
509
1900
2415
1361
1457
-872
-487
-865
-1804
-1340
-1622
97
-1277
-1053
-2832
-3992
-3117
-2489
-1140
-1598
-1001
-2493
-2051
-1808
-2213
-881
244
1987
1731
1492
90
162
1760
2791
3804
4125
4374
4085
3677
3396
3506
4531
5655
5452
5482
4631
4124
4292
5010
5401
5619
5690
5356
5288
4723
4447
4019
5045
4993
5112
4629
3930
4047
4044
4100
2433
-33
-1839
-530
324
685
-1559
-3604
-4652
-5412
-4702
-8242
-5037
-5911
-7219
-6177
-11698
-9106
-9789
-6180
-3884
-4848
-4131
-7648
-6437
-5862
-4684
-3523
-1717
-1
536
-893
-1098
-1879
250
2297
1317
2344
1020
1816
1346
1020
305
158
1383
2057
1587
1032
-375
-1372
-1102
-2166
-1051
-1329
-766
-971
-1586
-2456
-3708
-3349
-3021
-1628
-989
-1455
-2017
-1993
-2282
-1598
-959
-266
945
1605
1457
658
424
1019
2290
3285
3963
3820
4040
3544
3113
3291
3669
4878
4923
5449
4744
4110
3999
3983
5016
5478
5741
5123
5239
4714
4506
4636
4625
5305
5299
5218
4308
4147
4604
4061
3098
151
-1898
-343
527
1284
-835
-2764
-4555
-5931
-5070
-8712
-4552
-5407
-6297
-5453
-11591
-9264
-10719
-6158
-3469
-3869
-2952
-6821
-6277
-6029
-5427
-3369
-1037
1129
1754
-469
-389
-2495
-3
1971
1653
3335
1691
2565
1226
790
20
-322
1703
2611
2020
1432
-298
-1522
-1714
-2237
-938
-876
135
-527
-1688
-2542
-3903
-3762
-3240
-1411
-1173
-956
-1617
-2564
-2479
-2344
-1633
-322
508
1086
1903
-153
427
75
966
3020
3292
4485
3818
3680
2471
2234
3075
4314
5386
5862
5307
4677
3679
3709
4435
5160
6754
5983
5818
4945
4333
4457
4476
5514
5599
5466
5295
4017
4006
2489
182
-1036
-704
830
783
-620
-2293
-4575
-6192
-5196
-9532
-4437
-5240
-6465
-4384
-11909
-8420
-11781
-6843
-3884
-4072
-1248
-6102
-5485
-6561
-6102
-3880
-1225
1941
2680
296
210
-2890
-759
1188
1506
4032
2483
3106
861
405
-286
-738
1376
2075
1814
1817
-184
-1164
-2212
-2903
-1828
-1707
58
-745
-707
-2469
-3947
-4183
-4383
-1981
-1389
-269
-961
-1672
-2537
-3005
-2164
-1038
811
1642
2131
1236
420
0
811
1684
3400
4107
4397
4089
3011
2586
2054
3557
4394
5797
6002
5389
4443
3822
4064
4416
5614
6232
6739
6639
5515
4704
4178
4576
5250
5688
6259
5584
5262
2073
-999
-2124
-1141
1110
1661
228
-1633
-5342
-6304
-7714
-10328
-3766
-6126
-3217
-4952
-10698
-9313
-12849
-6092
-5114
-1669
-321
-4295
-4445
-6739
-6916
-4561
-883
3448
4055
2687
654
-3823
-723
-471
1548
3548
3694
3897
1048
-86
-2042
-1480
903
1417
1366
1750
-522
-1198
-3482
-3763
-3747
-2625
-239
-1092
-59
-2456
-4102
-4502
-4940
-3193
-1875
-310
418
-659
-1231
-3346
-2898
-1219
90
3141
2654
2837
1035
35
253
291
3100
4126
5618
4962
3292
1938
1305
2465
3603
5095
6409
6243
5273
4223
2972
3836
4534
6109
7017
7013
6698
4884
4666
4008
4276
5826
6107
6527
3285
-599
-1399
-2080
1049
112
-117
-2
-5399
-3904
-9904
-9677
-4649
-7706
-1433
-6559
-8003
-9210
-12215
-5476
-6458
-1049
-1364
-3046
-2393
-6272
-5653
-4759
-966
3901
3458
3819
773
-2344
-285
-1658
1582
2690
3856
4333
1444
480
-2523
-1744
278
824
1075
635
-497
-1415
-3096
-3705
-3408
-2253
-793
-1261
-1630
-2326
-3452
-3870
-3446
-3388
-1391
-1290
-44
358
-1116
-524
-2166
-527
256
1296
2382
2031
2952
1713
1325
1137
1180
3111
4118
4265
3881
2358
2540
1917
2564
3549
4227
5750
4980
4965
3503
3239
4036
4414
5869
5958
6094
5658
4958
4761
4483
5246
5871
4754
2317
-615
-789
-587
635
944
-144
-625
-5009
-5281
-10284
-7874
-4704
-6004
-373
-7229
-6816
-10517
-10639
-5698
-5445
712
-1105
-786
-2889
-6309
-6493
-4875
-311
3945
4476
4417
309
-2053
-1820
-3017
786
1966
4385
4087
1846
-439
-3465
-2518
-938
-286
741
621
-458
-1337
-3339
-3783
-4004
-2367
-836
-1278
-624
-1301
-2828
-2369
-2883
-2323
-1175
-826
769
362
1374
259
160
995
9
1695
1237
2406
2893
2559
2937
1340
1467
1687
2042
2998
2996
3131
3077
2790
2541
1785
2570
3253
4236
4772
4294
4608
4257
4369
4047
4632
5072
5658
5877
5820
5682
5420
4608
610
-778
-1672
238
1496
1371
1474
-1868
-3872
-6611
-11011
-8642
-5438
-4909
-245
-5040
-6375
-9789
-11148
-7307
-6657
850
70
1504
-494
-4733
-6183
-6438
-1713
2149
5373
6014
2806
-121
-1177
-3550
-1473
72
2891
4143
2935
919
-2915
-2804
-2583
-1943
-1456
-1289
-1294
-1609
-2514
-3803
-4166
-3156
-2464
-1957
-2098
-1919
-1809
-2110
-299
-1255
-66
-68
-225
1206
1019
2379
2066
3188
3109
2581
2020
1243
1932
2835
3664
4054
3309
2765
2355
1401
1615
1143
2350
3305
4022
3815
2907
2824
2733
2860
3140
3895
4612
5469
5075
4746
3939
4126
4653
5162
6311
4723
1194
-1758
-2477
-952
697
995
581
-874
-3790
-6174
-11634
-9772
-6530
-5214
422
-4885
-4860
-8592
-9804
-6847
-7209
-49
-189
2759
1538
-2289
-4435
-5613
-2044
1463
4624
5737
3681
1831
365
-2980
-2099
-1664
1252
2737
2260
769
-2286
-2506
-3057
-2752
-2516
-3234
-3448
-2794
-3391
-3573
-4200
-2767
-2360
-2489
-2355
-3908
-2350
-1507
59
672
487
1288
608
1231
1893
1631
3208
3911
4531
4663
3166
2702
1833
2831
3222
3334
3598
3002
2877
2277
1562
895
1444
2174
2896
2602
2887
2790
3092
3755
3175
3472
3504
4202
4798
4468
5194
4988
5196
6457
4850
4397
-101
-1867
-1331
-1609
2052
-678
842
-1719
-4880
-5411
-13245
-8393
-8529
-5396
-274
-6015
-2682
-8543
-7274
-6435
-7089
-340
-1628
2954
1720
-324
-1260
-3089
-476
1396
3203
4230
2228
2189
1590
-853
-447
-1413
334
240
-424
-1724
-3290
-2126
-2230
-2202
-3199
-4737
-5350
-5533
-5508
-4543
-4016
-2239
-1739
-1835
-3117
-4155
-3221
-2679
278
1220
2024
2751
2574
2139
2680
2635
2933
4640
4578
5304
4341
4278
3551
3593
4214
3252
3135
2480
2362
2085
2020
1890
1972
2646
2998
2305
2152
2107
2647
3564
3812
4037
4110
4386
4325
4347
4252
4976
5472
6131
5479
1450
-1421
-2900
-1812
558
239
1042
-1310
-3416
-5051
-11476
-10311
-8807
-6985
-1490
-4299
-3963
-6231
-7568
-4986
-6219
-1420
-1354
828
2015
-339
-283
-1994
447
2298
3346
3773
1622
852
879
-480
182
-145
191
333
-1407
-3072
-5347
-4220
-3023
-2291
-2508
-4449
-5798
-6244
-6611
-6654
-5858
-4114
-2524
-2177
-1927
-3613
-3113
-1906
-1190
1299
1608
2164
2961
3322
3523
3927
4261
4829
5606
5176
4870
4073
4511
4690
5096
5238
3980
3440
2475
2642
2272
2288
2524
2571
3459
3050
2736
2696
3280
4080
4327
4008
3739
3393
3910
4087
4821
5699
6136
6189
4749
1145
-3787
-3269
-3398
-28
1194
95
94
-4501
-5172
-11863
-11884
-8661
-8668
-1740
-4246
-3789
-4501
-6644
-3496
-5333
-1040
-1136
-217
1893
-195
612
-231
1459
3010
4072
3906
1437
-536
-317
-1669
-1103
-325
-623
508
-1457
-3028
-6031
-6204
-5353
-4788
-4014
-5088
-6061
-6570
-6408
-6968
-5979
-5065
-4004
-3211
-2911
-3879
-2804
-1442
-176
1533
1926
2403
2169
3689
2900
4541
5127
5092
6528
5453
5789
4735
4782
4798
4873
5885
4568
4165
3698
3261
3646
3056
3573
3128
3767
3941
3402
3708
4173
4969
5338
5249
4222
4201
4202
5057
4707
5944
6364
5774
4112
-1289
-4237
-3874
-2464
-603
226
-627
-2845
-5357
-7950
-13199
-9574
-9367
-6166
-2720
-6402
-3274
-7088
-3151
-3311
-2291
1085
-1239
1700
-343
677
274
1418
3039
3765
4659
3040
402
-431
-119
-1658
-1128
-2067
-1543
-1810
-3036
-4759
-6308
-5469
-5302
-5239
-5948
-7578
-8459
-7705
-7442
-6488
-5025
-4300
-3944
-3987
-4358
-4932
-2949
-1172
231
2078
2192
2753
2995
3881
3949
4334
5247
4847
5561
5101
5253
5361
5682
5870
5596
5960
4554
3957
3018
3194
3507
3893
4741
4470
5452
5062
4568
4303
4779
5453
5625
5654
5282
5370
5939
6263
6133
6993
6285
4114
-342
-4245
-4191
-3387
-1139
-356
-392
-2215
-5006
-7821
-13310
-9861
-10075
-7135
-3615
-7335
-3244
-6022
-2566
-2092
-1631
1972
-283
2143
-485
-360
257
1776
3829
4787
5142
3764
1537
3
-531
-2421
-1506
-2473
-2397
-2801
-4388
-5263
-6277
-5184
-5055
-5736
-6773
-9096
-9750
-9376
-8973
-7270
-5613
-3739
-3706
-4049
-4920
-5238
-3482
-1526
-415
879
1358
1406
3088
3267
4355
4577
5676
5306
4611
4395
3255
5025
5116
5817
5913
6004
5620
4678
3847
3207
3525
4252
4908
4795
5472
5510
5823
5838
6667
6840
7031
6590
5530
5395
5761
6297
6444
7803
7116
4051
-742
-3763
-4490
-2890
-1629
-1599
-1388
-4117
-5289
-9718
-11888
-9027
-9736
-4947
-5279
-6914
-4611
-5950
-1881
-1904
293
2076
1898
3567
439
768
1320
2566
3995
4874
4559
3087
1349
822
-152
-1400
-938
-2496
-2376
-3954
-5768
-6939
-7439
-6166
-5982
-6259
-7284
-8858
-9201
-9246
-9800
-8267
-6673
-5315
-4976
-5373
-5227
-4190
-2494
-822
-333
370
484
143
1998
2099
3789
4935
5432
5911
4445
4233
3544
4278
5210
4977
5381
5262
5022
4664
3841
4080
4285
5312
5721
5192
5527
5458
6081
6450
7456
7880
7727
7327
6499
6440
6547
7184
7830
8449
7068
2519
-1774
-3183
-3668
-1882
-1222
-1319
-2283
-5047
-6767
-12078
-10407
-8546
-8423
-3971
-7498
-6699
-5717
-4838
-1166
-1631
2717
2702
2814
2939
309
1311
2171
3913
4779
5541
4581
2964
1415
1079
-613
-1205
-566
-2332
-2555
-5061
-6674
-7705
-7190
-6050
-6627
-7010
-8531
-9791
-9525
-10133
-10035
-8127
-6693
-5655
-6490
-6235
-6422
-4289
-2415
-1751
-140
-448
226
636
963
1641
2695
4133
4827
4294
4007
3619
4044
4308
4189
4390
4677
4788
4611
4154
3651
3974
4356
5614
5195
5756
6253
6421
6963
6992
7688
7865
8349
7744
7445
7557
7709
8101
8814
8490
5550
914
-1979
-2440
-2171
-971
-947
-1477
-3556
-5775
-9089
-11949
-8187
-8319
-5949
-4341
-8071
-4685
-5466
-2458
-900
-239
3925
2445
3942
2288
1609
3118
4026
4620
5101
4733
3973
2568
1421
1349
-988
297
-972
-2172
-3358
-5676
-6393
-7412
-6838
-6992
-7541
-8053
-9111
-9734
-9545
-10044
-8647
-7705
-6356
-6325
-7305
-7269
-6100
-3847
-3325
-1342
-718
-330
-173
353
857
1183
3132
3114
3066
2967
2193
2903
3305
3485
3448
3773
4510
4085
3805
2778
2848
3639
4721
5079
5227
5821
6180
6600
6535
7410
7886
8727
8976
8141
7687
7771
7902
9075
8747
7676
3810
-1090
-768
-3109
-1473
-512
-1625
-1682
-5471
-6903
-11708
-9216
-7321
-8230
-3985
-7234
-5876
-4420
-3420
-737
-533
3212
3870
3208
3348
2418
2912
5377
4887
5311
5604
4704
3868
1552
2378
210
458
756
-1545
-2314
-4216
-5299
-6134
-6070
-6489
-6979
-7540
-8258
-9508
-9206
-9311
-9108
-7252
-6682
-6697
-7007
-6850
-6487
-4829
-3999
-3718
-1991
-1007
-1439
-166
348
621
1819
2223
1737
1041
2020
1701
2636
3293
2498
3109
3318
3267
2788
2605
3049
3035
3762
4419
4037
4790
5991
6301
6733
7116
7655
8025
8082
7711
7077
8274
8940
9393
9511
8379
4806
255
-780
-2233
-1584
0
-778
-1296
-4553
-6638
-10278
-10156
-6221
-8296
-4401
-5342
-7241
-3906
-4250
-1140
-310
2441
4814
3692
4074
3231
2948
5153
5640
5287
6490
5670
4991
2742
2654
1793
195
1485
-549
-1683
-2779
-4372
-4961
-5352
-5578
-6016
-6818
-7548
-9026
-9437
-8995
-9404
-7743
-6450
-6315
-6714
-6718
-6671
-5811
-4550
-4054
-2965
-1487
-1593
-1627
60
4
738
1984
1371
1168
1217
1048
1674
1761
2199
2090
2556
3110
2111
2291
2023
2149
2260
2990
3584
3917
5082
5819
5957
6312
6947
7130
7542
7177
7149
7534
8168
8548
8725
8153
5061
915
-957
-1295
-1475
-364
-602
-2106
-4135
-6548
-10152
-9502
-6470
-7496
-4566
-4834
-6336
-3726
-3502
-1134
5
2615
4901
3806
4310
4051
3923
5422
6104
5510
6555
6117
5002
2947
3041
2579
987
1791
-114
-1062
-2109
-2949
-4256
-4511
-4828
-5383
-5903
-6927
-7555
-8542
-7949
-8767
-7524
-6072
-5556
-5914
-6262
-6095
-5982
-4803
-4024
-2675
-1566
-1246
-1759
-1066
-156
438
780
1655
1270
860
1118
856
1300
1335
1986
2014
2278
1959
1908
2004
2134
1889
2013
3025
3181
4201
4531
4917
5492
6344
6963
6721
6513
6544
6678
7457
7692
7946
7678
4652
735
-1691
-1695
-1870
-628
-603
-2595
-4202
-6333
-10078
-9907
-6714
-7994
-5037
-4870
-6129
-3369
-3252
-931
-333
2422
5258
4123
4793
4940
4643
5849
6591
5711
6684
6448
5444
3212
3366
3537
1623
2383
512
-390
-1550
-2275
-3630
-4198
-3992
-4712
-5175
-6361
-6885
-8089
-7592
-8214
-7387
-5515
-4897
-4885
-5176
-5600
-5546
-4489
-3827
-2952
-1564
-1015
-1858
-622
-347
-140
1181
1456
907
1152
1046
648
928
857
1448
1298
2121
2024
1373
1723
1491
1412
1955
2888
3288
3674
4302
4433
4734
5709
6182
6554
6443
6348
6644
6850
7436
7975
6933
4048
403
-1580
-1953
-1947
-555
-1768
-3603
-4807
-7918
-10495
-9166
-7960
-8510
-5428
-6268
-6377
-4049
-3703
-1427
-456
2891
4243
3576
4858
4903
5286
6714
6973
6439
7715
7039
5566
3441
4008
3762
2729
3133
896
654
-100
-1215
-3110
-3313
-3331
-3942
-4761
-5726
-6556
-7576
-7253
-8003
-6802
-5596
-4846
-4859
-4876
-5070
-5159
-4608
-3824
-2983
-1821
-939
-1211
-2
-163
219
699
1135
1266
1040
1904
1542
988
1473
1472
1299
1899
1720
1642
1364
1336
1106
1246
2211
2875
3446
4309
4366
4381
5107
5260
5525
5262
6062
6703
6892
7490
7751
6468
3129
57
-1452
-1834
-1066
-77
-1824
-3650
-5475
-8766
-10834
-9102
-8522
-8893
-6035
-7163
-6944
-4600
-4154
-2400
-1144
1873
3104
2875
4049
4481
4699
6539
6675
6173
7822
6894
5699
3865
4465
3878
2789
3156
1406
893
467
-283
-1979
-2032
-2741
-3040
-4277
-5213
-5693
-6651
-6342
-7412
-6476
-5224
-4379
-4579
-4714
-4348
-3999
-3572
-2876
-2591
-2024
-1074
-1449
-59
618
300
755
778
382
681
1369
1657
1767
1846
1598
1302
1742
1654
1419
1718
1740
1422
1458
2138
2490
2957
3882
4292
4577
5513
6075
5563
5648
5848
6105
6990
7361
7538
7338
5189
840
-1522
-1563
-2349
-1074
-1441
-4490
-5432
-8159
-10994
-10748
-9283
-9663
-8562
-7260
-8739
-6510
-5062
-3270
-1986
-67
2669
2310
3210
3837
4391
5106
6965
6113
6962
7713
6332
4717
3916
4680
2894
3028
1750
625
140
-48
-1300
-1637
-1763
-2948
-3463
-4679
-5225
-6636
-6798
-7116
-7201
-5941
-4118
-3956
-3956
-4008
-3681
-3397
-2792
-1745
-1559
-435
-336
214
926
1573
1383
1407
1320
1228
1295
1553
2073
1728
1834
1726
2001
2153
2075
1749
1771
1631
1610
2069
2396
2759
3347
4065
4323
4977
5613
6133
6225
5996
6232
6716
7152
7629
7626
6339
3030
-309
-1272
-1850
-1545
-1119
-3301
-5260
-7218
-10491
-11609
-9878
-9829
-9803
-7763
-9338
-8514
-6311
-5442
-3084
-2054
1054
1777
1992
3070
3291
4076
5607
5893
5687
7551
6395
5254
3826
4135
3347
2417
2278
933
412
-18
-834
-2085
-1658
-2603
-2710
-4237
-4842
-5512
-6652
-6692
-7263
-6202
-4731
-4209
-4348
-4474
-4304
-3008
-3037
-1917
-1034
-116
25
341
1403
1365
2003
1831
1721
1829
1881
1728
2188
2126
2331
1925
2113
2837
2191
2372
2121
1675
1564
1787
2425
2668
3201
3882
4099
4571
5044
5599
6167
6399
6480
7060
7544
7774
8050
7993
5861
1544
-452
-1339
-2127
-984
-1702
-4496
-5766
-8094
-11754
-11406
-9887
-10827
-9885
-8303
-9467
-7592
-5474
-4444
-2898
-1373
1654
1278
2056
3145
3212
3766
5257
5140
5326
6725
5724
4594
3106
4029
2365
2108
1648
407
-99
-877
-1682
-2383
-1967
-2633
-3287
-4990
-5041
-6591
-7128
-7525
-7432
-5791
-4875
-4758
-4764
-4482
-3989
-2726
-2431
-1135
-377
372
341
1124
2058
2244
2816
2697
2437
2484
2407
2466
2610
2514
2639
2292
2909
2939
2591
2403
2280
1825
1936
2508
2716
3001
3609
3936
4096
5250
5434
6134
6633
6576
6695
7498
7962
8253
9047
7389
3918
704
-80
-941
-935
56
-2891
-4905
-6710
-10476
-11760
-10271
-9719
-10787
-8785
-9651
-9660
-6944
-5850
-3939
-2721
425
809
812
1751
2629
2858
4217
5160
4610
6431
5346
4284
2711
3415
2892
2025
1969
981
360
-627
-1015
-2471
-2150
-2798
-3001
-4305
-5116
-6042
-7392
-7563
-7900
-6776
-5466
-5076
-5342
-5734
-5467
-4007
-3435
-2012
-1190
-261
139
453
1431
2275
2694
2691
2831
2538
2652
2421
2806
2773
2857
2705
3056
3378
3230
2820
2672
2771
2464
2753
3115
3512
3571
3917
4247
5134
5501
6168
6656
6715
6609
6970
7803
7929
8646
8603
7141
3398
529
-388
-1564
-971
-698
-3523
-5283
-7243
-10613
-11481
-9892
-10178
-10595
-8512
-9383
-8497
-6387
-4872
-3141
-1871
1010
1403
1657
2417
2963
2726
4059
4743
4353
5881
5082
3866
2619
2846
2176
1476
1451
689
-290
-958
-1530
-2648
-2448
-3176
-3481
-4532
-5464
-6278
-7345
-7540
-7987
-6954
-5922
-5743
-5266
-5159
-4768
-3803
-3016
-2521
-1837
-676
-389
426
1721
2139
2279
2463
2169
2073
2686
3084
2908
2645
3124
2960
2823
3515
3457
3209
3103
3058
3218
3391
3692
3786
4098
4456
4757
5110
5615
6160
6707
7038
6935
7674
8063
8157
8512
8497
6829
2987
869
-250
-1843
-923
-630
-4002
-5845
-7222
-10638
-11345
-9905
-10313
-10673
-8764
-9269
-8684
-6145
-4281
-2957
-1998
1076
1236
1391
2479
3400
2918
4174
5096
4413
5903
5027
4070
2035
2490
2053
1514
1333
649
-232
-1420
-1433
-2878
-2741
-3227
-3146
-4689
-5564
-6227
-7645
-7748
-8301
-7238
-6053
-5773
-5407
-5584
-5350
-4287
-3646
-2873
-1907
-928
-583
499
1164
1957
2334
2364
2131
2054
2416
2386
2952
2725
3046
3172
3379
3482
3393
3315
2911
3038
3394
3593
3935
4111
4210
4533
5043
5821
6071
6686
7181
6815
6927
7932
7927
8549
8802
8167
7157
3504
824
-121
-1145
-1202
-443
-3580
-5952
-6901
-10738
-11384
-10358
-10167
-10379
-8704
-9078
-8597
-6060
-4536
-2489
-2348
834
1576
1585
2334
3270
3386
3976
5249
4278
5537
4962
4042
2152
2620
2047
1490
1229
596
123
-1158
-1052
-2806
-2529
-3054
-3260
-4584
-5315
-6158
-7390
-7416
-8443
-7788
-6609
-6345
-6401
-5576
-5373
-4610
-3864
-3389
-2692
-1594
-1043
-174
900
1561
1981
1539
1637
2004
2181
2246
2787
2494
2610
3027
3052
3366
3545
3515
3223
3119
3489
3791
3877
4071
4331
4752
5086
5789
6159
6789
7366
7314
7332
7757
8240
8297
8596
8702
7818
4925
1279
-269
-885
-1680
-565
-2317
-5529
-6084
-9166
-11510
-10571
-9962
-10318
-9477
-8839
-8856
-6587
-4693
-3074
-2365
-221
2097
1830
2185
3087
3768
3386
5285
4959
5271
6042
4375
2913
2122
2780
1926
1422
765
552
-649
-860
-1991
-2831
-2623
-3472
-4145
-5346
-5693
-7173
-7543
-7997
-8620
-7482
-6512
-6667
-6340
-5520
-4971
-4103
-3118
-2890
-2234
-1042
-152
208
1180
1934
1409
1504
1962
2551
2070
2538
2355
2382
2615
2763
3122
2837
3198
2817
2971
3249
3624
3485
3864
3892
4170
4759
5217
5951
6108
6987
7141
7173
7727
8116
8064
8504
8394
8115
7061
3284
122
-56
-1059
-1490
-909
-4223
-5758
-6987
-10324
-11021
-10117
-10053
-10285
-9262
-9119
-7448
-5730
-4192
-2678
-2457
905
2165
2170
2540
3659
3604
4105
5437
4880
6232
5593
4349
2585
2908
2780
2256
1354
806
600
-870
-814
-2438
-2522
-3178
-3459
-4462
-5450
-6334
-7309
-7706
-8845
-8295
-7484
-6499
-6520
-6086
-5286
-4576
-3741
-3461
-2898
-1994
-972
44
727
1575
1777
1685
1683
2104
2173
2136
2848
2752
2692
2660
3244
3071
2934
2995
2810
3127
3336
3326
3413
3633
3840
4470
4717
5623
5986
6540
7176
7211
7586
8000
8096
8081
8404
8079
7592
4478
601
-245
-821
-1834
-780
-2732
-5813
-6264
-9124
-11101
-10453
-9440
-9855
-9407
-8843
-8290
-6366
-4916
-2798
-2392
-522
2141
2023
1842
3283
4017
3796
5445
5209
5677
5996
4883
3717
2797
3380
2895
1931
1156
930
-260
-593
-1850
-2515
-2792
-3670
-3973
-5366
-5705
-6932
-7718
-8236
-8099
-7354
-6491
-6292
-6825
-5853
-4747
-4140
-3358
-2360
-2204
-1786
-827
-307
469
1556
1647
1457
1813
2461
2191
2394
2877
2688
2845
2945
3356
2806
3040
2917
2778
3263
3275
3352
3079
3472
3623
4382
5176
5950
6414
7073
7292
7259
7857
7931
8055
8068
8005
7692
7003
3475
96
-400
-1389
-2380
-1519
-3635
-6087
-6194
-9209
-11032
-10182
-9308
-9652
-9638
-8650
-7973
-6479
-4788
-2894
-2787
-314
2415
1765
2360
3544
4232
3895
5675
5236
5635
6208
5065
3826
2732
3574
2549
2028
916
800
-578
-791
-1855
-2797
-2876
-3618
-4176
-5729
-5909
-7721
-7745
-8027
-8022
-7427
-6629
-6612
-6282
-5526
-4830
-3771
-3426
-2213
-1867
-858
-134
734
1100
1657
1921
1863
2822
3033
3085
3100
3075
2886
3118
3275
3452
3508
3039
2826
2781
3226
3164
3010
2986
3258
3546
3896
5071
5441
6010
6539
6749
6807
7495
7642
7166
7301
7294
7178
5775
2545
-214
-684
-1996
-2242
-2040
-4733
-5781
-6641
-9719
-10837
-9942
-9332
-9622
-9330
-8642
-7552
-5873
-4024
-2694
-2448
434
2363
2159
2620
3952
4249
4461
5626
5121
6016
5953
5194
3646
2987
3295
2749
2042
1147
429
-705
-987
-2472
-2576
-3349
-3810
-4918
-6114
-6944
-8387
-7710
-8117
-7989
-7169
-6521
-6665
-5943
-5211
-4414
-3672
-3070
-2140
-1651
-665
379
971
1363
2020
2069
2316
3096
3543
3337
3813
3710
3514
3830
3845
3953
3626
3200
3039
3162
3218
2893
2636
2878
3394
3686
4371
5349
5444
6055
6510
6296
6379
7200
7051
6647
6861
6883
5883
2824
-109
-1198
-1972
-2469
-1457
-4210
-6011
-6102
-8885
-10699
-10265
-8454
-9211
-9038
-8872
-8445
-6343
-4465
-2391
-2491
-296
2239
2573
2221
3798
4725
4680
6067
5504
6171
5923
5602
4190
3283
3595
3245
2680
1547
733
-656
-856
-2291
-2415
-3056
-3819
-4964
-6015
-6337
-8181
-8223
-8119
-7902
-7295
-6549
-6675
-6177
-5384
-4181
-3693
-3332
-2040
-1424
-904
-423
662
1057
1888
2514
2214
2731
3593
3655
3758
3691
3767
4082
4030
3879
3617
3074
2866
2802
2886
3000
2510
2731
3041
3490
3813
4787
5497
5812
6238
6093
5815
6487
7024
6487
6590
6402
6440
4460
861
-1104
-1246
-2038
-1935
-2127
-5429
-5807
-6755
-9752
-11063
-9835
-8411
-9285
-9144
-9323
-7902
-5889
-3651
-2318
-2215
927
2465
2459
2455
4316
4582
5357
6079
5335
6099
5523
5497
4046
3999
3720
3473
2380
1573
401
-852
-1007
-2572
-2381
-3932
-4652
-6323
-6680
-7316
-8398
-8089
-8180
-7223
-7087
-6594
-6600
-6000
-4848
-3391
-3412
-2994
-2143
-1511
-677
-74
755
1697
3067
3125
3210
3575
4045
4576
4961
4395
4279
4448
4402
4005
3089
3001
2877
3327
3536
2902
2467
2970
3627
3946
4070
4673
5580
5643
5623
5444
5401
6209
6491
5986
5777
6004
6180
4028
87
-1326
-1165
-2373
-2133
-2963
-5793
-5981
-7398
-10220
-11484
-9666
-8307
-9163
-8930
-9045
-7338
-5568
-3064
-2197
-1735
1360
2277
2013
2429
4134
3933
5438
5563
5311
5969
5508
5477
4089
4445
3789
3203
2196
1543
-342
-1246
-2031
-3336
-3341
-4553
-5144
-7116
-6850
-7763
-8316
-8007
-7719
-7158
-6731
-6458
-7025
-6145
-4947
-3427
-3648
-2717
-2231
-1426
10
617
1311
2659
4168
3941
4073
4150
4338
4768
5232
4746
4434
4623
4667
4108
3413
3476
3596
4087
4062
3234
2785
3246
3913
4002
3985
4491
4789
5128
5263
5083
5432
6346
6360
6099
6221
6256
5323
1773
-1489
-2150
-2261
-2599
-2319
-4497
-6299
-6325
-8600
-10759
-10437
-7848
-7918
-8610
-8857
-8610
-6228
-4231
-1905
-2222
-462
2036
1991
2079
3175
4627
4794
5951
5324
5467
5367
5345
4718
3838
4159
2931
2437
1460
726
-859
-1457
-2721
-3406
-3810
-4936
-6019
-7256
-6778
-8063
-8180
-8235
-7818
-6821
-6548
-6712
-6918
-5869
-4371
-3528
-3354
-2727
-2035
-569
118
862
1708
3266
4124
3781
4110
3937
4764
5508
5328
4892
4655
4767
4854
4520
4103
3958
4013
4291
3686
3182
3285
3633
4268
3989
4072
4444
4636
5332
5370
5209
5698
6075
5940
5846
6017
5471
2262
-1201
-2342
-2412
-2594
-2120
-3386
-5744
-5689
-7220
-9969
-11044
-8405
-7115
-8576
-8817
-9240
-7264
-4473
-2666
-2096
-1177
1437
2887
1749
2665
4134
4391
5796
4585
4765
5187
5246
5255
4251
4431
3461
2590
2221
1329
-31
-830
-2380
-3342
-3723
-4450
-5859
-7139
-6496
-7081
-7861
-8127
-7815
-6803
-6144
-6594
-7400
-6822
-5167
-4015
-3904
-3559
-2789
-1411
-33
294
1057
2793
3867
3785
3423
3720
4054
5217
5694
4897
4865
5021
5449
5132
4895
4741
4577
4588
4078
3506
3126
3451
3713
3843
3846
4112
4447
4920
5100
5038
5254
5337
5467
5544
5695
5232
3864
398
-2443
-2125
-2238
-1980
-2100
-4342
-5138
-5753
-7377
-9869
-9961
-7510
-7875
-8389
-9465
-8765
-6075
-3503
-1452
-2028
-4
2052
2115
1979
2622
3671
4514
4802
4140
4277
4817
5793
4895
5041
4809
3703
2791
1658
1199
-148
-1169
-3008
-3699
-3862
-4083
-5712
-6589
-6176
-6665
-6838
-8084
-7601
-6647
-6287
-7155
-8055
-7256
-5641
-4030
-3704
-3410
-2228
-840
-182
98
708
2673
3028
2999
3049
3097
4575
5002
5624
5500
5948
6257
5717
5334
4922
5191
4575
4043
3526
3534
3703
3626
3911
4089
4492
4934
4702
4391
4669
4610
4709
4466
4275
4639
5027
4953
3258
-98
-2233
-1558
-1749
-1417
-2041
-4523
-4859
-5640
-7143
-9554
-9542
-7276
-7493
-7475
-8470
-8058
-5547
-2817
-1141
-2005
-233
1033
1245
1676
1848
2808
3748
4178
3866
4030
4674
5563
4856
5344
4538
3084
2276
1108
848
65
-736
-2904
-3484
-3252
-3371
-5015
-5677
-5654
-6285
-6508
-7691
-8092
-7335
-6201
-7259
-7796
-7283
-5254
-3979
-3732
-3540
-3260
-1603
-1238
-901
-442
1360
2167
2290
2680
3211
4754
5570
5929
5718
6365
6283
5512
4781
4906
5569
5232
4665
3868
4325
4744
4756
4384
4258
4838
4877
4128
3302
3495
4008
4393
3788
3461
4010
4683
4863
4136
2082
-506
-1711
-2103
-2345
-1945
-2508
-4356
-4869
-5447
-6249
-7639
-7530
-6563
-6462
-5744
-7277
-7281
-5293
-2549
-1364
-1895
-881
-654
1151
1947
1652
2099
2897
3522
3011
3002
3592
4255
4530
4910
3120
2607
1917
1032
851
56
-581
-2515
-2924
-3202
-3377
-4084
-4607
-5526
-5814
-5401
-6436
-6684
-6631
-6374
-6545
-6541
-6166
-5466
-4562
-3729
-3836
-3542
-2522
-2226
-1347
-331
761
1447
1946
2599
3077
4387
5060
5215
5767
5878
6133
5408
5337
5630
5671
5987
4986
4619
4660
4934
4891
4331
4329
4098
3658
3445
3070
3375
3883
3427
3168
2739
3211
3691
3459
3541
2284
136
-1868
-2583
-2041
-1060
-841
-2679
-3786
-3906
-4044
-5302
-6432
-5526
-5360
-4781
-5771
-6994
-5429
-3246
-1226
-1596
-1522
-720
96
768
574
810
1202
1842
1485
1682
2706
3604
3755
3440
2826
2465
2137
1089
525
-43
-82
-1293
-2515
-2683
-2624
-2495
-3024
-3607
-4310
-4442
-5001
-5868
-5793
-5833
-5636
-5932
-6187
-5301
-5000
-4247
-4208
-4064
-2721
-2405
-1894
-1587
-712
459
846
1495
1881
3082
4381
4784
5143
5312
5823
5991
5769
5712
5550
5559
4938
4539
4756
4882
5093
4653
4143
3804
3427
3116
2754
2867
2824
2295
1767
1452
2037
2556
2421
2287
2266
2167
1318
-535
-1612
-1106
-434
189
-973
-2089
-2085
-2197
-2316
-3832
-4104
-3802
-3835
-3844
-4907
-4776
-3889
-2540
-1996
-1863
-1268
-1543
-1201
-1345
-983
-322
-97
-49
104
838
1525
1741
1355
1514
1191
1269
481
28
61
60
-3
-839
-774
-816
-644
-1285
-1893
-2497
-2716
-3113
-3901
-4097
-4525
-4254
-4478
-4480
-4257
-3926
-3793
-4151
-3756
-3458
-2969
-2699
-2306
-1574
-994
-142
266
1172
2473
3246
3917
4031
4340
4746
4768
4668
4264
4599
4864
4961
4876
4600
4608
4346
4313
3466
2157
1856
2310
2560
1935
1190
935
1173
1517
1477
1282
561
1959
2580
2552
3063
2192
2765
1547
1406
761
519
1662
1653
1731
-115
-934
-1157
-1532
-1744
-2374
-3474
-3435
-4440
-4791
-4654
-4418
-2964
-3373
-3043
-3539
-3207
-2699
-2635
-2115
-2355
-2065
-2691
-2543
-1857
-1136
-56
99
114
261
427
717
646
1041
988
506
402
-269
-80
129
88
-221
-955
-1053
-1688
-2069
-2103
-2480
-2694
-3235
-3449
-3736
-3583
-3134
-3126
-2823
-2660
-2349
-2074
-1689
-1074
-168
360
847
1153
1616
2421
2678
3395
3549
3846
4222
4168
4122
3537
4086
4358
3373
3430
3229
3518
3171
2359
2158
866
1530
869
1225
1345
1170
2404
921
2597
1522
2159
2033
1644
3434
2633
4612
3270
4300
2722
1949
1724
1608
2833
1810
1439
-540
-29
-1297
-1302
-2645
-2539
-3455
-3439
-4083
-5499
-4079
-4631
-2778
-4180
-3889
-4308
-4695
-4044
-4762
-3913
-3925
-3601
-3499
-3115
-2101
-1391
-426
-441
-429
160
41
268
7
416
393
101
415
114
597
671
229
-15
-718
-422
-947
-1337
-1355
-1893
-1745
-2262
-2017
-1875
-1442
-1374
-1628
-1491
-1725
-1032
-1012
-748
-522
-381
354
256
1288
1689
1925
2502
1992
2226
1700
2624
2762
2654
2695
1095
2268
1762
3105
2559
1501
2801
1461
2795
1500
1222
1285
1952
2910
2858
2968
2423
3466
3493
3953
3068
3434
2676
4036
4291
4801
3665
2716
2955
762
3380
1171
1902
372
74
-314
-1343
-937
-3163
-1567
-3153
-2946
-3824
-5058
-4783
-4880
-4592
-4416
-5136
-4890
-5060
-4926
-4221
-4707
-3754
-4046
-3778
-3213
-2822
-2242
-1935
-1588
-1319
-846
-632
-364
-288
114
633
-135
242
295
674
1315
651
829
481
453
568
-144
-374
-864
-934
-387
-1261
-674
-660
-316
-5
-1279
-843
-1894
-1226
-323
-952
-482
-741
68
232
42
841
341
932
1102
1099
1007
-28
2164
524
2178
2183
657
3374
784
5330
909
2856
4200
920
6050
1276
6300
2215
3559
5584
1421
5385
2961
4139
3670
3757
3936
3655
3617
4671
3522
2543
2361
1118
1073
622
943
157
310
-601
-1006
-1548
-2086
-2358
-3822
-3578
-4356
-5157
-4504
-5442
-4396
-4534
-4636
-4181
-5335
-4196
-5087
-4530
-4483
-5111
-4247
-4612
-3119
-2947
-2253
-1753
-1829
-822
-1236
-203
-382
-145
564
-101
841
384
1182
1697
1163
1447
20
938
523
451
704
-408
716
-569
-266
-1354
-1282
-63
-1308
-803
-1962
-964
-561
-1621
-1255
-1562
-447
-761
-1268
-354
-1003
408
867
187
85
981
1240
2195
2130
1517
4124
1520
3786
4406
2782
4606
2420
4612
4829
3112
6306
3710
2922
5150
2574
4730
4549
4295
3459
3218
5141
2767
3133
2987
1754
4830
3144
1643
2080
2
2460
374
-19
-758
-1099
-100
-1896
-1314
-2933
-3178
-3075
-3875
-4233
-4653
-4985
-4753
-5274
-5515
-5430
-5784
-4999
-5144
-5202
-4870
-5140
-4165
-3997
-3498
-2891
-2946
-2122
-1960
-1291
-544
-447
130
155
-57
458
786
1278
698
460
969
1548
1220
258
39
-901
191
-558
-814
-1003
-1531
239
-2434
-605
-1520
-1107
-487
-3156
-683
-3044
-918
-1815
-3049
-664
-960
934
-32
-511
122
667
2526
1470
2046
509
1873
3774
2828
5269
851
4366
5350
4578
5190
910
5546
3243
5749
4842
2388
5358
2271
7256
2320
3673
3916
3302
5256
2945
4230
42
3397
2527
2747
1806
175
2016
1388
1425
917
-2106
-67
-1133
-1610
-662
-4448
-1986
-4716
-3009
-3849
-5241
-4288
-5542
-3813
-5210
-5247
-4834
-5373
-4027
-4392
-4253
-4066
-4271
-2691
-3162
-1793
-2289
-1799
-1135
-1031
123
-984
336
625
304
744
-34
822
-21
777
728
-878
619
-884
329
-1039
-417
251
-1998
-215
-2975
-598
-1164
-1979
-1191
-3929
-343
-1206
-1186
-1434
-2551
572
1055
-1503
-729
710
124
2717
-472
2317
1744
1775
4830
-153
4517
3462
2819
3785
3195
3794
4355
3931
4184
3890
3370
5113
3549
5164
3230
3662
3334
3760
3304
3218
3088
2692
3675
1767
3274
1349
2177
1992
844
1633
682
133
403
31
-545
-765
-2044
-1934
-1539
-2455
-1885
-2991
-3027
-3037
-4068
-2647
-4829
-3972
-3930
-4370
-3479
-4762
-3781
-4295
-3553
-3198
-3810
-2893
-3567
-1994
-1945
-2588
-2273
-2133
-1213
-1029
-1108
-1637
-1255
-810
-372
-844
-1101
-857
-219
-302
-630
-1089
-506
-1059
-998
-1252
-1419
356
-1832
-812
-2176
-725
-123
-1001
307
-2509
-105
166
541
-291
338
263
1024
1229
91
2694
-591
3780
2093
1555
3071
131
5299
1067
2229
4484
1604
5658
2419
3382
3252
3357
5580
3164
3591
2631
5209
2829
4929
3036
2423
4481
2683
5145
1350
3665
1778
1227
2664
593
974
997
667
-467
3
-922
363
-1403
-1207
-1160
-2351
-158
-3314
-1783
-2941
-3916
-288
-3603
-2052
-3247
-3231
-2368
-2931
-1588
-3718
-3062
-2703
-3280
-2365
-2660
-3457
-1878
-2569
-1868
-2636
-2765
-2092
-2758
-1582
-1862
-2406
-2290
-1326
-2188
-1061
-1793
-863
-768
-2767
-243
-1773
-756
-1628
-1477
212
-1230
778
-946
-931
208
-720
-115
46
515
31
112
830
1028
908
-556
2099
-638
1887
2727
-527
3112
-725
4009
1030
1647
3835
-645
3243
2228
4131
2009
2010
2381
2945
5547
2756
2326
2714
3709
4609
3030
2113
3055
3822
3942
1201
2295
2928
403
2949
794
955
1906
207
1501
-782
-43
235
-432
-742
-567
-920
-2600
477
-1128
-1552
-2580
-1874
804
-3339
-313
-3475
-1892
-533
-3635
186
-5305
212
-2045
-2986
-776
-4916
-185
-4155
-1419
-2877
-2632
-994
-1656
-2051
-3607
-2009
-2150
-510
-2735
-2968
-2029
-1101
-969
-1341
-2515
-576
-993
293
-1644
-1210
10
-1263
2450
-2103
714
-409
-580
1204
256
1169
-1482
1341
498
1160
-505
-592
2335
417
2308
-1170
-422
3879
1399
713
-1115
120
4247
2093
865
629
1178
6619
2455
-121
1351
1613
6670
1533
2153
1518
468
6676
3056
1971
-605
929
4580
2871
681
-259
-555
3551
4273
-417
-1887
-694
3132
-706
394
-1262
-2757
2661
-333
-723
-926
-2718
490
-697
603
-1746
-2851
55
-1924
-1
-2255
-1692
-1782
-795
-1340
-2034
-1942
-2642
-4
-2727
-991
-2063
-2927
-1413
-2443
-1423
-1896
-1969
-1583
-2837
-1490
-2139
-2067
-1438
-2787
1242
-1785
-535
-1746
-1213
1921
-2587
1017
-745
-330
878
-383
1147
-1147
1140
1068
-539
1245
929
281
-528
828
1382
-94
-14
1153
-283
1096
1175
-16
899
-701
2122
1167
244
2542
557
2095
1901
28
3205
1227
798
2571
1012
2210
1355
1465
2643
655
2701
1170
-300
2694
397
1840
454
-122
1779
-131
1562
-611
-128
931
-617
943
-1298
-552
-1029
2079
-88
-993
-853
-2087
2931
-1739
-90
-2260
-818
1719
-2020
-1454
-817
-492
-344
-533
-3575
481
-1539
324
-1206
-5369
2447
-1792
-770
-1727
-3902
-222
-2425
1239
-3495
-2930
1782
-2155
940
-2736
-1816
1222
-1181
1379
-1863
-350
865
-344
971
-978
791
1223
995
-131
614
-268
820
1626
-815
1366
-1020
1887
289
-865
840
-1327
2679
-1485
923
753
-868
2657
-1976
3125
-1709
1128
3618
-2462
2945
-539
1407
814
820
1356
-601
1691
1332
1785
-683
1407
238
1036
1341
-706
667
-1504
2503
-159
-96
-368
-1207
2647
-1230
-1091
-697
-562
448
734
-450
-1723
-679
1249
-115
-2861
584
1320
-244
-640
-2640
659
-1240
805
579
-4030
1613
-791
2542
-3955
-1908
2251
-2948
3172
-5420
-62
-2093
126
1569
-4611
810
-2625
1706
762
-2694
-1426
1143
-598
1762
-2060
-177
1017
-54
2908
-1762
2333
-494
2014
520
-565
3452
-1636
2671
416
455
3407
-2441
886
-766
1974
1170
-577
304
230
2055
-1607
686
-2055
3761
1292
-1558
1331
-2399
3535
1289
-2810
828
55
2879
1581
-3031
2605
-1748
2553
1989
-3578
2869
-838
682
526
-1419
641
-855
48
110
-354
-1141
-665
-1422
123
-815
-2647
1314
-2441
1317
-1392
-2386
887
-3344
2494
-2533
303
-1364
-1252
1874
-4302
2434
-471
-359
-2072
887
605
-1249
585
-1585
-1245
346
329
-2655
510
-1496
1719
-2450
980
-2160
-236
1545
-2685
2387
-2031
1856
-1095
90
870
67
820
711
-799
3020
170
1778
1827
-1393
3619
-1199
4306
-1840
1593
2777
-1461
4178
-1549
2175
-563
1001
2451
-2015
1916
62
74
2471
594
-1069
1767
-2209
3086
-918
-1386
3005
-3345
3703
-2371
2412
-613
-1684
2701
-1948
3016
-2545
979
-762
-1172
1720
-1044
994
-1892
393
-703
-1287
1221
-2352
-1424
-1122
-481
359
-2366
-562
-501
-2244
399
-949
-1799
-2870
-1111
535
-2040
744
-2200
-2078
1140
447
-1251
-2363
-372
-102
757
-1621
-770
-629
361
-121
-1570
1366
-1359
-58
-321
543
-542
748
-1435
117
2490
-1102
1645
-3039
3032
95
934
1667
-3510
3959
-308
2872
-167
114
4465
-2425
3352
292
891
2080
-1544
3741
230
2040
1378
-1807
2186
1955
1128
-366
540
2602
34
568
1793
-1672
457
2246
-2456
2356
1253
-817
690
-1833
3672
-3450
221
1987
-2326
2128
-959
299
-1192
1680
-1585
-1620
792
-1074
4
-1691
-256
-1218
833
-2010
-1891
779
-3292
1141
-583
-3458
-283
-2053
123
-2834
-326
74
-3708
1286
-2539
-1118
-501
-879
-84
-1975
34
-1767
1079
-651
-3289
2610
-2362
-96
240
-1981
1882
-3716
3839
-1224
-1347
3016
-3094
2864
-758
-513
1199
124
-169
2176
1475
-1283
1266
953
2621
-218
1807
1003
-1322
4212
1731
1062
-1264
2516
1609
932
2406
-1358
2233
81
4071
-228
-844
967
2280
3075
-1473
604
-1411
2666
674
613
-11
-1227
3229
697
-905
-912
548
1118
648
308
-567
-862
1001
1047
-823
-869
-806
469
827
-353
-1723
-1882
40
631
-1164
-2262
-933
-336
73
-1318
-2873
-1315
-1606
1392
-2615
-2937
-251
-2623
1388
-2939
-1344
-1226
-2647
2093
-2643
-1041
-486
-2294
1347
-3318
597
-1206
-1288
1055
-2555
2039
-2897
699
-793
535
-512
-1097
1330
-1889
2131
-285
1545
-2344
2184
-811
1610
1848
-2244
3532
-1824
6222
-1813
1346
921
-480
5564
-2458
3212
-1473
3523
2301
-272
2162
-1672
3861
1258
687
1218
-414
2114
2156
-549
913
-296
1230
3366
-2534
1515
-325
255
3720
-2705
400
-50
1050
2274
-1827
701
-389
-159
2476
-2372
-399
618
203
1468
-2895
908
-527
-1456
1276
-2688
-572
358
-650
-577
-2583
354
-245
-3466
724
-3096
-379
540
-3542
230
-3713
656
-1689
-1596
371
-3831
292
-1310
-488
-1866
-2095
352
-1208
-1112
-704
-438
-1229
-963
24
119
-1816
374
156
-1756
1190
-2052
798
-908
1718
1773
-2504
1680
174
1254
-887
2235
223
488
2746
1114
796
110
2918
141
581
3182
267
1442
1379
921
2058
298
2904
-763
2168
1864
481
1241
-205
1752
712
1900
-876
1285
694
-294
886
121
1479
-400
-146
174
-314
1876
-501
-182
-185
-608
222
630
43
-1204
828
-908
1284
-1315
-2941
1296
-1226
1605
-1220
-3721
3526
-3113
667
-2322
-2357
1727
-3164
1976
-4209
516
-999
-2061
-706
-1449
268
-2340
-710
-1634
324
-1821
-1545
-1436
-272
-852
-621
-1002
-1888
1083
-1074
-1248
-293
-915
-154
-198
-1226
372
-704
965
-1303
60
1620
-2036
2234
-234
-425
1802
-63
1679
427
-393
2536
376
1793
1153
38
2560
-386
2296
1270
786
2029
367
2299
95
1348
2258
-587
2211
2262
-785
663
1762
974
702
12
585
1647
476
74
-335
-179
2385
3
-1138
344
145
1319
-1353
-206
458
-158
123
-929
132
-373
-77
-1551
-146
334
-550
-554
58
-1081
-1958
581
-1484
-1026
-487
-757
-909
-77
-1102
-1694
-768
-2124
1107
-2093
-919
-670
-1854
1028
-2476
170
-990
-2576
-111
316
-1012
-1062
-1527
117
277
-1613
509
-1636
-683
1109
-1335
-1202
442
-368
574
373
-1211
-684
1526
996
-474
-416
1090
-92
2345
904
-2572
2771
-63
2898
-47
-424
2209
799
3910
-2974
1648
1413
119
3456
-450
1371
1031
1424
1214
516
149
2225
585
319
1170
-1171
2292
-840
3435
-230
-1072
2950
-2332
2783
-1859
-1519
1389
934
610
-718
-153
-459
724
-132
-1303
-1026
654
182
-447
-1056
-445
-764
520
-677
-1649
-221
-1137
709
-1187
-1803
-748
-932
312
-2770
-440
664
-518
-850
-2444
0
90
-1658
-1110
-1479
-1077
2744
-2773
-995
-425
-727
1226
-2132
2056
-2882
-851
1261
-1585
1003
-2508
-306
1888
748
719
-2144
-586
521
1083
448
-1211
-30
2472
797
-706
1074
-1306
2222
956
659
-636
751
2740
-1332
2466
-820
446
2590
564
823
368
1210
974
-488
1123
1369
-224
1763
648
631
886
-918
1113
1840
-1136
1262
-305
-273
2248
-1079
1082
-1053
-375
2290
-1970
765
-1351
-359
2157
-1920
553
-1647
-374
1438
-6
-1331
-1187
-217
131
193
-2823
336
-437
-864
142
-1676
73
-1522
-150
924
-2706
334
-1409
-879
738
-2197
57
-1546
-174
820
-151
-1923
-1800
1000
519
-734
-1550
-931
-409
2398
-462
-2112
261
-1608
2821
-321
-2099
1250
-1268
2454
-373
-896
1898
-1960
1159
1640
-1474
2729
-1418
143
1840
-1048
2356
-1586
1809
-56
-39
2376
-2575
2305
1180
-157
470
629
1069
-351
1352
-115
-29
1055
1019
-622
1466
690
-264
844
176
1020
-1241
742
436
492
1140
-561
-1304
980
1134
-488
19
-1298
720
-58
220
488
-1497
-785
714
1499
-1327
-1121
-698
88
672
-355
-1727
-2204
2712
-70
-2631
-235
-573
-248
488
-427
-1109
302
-1543
-1041
-449
232
-797
-952
903
-726
-227
608
-1220
-1736
1063
-286
173
-1487
334
95
-1068
1956
-913
-659
560
651
883
-1216
-795
1440
-260
1482
-2087
1370
2101
-1010
897
-1443
2500
-414
143
743
-2597
2415
1923
-1502
-34
-173
2022
497
-982
216
-1528
2614
902
-1858
224
136
1159
689
-847
532
-911
1297
41
1031
484
-3122
2067
-6
1112
-98
-720
72
434
341
930
-2138
584
1482
-2435
3170
-1620
1278
-1135
-1510
2590
-799
-217
-1097
-697
1740
544
-1015
-748
-873
1140
-398
-1029
-241
133
-93
-473
-233
106
-859
-332
-294
-1119
-256
835
-25
-1738
415
829
-1295
498
-1006
-880
1119
-1214
1228
-1742
719
1892
-1471
652
-554
151
438
292
540
-672
466
1465
-957
850
721
285
-455
1097
578
-982
2357
-2011
160
1783
-519
777
-523
216
56
135
-142
-332
427
95
-77
-250
60
-784
211
-372
226
14
-968
1894
-1199
-730
300
-165
1361
-2518
143
336
336
983
-913
190
-932
1438
-401
-1259
164
-627
1391
301
-348
-165
-466
1291
-1506
938
229
-2189
1582
-127
318
-1529
974
1069
-1492
1569
-1800
581
203
-1009
364
-1603
1742
-965
612
3
-1412
1354
-1521
1024
-993
-709
1406
-2203
1373
-561
-1163
2156
-1987
1683
-192
-1082
725
-534
2105
-1707
476
569
-207
1645
-1033
929
648
1055
531
-1710
866
1094
1022
-204
-372
410
839
1116
-1365
100
14
481
1637
-1937
-18
630
-863
955
-1383
-159
440
-1089
1389
-927
-448
-372
-1824
1752
-901
-465
250
-1442
1295
-493
-912
-138
-433
427
-550
-483
-295
-309
774
-68
-338
-94
-47
-227
526
-641
-274
311
-205
762
-965
1061
375
-90
854
-1466
-245
872
634
-307
-430
1749
152
116
665
-1382
88
863
167
28
-639
1507
367
-625
765
-1579
1551
-209
36
-62
-1201
2219
-774
-552
41
-115
1930
285
-1205
112
-723
2709
-604
-402
505
-1866
3904
-1556
57
545
57
1721
-1206
1536
-1652
973
-90
-1158
1042
-452
467
-686
-137
859
313
-1186
-10
-1457
403
45
-1631
-95
-1428
1377
439
-1858
-713
424
-245
-1435
-461
370
-1034
-680
-317
-1685
994
-127
4
-487
-1066
1421
-942
-929
-928
173
819
-80
-641
547
-39
549
290
-1010
898
-402
1646
-866
-138
331
-192
1957
-472
1243
-886
959
1112
-750
713
-777
1299
1180
-70
-703
661
873
880
390
-1336
1060
1490
-183
-746
-660
1189
1442
-751
119
-950
1792
1248
-833
-244
-1094
2647
-679
-613
636
-333
1114
-252
612
-1017
653
1342
-1282
247
-260
209
-3
-1122
264
233
-521
398
-639
154
-434
-136
-657
-1842
1113
-432
-815
-1215
149
-247
-524
-545
-892
-700
125
360
-1642
-760
-1571
768
-1017
-651
-345
-829
642
-629
-92
-1623
-143
-313
422
-392
-766
335
-805
1414
-1195
-139
450
142
1002
-795
431
-785
1213
-49
65
249
437
1974
-18
-28
-250
1550
-354
863
175
429
1683
348
1122
-1020
1658
1049
-151
837
-281
902
797
226
438
303
1312
699
411
-13
146
404
-284
1569
-208
390
-152
258
1369
-305
804
-345
277
-422
-88
-157
-413
357
-606
613
-201
-491
-313
-1017
404
-365
-607
-641
-609
415
-1425
-149
-654
-203
-233
-1076
-360
-424
-264
-1486
-589
-582
567
-1025
-1146
-1013
-1025
391
-1039
-1306
-535
141
-923
12
-816
-1480
-623
485
-8
-1011
-892
-442
942
159
160
-1868
-22
1134
340
-288
-941
654
194
868
-65
294
-68
789
1250
47
213
282
1276
846
671
380
992
888
500
1657
1038
294
825
932
1006
763
810
1315
521
791
1286
-66
653
1068
658
443
275
1109
213
487
197
126
759
479
-112
-260
71
-182
615
-115
-814
-444
-102
232
187
-915
-1407
-106
-440
3
-678
-1306
-228
-460
-172
-1262
-702
-252
-808
189
-1636
-1287
738
-1986
-587
-164
-1069
-75
-1573
-567
-260
-1651
-756
-89
-1339
-508
-663
-525
-143
-1432
-62
94
-1379
1310
-1251
-744
141
-989
1497
-1883
963
-239
426
912
-1322
452
-756
1597
-466
-85
279
-406
1698
837
211
-145
627
971
551
943
440
65
1975
587
600
1558
278
1814
236
1072
1320
311
1605
-336
1365
1425
1026
756
0
1384
779
235
223
1006
589
983
-599
250
361
485
615
-852
39
-277
275
-197
-221
-912
61
-584
-288
-732
5
-1221
-322
524
-1645
-31
-1665
370
-1009
-611
-586
-1204
-360
-358
-878
-894
-647
-1231
-441
-1524
-144
-1499
-417
-747
-1185
-426
-1208
-580
-377
-468
-911
-712
-1251
443
-199
-870
-902
-605
805
79
-466
-398
-423
392
-87
-470
-236
-641
983
80
71
232
-13
493
292
-25
-375
821
649
1112
-95
300
845
836
1616
219
360
778
1563
1369
409
271
1363
1405
1450
925
62
1274
1220
1323
872
696
1111
384
1125
567
434
827
70
807
703
170
202
398
-62
181
-618
-259
136
41
-280
-774
358
-264
-351
-520
-420
-811
-323
-357
-814
-204
-956
-420
-104
-583
-781
-1441
-655
-78
-490
-1029
-1547
-942
-509
-155
-1610
-1099
-234
-712
-277
-1157
-856
-1147
-842
166
-697
-783
-552
-790
82
-101
-420
-541
-835
474
-455
-483
-398
-552
442
106
28
-124
107
-199
-102
206
468
501
105
256
228
564
590
433
853
863
1132
463
318
963
661
1399
576
798
1307
999
1211
593
668
891
1216
1010
1004
311
928
902
535
776
35
889
644
624
697
-369
1
390
218
-37
-102
332
-318
-169
-33
-381
-207
-436
-248
-174
-306
-43
-945
-513
-256
-534
-470
-1004
-234
-232
-132
-1133
-851
-656
-95
-781
-1331
-619
-1051
246
-758
-496
-956
-429
-403
-810
-568
-927
-306
-496
23
-756
-356
-846
-219
-74
-244
-489
-716
66
-969
-14
-753
106
-226
-770
534
-468
327
-280
-691
-13
275
573
89
18
159
557
602
468
316
527
919
634
660
518
640
927
798
934
754
600
742
1088
938
580
656
612
763
672
846
466
464
694
422
481
188
498
165
278
327
-66
403
190
39
41
-233
-102
-49
-55
-88
-112
-10
-339
-258
-328
-313
-97
67
-357
-756
-406
-539
-9
-266
-444
-340
-662
-68
-368
-496
-519
-483
-162
-395
-350
-618
-365
-136
-147
-162
-352
-305
-523
-76
-363
-529
-424
-494
-20
-237
-85
-442
-522
-180
-439
-523
-502
-278
-231
-225
-370
-107
-152
-12
-96
-291
85
-146
372
93
-1
50
131
599
310
470
319
682
533
514
324
130
714
592
688
407
424
645
473
560
530
335
490
306
389
176
294
309
6
284
74
245
195
313
-33
-81
-171
-77
54
-138
-10
-128
70
-142
10
-48
-199
-147
-112
-142
-312
-265
-117
-325
-223
-134
-115
-26
-352
-103
-231
-252
-201
-307
-290
-248
22
-114
-79
-52
-117
-25
-77
-103
-280
-78
-172
-265
-22
-101
40
-144
-134
-145
-181
-203
-290
-324
-200
-54
-191
-200
-191
-27
-89
-78
-139
-42
11
18
-36
-82
19
189
345
116
256
211
338
351
306
264
308
371
253
363
405
414
308
385
269
427
335
138
92
143
220
95
132
21
-25
53
25
-95
-130
-180
-192
-292
-77
-239
-305
-169
-250
-133
-236
-248
-195
-292
-273
-177
-206
-169
-281
-194
-152
-233
-142
-272
-93
-76
-273
-51
-320
-135
-23
-226
8
-232
51
8
-66
-8
-189
104
42
165
-30
14
108
91
83
16
132
44
213
5
57
-3
147
6
-25
123
-34
195
-66
58
-27
-42
184
65
-43
35
248
136
134
209
103
272
273
322
256
158
352
270
488
350
266
329
231
475
327
248
344
198
246
191
255
165
95
48
76
120
-180
17
-87
-143
-179
-128
-229
-291
-125
-349
-215
-285
-309
-302
-297
-319
-389
-300
-364
-303
-368
-281
-230
-324
-262
-383
-162
-209
-174
-131
-330
-112
-93
-97
-30
-58
-1
106
-43
85
49
124
235
118
167
39
300
184
203
262
146
152
234
222
97
221
61
213
58
129
177
80
62
15
181
20
128
64
43
54
66
132
118
137
119
86
123
108
154
159
165
265
117
99
236
217
87
190
101
132
167
26
116
91
66
89
-36
-61
-125
10
-91
-222
-99
-285
-157
-239
-292
-384
-298
-316
-426
-333
-426
-333
-497
-404
-437
-537
-361
-407
-433
-461
-396
-412
-368
-282
-499
-272
-293
-365
-271
-279
-117
-173
-40
-197
-90
-37
-100
33
82
190
-12
116
151
230
235
97
243
230
360
261
233
243
184
339
275
238
234
218
258
246
278
255
169
293
221
222
204
182
349
198
346
264
300
303
202
353
103
446
320
230
330
178
373
213
271
227
237
236
154
112
107
108
89
94
-60
59
-46
-103
-40
-197
-94
-191
-227
-149
-379
-288
-340
-326
-348
-406
-357
-512
-404
-523
-476
-488
-519
-509
-520
-394
-524
-463
-554
-469
-368
-390
-460
-463
-346
-402
-299
-302
-243
-217
-248
-143
-136
-136
-80
-89
-34
110
-19
66
73
40
251
147
274
137
236
322
242
360
262
349
391
390
362
444
351
430
405
487
484
328
525
446
492
428
497
503
501
530
459
511
460
452
497
509
442
481
407
430
415
438
374
332
340
269
297
250
172
188
155
71
154
-9
-23
-65
-151
-166
-157
-245
-290
-321
-351
-375
-396
-381
-592
-502
-524
-531
-529
-705
-643
-623
-602
-577
-720
-639
-707
-637
-556
-687
-570
-694
-536
-532
-588
-464
-568
-443
-401
-357
-373
-343
-309
-274
-204
-162
-174
-100
-1
-67
84
5
131
113
89
216
199
290
181
303
327
339
406
361
369
405
425
426
543
403
456
539
487
567
437
550
491
578
566
527
578
517
602
526
626
500
589
534
573
540
504
519
448
489
385
498
272
415
223
283
360
113
285
16
82
61
8
-80
-203
-70
-194
-241
-292
-349
-393
-385
-449
-493
-505
-610
-481
-622
-568
-663
-710
-610
-763
-603
-743
-741
-747
-659
-624
-743
-692
-714
-658
-574
-583
-654
-523
-509
-471
-478
-446
-418
-395
-266
-279
-317
-230
-128
-136
-99
-111
35
5
1
40
105
141
115
238
155
213
224
266
300
268
291
337
385
379
377
420
390
438
512
428
444
516
509
471
579
526
554
652
528
564
674
580
626
570
666
632
540
598
425
633
471
456
431
371
401
316
344
176
216
236
121
56
34
-20
-9
-91
-104
-224
-231
-242
-370
-282
-417
-429
-402
-520
-465
-550
-531
-592
-642
-534
-670
-599
-653
-618
-668
-659
-609
-658
-571
-637
-601
-580
-536
-512
-498
-449
-459
-433
-381
-380
-338
-305
-324
-224
-182
-235
-161
-194
-108
-18
-64
-39
-25
48
81
107
97
34
192
207
144
219
192
203
318
309
258
338
311
406
369
409
453
439
516
439
576
549
485
580
534
637
634
543
624
564
646
663
570
609
519
588
509
500
530
342
460
349
311
299
216
193
136
142
62
61
-32
-56
-135
-112
-182
-246
-204
-427
-257
-383
-417
-392
-519
-439
-560
-480
-546
-594
-607
-563
-583
-574
-636
-624
-602
-604
-560
-670
-509
-568
-517
-537
-483
-438
-444
-374
-454
-300
-300
-337
-259
-246
-207
-182
-155
-183
-89
-76
-105
-8
-26
1
19
57
18
132
66
88
172
180
158
198
278
171
325
293
338
330
366
384
437
461
414
472
479
503
512
552
502
549
536
585
562
546
533
546
556
520
549
436
513
451
423
471
349
375
313
329
263
213
228
135
125
103
44
4
3
-125
-56
-132
-203
-175
-276
-240
-350
-313
-360
-396
-388
-486
-405
-441
-511
-460
-492
-526
-482
-486
-505
-502
-466
-505
-450
-439
-487
-429
-426
-403
-349
-381
-366
-319
-299
-270
-302
-224
-267
-207
-122
-255
-140
-117
-116
-69
-115
-37
-76
-42
23
-47
-2
42
11
48
30
75
90
48
156
83
158
171
151
242
176
229
271
265
263
312
326
336
319
399
363
336
447
354
417
419
404
409
394
435
383
371
408
354
367
345
304
336
249
289
247
218
232
164
174
82
127
112
3
15
-22
-13
-75
-111
-126
-157
-184
-189
-216
-242
-255
-312
-258
-319
-324
-354
-351
-349
-329
-357
-358
-349
-372
-306
-339
-317
-366
-274
-291
-278
-277
-255
-211
-252
-176
-222
-156
-145
-196
-104
-141
-99
-90
-157
-63
-87
-71
-47
-88
-67
-30
-25
-1
-88
-8
2
-25
56
-39
52
7
58
111
47
108
104
163
142
174
197
176
244
215
254
241
270
274
257
327
260
315
263
269
303
259
264
261
252
196
222
230
194
165
199
135
160
159
92
115
90
69
55
55
16
-1
2
-53
-31
-54
-129
-105
-115
-146
-189
-147
-191
-233
-187
-215
-231
-221
-259
-217
-220
-229
-201
-249
-191
-183
-155
-186
-144
-158
-119
-90
-122
-70
-98
-55
-88
-14
-41
-45
-21
-47
-39
3
-29
-70
15
-33
-14
-5
-13
-46
8
-6
-8
36
-51
29
31
57
32
34
115
24
144
109
98
155
103
180
165
182
156
192
164
203
194
187
183
151
204
137
220
113
122
148
140
172
72
108
102
110
111
69
74
33
45
59
10
12
-7
-6
-30
-22
-54
-46
-73
-99
-79
-92
-72
-127
-129
-122
-107
-84
-148
-149
-112
-115
-68
-129
-116
-112
-80
-67
-100
-89
-78
-52
-71
-62
-67
-25
-78
-31
-32
-45
-34
-54
-47
-50
-56
-62
-46
-78
-53
-77
-22
-78
-109
-46
-80
-32
-68
-108
-40
-43
-31
-59
-51
-14
-22
7
11
18
19
50
38
89
75
58
107
97
105
99
109
120
120
121
105
115
126
103
87
97
128
76
102
72
93
86
59
76
32
82
33
35
30
54
8
-5
-2
-16
15
-45
-22
-34
-25
-33
-40
-17
-62
-38
-31
-25
-16
-41
-15
-23
12
-16
-9
1
1
18
-3
24
4
9
-9
20
17
2
-19
-16
-15
-19
-33
-58
-54
-53
-42
-72
-72
-93
-69
-83
-83
-106
-100
-112
-107
-96
-103
-125
-125
-96
-117
-85
-139
-108
-108
-102
-107
-97
-82
-98
-71
-63
-59
-45
-30
-58
-15
1
5
7
12
17
46
61
50
38
68
60
105
79
52
64
64
99
43
73
24
75
70
39
36
22
48
32
31
12
30
39
25
26
18
30
39
11
43
22
51
49
49
60
24
79
49
49
89
39
91
70
64
58
67
88
54
82
46
90
87
77
42
75
65
59
79
19
63
44
51
26
20
14
-2
22
-16
-18
-29
-40
-45
-27
-86
-79
-64
-93
-54
-108
-97
-106
-83
-96
-110
-75
-104
-97
-81
-74
-79
-60
-96
-60
-56
-61
-54
-67
-28
-56
-19
-37
-34
-13
-29
-6
-14
-12
-19
-9
1
0
-3
-14
-2
7
14
15
-5
4
20
9
17
15
6
9
24
37
12
24
8
30
48
35
26
48
79
62
89
47
88
83
94
87
88
115
84
134
97
117
112
129
117
118
127
104
124
111
112
101
104
89
85
80
72
63
70
38
43
41
29
25
-12
-9
-25
-24
-42
-72
-70
-72
-80
-87
-102
-111
-110
-115
-113
-134
-131
-131
-136
-107
-155
-125
-129
-127
-110
-127
-105
-119
-93
-104
-95
-90
-91
-91
-88
-84
-82
-86
-97
-85
-93
-78
-89
-78
-82
-69
-57
-63
-53
-60
-36
-44
-33
-33
-34
-16
-20
-4
-11
8
11
5
28
16
38
33
46
60
67
86
80
87
111
110
121
116
130
150
147
175
143
176
166
176
178
167
189
175
174
165
176
149
156
142
150
121
114
111
77
98
48
68
38
34
28
-9
17
-32
-12
-48
-48
-51
-73
-64
-91
-77
-111
-105
-132
-117
-127
-132
-136
-141
-140
-158
-133
-149
-135
-155
-134
-148
-128
-140
-146
-136
-148
-117
-148
-128
-141
-122
-126
-122
-116
-125
-118
-117
-109
-110
-103
-122
-99
-111
-84
-91
-92
-73
-82
-50
-68
-44
-39
-33
-16
-13
13
18
31
31
61
65
91
84
104
116
122
151
124
163
152
176
189
183
204
194
218
221
223
220
215
233
220
223
216
209
211
209
193
182
176
161
165
129
125
104
96
83
65
67
47
28
10
-3
-13
-21
-44
-46
-64
-64
-83
-95
-103
-111
-111
-122
-119
-130
-121
-144
-129
-143
-156
-158
-162
-150
-173
-158
-180
-172
-176
-165
-169
-176
-167
-178
-170
-178
-164
-172
-168
-164
-158
-152
-152
-143
-146
-124
-130
-119
-115
-106
-90
-92
-67
-70
-44
-32
-20
3
7
32
45
59
73
81
99
115
126
147
153
172
180
200
208
215
225
228
240
242
251
248
263
252
261
260
250
252
237
242
222
219
203
185
184
163
161
139
124
106
95
80
61
40
22
15
-17
-22
-56
-61
-84
-92
-96
-119
-117
-148
-137
-150
-161
-164
-179
-183
-199
-205
-211
-219
-225
-230
-241
-240
-248
-255
-252
-259
-249
-256
-251
-252
-244
-231
-239
-225
-224
-219
-205
-206
-189
-181
-168
-160
-149
-133
-117
-105
-89
-73
-60
-44
-32
-12
4
17
29
54
63
92
98
129
135
164
179
192
224
227
264
259
300
300
315
332
339
357
360
372
364
382
370
388
366
374
364
355
359
325
335
294
298
272
258
245
217
215
186
170
144
133
109
103
74
59
37
10
-2
-37
-38
-74
-82
-102
-123
-137
-165
-174
-192
-206
-221
-234
-255
-256
-275
-275
-294
-304
-298
-324
-309
-328
-324
-326
-338
-329
-338
-326
-329
-323
-324
-318
-322
-312
-314
-301
-289
-293
-272
-279
-247
-247
-221
-217
-206
-180
-168
-136
-132
-95
-86
-55
-46
-14
4
29
59
79
113
108
152
154
186
206
221
245
249
280
284
301
305
324
330
341
344
353
357
356
369
354
366
347
347
344
337
338
319
302
284
274
256
240
208
198
170
154
142
110
101
69
59
32
14
-10
-30
-42
-59
-70
-98
-107
-135
-149
-176
-190
-211
-201
-210
-237
-234
-260
-258
-274
-272
-297
-314
-325
-326
-323
-323
-330
-341
-331
-332
-313
-325
-319
-312
-320
-306
-310
-296
-288
-281
-267
-256
-226
-214
-188
-176
-165
-140
-119
-98
-74
-56
-36
-12
11
50
69
103
115
140
165
192
225
238
255
271
288
302
318
321
335
347
361
373
374
380
376
383
375
377
375
364
370
346
338
327
319
305
297
288
273
253
227
225
191
171
139
116
92
76
54
15
10
-20
-32
-46
-67
-95
-110
-125
-142
-157
-173
-185
-211
-211
-236
-237
-259
-260
-268
-279
-271
-288
-285
-303
-307
-316
-320
-325
-320
-321
-318
-322
-320
-303
-299
-284
-291
-279
-278
-269
-244
-237
-233
-220
-189
-165
-128
-115
-88
-75
-52
-19
-2
21
36
53
73
111
132
152
169
193
213
230
253
274
287
291
299
307
323
336
351
348
356
361
367
375
372
363
351
340
338
336
310
297
273
262
247
241
230
200
192
178
161
153
133
107
87
64
50
20
8
-15
-33
-52
-67
-76
-97
-104
-118
-139
-156
-153
-187
-206
-225
-249
-283
-289
-254
-275
-288
-301
-300
-304
-298
-288
-320
-344
-348
-340
-328
-317
-323
-322
-316
-288
-271
-269
-247
-246
-259
-259
-239
-228
-222
-202
-179
-159
-125
-94
-71
-47
-37
-9
-1
28
63
73
87
106
136
154
177
190
192
196
236
247
265
274
278
278
282
311
302
300
296
302
301
310
316
313
291
300
291
275
272
256
234
199
203
179
168
167
149
129
111
104
86
63
60
32
-1
-22
-25
-38
-62
-69
-94
-102
-103
-109
-138
-152
-158
-170
-186
-191
-210
-244
-249
-257
-277
-288
-288
-294
-296
-295
-288
-297
-287
-290
-296
-295
-295
-287
-281
-275
-264
-258
-234
-215
-207
-194
-189
-173
-176
-155
-135
-124
-114
-94
-74
-51
-27
6
28
39
73
85
108
132
148
159
170
203
218
225
250
270
285
294
313
328
319
327
332
327
319
327
322
304
320
320
313
310
313
291
271
278
273
246
230
227
203
211
205
183
152
138
108
51
66
63
44
16
10
0
-22
-24
-42
-76
-129
-149
-164
-164
-173
-178
-193
-194
-181
-202
-220
-224
-244
-291
-308
-300
-300
-316
-304
-298
-286
-278
-272
-272
-297
-304
-310
-306
-300
-282
-277
-264
-246
-214
-209
-193
-177
-183
-173
-152
-117
-107
-82
-62
-53
-29
8
17
18
36
68
77
95
128
144
155
171
194
196
216
236
226
231
255
274
281
307
326
320
313
326
320
295
299
286
281
272
271
266
262
267
248
223
216
204
175
162
143
131
111
113
89
72
63
41
24
-1
-16
-27
-51
-60
-65
-90
-107
-126
-130
-155
-173
-185
-202
-199
-213
-212
-210
-215
-218
-234
-238
-242
-271
-282
-285
-288
-291
-290
-261
-253
-247
-234
-224
-221
-231
-228
-228
-225
-213
-194
-178
-149
-125
-115
-95
-79
-70
-71
-48
-39
-41
-14
18
32
48
77
106
108
133
155
158
175
187
204
211
228
238
240
261
267
250
258
280
288
273
285
303
285
274
282
258
247
240
226
215
205
211
190
200
193
180
156
149
126
79
58
44
30
7
-4
-6
-10
-21
-17
-42
-67
-85
-105
-136
-147
-157
-165
-178
-184
-190
-202
-196
-215
-223
-241
-242
-246
-255
-253
-261
-264
-264
-249
-255
-259
-243
-238
-247
-234
-216
-209
-208
-195
-182
-174
-166
-158
-146
-140
-125
-114
-98
-75
-64
-57
-35
3
9
24
53
71
71
78
97
103
108
123
160
174
184
190
224
247
249
231
232
251
202
176
218
256
229
235
260
285
275
269
279
245
195
148
164
174
173
162
169
198
195
172
156
151
107
44
27
28
4
-15
-18
-3
-12
-19
-20
-29
-67
-101
-124
-132
-143
-152
-152
-156
-158
-177
-181
-192
-206
-233
-238
-230
-229
-218
-208
-216
-234
-234
-246
-265
-272
-274
-271
-269
-246
-220
-215
-212
-203
-194
-196
-191
-193
-187
-177
-163
-149
-108
-85
-71
-49
-26
-15
-21
-9
4
16
12
43
58
78
78
100
126
129
127
139
160
165
170
182
212
210
208
213
231
232
221
226
247
252
248
254
272
267
244
239
239
217
188
183
192
188
175
173
181
177
153
138
125
110
76
59
49
49
32
19
25
22
10
-4
-6
-26
-40
-59
-71
-88
-92
-104
-123
-136
-130
-132
-144
-153
-155
-160
-178
-177
-177
-184
-202
-203
-199
-190
-203
-205
-188
-178
-178
-177
-168
-162
-168
-172
-156
-137
-144
-146
-124
-115
-112
-102
-80
-70
-60
-57
-32
-17
-11
-13
2
19
13
31
47
69
63
77
98
120
119
123
140
142
133
144
160
158
152
151
174
172
180
178
186
172
164
165
166
169
152
158
153
150
135
133
124
117
103
98
91
80
70
57
52
29
34
28
21
11
3
4
-9
-21
-30
-22
-25
-39
-54
-50
-53
-70
-79
-79
-89
-110
-106
-104
-102
-130
-118
-107
-108
-126
-123
-111
-123
-127
-134
-116
-127
-127
-130
-103
-104
-107
-96
-83
-87
-106
-92
-79
-75
-93
-79
-69
-51
-55
-37
-27
-30
-25
-21
-2
5
13
16
37
44
49
56
72
65
61
71
78
85
79
92
100
104
109
110
108
101
92
89
84
91
85
84
85
90
98
97
96
81
75
70
62
61
59
63
59
58
68
67
65
50
50
38
29
13
12
4
-10
-18
-10
-10
-21
-26
-36
-37
-45
-42
-53
-52
-66
-68
-68
-70
-79
-83
-83
-85
-91
-93
-80
-87
-91
-98
-96
-109
-109
-113
-118
-121
-124
-118
-117
-110
-110
-96
-92
-85
-75
-57
-56
-54
-48
-50
-39
-32
-17
-18
-2
0
4
19
26
38
31
30
26
34
32
38
41
54
58
68
86
90
88
79
83
81
88
86
82
81
90
91
99
111
106
96
84
90
97
95
73
69
66
60
58
62
58
37
28
26
42
39
20
21
35
35
13
3
3
-28
-73
-66
-25
-28
-43
-41
-35
-35
-37
-29
-39
-78
-123
-124
-90
-73
-85
-93
-80
-56
-53
-46
-39
-50
-84
-107
-78
-85
-84
-94
-81
-67
-53
-26
-15
-17
-41
-53
-35
-16
-23
-28
-30
-23
-18
3
6
7
-14
-11
12
33
50
44
45
26
28
29
32
12
7
4
11
34
42
50
37
44
41
52
50
35
18
7
20
19
34
38
39
29
39
47
44
35
10
12
7
-3
-15
-12
-16
-13
-13
-4
-5
-13
-13
-18
-17
-21
-11
-25
-30
-41
-39
-29
-26
-29
-24
-18
-10
-9
-14
-12
-29
-32
-31
-19
-25
-27
-21
-2
3
0
6
8
11
1
11
12
11
-7
-3
2
6
19
19
21
26
29
33
43
45
38
20
21
25
12
10
13
19
22
29
45
45
34
24
31
31
28
15
11
7
6
7
16
22
29
24
19
26
19
16
7
9
4
-2
-9
-5
-7
-8
-5
6
4
-7
-7
-11
-5
-6
5
-2
-12
-22
-11
-6
-2
-3
-1
6
0
9
5
5
-6
-11
-19
-12
-14
-20
-15
-13
6
5
16
9
3
-4
-3
2
0
-3
-11
-4
-6
3
6
6
9
12
0
5
6
-6
-9
-13
-7
-13
-11
-20
-19
-16
-11
-12
-7
0
-4
1
6
7
4
-10
-24
-25
-24
-26
-17
-13
-17
-12
-17
-9
-7
-10
-19
-17
-12
-18
-20
-19
-17
-15
-10
-10
6
-3
-8
-7
-5
-6
-16
-11
-19
-10
-13
-10
6
3
4
-1
-1
4
3
4
-7
-9
-12
-21
-10
-9
-6
-2
10
13
18
22
14
20
16
12
15
16
12
12
15
28
20
17
13
10
15
13
19
8
8
2
3
0
-3
-6
-2
3
-3
5
4
8
-1
2
-3
-2
-9
-9
-9
-10
-5
-15
0
-15
-10
-16
-10
-14
-17
-15
-12
-7
-16
-8
-8
-3
-9
3
-8
2
3
0
-10
-9
-18
-22
-7
-13
-6
-19
-13
-18
-13
-15
-13
-16
-13
-9
-16
-17
-22
-22
-27
-22
-24
-15
-14
-14
-16
-22
-14
-12
-16
-11
-10
-11
-6
-1
4
0
0
0
1
-2
-6
3
0
4
0
9
17
8
15
13
25
22
28
19
17
16
13
15
13
11
4
13
14
14
13
12
6
10
7
10
4
3
-2
0
5
1
2
2
12
13
21
23
25
16
16
13
20
17
14
17
13
16
18
21
11
13
9
16
17
10
7
2
4
4
7
4
8
3
6
6
8
5
1
2
-5
0
-6
0
1
3
4
4
6
2
8
10
15
15
20
20
19
20
19
17
18
28
22
15
16
10
10
9
10
7
6
6
10
13
8
13
16
14
15
15
9
16
18
12
12
14
20
16
16
15
20
18
19
17
14
15
10
7
-1
4
-7
-6
-3
-1
-7
-3
4
-3
1
-5
-1
-4
-9
-16
-10
-13
-14
-19
-17
-20
-20
-22
-21
-16
-26
-12
-19
-10
-21
-23
-19
-14
-15
-15
-15
-10
-19
-18
-7
-8
-1
-12
-1
-4
6
7
10
6
0
3
3
4
-5
-4
-6
1
-7
-8
-6
0
-3
-10
-2
3
8
-3
3
-4
0
1
5
10
5
10
15
22
19
21
16
20
12
22
14
5
9
6
10
5
13
8
5
-6
5
12
5
-3
-5
6
5
9
12
15
0
0
9
13
-6
-8
7
12
-11
-29
-4
-17
-61
-58
-6
-6
-14
-22
-9
6
1
11
6
-4
-44
-40
-6
12
3
3
18
30
18
13
29
29
-2
-28
-10
-9
-19
-35
-27
-15
-14
-2
0
-7
-26
-27
-15
-5
-19
-22
-10
-12
-11
-5
6
0
-10
-21
-5
3
8
17
12
7
1
9
-2
-10
-15
-12
-6
1
8
12
10
2
8
14
20
13
10
0
3
3
18
29
19
14
26
34
23
11
1
4
-3
-6
-6
2
-12
-8
-1
-5
-10
-19
-8
-19
-21
-15
0
-4
-21
-23
-12
-11
-19
-24
-25
-31
-37
-23
-6
-6
-28
-29
-24
-26
-37
-38
-27
-32
-38
-38
-16
-16
-32
-34
-19
-21
-38
-46
-50
-57
-69
-51
-28
-20
-32
-30
-21
-16
-13
-17
-11
-23
-32
-19
-4
-3
3
11
11
9
19
13
20
19
23
35
35
34
20
22
18
20
20
28
27
34
32
49
53
60
56
52
55
38
44
44
56
51
54
60
72
66
59
47
44
51
44
24
7
4
6
18
16
31
22
6
-12
-3
6
-3
0
-10
-9
-17
-6
-4
-19
-39
-42
-32
-22
-29
-57
-47
-35
-29
-56
-66
-79
-113
-151
-134
-81
-67
-70
-79
-66
-59
-42
-35
-38
-82
-117
-121
-79
-50
-60
-42
-22
9
-8
-10
4
6
-33
-59
-45
-32
-34
-58
-41
-3
16
24
39
32
11
3
29
61
69
64
76
82
83
91
107
128
111
95
105
123
143
144
139
136
127
126
112
96
87
88
99
110
108
115
115
104
100
106
110
92
71
53
49
50
65
70
77
70
68
60
58
36
16
13
6
-18
-46
-49
-52
-41
-50
-42
-48
-64
-88
-97
-99
-97
-98
-102
-124
-143
-135
-136
-128
-139
-133
-129
-128
-139
-128
-111
-115
-123
-114
-101
-118
-128
-130
-118
-124
-124
-111
-99
-105
-103
-64
-35
-39
-62
-62
-52
-63
-66
-37
5
13
14
29
65
72
69
79
90
93
82
85
90
105
120
144
167
163
152
152
147
146
151
156
148
145
154
155
160
170
184
165
138
131
149
145
125
128
162
182
148
115
111
90
23
10
54
67
22
1
35
55
41
31
20
-47
-130
-158
-120
-101
-122
-132
-106
-80
-91
-113
-97
-98
-151
-199
-189
-191
-212
-231
-221
-177
-160
-150
-158
-170
-208
-221
-209
-194
-203
-209
-205
-205
-196
-180
-151
-154
-171
-195
-178
-148
-101
-64
-47
-62
-57
-37
-38
-51
-50
-22
-6
19
35
64
81
91
96
120
122
107
92
75
84
97
142
168
183
187
200
221
229
231
225
219
206
186
181
196
225
239
243
240
223
211
208
203
187
174
168
148
120
104
98
97
83
69
70
66
49
41
34
45
32
10
-16
-56
-74
-81
-74
-85
-89
-99
-101
-108
-112
-121
-121
-135
-166
-215
-252
-263
-267
-247
-240
-219
-217
-220
-228
-231
-227
-219
-231
-250
-257
-246
-228
-207
-180
-165
-150
-160
-170
-171
-154
-128
-105
-96
-90
-82
-77
-69
-53
-51
-45
-37
-12
4
15
44
102
144
142
123
117
103
46
41
105
174
174
170
202
258
272
281
290
260
195
136
154
193
215
222
262
302
309
277
276
275
230
174
158
174
152
122
120
160
180
192
180
153
109
55
41
62
80
63
47
14
-4
-9
-6
-10
-32
-79
-120
-120
-104
-81
-90
-104
-115
-134
-173
-211
-231
-239
-239
-240
-208
-187
-204
-218
-208
-192
-185
-208
-237
-261
-274
-263
-234
-198
-184
-183
-181
-166
-151
-156
-141
-125
-129
-133
-129
-111
-106
-96
-72
-50
-42
-36
-21
-1
13
38
67
81
79
63
76
91
104
117
136
153
164
177
202
225
221
204
189
186
182
180
191
199
207
216
232
233
224
205
190
186
182
172
163
156
158
170
186
185
168
138
83
59
65
88
65
35
24
25
23
7
16
-18
-69
-124
-130
-110
-114
-129
-114
-97
-103
-121
-131
-121
-166
-210
-221
-197
-212
-245
-245
-224
-187
-183
-161
-171
-205
-246
-253
-218
-203
-200
-207
-200
-195
-175
-141
-113
-105
-116
-125
-115
-100
-82
-73
-70
-47
-35
-27
-21
-7
16
29
50
72
80
77
66
77
104
124
136
133
133
127
134
160
190
195
186
183
183
187
186
197
200
198
187
179
177
181
181
177
177
173
163
142
132
124
127
124
116
98
73
69
61
57
57
52
26
10
-2
-11
-19
-26
-35
-50
-64
-85
-94
-105
-108
-112
-108
-104
-105
-118
-137
-139
-135
-136
-158
-176
-187
-196
-202
-177
-145
-130
-139
-148
-138
-132
-140
-155
-151
-164
-181
-173
-143
-121
-118
-99
-63
-37
-51
-69
-65
-69
-97
-90
-44
-18
-28
-17
20
60
75
82
85
56
20
11
49
71
90
101
120
140
138
147
167
172
134
114
120
127
122
126
141
154
156
159
162
144
119
111
125
134
130
121
120
108
92
98
103
89
46
27
35
34
46
61
62
48
21
11
-10
-31
-41
-49
-52
-57
-55
-48
-45
-53
-54
-48
-47
-74
-101
-124
-126
-114
-103
-86
-101
-109
-113
-102
-98
-92
-90
-89
-96
-100
-103
-88
-72
-72
-60
-61
-67
-84
-61
-53
-37
-19
0
-2
-16
-21
-8
6
0
1
-7
6
6
25
48
66
62
57
66
57
50
48
57
57
65
78
91
87
91
98
117
122
112
105
74
61
53
70
81
85
72
63
59
62
80
85
92
68
62
55
56
47
39
34
26
32
27
28
16
21
14
12
9
-9
-25
-41
-50
-58
-52
-50
-48
-61
-77
-77
-62
-54
-64
-82
-88
-91
-94
-91
-85
-83
-91
-98
-90
-81
-83
-80
-76
-66
-70
-71
-67
-77
-88
-86
-70
-57
-61
-63
-49
-38
-29
-22
-20
-18
-28
-29
-28
-15
-7
-15
-3
8
18
10
22
23
22
26
49
59
57
51
57
74
57
65
55
51
33
38
65
91
92
92
102
109
95
71
66
42
4
-13
28
51
63
67
83
89
91
93
73
28
-16
-29
-20
6
10
20
28
43
44
50
42
17
-28
-68
-74
-75
-73
-73
-62
-48
-32
-15
-5
-25
-59
-83
-90
-84
-78
-75
-72
-66
-56
-47
-32
-41
-56
-81
-90
-80
-72
-60
-64
-60
-62
-63
-66
-71
-85
-88
-81
-63
-53
-39
-27
-16
-2
-1
13
10
0
-16
-19
-5
7
18
28
34
38
38
41
37
38
25
21
21
17
18
25
36
44
46
46
54
38
40
37
47
48
54
46
35
38
26
32
27
27
10
15
10
15
12
12
2
-6
-16
-21
-15
-29
-23
-29
-19
-19
-12
-19
-11
-21
-22
-29
-42
-38
-55
-57
-54
-41
-31
-22
-31
-32
-44
-46
-46
-42
-41
-54
-56
-47
-37
-35
-26
-35
-29
-28
-25
-19
-16
-9
-7
3
1
5
4
-3
-8
-5
7
19
28
19
22
21
38
39
41
35
22
19
19
40
46
48
46
57
59
61
63
62
51
42
36
37
41
42
47
45
57
48
54
49
40
26
13
16
15
16
16
20
20
28
34
45
41
27
15
15
13
6
3
-5
-8
-19
-18
-6
1
-11
-7
-6
-13
-16
-23
-21
-38
-35
-37
-31
-28
-22
-19
-16
-10
-12
-8
-9
-13
-21
-22
-15
-10
-19
-16
-13
-10
-6
-7
-6
-7
-16
-18
-12
-8
0
6
15
17
25
27
29
34
38
31
27
27
22
22
19
22
22
29
28
22
29
25
34
37
41
36
34
45
43
44
42
46
39
43
40
45
36
35
37
41
41
30
30
26
26
16
19
13
11
0
3
0
-1
7
9
3
3
8
0
3
0
0
-14
-10
-14
-12
-13
-20
-20
-25
-23
-24
-23
-36
-39
-40
-38
-39
-40
-37
-42
-43
-39
-34
-37
-38
-37
-42
-47
-43
-39
-35
-35
-33
-27
-21
-18
-21
-22
-22
-16
-25
-21
-26
-32
-32
-29
-32
-31
-23
-21
-17
-19
-10
-10
-3
-4
2
3
11
4
11
6
10
17
13
27
20
27
15
16
6
8
4
1
0
0
6
6
9
10
11
6
14
8
16
7
3
6
10
12
16
21
17
17
9
17
5
4
0
-3
-3
-10
-9
-13
-16
-21
-17
-15
-7
-11
-14
-19
-12
-11
-12
-14
-18
-23
-27
-29
-35
-29
-36
-31
-37
-32
-29
-26
-25
-35
-31
-30
-23
-21
-12
-11
-3
0
6
7
4
7
10
13
15
23
17
14
4
7
13
16
17
9
16
20
17
16
16
15
19
22
21
25
25
21
17
15
22
25
25
28
23
21
16
16
9
3
10
6
7
4
6
11
9
11
9
12
10
10
6
2
3
2
2
4
7
11
3
5
6
4
4
0
1
-2
0
-5
-3
-6
-13
-14
-16
-16
-20
-15
-13
-13
-17
-16
-22
-26
-20
-13
-10
-10
-9
-9
-6
-3
0
2
1
-7
-6
-8
-8
-11
-8
-14
-12
-9
-10
-5
-6
-6
-11
-4
-2
-3
-6
-8
2
2
5
10
15
16
22
20
19
16
16
6
5
4
-5
-4
-5
-4
-8
-5
-6
-3
-8
-5
-4
-2
-1
-2
4
8
6
5
8
10
5
7
10
0
6
2
0
-4
-6
-6
-7
-10
-13
-14
-15
-13
-16
-14
-12
-13
-13
-11
-5
-5
-4
-5
3
3
7
6
1
7
0
0
-3
-12
-12
-14
-16
-16
-24
-14
-19
-15
-17
-15
-13
-20
-11
-13
-10
-7
-3
-5
7
-1
3
4
6
3
9
8
7
14
6
8
-2
10
3
3
1
5
0
0
0
1
4
0
8
6
13
10
19
13
20
21
22
25
16
17
15
15
5
13
9
4
6
6
5
-1
-4
-8
-3
-3
0
-1
2
1
-3
-4
-7
-4
-3
-3
-1
0
-2
0
-2
-6
-4
-7
-11
-10
-11
-13
-16
-18
-16
-16
-15
-16
-14
-13
-11
-9
-7
-8
-10
-10
-12
-13
-10
-13
-16
-11
-16
-8
-12
-10
-10
-7
-3
-6
-4
-5
-1
-2
-5
-2
-8
1
5
8
13
10
10
11
18
13
9
13
12
10
14
6
13
12
16
15
14
12
10
19
13
19
17
15
10
24
26
31
34
32
29
25
29
32
34
28
34
23
27
24
22
15
15
13
9
18
12
19
12
9
6
6
6
5
4
3
10
6
12
13
18
16
19
23
20
13
6
4
1
-1
-5
2
-5
4
-1
-3
-5
-9
-4
-7
-6
-8
-10
-14
-9
-15
-14
-9
-13
-12
-4
-7
-11
-6
-14
-9
-16
-8
-9
-10
-9
-14
-7
-16
-12
-15
-16
-17
-18
-12
-15
-11
-9
-10
-9
-3
2
-2
-7
-1
-1
-4
2
5
3
3
5
9
3
6
10
10
8
6
4
3
0
1
0
7
9
12
9
9
11
3
10
-3
2
-5
1
0
0
6
10
10
8
14
0
5
7
13
2
6
3
-2
0
1
3
4
-3
-6
0
-3
0
-9
-9
-5
-1
-9
3
22
26
12
0
18
-3
-34
-34
4
7
-8
0
13
19
0
21
18
-1
-25
-28
0
-3
-4
-7
7
14
7
2
9
13
-5
-19
-10
-15
-23
-29
-17
-5
-5
6
11
10
-6
-11
-15
-6
-17
-13
-2
1
-4
-6
4
-11
-19
-29
-20
-21
-17
-9
-4
-6
-11
-13
-17
-24
-28
-20
-22
-16
-7
0
-12
-12
-6
-8
-9
-19
-16
-27
-30
-33
-20
-11
-27
-23
-19
-7
-23
-25
-15
-12
-15
-27
-20
-14
-16
-17
0
2
-1
-9
-8
-7
-14
-16
-10
0
-6
-10
0
12
-1
-21
-19
-12
-31
-43
-31
-8
-5
-14
-4
5
0
-7
0
8
2
-10
-2
10
13
3
8
20
13
4
-4
2
2
-3
-6
-3
-7
-18
-19
-12
2
-1
-3
7
13
8
3
6
20
21
21
22
20
16
9
14
9
2
-4
1
17
15
8
6
3
-3
-18
-25
-16
-17
-16
-6
6
3
-7
-15
-10
-8
-13
-12
-15
-16
-18
-15
0
3
0
3
-1
-5
-16
-19
-23
-25
-22
-15
-6
-9
5
9
8
-2
-7
-6
-7
-8
-4
7
19
19
13
18
16
3
-6
6
0
1
-9
5
10
6
5
10
20
11
16
17
26
19
22
31
40
25
22
27
29
25
28
43
36
32
30
40
31
25
22
25
13
10
23
28
32
29
40
38
25
16
15
22
10
7
13
26
20
37
51
74
64
27
18
0
-28
-59
-32
-5
1
-1
28
49
41
35
38
21
-22
-52
-47
-22
-13
-2
12
45
48
39
34
36
15
-25
-32
-22
-32
-44
-27
-5
9
16
24
20
11
-11
-14
-10
-23
-17
-16
0
13
19
32
35
20
4
5
1
0
2
16
15
9
12
13
6
-8
-1
-4
2
-3
6
11
10
10
16
25
7
-2
-10
-1
-5
1
16
24
14
10
22
30
12
-1
-1
-7
-13
-22
-7
-16
-7
-2
6
7
3
-9
-17
-13
-10
-6
-9
-4
-16
-7
-6
1
-6
-17
-25
-32
-35
-21
-4
-6
4
1
-6
-23
-29
-30
-37
-40
-38
-18
-11
-6
4
19
26
13
-15
-27
-38
-73
-67
-32
0
-9
1
15
30
31
26
22
-19
-41
-57
-42
-24
-15
-2
19
41
48
35
37
38
16
-4
-12
-16
-30
-27
-12
14
24
32
32
20
3
-6
-6
-6
-13
-9
-9
-11
0
8
21
13
8
0
-6
-9
7
16
15
9
6
6
-10
-19
-25
-14
-13
-5
-5
-3
-18
-9
-2
0
3
-10
-18
-26
-24
-24
-17
-17
-5
-12
-2
5
12
6
7
5
-8
-17
-27
-17
-18
-3
7
6
-3
-3
-19
-19
-21
-17
-13
-24
-22
-21
-18
-26
-7
4
6
4
4
12
17
9
12
13
4
3
5
27
32
33
32
24
3
-27
-31
-19
7
7
13
12
10
4
7
23
4
-10
-28
-6
9
19
35
50
45
31
27
22
17
-4
-6
-10
-10
-19
-23
-16
-4
0
12
15
5
-14
-31
-33
-34
-22
-15
-6
-2
8
17
19
14
1
-18
-32
-31
-31
-19
-9
-3
-11
-13
-23
-36
-38
-45
-34
-24
-20
-14
-14
-25
-29
-29
-26
-26
-28
-19
-19
-8
-6
-6
-17
-18
-19
-20
-9
-14
-6
-13
-10
-12
-16
-21
-26
-14
-7
0
0
-3
-13
-18
-15
6
5
9
14
9
4
1
6
1
-1
-1
14
18
25
20
22
10
-4
-13
-12
-1
-5
10
29
51
41
34
13
-18
-33
-33
-11
3
7
0
14
23
35
41
26
-7
-32
-29
-10
1
-2
-4
6
16
16
24
26
16
-15
-19
-16
-22
-34
-37
-11
8
20
35
29
3
-23
-35
-30
-31
-31
-24
-3
4
16
32
28
2
-25
-32
-34
-25
-5
10
13
6
5
12
12
6
-2
-6
-7
-8
-11
-8
-10
-12
4
18
25
31
21
23
16
12
6
2
-2
7
25
42
48
40
38
24
24
21
18
19
19
24
28
19
19
9
11
5
15
24
27
31
26
28
16
15
8
12
3
14
22
33
34
23
26
16
17
15
17
11
12
8
13
10
12
4
5
11
13
25
10
3
-15
-22
-17
-4
2
16
27
34
39
27
17
-7
-20
-48
-28
1
3
13
22
29
27
27
19
-3
-36
-32
-25
-11
-6
3
4
4
13
13
16
4
-4
-26
-30
-29
-23
-19
-15
-1
13
30
32
21
0
-19
-38
-32
-28
-15
-3
10
17
17
23
19
5
-16
-18
-12
4
16
18
16
10
9
3
-8
-16
-19
-26
-12
0
0
-6
-12
-15
-18
-15
-24
-16
-26
-21
-19
-11
0
4
11
13
16
0
5
-12
-20
-24
-21
-11
7
13
19
9
-3
-11
-27
-26
-32
-26
-14
4
3
10
9
1
-16
-28
-33
-38
-32
-24
-3
-3
-1
-1
2
-4
-10
-10
-13
-15
-21
-10
-10
-12
-5
3
9
10
15
9
4
-6
-5
-4
0
14
23
28
33
25
24
24
13
13
10
20
18
25
26
17
12
11
14
16
22
25
37
39
44
30
6
-18
-32
-42
-23
-2
7
18
21
35
29
31
20
-1
-23
-28
-20
-7
-3
-2
6
17
22
24
24
17
-3
-28
-30
-36
-43
-43
-38
-26
-5
9
15
1
-27
-47
-59
-57
-55
-48
-37
-22
-17
-11
-11
-16
-30
-34
-28
-15
-7
2
7
-3
-3
-7
-4
-10
-9
-6
-1
-1
-1
-8
-18
-27
-27
-18
-13
-6
-9
-10
-19
-18
-25
-17
-15
-11
0
4
19
13
14
5
-6
-6
-2
3
10
14
19
19
2
8
-3
-4
-6
-1
2
0
2
-3
3
-12
-9
-15
-4
3
12
15
10
13
3
5
-1
5
-1
11
4
0
1
-8
-13
-19
-15
-13
-9
-9
-7
-15
-13
-18
-17
-16
-6
-7
-7
8
13
13
9
8
0
-5
-2
1
-1
10
5
8
10
6
5
-3
-7
-14
-10
-12
-9
-3
-8
0
-2
2
13
20
18
16
16
18
18
13
13
1
10
10
16
22
25
21
13
9
6
9
8
4
5
5
1
8
2
10
6
15
18
24
21
19
18
10
12
7
16
14
21
20
29
24
25
19
14
9
-3
-4
-10
-7
-10
-5
-6
-1
0
6
10
4
0
3
1
-4
-8
-9
-12
-15
-9
-10
-10
-16
-16
-17
-19
-17
-19
-20
-19
-21
-24
-25
-23
-21
-18
-16
-12
-11
-7
0
-3
1
-1
10
8
-3
-5
-9
-17
-25
-9
4
3
9
13
16
15
17
17
-1
-11
-15
-9
-2
