SAMPLES:	27983
BITSPERSAMPLE:	16
CHANNELS:	1
SAMPLERATE:	16000
NORMALIZED:	FALSE
9
6
9
6
7
6
11
9
12
9
9
14
10
17
16
22
19
25
21
19
17
16
12
15
3
7
3
-1
5
-3
8
3
12
4
9
3
6
5
-6
-7
-6
-1
-1
4
3
7
0
13
5
9
2
7
6
1
9
2
7
2
1
-2
-4
-5
-3
4
1
5
4
5
5
3
2
3
9
4
10
5
10
3
6
4
4
0
5
5
-2
-3
-7
-9
-17
-7
-15
-7
-15
-4
-6
-3
-3
1
3
1
12
5
17
8
15
8
6
0
2
-2
-8
-4
-10
-13
-19
-12
-20
-10
-7
-4
0
0
-1
-3
-2
3
3
3
-4
0
10
2
-2
-1
2
-4
-1
0
4
-6
-10
-6
-17
-12
-10
-6
-15
-12
-3
-13
-6
-11
-2
-6
0
0
-2
2
0
2
7
5
-1
8
-2
3
-5
-3
-12
-5
-12
-7
-8
-16
-7
-19
-12
-20
-4
-10
-5
-3
3
-3
6
7
-3
3
1
2
-2
10
5
11
0
10
9
7
15
9
13
9
11
6
5
9
10
12
17
18
21
22
18
20
23
22
18
25
20
21
22
23
18
10
13
10
12
10
12
7
6
13
9
6
10
10
12
13
13
13
4
13
13
7
5
5
9
6
9
7
6
3
2
-2
-1
-10
-16
-12
-12
-17
-13
-9
-15
-16
-12
-14
-9
-7
-3
-2
0
-1
-5
0
-12
-10
-24
-16
-16
-21
-22
-21
-15
-25
-16
-20
-17
-16
-12
-17
-15
-22
-12
-10
-6
3
-2
7
0
4
0
11
4
6
8
8
11
7
1
4
3
-4
0
-6
2
-9
-3
-8
-3
-6
-13
0
-12
-3
-1
2
-3
-4
-3
-3
-4
-2
-3
-10
-7
-15
-14
-15
-16
-15
-7
-12
-9
-9
-15
-9
-16
-9
-12
-3
-9
-8
-8
-2
-1
-4
0
1
3
-4
-3
-11
-7
-20
-10
-17
-15
-10
-18
-14
-19
-11
-18
-13
-13
-10
-13
-8
-8
-10
-13
-7
-3
-8
-4
-12
-12
-16
-9
-6
-5
-1
-4
-7
-1
-6
-8
1
5
6
9
9
5
6
6
3
0
11
10
12
17
14
18
14
13
11
3
4
2
5
-2
-1
-5
-3
5
7
5
6
13
11
18
17
22
21
24
20
26
24
27
21
28
35
26
31
26
29
15
16
11
16
3
15
19
9
16
10
13
4
9
7
12
9
16
17
13
12
14
14
6
10
13
10
6
6
4
10
7
9
11
9
15
13
20
13
12
12
8
6
11
14
12
15
13
18
14
16
17
11
19
13
4
6
4
3
3
2
2
-2
-5
-10
-10
-7
-10
-3
0
-1
1
5
4
1
4
12
10
10
11
9
11
7
5
6
5
5
0
3
-1
-2
-2
-5
-3
-5
0
-4
1
-9
-11
-11
-7
-9
-9
0
-7
0
-3
-3
-3
-1
-4
-3
-4
3
-7
-8
-5
-16
-12
-16
-9
-12
-8
-11
-9
-12
-8
-12
-9
-7
2
1
-6
-7
-21
-13
-22
-12
-17
-20
-21
-20
-22
-24
-22
-31
-23
-25
-18
-25
-20
-22
-22
-20
-17
-13
-10
-9
-14
-7
-9
0
-3
0
-2
-1
-1
-2
-3
-10
-3
-10
-7
-6
-2
-7
-3
-6
-9
-10
-12
-6
-13
-2
-6
-9
-10
-7
-7
-5
-1
-6
-1
-3
2
0
-4
-8
-14
-18
-18
-15
-13
-11
-15
-10
-18
-12
-14
-17
-17
-17
-10
-9
-9
-6
-9
-5
-5
-7
-4
-7
-4
-12
-9
-13
-9
-15
-10
-12
-13
-11
-17
-4
-13
-4
-9
-3
-1
0
4
4
7
2
9
10
12
10
19
10
7
5
0
6
-4
2
-3
6
3
9
0
5
9
3
10
9
15
9
17
7
10
6
13
4
10
14
9
13
5
9
-2
5
-2
1
-7
-4
-6
-4
-4
-8
1
-3
4
-1
9
4
3
1
3
6
7
11
12
16
14
16
6
9
-3
0
0
-3
-2
-6
-7
-6
1
-7
0
1
1
6
2
4
-4
1
4
-2
9
9
9
16
8
12
13
17
12
9
7
6
6
9
9
7
10
10
10
8
16
16
20
25
29
35
37
31
33
33
32
27
26
26
24
31
25
28
18
23
19
18
17
13
15
7
8
8
10
9
13
13
17
14
22
16
25
26
25
24
23
31
19
23
16
21
15
9
0
-2
-3
-9
-9
-7
-9
-7
-5
-11
0
-12
2
3
0
7
6
10
10
11
6
10
2
2
-7
-4
-12
-9
-5
-12
-2
-12
-3
-13
-8
-11
-11
-11
-6
-4
-11
2
-4
3
-2
3
-2
0
-2
-3
-9
-8
-3
-14
-10
-18
-14
-25
-24
-25
-25
-22
-22
-20
-19
-22
-16
-19
-21
-15
-16
-21
-16
-7
-13
-3
-12
-11
-16
-14
-11
-16
-12
-17
-12
-18
-18
-26
-29
-23
-22
-25
-23
-20
-20
-15
-12
-15
-22
-11
-12
-12
-9
-12
-9
-18
-13
-17
-13
-19
-11
-10
-13
-11
-14
-6
-14
-14
-19
-9
-12
-14
-12
-4
-13
-13
-9
-10
-7
-8
-1
-7
3
-3
4
4
4
-3
2
1
-6
1
0
-2
-6
3
-1
1
5
8
7
10
4
2
9
-2
5
-5
0
1
3
4
2
3
-3
-4
-9
-3
-16
-10
-16
-11
-7
-14
-10
-13
-11
-8
-6
-7
-3
-5
-4
1
3
-3
2
7
6
6
7
-3
-4
3
-6
-6
-7
-8
-12
-11
-9
-2
-9
-2
0
3
9
3
2
0
6
2
1
3
3
4
10
11
17
17
12
13
9
11
12
10
5
8
6
-2
-3
-4
-3
-4
-2
-4
-4
-5
-1
0
2
-2
1
6
1
2
4
6
1
6
6
8
1
3
4
13
1
9
8
8
11
7
9
-2
6
4
9
4
14
6
14
10
18
13
15
18
15
27
14
31
23
29
29
34
28
32
31
24
24
25
24
20
28
17
29
18
21
17
18
16
14
21
10
19
14
15
6
9
10
7
5
1
4
1
7
2
3
1
8
5
6
3
1
7
5
6
3
11
4
15
6
17
15
9
17
10
8
-2
6
-2
-2
-5
-6
-12
-10
-6
-4
1
1
1
-2
3
3
6
3
1
-1
-4
-9
-10
-14
-16
-15
-8
-9
-12
-5
-7
-5
-7
-2
0
-3
-2
-6
3
-6
-5
-5
-7
-4
1
5
4
9
0
7
5
3
-3
-8
-10
-4
-13
-12
-14
-12
-11
-14
-1
-10
-2
-3
6
-4
2
2
0
6
-2
3
-3
5
-2
3
-4
-5
-6
-6
-5
-10
-4
-10
-3
-8
-5
-9
-8
-7
-11
-7
-6
-4
0
-9
-3
2
-6
0
-11
-9
-12
-14
-9
-7
-6
-9
-2
-6
-6
-11
-9
-4
-10
-7
-4
0
0
2
8
7
8
11
10
9
5
4
2
5
8
1
4
7
4
-1
6
3
5
1
2
7
-3
0
-3
-10
-10
-11
-3
-6
-4
-6
-7
-1
-7
-2
-9
-8
-6
-4
-9
-7
-13
-11
-19
-23
-15
-20
-19
-18
-10
-18
-18
-10
-2
-13
-6
-7
-9
-13
-16
-6
-15
-11
-9
0
-9
-7
-8
-7
-11
-13
-6
-10
-13
-14
-6
-19
-15
-22
-10
-13
-12
-13
-15
-6
-14
-9
-13
-3
-9
1
-5
-7
0
-4
-6
-5
-6
-12
-10
-11
-3
-16
-12
-3
-3
-9
-11
-12
-17
-15
-20
-11
-19
-19
-12
-12
-14
-16
-16
-12
-9
-6
-1
-7
0
1
4
-3
-4
-2
-4
-1
-3
-1
-11
-1
-4
-2
-4
-3
1
7
13
17
19
20
22
23
28
21
27
23
20
20
19
21
26
20
19
23
22
19
15
13
9
19
13
9
3
10
9
4
9
3
15
6
12
22
19
17
18
23
9
9
8
7
6
7
6
8
9
6
13
8
13
17
13
13
21
20
23
22
28
28
23
28
23
18
8
18
7
10
2
6
-2
1
-2
-2
3
-5
10
1
7
-1
8
4
8
11
11
6
8
13
6
13
0
6
-2
-10
-10
-8
-10
-11
-8
-4
-3
-4
-3
0
-7
-7
2
-5
-3
-4
-4
-4
-7
1
-2
-2
0
0
5
-3
-1
-1
-5
-11
-12
-14
-11
-14
-15
-17
-18
-20
-19
-18
-23
-11
-18
-13
-12
-6
-9
-4
-1
-7
-4
-6
0
-9
-5
-6
-11
-17
-16
-18
-17
-15
-13
-19
-9
-16
-10
-11
-12
-13
-11
1
-9
1
-9
-4
-7
6
2
0
10
14
9
8
5
2
4
0
9
3
6
-2
6
-5
2
4
5
3
7
4
3
6
2
9
3
13
7
14
5
10
8
8
4
5
1
-3
3
-1
9
4
7
3
6
-2
4
3
3
4
4
5
-3
0
-1
8
0
9
3
9
12
4
9
7
10
-3
1
-1
1
-2
0
3
-1
5
-1
3
-3
4
3
2
5
4
4
3
6
2
5
-3
-3
-7
-5
-14
-13
-15
-12
-13
-18
-13
-10
-14
-22
-7
-15
-8
-9
-4
-12
-12
-3
-8
-6
-8
0
1
2
-4
2
-3
-7
0
0
-6
-3
-1
-5
0
-3
4
0
4
7
6
16
12
16
19
15
17
23
16
17
18
16
12
5
11
13
11
10
16
10
11
7
11
6
6
13
14
7
8
16
10
19
9
17
13
19
19
18
13
14
22
15
16
4
7
0
2
-4
-3
-3
-7
-4
-12
-4
-6
-6
-7
-7
-4
0
-5
3
-2
-4
5
10
13
7
13
11
8
0
3
1
2
6
-1
0
0
2
-3
-7
-6
-7
-4
-5
-5
-2
1
3
2
1
6
6
6
3
10
8
8
10
6
4
6
7
-6
-2
-6
-10
-14
-13
-9
-13
-9
-8
-12
-10
-8
-9
-8
-9
-5
-10
-6
-9
-7
-7
-6
-11
-9
-16
-16
-17
-23
-23
-26
-15
-24
-20
-22
-20
-22
-26
-30
-23
-30
-26
-26
-24
-21
-23
-19
-28
-13
-23
-12
-17
-11
-12
-15
-15
-13
-13
-18
-9
-10
-7
-11
-3
-13
-11
-15
-11
-12
-8
-9
-7
6
-3
-3
-1
7
-6
0
-2
-5
-3
-1
10
2
4
4
4
3
9
5
-4
3
1
-1
-6
7
1
-1
7
9
5
5
8
-2
0
2
3
-9
-10
-15
-13
-12
-4
-12
-4
0
-4
-5
-3
-1
-9
8
9
9
0
10
6
5
6
8
6
0
10
7
7
11
13
13
15
13
8
8
9
10
9
10
9
20
19
17
22
17
21
23
18
17
22
13
20
19
17
18
16
11
3
10
1
5
8
16
6
7
7
6
3
3
6
4
2
12
11
2
14
7
10
4
10
3
-6
-5
-3
-6
-13
-6
-7
-4
-4
1
-5
-3
-7
1
0
6
14
6
8
2
12
9
16
18
20
22
20
26
21
22
19
21
12
10
6
7
1
-4
-3
-3
-4
-6
0
-4
3
0
3
1
0
-2
-2
-2
-2
3
-5
2
-1
-1
0
3
2
0
-5
-4
-6
-7
-4
-6
-5
-14
-6
-12
-9
-10
-12
-12
-12
-6
-9
-4
-3
1
-10
-1
5
-4
2
0
0
-10
-9
-7
-12
-6
-7
-5
-13
-13
-9
-6
-3
-7
0
-4
3
6
8
-1
3
6
1
6
8
7
0
3
-3
1
-3
6
0
2
0
3
0
-8
-2
-9
-7
-11
1
-6
2
3
8
-3
0
1
-1
-2
4
7
-4
3
-8
6
-1
-1
4
3
-1
0
-3
-2
-1
-1
2
-2
4
-1
-2
0
2
0
1
2
-1
4
-6
1
-1
2
7
-1
8
1
6
4
3
0
2
1
10
7
2
5
4
7
-2
0
-2
9
9
15
14
15
11
11
9
8
13
16
16
9
12
5
9
9
9
3
11
11
3
7
4
1
-3
-2
-1
-6
-12
-9
-12
-15
-13
-14
-12
-13
-14
-13
-13
-14
-20
-20
-18
-19
-15
-12
-16
-14
-13
-11
-19
-12
-11
-12
-10
-11
-2
-12
-9
-9
-5
-10
-10
-3
-9
-17
-8
-13
-14
-17
-18
-10
-15
-6
-11
-8
-10
0
-8
-2
-10
-7
-6
-11
-4
-14
0
-4
3
-2
2
-3
-6
-9
-5
-7
-16
-12
-12
-10
-18
-7
-8
-4
-5
-6
-4
-10
-9
-4
-3
-9
-2
-3
-2
0
2
-1
-8
-4
-8
-5
-10
-1
-6
-5
0
1
0
-1
3
-1
3
-3
3
2
7
5
10
12
9
13
9
11
6
9
6
7
8
16
9
11
13
10
9
7
7
6
7
10
6
8
6
1
5
8
5
9
22
10
12
6
9
4
6
9
3
11
7
10
5
12
10
18
14
18
22
20
19
23
22
19
16
19
30
17
25
16
19
12
19
17
10
8
9
11
3
9
1
8
-5
9
3
3
2
4
6
8
14
7
15
7
20
13
16
12
9
16
11
10
15
10
0
6
-4
0
-5
-1
-3
-5
1
0
1
-5
3
-4
0
-3
-2
4
1
5
4
2
-2
1
-6
-10
-8
-3
-18
-13
-15
-17
-9
-10
-12
-16
-11
-16
-13
-12
-3
-8
-7
-7
-13
-13
-10
-7
-10
-9
-7
-3
-8
-3
-10
-11
-15
-16
-13
-16
-16
-16
-18
-25
-13
-15
-12
-13
-11
-7
-13
-10
-8
-3
-3
4
-1
7
3
3
5
-6
0
-9
-3
-5
-4
-9
-11
-12
-15
-11
-10
-8
-12
-4
-10
-2
-8
2
-2
4
1
1
7
5
5
-3
5
1
11
-1
2
-2
3
0
3
0
-7
-6
-8
-1
-6
-3
-14
-6
-7
0
-3
3
7
3
-2
-3
4
-1
6
3
2
0
1
-2
-3
-6
-10
-11
-13
-13
-21
-13
-18
-13
-19
-18
-15
-16
-6
-13
-6
-8
1
-4
-3
0
1
-2
-3
1
-3
3
-4
-7
-9
-8
-11
-6
-6
-6
-5
-4
-2
-3
-4
-10
-12
-16
-8
-13
-8
-5
-8
0
0
3
2
1
3
-5
0
2
-3
-8
-6
0
-5
-6
-9
-1
-8
-6
-2
-4
-4
0
10
8
11
1
10
6
9
10
13
15
14
12
14
17
8
18
9
9
9
10
1
6
3
8
12
12
17
15
25
24
22
15
25
23
22
20
28
21
22
15
18
19
9
17
12
15
12
18
19
18
21
22
22
22
20
18
22
21
26
25
31
26
29
27
25
31
19
23
10
20
18
21
22
22
22
19
23
13
22
20
28
19
31
27
25
26
23
24
22
27
19
22
15
21
12
13
10
12
6
2
0
-5
-2
-4
-1
-1
2
0
2
-4
0
-3
-3
-4
-2
-1
-2
1
-4
-4
-10
-9
-6
-10
-15
-13
-18
-25
-27
-29
-23
-26
-24
-29
-29
-26
-32
-22
-28
-19
-27
-19
-21
-21
-14
-15
-13
-12
-1
-11
-10
-15
-16
-22
-21
-28
-28
-37
-30
-31
-33
-31
-31
-23
-28
-21
-26
-19
-23
-14
-21
-17
-11
-10
-7
-9
-4
-8
-5
-13
-11
-22
-16
-22
-19
-17
-16
-12
-18
-11
-14
-12
-12
-4
-9
-4
0
-2
5
9
13
9
13
9
15
6
6
1
-3
0
-6
-3
-11
0
-7
-5
-6
-5
-2
0
1
-7
3
0
3
4
8
4
5
6
5
6
7
10
6
3
3
3
-1
-6
-4
-3
-12
-5
-7
-9
-12
-9
-12
-20
-15
-16
-13
-12
-6
-8
-10
-5
-1
-3
1
-6
-4
-8
-10
-11
-13
-12
-18
-10
-13
-7
-12
-9
-5
-3
-3
3
-3
4
1
1
4
0
6
-3
8
-3
7
0
5
2
-2
-1
3
2
-1
1
-3
4
1
2
-9
2
-2
6
5
11
9
12
8
6
6
-4
2
0
4
1
6
-6
2
-1
-1
-3
-8
-5
-17
-5
-2
-6
-1
-2
0
-3
0
-6
-3
0
4
5
-2
5
3
3
5
6
3
0
-6
2
-7
-4
-6
-13
-12
-7
-9
-10
-1
-4
0
0
9
7
9
7
9
6
8
6
7
8
7
7
0
4
2
3
4
6
1
9
6
1
0
5
10
15
14
13
12
12
20
17
15
20
24
20
19
28
24
24
25
22
22
19
22
17
20
17
27
21
19
22
22
19
19
25
17
18
17
26
20
22
20
30
30
30
29
32
28
28
21
14
23
14
16
8
16
0
5
4
2
3
0
1
1
5
-1
-1
-4
-1
-7
-1
0
2
1
-1
-2
-3
-5
-6
-4
-19
-13
-17
-16
-13
-15
-13
-15
-10
-15
-7
-10
-7
-5
-7
4
0
0
-4
-1
-4
-4
-1
-6
-9
-9
-13
-9
-16
-19
-17
-19
-15
-20
-15
-16
-9
-12
-13
-6
-10
-4
-5
-7
-6
-3
-2
-2
3
-1
1
-2
-3
-3
-2
-4
-6
3
-1
-1
-2
0
-3
-6
2
-4
-3
-6
-2
-6
-3
0
4
-3
-3
1
3
7
4
5
1
1
-8
1
-13
-9
-5
-4
-6
-9
-5
-12
-4
-12
-10
-15
-13
-13
-6
-14
-13
-8
-6
-2
-1
1
-4
-1
-8
-3
-4
-1
-4
-3
-6
-6
-3
-1
3
3
6
0
1
1
6
-3
-1
-6
-6
3
-3
-4
-9
3
-7
3
1
-4
1
-6
3
-3
-1
-4
0
-6
-1
-3
-4
-3
0
3
2
5
-1
4
2
3
-3
3
5
6
7
11
7
3
9
0
-3
-2
-5
-9
-6
-12
-8
-15
-16
-10
-14
-10
-10
-10
-9
-9
-10
-7
-7
-3
-2
-7
-2
0
0
-1
-3
-2
0
0
3
-2
-1
3
1
7
2
7
1
4
3
-2
2
-1
10
1
11
7
13
6
9
13
7
10
11
9
4
9
7
11
4
10
0
6
9
12
6
9
5
1
0
-2
6
-2
9
5
13
6
9
10
8
8
9
12
11
10
5
13
0
6
7
7
0
-1
-3
-10
-13
-11
-9
-7
-3
-2
3
-3
6
4
6
3
-1
0
0
5
-1
5
-1
-4
3
-1
4
3
8
2
4
-1
6
2
2
4
6
6
2
2
-2
0
-3
6
1
3
-2
-2
-11
-6
-8
-13
-10
-21
-10
-18
-15
-12
-10
-8
-10
-4
-3
-8
-8
-10
-5
-15
-13
-7
-9
-6
-16
-12
-15
-16
-18
-17
-19
-14
-15
-13
-15
-13
-12
-9
-7
-10
-14
-13
-7
-14
-4
-10
-11
-8
-4
-8
-3
0
-4
4
-2
3
0
6
4
1
5
-1
-4
-3
-5
0
3
0
7
6
13
14
17
20
23
23
23
24
22
23
19
13
9
11
6
14
9
8
7
10
13
4
4
0
9
5
5
6
7
13
13
13
13
15
9
9
10
6
6
5
-3
-3
-1
-8
-8
-9
-13
-9
-6
-3
-4
-7
-3
-6
0
4
5
6
6
3
1
3
-1
6
4
6
2
1
0
-3
-1
-3
-4
-9
-6
-12
-9
-8
-9
-10
-4
-2
0
2
2
11
5
12
6
12
10
2
3
-4
-3
-16
-7
-13
-13
-12
-10
-9
-16
-9
-9
-13
-10
-2
-7
-5
-9
-6
-9
-6
-2
-13
-6
-3
-6
-5
-4
-7
-4
-11
-2
-4
-7
-4
-9
-7
-7
-2
-7
-2
-7
4
-1
-2
-4
-1
3
2
7
7
7
-4
3
-2
2
1
3
0
0
0
-4
3
0
1
0
1
-1
3
4
2
-1
5
3
6
9
6
16
13
12
17
20
17
13
14
7
1
0
1
-1
-3
-2
-7
-2
-4
-5
-1
-7
-1
0
3
7
6
6
3
7
1
2
9
9
9
12
8
9
10
4
2
1
3
1
6
-5
-4
0
-5
-5
0
-1
7
2
4
11
11
18
14
21
14
18
16
12
9
11
9
17
12
7
7
2
8
-4
11
2
7
3
14
15
11
16
19
24
21
23
16
27
17
20
14
16
18
21
13
14
15
3
9
2
6
-3
3
-4
-5
-5
-9
-13
-15
-13
-12
-2
-6
6
0
9
10
16
16
15
22
14
21
10
12
7
9
3
3
0
-7
0
-9
-6
-2
2
-3
-9
-9
-5
-12
-6
2
6
2
7
7
1
7
0
0
-10
-3
-4
-4
-9
-12
-9
-13
-9
-11
-10
-16
-8
-19
-16
-13
-14
-12
-9
-13
-13
-3
-5
0
-5
5
0
3
-6
-9
-9
-14
-10
-17
-16
-25
-15
-25
-25
-20
-24
-20
-28
-23
-25
-25
-26
-14
-16
-16
-16
-19
-16
-18
-13
-15
-9
-14
-10
-21
-17
-28
-24
-28
-29
-25
-29
-25
-27
-17
-20
-14
-19
-13
-19
-13
-18
-16
-10
-10
0
-6
1
-9
-4
-11
-9
-9
-17
-14
-16
-17
-22
-18
-22
-19
-15
-15
-12
-13
-12
-10
-10
-7
-3
-5
0
-5
-1
-7
-6
-7
-7
-9
-12
-3
-12
-1
-5
0
1
-1
-11
-8
-6
-14
-5
-3
-5
-9
-9
-3
3
-1
7
11
10
10
13
12
12
11
6
6
0
5
-3
0
1
-7
-3
-5
1
9
10
6
6
6
6
13
16
14
17
15
19
16
20
20
20
15
7
9
10
9
10
8
7
8
4
1
1
8
3
10
5
15
9
11
16
11
27
22
33
25
32
28
32
32
35
36
34
37
29
30
27
31
20
27
22
24
15
18
24
19
18
19
20
12
23
18
22
17
20
21
16
16
18
18
12
14
8
13
13
16
12
11
13
9
15
4
9
1
4
5
8
4
4
12
1
9
7
8
0
0
-6
1
-3
-9
-4
-8
-8
0
-7
-10
-7
-13
-7
-15
-9
-9
-13
-12
-2
0
-6
-6
-6
-7
-8
-4
-9
1
-1
-4
-6
-3
-4
-3
-9
-15
-12
-12
-5
-11
-7
-10
-9
-4
2
-2
-3
2
0
4
-6
3
3
0
1
-1
-3
-8
-7
-12
-5
-10
-2
-7
-6
-1
0
5
6
13
5
13
13
10
6
17
11
7
12
9
3
1
5
-5
-6
-7
-11
-15
-12
-14
-16
-15
-12
-17
-15
-13
-8
-9
-12
-10
-12
-8
-10
-4
-9
-6
-3
-8
-6
-7
-6
-6
-7
-12
-7
-9
-15
-10
-13
-9
-12
-10
-10
-8
-11
-6
-2
-2
3
-1
4
1
-2
-2
4
4
6
6
10
5
4
-4
0
-2
-8
-6
-12
-7
-13
-12
-15
-12
-21
-16
-14
-15
-14
-10
-4
-4
-4
-6
-1
-2
0
-3
4
5
2
-3
-2
-6
-7
-8
-9
-9
-3
-1
-1
-3
-8
-2
-8
-5
-4
1
2
0
9
4
2
6
1
7
0
9
1
-7
1
-4
-3
-13
-10
-10
-13
-15
-19
-17
-15
-11
-8
-13
-20
-13
-9
-9
-2
0
6
8
8
9
4
0
3
0
-1
-3
-10
-7
-6
3
-10
0
-1
5
4
6
4
1
3
0
5
4
14
6
12
4
15
7
11
9
3
11
4
11
1
5
7
7
0
1
-2
1
2
4
5
8
7
-2
6
6
6
5
8
6
6
3
4
0
3
5
-4
0
-3
1
0
0
3
3
3
6
10
4
10
7
5
5
7
10
9
6
3
2
-4
3
0
3
-1
1
2
-5
-8
-8
-9
-16
-12
-12
-7
-15
-6
-10
-10
-9
-3
-3
-10
-6
-12
-1
-4
1
0
4
-2
1
-1
-6
-5
-12
-5
-7
-2
-11
-3
-5
-3
1
1
3
2
1
-2
8
1
9
2
6
8
8
10
10
7
9
10
3
4
0
1
-6
-1
-1
-3
2
2
-3
-1
-4
2
1
3
8
4
15
15
17
10
16
18
13
17
19
15
13
16
11
10
6
9
12
10
13
12
15
13
12
8
10
5
5
10
5
5
9
7
8
10
11
13
13
13
13
12
11
13
6
3
2
0
6
3
7
3
5
6
7
6
11
11
12
17
13
9
7
13
13
19
12
15
9
12
17
12
3
5
3
3
4
-2
2
-5
-6
-8
-5
-11
-4
-12
2
-10
-7
-3
-6
-4
-9
-1
-10
-1
-8
-3
-16
-6
-16
-13
-18
-23
-20
-22
-22
-26
-19
-29
-19
-28
-23
-30
-25
-24
-29
-25
-31
-25
-31
-28
-29
-23
-25
-19
-20
-18
-12
-18
-13
-20
-9
-16
-11
-18
-8
-3
-6
2
0
8
5
15
7
13
15
16
13
18
9
9
9
1
8
2
3
4
9
1
9
3
6
3
12
9
11
15
4
10
3
8
6
9
-1
5
1
4
0
-3
0
4
3
-5
1
0
4
-2
1
4
2
-4
0
2
2
8
9
9
5
10
4
5
5
3
11
-1
7
0
-1
-5
-9
-9
-6
-4
-15
-2
-12
-1
-7
1
-6
-4
2
3
8
9
15
11
15
10
18
8
11
5
6
10
12
6
6
2
-10
-1
-1
0
-6
3
-2
2
-2
7
1
2
13
6
11
9
12
5
10
10
6
7
11
6
7
4
1
-6
-8
-4
-12
-8
-8
-9
-10
-8
-1
3
4
6
10
3
9
12
10
13
13
18
13
13
8
9
3
1
-2
-10
-13
-16
-19
-29
-19
-19
-13
-13
-7
-6
-5
-7
-9
-5
1
-3
2
0
0
4
-3
4
-3
2
-1
-7
-14
-7
-15
-20
-23
-25
-22
-20
-16
-21
-26
-18
-11
-21
-8
-8
-6
-5
7
4
6
7
14
13
13
14
11
3
-5
5
-7
-2
-9
-6
-12
3
-5
-4
3
-2
3
4
13
5
9
9
12
13
18
16
19
11
17
16
9
12
5
8
4
4
0
-10
-10
-9
-9
-10
-7
-5
2
-4
-5
-4
2
4
8
11
8
17
13
18
4
12
9
13
12
4
3
-2
0
-11
-6
-18
-13
-16
-9
-14
-5
-13
-11
-7
-11
-2
-2
0
-5
7
-3
2
1
5
-2
-5
-6
-13
-14
-15
-12
-19
-20
-24
-18
-25
-21
-26
-23
-16
-19
-19
-13
-15
-12
-10
-8
-6
-11
-1
-10
-1
2
0
-4
0
-7
-10
-8
-20
-13
-16
-14
-12
-10
-12
-10
-2
-8
-3
-2
-4
0
5
7
2
13
12
12
12
16
13
5
1
0
-2
-6
-7
-10
-8
-12
-6
-6
-1
0
7
4
9
6
2
16
13
15
20
20
16
21
18
18
6
6
7
5
4
1
1
-4
-1
-7
-7
-14
-12
-12
-10
-6
-3
-3
3
8
6
18
14
16
13
16
16
7
14
13
7
2
8
-1
-1
-2
-6
-4
-13
-6
-3
-8
-3
-4
0
2
5
9
12
15
15
16
16
21
23
26
25
17
15
15
10
6
9
5
5
7
5
5
1
0
0
0
2
3
-1
3
9
5
5
10
7
10
15
9
9
6
7
4
6
3
4
-1
-1
0
2
0
-6
5
0
-1
3
0
6
8
-1
9
3
12
8
12
15
18
18
10
12
1
5
3
4
-1
8
-3
1
-4
-2
-9
-7
-5
-13
-8
-17
-9
-12
-5
-10
-1
-6
3
2
4
6
2
5
-3
3
-6
4
2
3
-6
-10
-6
-7
-10
-17
-12
-18
-14
-14
-20
-26
-18
-17
-16
-13
-10
-5
-6
1
-6
-5
-6
-5
-10
-10
-6
-4
0
-10
-7
-11
-8
-11
-7
-8
-9
-10
-3
-8
-13
-8
-6
4
0
6
-1
4
7
5
8
12
7
7
9
6
6
1
10
5
10
4
10
4
-2
1
-2
3
6
14
6
12
5
10
9
4
7
0
2
-12
-2
-15
-16
-16
-13
-9
-8
-10
-19
-12
-21
-20
-22
-17
-18
-9
-22
-11
-12
-19
-9
-9
-8
-19
-9
-19
-16
-21
-15
-19
-18
-12
-9
-1
-12
-6
-16
-15
-16
-11
-12
-7
-6
-11
-5
-13
-6
-4
-2
0
2
4
7
9
7
5
9
8
6
10
5
11
3
8
15
13
15
13
15
9
13
8
17
11
9
15
13
16
14
15
13
16
14
18
15
21
21
19
17
16
10
7
10
9
12
6
10
4
9
6
12
15
10
19
16
17
19
17
18
11
11
10
4
3
4
3
1
6
0
-2
-6
4
-2
-1
3
3
-2
1
9
-3
0
0
1
-2
4
2
9
3
11
4
5
4
-6
-3
-11
-4
-15
-10
-15
-13
-13
-10
-13
-11
-5
-5
-3
-7
-1
-6
-5
-7
0
-8
-3
-5
-9
-4
-9
-6
-16
-10
-12
-10
-10
-7
-8
-4
-6
-8
-5
-4
3
-9
-6
-7
0
-5
1
2
1
9
1
10
8
9
9
11
13
18
13
14
19
12
15
4
7
3
2
4
3
3
1
3
5
2
2
9
9
10
7
6
-2
3
6
3
0
4
6
2
3
6
10
-1
-1
0
0
0
0
0
1
-3
-3
-7
-12
-4
-8
-8
-11
-4
-9
-5
-7
-5
1
-8
2
-6
-1
-3
4
5
3
10
10
12
6
10
7
16
12
17
18
18
17
8
10
7
6
5
6
4
8
4
6
-1
-4
3
-7
-2
-1
1
1
3
-3
-1
0
1
0
7
0
0
5
1
3
-8
-2
-8
-9
-16
-9
-12
-15
-12
-13
-7
-11
-1
-13
-5
0
0
-2
0
-2
-3
-2
-5
-3
-9
-10
-16
-9
-15
-15
-22
-19
-18
-22
-18
-23
-17
-13
-15
-17
-13
-7
-8
-6
1
-6
3
-2
-5
0
-7
-2
-3
-1
0
-5
-6
-9
-7
-7
-9
-3
-4
-6
-6
-6
-5
-6
-4
-7
4
6
8
12
13
12
11
14
12
13
10
15
14
16
10
12
9
5
5
4
4
3
13
2
6
4
9
4
6
7
5
7
11
7
13
10
10
18
7
12
7
13
3
12
5
6
2
5
3
0
4
-2
9
-1
4
1
11
1
14
6
7
11
2
13
1
9
6
10
-3
3
-2
-7
-10
-11
-9
-20
-13
-17
-10
-19
-12
-17
-16
-21
-20
-13
-26
-13
-17
-16
-15
-7
-12
-10
-8
-9
-9
-12
-7
-16
-13
-16
-11
-8
-12
-9
-12
-19
-16
-10
-12
-7
-5
-3
-4
1
-4
-9
-9
-3
-3
2
-7
-4
0
-11
-3
-5
-1
-1
-4
0
-1
-7
-4
-4
0
1
-3
3
-1
10
11
9
3
10
7
7
19
10
19
16
20
20
20
16
19
19
9
9
6
8
0
1
0
6
0
3
1
-3
-3
-7
-3
0
3
4
10
4
6
3
9
11
16
16
12
13
9
7
1
7
-1
3
8
13
10
9
6
8
12
8
11
6
16
3
6
8
1
7
4
6
0
0
-6
-3
-10
-7
-1
-4
-4
-6
-4
-10
-4
-3
0
-5
6
-2
-4
-2
0
3
-3
6
1
-1
5
11
0
-1
0
-6
-9
-10
-10
-9
-11
-10
-4
-12
-3
-4
-6
-8
-4
-7
-7
0
-6
-1
-9
-8
-5
-7
-12
-13
-10
-12
-10
-4
-13
-8
-9
-9
-5
-8
-4
1
4
0
4
6
6
6
10
8
10
7
13
7
0
7
1
-7
-9
-9
-16
-10
-20
-19
-25
-23
-29
-26
-21
-26
-19
-18
-16
-13
-6
-3
5
0
9
3
5
-1
4
3
0
0
-5
-7
-16
-4
-15
-10
-16
-14
-16
-15
-18
-23
-24
-22
-12
-20
-5
-13
-10
-8
-7
-4
-4
3
1
20
14
15
9
10
8
-2
2
-3
0
-9
-1
-9
0
-3
-4
-4
2
3
-3
0
3
5
0
10
3
14
6
16
6
4
4
2
3
0
5
-2
9
-2
2
-6
3
0
2
3
-1
7
2
2
-6
-4
-2
1
-2
10
13
13
12
14
13
9
13
8
6
3
9
7
3
6
-3
-6
-13
-4
-3
-6
0
-9
-5
-8
-11
-6
-1
-6
4
1
1
-5
4
3
5
7
4
7
-3
-1
-4
0
-8
2
-3
-10
-7
2
-9
0
0
-5
-6
-2
5
-2
14
4
6
7
18
7
6
8
-3
5
-3
3
1
1
2
-1
0
-2
6
6
13
10
11
10
9
9
10
13
10
7
8
12
6
12
7
10
7
10
9
7
16
15
23
13
19
15
13
12
19
20
17
22
19
12
12
15
9
15
12
14
17
13
12
9
3
4
-2
0
2
-1
5
3
11
1
5
3
6
10
19
15
13
13
6
9
11
10
9
10
-3
2
0
4
-7
-4
-4
0
0
0
2
-1
2
0
1
2
9
1
10
10
15
7
17
10
9
6
3
6
6
3
-6
-3
-16
-13
-12
-13
-22
-13
-20
-17
-21
-20
-14
-16
-16
-18
-10
-21
-6
-10
-11
-12
-10
-8
-10
-10
-10
-6
-13
-7
-15
-13
-23
-22
-23
-28
-30
-30
-25
-35
-33
-31
-26
-25
-23
-20
-20
-14
-6
-8
-10
-9
-10
-6
-8
-5
-10
-9
-6
-15
-10
-13
-10
-13
-6
-12
-6
-6
-3
1
3
5
3
11
10
15
8
16
11
9
13
16
18
17
21
16
11
14
8
13
12
11
16
10
20
13
17
17
18
13
18
22
14
23
15
22
17
24
26
18
26
13
15
13
17
16
14
14
9
15
13
8
6
8
6
12
11
14
16
19
9
9
13
8
12
7
15
6
13
10
10
3
5
1
3
5
6
15
10
15
7
14
7
14
9
10
6
3
7
3
11
4
8
9
10
8
13
4
6
-2
0
6
0
1
-6
-1
-8
-4
-10
-7
-8
-8
-7
-1
-3
-11
-1
-6
5
0
8
8
3
9
3
5
-6
-3
-9
-15
-11
-9
-15
-11
-12
-15
-21
-20
-11
-15
-9
-14
-6
-5
-5
-3
4
4
-2
3
0
-2
0
7
2
-5
-7
-7
-18
-16
-21
-26
-23
-19
-20
-21
-19
-17
-14
-16
-9
-6
-7
-4
-4
-7
-2
-1
-6
-2
-1
-9
6
-2
-6
-8
-7
-13
-8
-2
-10
-8
-22
-13
-21
-15
-15
-14
-10
-10
-11
-10
-3
-11
-3
-7
-1
0
4
0
6
0
0
4
0
-1
-11
-5
-13
-5
-6
-10
-9
-10
-16
-13
-9
-17
-10
-15
-5
-6
-1
0
7
3
-1
9
-3
2
-7
-3
-2
-6
-5
-9
-8
-13
-13
-13
-15
-19
-15
-17
-15
-19
-17
-21
-15
-11
-15
-8
-2
1
1
7
3
5
-7
-7
-9
-6
-7
-9
-13
-14
-6
-11
-7
-16
-7
-15
-12
-2
-2
0
-5
6
2
3
5
10
10
6
14
7
1
8
-2
-4
2
-2
5
-5
0
-1
-9
-4
-4
1
-3
7
-2
10
17
20
25
23
25
27
28
23
30
20
23
17
19
10
16
7
11
7
7
12
7
16
1
8
4
11
0
8
5
11
11
5
10
3
7
-3
2
-2
1
4
6
1
-1
-3
-1
-3
-9
-6
-5
-6
-15
-6
-14
-19
-14
-8
-16
-17
-7
-12
-6
-11
-3
-5
-7
-2
2
0
-6
1
-4
3
-8
-7
-5
-15
-16
-13
-14
-15
-9
-10
-10
-12
0
-2
1
2
3
6
9
10
11
10
4
10
6
6
2
4
-2
0
3
1
1
-8
0
0
-3
2
3
5
8
5
7
6
9
9
15
9
10
11
10
7
7
3
-2
0
2
0
-2
1
-3
-1
-3
10
0
0
1
6
5
6
12
2
15
6
9
5
10
11
9
6
9
8
7
8
0
4
1
3
-1
3
-3
3
-4
-3
-4
-7
0
-9
0
-2
3
0
5
3
9
3
1
6
-2
6
8
13
10
22
15
18
11
16
12
6
11
6
15
8
14
10
13
8
11
6
12
18
13
10
6
13
10
14
8
12
9
15
7
7
15
11
13
8
13
3
5
6
9
7
10
15
9
14
18
19
17
18
13
13
10
13
10
13
16
9
14
8
11
10
10
14
12
15
19
18
21
16
13
16
8
6
-3
4
-4
-6
-9
-17
-19
-27
-20
-18
-13
-22
-15
-18
-12
-13
-18
-9
-13
-13
-16
-18
-22
-21
-25
-16
-19
-15
-22
-18
-19
-21
-19
-21
-17
-28
-26
-30
-27
-32
-25
-27
-22
-19
-18
-18
-21
-12
-22
-18
-22
-18
-21
-20
-16
-19
-18
-20
-19
-17
-18
-21
-14
-20
-19
-16
-11
-11
-10
-3
-12
-12
-13
-7
-9
-7
-9
-9
-11
-19
-3
-14
-9
-7
-10
-12
-7
-5
-17
-14
-9
-12
-20
-19
-18
-17
-24
-19
-18
-19
-14
-13
-13
-10
-11
-8
-7
-7
-3
-3
-5
-9
-7
-6
-6
-9
-7
-5
-1
-12
-2
-7
-3
-3
-3
1
-7
-4
-14
-10
-10
4
-10
6
8
4
10
0
10
4
8
12
15
16
13
9
14
5
9
3
8
9
-1
8
2
7
6
14
10
10
6
16
13
16
13
21
21
19
19
10
19
10
14
10
15
13
16
13
8
7
10
7
9
15
11
14
12
12
7
7
3
5
9
12
16
14
17
18
20
12
16
19
4
13
2
2
1
1
3
5
4
7
6
4
6
1
6
-2
7
0
8
11
18
3
6
11
13
15
9
18
16
24
16
15
6
13
4
9
13
7
9
6
4
0
6
0
9
6
17
18
18
15
16
18
15
21
16
16
9
12
6
4
2
-3
4
1
1
-5
-2
-3
-4
-1
-2
5
6
11
12
15
7
12
10
15
13
18
15
9
19
11
15
7
13
3
3
3
6
2
4
-6
-5
-3
-4
-1
-10
-3
-11
0
0
-3
-4
3
0
-2
-10
-6
-6
-9
-14
-17
-12
-22
-10
-24
-17
-22
-18
-12
-19
-15
-15
-11
-17
-14
-19
-19
-19
-16
-12
-6
-7
-5
-2
-10
-4
-8
-7
-6
-3
-1
-6
-3
-4
-2
-3
3
2
0
4
3
3
6
9
12
9
16
25
18
25
27
29
19
18
16
12
11
12
16
5
1
6
6
3
3
3
-1
1
2
-3
-2
-4
-6
-3
4
1
3
8
13
13
4
10
2
5
3
7
1
-3
6
-6
-3
-5
-4
-13
-7
-3
-8
-17
-5
-10
-2
-7
-9
-1
-9
-1
3
9
-2
7
6
5
-2
2
-4
0
-6
-1
-6
-13
-14
-19
-12
-29
-16
-27
-14
-22
-19
-16
-18
-14
-13
-8
-9
-6
-6
-2
-16
-9
-20
-13
-16
-12
-5
-17
-9
-13
-9
-13
-8
-7
-7
-3
-6
-6
-7
-10
-5
-3
-8
7
-4
-2
-2
3
-1
-1
8
5
0
-5
1
-6
-3
-5
4
1
-1
3
0
-3
-8
0
-16
-5
-6
3
4
3
11
6
4
4
9
4
4
1
5
-3
0
6
4
0
4
6
4
6
8
7
4
10
5
10
3
12
8
-3
8
1
7
-2
1
4
2
6
3
2
-3
0
-1
9
0
5
9
13
13
14
18
16
15
19
23
16
22
23
22
18
25
18
18
16
12
10
4
8
5
7
8
14
6
9
12
12
14
11
7
7
12
9
9
3
12
10
2
2
9
3
3
9
3
12
2
1
2
0
-6
-3
-2
-1
0
-12
-3
-7
-3
-10
-7
-7
-9
-6
-7
0
-8
-1
-9
-14
-15
-19
-21
-26
-23
-23
-31
-29
-30
-35
-32
-29
-20
-23
-23
-22
-22
-15
-15
-16
-18
-19
-19
-17
-19
-16
-14
-13
-9
-13
-13
-19
-18
-17
-20
-19
-26
-22
-21
-16
-10
-12
-10
-11
-6
-5
-1
-9
3
2
2
2
6
4
1
3
2
9
3
8
3
9
3
11
6
10
12
7
7
6
17
10
9
9
12
6
16
13
12
18
19
21
18
22
14
19
13
15
14
12
11
5
3
5
6
7
2
10
7
3
13
0
10
8
13
9
11
17
5
11
5
13
8
9
3
2
1
-1
-2
0
0
-3
7
-2
1
-7
-1
-3
-3
3
7
8
8
11
10
15
8
15
11
11
11
6
1
6
0
-6
-9
-11
-9
-12
-8
-20
-13
-17
-20
-16
-15
-19
-18
-16
-16
-15
-16
-9
-12
-9
-10
-4
-4
-2
-4
-6
-2
-9
-5
-15
-15
-13
-16
-16
-15
-18
-22
-13
-22
-14
-11
-9
-7
-6
1
-3
6
3
7
9
-1
-2
0
-8
2
1
2
-4
-3
0
-6
-1
-7
0
-3
7
-2
6
1
-5
-1
-1
1
-6
5
-4
5
1
5
2
8
10
7
11
6
7
6
10
6
11
2
5
0
7
3
-1
2
-3
0
-9
-2
-12
-6
-11
-8
-9
-6
-7
-12
-3
-11
1
-8
-1
2
-3
3
4
9
6
10
9
15
10
12
19
20
23
24
19
16
21
19
16
19
20
6
12
3
5
7
13
12
11
16
19
25
17
21
26
22
20
31
25
26
27
25
22
27
22
18
11
14
12
6
11
8
12
3
17
15
15
14
18
11
9
15
14
14
16
17
9
13
15
20
6
14
4
3
3
3
3
-7
-4
-8
-13
-14
-5
-19
-18
-17
-17
-20
-15
-5
-9
1
1
-1
-5
-1
-7
-14
-9
-12
-12
-12
-10
-22
-20
-19
-19
-23
-16
-20
-19
-24
-21
-14
-15
-6
-13
-8
-14
-4
-7
0
-3
-4
-4
0
-5
-11
-3
-3
-3
-16
-2
-18
-22
-18
-16
-26
-23
-18
-26
-25
-19
-16
-22
-10
-9
-11
-11
3
-9
0
5
6
9
10
19
4
11
11
10
7
9
4
-7
-1
-4
-10
-7
1
-13
-10
2
6
-3
4
16
6
3
11
13
0
10
15
7
6
20
18
0
19
13
-4
4
9
-10
-5
3
7
-7
-2
8
-11
-4
1
0
-12
11
3
-2
4
12
2
-3
12
1
-10
0
4
-22
-12
-5
-21
-25
-1
-11
-32
-16
-8
-28
-21
-5
-19
-22
-14
-6
-25
-12
-4
-16
-15
5
3
-12
2
0
-15
-16
2
-15
-23
-2
-12
-21
-15
0
-20
-14
2
-6
-10
4
10
-8
6
10
0
-5
14
7
6
16
13
-1
-2
16
1
-4
9
13
-10
-1
9
-6
-10
6
-1
-9
0
4
-3
0
14
6
2
13
15
4
8
9
-4
-4
5
-10
-18
-12
-12
-27
-23
-14
-31
-28
-20
-23
-32
-12
-14
-25
-23
-6
-13
-19
2
-3
-17
-11
-1
-15
-13
-3
-1
-13
1
3
-12
-8
-3
-10
-21
-1
-3
-15
-3
5
-12
6
22
20
15
36
40
21
44
49
32
34
55
39
34
53
46
36
45
58
43
40
59
51
40
57
63
45
57
67
57
50
70
59
51
59
64
50
45
53
43
34
31
38
12
15
17
10
-9
-6
-11
-29
-25
-25
-38
-47
-45
-52
-52
-56
-50
-69
-67
-63
-69
-78
-74
-73
-86
-91
-88
-95
-107
-94
-95
-96
-97
-80
-90
-94
-86
-78
-82
-80
-69
-72
-62
-51
-44
-44
-22
-16
-10
3
15
17
22
42
33
40
60
67
64
80
100
89
99
118
121
116
133
151
141
155
163
169
163
174
173
167
171
175
167
164
174
149
143
146
139
118
123
112
88
76
75
47
39
29
9
0
-15
-19
-42
-52
-67
-78
-101
-104
-115
-124
-135
-143
-163
-176
-180
-205
-207
-222
-225
-237
-245
-246
-247
-252
-247
-253
-244
-243
-244
-233
-234
-221
-215
-206
-198
-184
-177
-161
-146
-133
-117
-106
-79
-70
-54
-35
-22
-5
10
36
42
66
88
106
120
139
166
172
194
213
226
231
255
263
270
289
291
294
305
312
304
300
307
307
293
306
296
280
275
266
259
243
238
224
204
189
166
149
132
109
87
69
49
16
3
-24
-51
-87
-99
-130
-158
-175
-192
-215
-244
-243
-274
-294
-300
-307
-327
-321
-330
-332
-340
-338
-340
-341
-335
-334
-323
-332
-310
-311
-298
-293
-282
-272
-244
-238
-224
-210
-198
-183
-163
-143
-133
-107
-102
-67
-66
-39
-28
-7
13
30
57
63
83
96
105
121
142
145
163
175
191
198
218
231
242
260
272
297
313
321
332
355
365
373
399
420
424
440
458
456
455
461
471
466
465
468
453
437
414
392
364
347
323
297
268
236
188
151
117
71
39
1
-30
-72
-101
-151
-187
-232
-262
-287
-318
-344
-368
-392
-432
-455
-486
-503
-522
-525
-532
-538
-551
-562
-572
-584
-579
-575
-563
-548
-528
-520
-509
-505
-491
-470
-443
-408
-377
-348
-321
-294
-278
-262
-222
-192
-148
-108
-67
-46
-26
-6
10
28
63
96
127
152
165
178
170
186
191
218
236
265
285
301
294
292
297
303
321
352
384
396
416
418
432
434
470
494
535
566
596
614
612
616
618
639
653
688
703
708
691
666
629
603
569
551
538
511
468
413
348
261
199
134
82
43
-5
-61
-125
-194
-284
-350
-403
-437
-465
-502
-519
-579
-635
-683
-721
-751
-752
-752
-757
-764
-774
-801
-827
-835
-837
-817
-787
-747
-740
-715
-729
-727
-718
-691
-651
-601
-542
-511
-484
-462
-439
-427
-389
-329
-268
-213
-154
-124
-93
-82
-45
-9
51
111
173
216
238
254
263
290
308
355
390
442
446
463
452
445
439
455
477
494
518
524
530
501
506
490
519
537
574
607
623
629
632
640
645
676
705
741
757
777
770
764
740
742
734
741
738
717
691
631
584
522
465
401
359
301
230
158
72
-31
-118
-192
-264
-325
-392
-452
-535
-609
-674
-736
-766
-802
-816
-847
-872
-910
-931
-966
-978
-966
-962
-931
-925
-905
-904
-899
-888
-861
-830
-780
-742
-700
-671
-651
-635
-612
-569
-527
-455
-408
-355
-335
-289
-261
-222
-168
-97
-35
21
89
119
146
169
211
250
321
373
429
451
471
469
470
484
502
534
560
586
578
569
529
502
490
490
504
512
522
506
478
446
420
411
434
467
489
518
518
511
494
493
500
540
587
633
657
653
656
619
612
611
628
644
665
645
595
539
472
401
360
344
310
275
217
138
14
-85
-184
-251
-297
-332
-373
-437
-521
-624
-714
-786
-820
-840
-831
-836
-861
-912
-968
-1027
-1050
-1033
-1004
-954
-904
-895
-913
-932
-956
-947
-910
-829
-762
-703
-656
-660
-672
-674
-642
-595
-501
-404
-327
-282
-271
-255
-261
-224
-152
-58
32
123
186
192
196
214
242
298
395
477
549
580
571
544
527
518
541
593
638
663
651
625
560
508
486
494
511
552
582
559
530
495
458
445
480
528
583
625
638
631
617
606
611
644
693
731
771
766
738
698
667
635
617
623
615
587
531
472
364
287
215
152
94
48
-20
-110
-202
-307
-402
-482
-526
-602
-643
-691
-761
-830
-880
-933
-979
-995
-1007
-1027
-1042
-1048
-1075
-1079
-1074
-1047
-1042
-1005
-983
-967
-934
-926
-892
-854
-798
-755
-703
-664
-628
-588
-543
-488
-430
-360
-307
-259
-212
-167
-133
-81
-18
52
111
175
228
253
289
323
369
403
464
515
538
569
571
574
579
590
611
637
650
650
638
623
586
571
574
578
588
593
592
578
563
548
549
561
590
615
649
657
669
674
666
679
697
731
747
767
764
741
719
683
654
638
611
583
541
490
418
336
266
186
117
45
-34
-115
-200
-295
-389
-464
-549
-619
-683
-738
-799
-860
-896
-954
-989
-1015
-1042
-1071
-1082
-1092
-1102
-1099
-1088
-1078
-1070
-1039
-1029
-1016
-995
-955
-938
-891
-847
-814
-781
-736
-708
-676
-615
-572
-513
-452
-394
-356
-302
-267
-219
-167
-88
-25
40
110
155
197
229
281
318
384
442
493
532
569
572
575
597
609
638
679
704
700
700
687
662
645
655
667
680
692
684
679
661
646
642
666
694
723
755
770
765
758
768
768
790
827
854
856
857
836
807
772
753
738
718
699
652
596
510
430
346
274
213
149
80
-10
-116
-222
-326
-429
-504
-565
-633
-699
-764
-850
-933
-990
-1040
-1081
-1091
-1114
-1145
-1173
-1207
-1248
-1256
-1248
-1232
-1192
-1166
-1141
-1141
-1134
-1131
-1110
-1064
-1009
-934
-892
-845
-818
-797
-765
-716
-655
-566
-485
-411
-354
-316
-276
-228
-158
-81
28
102
182
234
275
303
342
400
462
537
604
647
667
683
668
681
702
745
767
802
810
786
757
730
705
690
723
737
748
746
739
701
679
686
688
716
752
777
780
790
767
758
759
779
800
831
855
832
822
782
744
705
696
673
644
605
547
462
379
307
222
157
91
28
-70
-151
-265
-367
-461
-542
-606
-670
-723
-796
-867
-955
-1022
-1076
-1107
-1134
-1139
-1151
-1169
-1197
-1228
-1238
-1244
-1216
-1188
-1148
-1123
-1089
-1080
-1074
-1043
-1005
-958
-894
-825
-781
-737
-702
-675
-636
-576
-509
-429
-347
-274
-216
-175
-127
-83
-10
66
154
235
300
365
387
430
458
503
553
617
673
705
732
731
723
713
725
733
759
779
783
761
749
719
699
684
694
704
712
724
724
709
681
688
671
691
705
740
746
761
751
735
730
720
726
724
741
732
717
676
643
584
549
509
473
435
388
328
252
179
92
13
-62
-126
-203
-281
-363
-447
-537
-617
-689
-749
-800
-859
-903
-955
-1003
-1042
-1088
-1110
-1131
-1139
-1145
-1150
-1153
-1150
-1145
-1136
-1110
-1083
-1056
-1018
-988
-961
-921
-891
-844
-796
-738
-688
-638
-579
-542
-499
-445
-376
-318
-245
-175
-114
-62
-4
47
104
171
244
317
366
427
468
501
528
568
608
645
685
717
731
740
734
730
730
737
742
758
758
746
742
717
701
692
700
705
713
708
721
701
686
682
685
693
703
730
727
730
719
718
694
695
700
702
699
689
666
629
590
541
502
456
429
374
327
249
177
88
11
-64
-141
-201
-282
-355
-444
-524
-618
-699
-767
-828
-883
-926
-986
-1043
-1087
-1134
-1162
-1183
-1189
-1197
-1198
-1201
-1208
-1203
-1201
-1185
-1163
-1132
-1100
-1071
-1041
-1020
-994
-958
-919
-865
-809
-762
-711
-670
-621
-576
-529
-469
-395
-334
-269
-200
-153
-89
-35
28
86
163
231
290
352
396
431
480
530
576
627
671
710
731
758
773
789
801
821
841
856
863
867
859
854
859
857
867
877
894
889
886
879
864
865
866
871
877
886
879
872
859
838
819
812
801
781
772
735
704
651
609
565
519
474
421
366
295
223
135
68
-20
-93
-170
-237
-318
-394
-486
-565
-637
-709
-770
-833
-883
-941
-979
-1032
-1069
-1115
-1136
-1161
-1173
-1180
-1186
-1193
-1192
-1188
-1185
-1164
-1147
-1114
-1098
-1060
-1029
-1008
-967
-933
-902
-858
-816
-774
-729
-684
-635
-582
-540
-491
-429
-380
-323
-259
-206
-145
-90
-18
37
96
164
216
277
332
391
444
497
543
596
632
673
705
742
768
793
823
836
860
866
881
883
897
896
899
899
901
905
898
898
892
888
880
879
866
858
847
833
822
806
790
780
759
745
710
696
665
630
593
552
511
463
427
372
319
252
193
117
53
-18
-89
-162
-229
-309
-395
-455
-537
-612
-678
-732
-803
-863
-922
-976
-1031
-1069
-1102
-1134
-1144
-1162
-1170
-1175
-1170
-1171
-1155
-1146
-1125
-1106
-1072
-1043
-1014
-982
-949
-899
-866
-806
-767
-719
-673
-627
-574
-526
-484
-431
-376
-326
-266
-218
-161
-115
-56
-4
63
113
165
230
265
329
369
433
475
524
574
620
662
695
743
763
800
830
865
889
911
929
945
949
959
968
959
963
953
954
940
925
905
884
864
850
828
817
794
769
745
718
688
655
644
599
577
553
518
474
442
408
370
338
295
247
200
157
104
45
-20
-75
-151
-215
-278
-346
-419
-486
-556
-624
-685
-749
-798
-862
-906
-945
-1004
-1023
-1048
-1077
-1106
-1129
-1128
-1134
-1128
-1133
-1119
-1099
-1075
-1069
-1044
-1021
-995
-965
-922
-895
-878
-835
-802
-757
-720
-659
-634
-591
-546
-494
-457
-399
-341
-291
-231
-177
-112
-56
1
37
95
150
218
261
331
363
394
453
508
536
575
645
681
725
764
790
805
830
863
922
952
976
1009
1046
1049
1052
1081
1070
1059
1056
1064
1062
1050
1037
1022
995
948
907
886
856
798
756
739
692
647
611
559
496
475
466
419
393
333
266
230
198
158
110
44
-41
-101
-123
-192
-263
-308
-388
-461
-527
-591
-696
-779
-839
-874
-901
-982
-1068
-1105
-1135
-1160
-1164
-1169
-1195
-1213
-1206
-1187
-1161
-1170
-1161
-1118
-1037
-1024
-1003
-981
-962
-911
-857
-823
-818
-772
-755
-715
-646
-610
-582
-543
-499
-436
-395
-331
-329
-252
-177
-154
-95
8
137
186
250
296
361
427
478
514
615
686
716
743
789
748
812
922
916
953
1001
1042
967
983
872
695
712
976
1265
1312
927
491
789
1241
1180
1118
1117
897
654
720
837
742
888
798
1068
1428
1033
621
572
698
580
595
610
256
655
986
643
448
344
420
239
183
10
-17
146
-207
-205
-14
-762
-1593
-1729
-1452
-1333
-1362
-1423
-1718
-2000
-2506
-2940
-2798
-2631
-2908
-2675
-2221
-1854
-1698
-1797
-1703
-1609
-1336
-1177
-877
-40
275
476
860
991
1053
602
497
602
738
950
738
851
791
191
-494
-1280
-1636
-1824
-2035
-1961
-1894
-1724
-1925
-2380
-2483
-2453
-2235
-2001
-1494
-385
414
891
1361
1760
2203
2316
2584
3250
4153
4940
5070
5352
5465
5003
4703
4352
4231
4169
3724
3318
2959
2645
1902
1089
775
241
-186
-293
-724
-770
-614
-733
-617
-621
-649
-1291
-3129
-4652
-4407
-2201
-650
-680
119
392
-1242
-3743
-4757
-3335
-2878
-3329
-1577
1439
2158
-286
-1633
-402
-577
-2002
-1449
1379
3360
2790
2444
3107
2200
1
-1366
-796
-1
-242
440
1060
566
-527
-2244
-3931
-5664
-5972
-4357
-2864
-1765
-1526
-1465
-1864
-3612
-4045
-3082
-2154
-1239
193
2245
3351
3306
2612
1833
1993
1462
662
1247
1732
2117
2242
1302
344
-713
-1870
-2817
-3050
-2365
-2213
-1641
-1234
-1476
-1109
-1539
-1867
-1320
-465
1075
2042
2903
3875
4349
4730
4396
4634
5138
4944
5194
5335
5616
5718
4748
4201
3638
2826
2240
1444
1158
927
771
532
74
219
-280
-924
-1161
-2167
-4849
-7614
-6319
-3369
-2073
-1769
-1339
349
-1526
-5811
-6238
-4262
-3812
-5342
-1568
4254
3188
572
154
2079
1953
-2374
-888
3539
4080
3055
3433
5798
2967
-1479
-1164
-1877
-3099
-3438
-2165
131
-1660
-2627
-2110
-3847
-6192
-7270
-4779
-4065
-5339
-2608
-62
-64
-950
-959
394
-588
-1659
-83
1983
3154
3277
4030
4232
2164
810
482
-305
-473
148
1095
850
-274
-520
-1314
-2794
-3755
-3608
-2477
-2136
-1461
101
839
827
424
586
739
687
1751
2890
3832
5125
5585
5637
5279
4401
4046
3542
3062
3329
4101
4284
3761
3411
2683
1481
990
371
252
629
407
790
912
971
1038
713
695
627
1214
1734
1221
387
-3817
-6502
-4615
-3890
-2785
-2627
-1502
80
-3384
-6401
-7081
-6259
-7645
-9282
-2761
317
-1271
-806
53
3221
946
-2535
728
2657
2414
2172
4649
7254
3928
2896
3116
66
-2244
-3609
-2409
-1868
-3658
-2270
-1379
-3479
-5612
-6004
-4599
-6441
-7321
-3970
-2433
-2129
-939
1138
3220
1479
556
1780
1978
2336
2766
4917
5825
5024
4928
3670
1558
657
-100
-570
-1660
-2009
-1121
-1893
-2480
-2792
-2380
-2610
-3615
-2795
-1682
-1360
-371
1114
2630
2991
3032
3932
3936
4251
4687
5046
5575
5694
5761
5822
4954
4053
3795
2994
2037
1341
1490
1248
862
952
754
634
149
-83
63
47
106
395
795
1180
1968
2431
2632
528
-4815
-8014
-6963
-5768
-4961
-3869
-1180
1280
-2800
-6494
-7276
-6964
-9943
-11394
-4005
-276
-1229
-761
3048
6504
3210
-1099
2195
3318
1000
391
4204
7708
4389
4367
4895
1643
-2886
-4907
-4178
-4835
-6581
-3790
-1655
-3332
-4604
-3761
-2252
-5528
-6728
-3763
-2857
-3445
-1338
2776
5401
3518
3457
4406
2751
1271
594
3012
3395
3139
4154
3603
1864
463
-229
-1227
-3237
-3656
-2894
-3332
-3080
-2303
-195
-268
-899
-101
-297
-415
-582
1216
2833
3732
4805
5332
5803
5101
4470
4787
4178
3656
3706
3607
3279
2724
3356
2529
1696
967
187
-5
-485
-379
11
1289
577
1166
1076
486
1265
259
1267
507
1482
2248
2141
1743
-1654
-5425
-8801
-7293
-8084
-5720
-5107
-2163
-900
-5026
-5208
-7696
-5952
-9216
-7626
-2064
-762
-901
1501
4113
6350
4524
2466
6661
3193
2325
408
3175
3811
1409
2919
2029
-650
-3964
-5008
-6189
-6466
-8154
-5210
-4855
-5319
-4338
-2887
-1033
-2417
-1853
-204
-1275
-1041
925
2932
5519
4787
6419
6069
4351
3251
2155
2422
1448
1058
1143
131
-464
-154
-615
-917
-2402
-2639
-3409
-4319
-3553
-1996
436
1153
2147
3121
2187
1915
1622
2206
3142
3518
4583
4961
5465
4804
4913
4786
3352
2518
1678
599
339
1054
1481
1873
2029
1734
1364
988
-93
465
1039
1038
1441
2283
2517
2089
2889
2494
2943
2993
1506
251
-3557
-8783
-9481
-7718
-7602
-6087
-4374
-1316
-1692
-5402
-7201
-8078
-7451
-10912
-7881
-947
-642
577
3265
6638
8370
3962
3067
5309
2609
937
-523
3806
3800
1018
3041
1537
-1499
-5153
-6766
-7266
-8646
-9336
-5573
-4418
-3872
-3101
-859
791
-2422
-1411
117
-679
-635
934
4347
5780
4619
6466
5965
4309
2003
446
1016
-789
-1276
-625
-900
-1370
-1079
-612
-687
-2362
-1726
-2049
-3070
-3197
-2006
773
1180
2713
3776
4467
3648
2116
2654
2820
2405
2649
3670
3777
3587
3685
3535
3121
2558
1523
757
249
-155
719
1688
2063
2439
3086
2719
2219
2272
2035
2083
1798
1993
2083
2197
2396
2413
2751
2911
2313
1345
-1095
-6173
-10026
-10510
-9627
-8972
-6619
-4031
-791
-896
-3864
-4295
-4922
-6118
-8781
-4956
-685
-330
2121
4637
8626
8610
4866
4356
4089
649
-2616
-2805
-528
-1555
-1935
81
-461
-2676
-4847
-5786
-6518
-8156
-7631
-4603
-3241
-2204
-289
3383
3683
2116
3089
3045
1160
-315
791
2432
2212
2169
3384
3311
1830
-334
-576
-1324
-3042
-3078
-2167
-1763
-1455
508
2223
2266
1776
2154
1502
-159
-1322
-574
452
743
1793
3109
3751
2541
1658
1500
491
-794
-736
-108
156
834
1927
2923
3277
3405
3096
2582
1622
1032
1700
2244
2508
3221
4077
4040
3448
3203
2759
1789
1060
330
20
53
-237
366
1663
2303
2352
2028
-66
-4156
-8607
-9931
-9469
-8619
-6366
-4255
28
597
-1533
-2248
-2991
-3971
-7184
-5780
-3007
-2204
-975
1511
5710
7361
5289
4085
4077
1034
-2853
-4137
-2829
-2917
-3013
-899
466
57
-905
-1410
-1908
-4009
-5004
-4234
-3384
-2971
-1595
2172
3510
3133
3441
3733
1998
-370
-761
-310
-777
-978
302
1631
1866
1338
1867
1757
156
-1091
-1291
-1512
-1787
-558
1525
2199
2004
2396
2260
444
-1272
-1683
-1305
-1328
-990
493
1707
2139
1979
2391
2360
1275
689
687
523
768
1535
2853
3723
4241
4612
4216
3348
2176
1495
1043
790
734
1496
2043
2590
3154
3455
3356
2354
1749
597
-151
-490
-279
1212
2186
2954
3250
1343
-2737
-7919
-9752
-9868
-9823
-8498
-6605
-1629
-741
-1960
-2095
-1590
-2192
-5776
-5114
-3297
-2473
-2847
-621
4322
6579
5530
4878
5844
3505
-888
-3488
-3280
-4314
-5625
-4218
-2388
-1564
-1755
-1136
-372
-1692
-2936
-3248
-2828
-3645
-3465
-415
1399
2241
3128
4636
3962
2239
1155
340
-479
-1991
-1707
-781
-176
11
1084
2488
1932
1317
1043
147
-848
-1182
-357
392
795
1718
2387
2263
848
-209
-697
-1295
-1875
-1506
-216
248
1439
2114
2964
2880
2501
2319
1087
1358
316
1374
2248
2489
3757
3846
4417
3467
3345
2422
1483
1093
352
765
1002
1919
2611
3371
3532
2892
2275
1251
778
418
956
1479
2002
2148
641
-2586
-6745
-7846
-8604
-8348
-7680
-5897
-2526
-1970
-1958
-2292
-848
-1732
-3972
-3154
-2298
-2037
-2473
-571
2777
4462
3837
3991
4747
3109
-109
-2276
-2349
-4008
-5240
-4459
-3266
-2370
-2163
-812
-79
-405
-921
-1273
-1141
-2140
-2291
-822
133
442
1575
2957
2681
2163
1530
1031
-82
-1497
-1518
-1434
-1174
-1005
-7
1281
1489
1602
1923
1535
699
256
269
-26
-546
-79
278
140
-8
154
115
237
-295
-380
289
-101
128
658
1577
1680
2129
2842
2141
2621
2178
1988
2596
2056
2290
2303
2690
2513
2648
2916
2254
2427
1868
1832
1733
1834
2082
2120
2506
2450
2505
2395
2163
1992
2042
1679
1502
657
-1169
-4846
-8589
-8993
-9028
-8088
-6840
-4679
-1230
-921
-1246
-1813
-1370
-2264
-4878
-3709
-3107
-2625
-2207
-208
3577
4625
4317
4361
4502
2520
-789
-2984
-3610
-5283
-6219
-4861
-3194
-1760
-1024
313
913
109
-377
-1112
-1413
-2268
-2627
-1033
-147
682
1983
3396
3270
2567
2062
1060
-244
-1661
-1681
-1510
-1076
-559
607
2128
2405
2575
2755
2246
1351
726
325
-75
-432
-95
168
100
-47
-89
80
-299
-398
-368
-220
-36
-249
396
981
1388
1817
2292
2665
2193
2500
2076
2192
2399
1894
2333
2102
2456
2220
2373
2300
1855
2122
1670
1950
1789
2015
2192
1836
1832
1495
1765
1908
2215
2480
2378
2326
1029
-1223
-5029
-9371
-10621
-9595
-7833
-5873
-3710
-414
643
169
-994
-1563
-1819
-4212
-4425
-4024
-3050
-2622
-1338
2273
4138
4700
4155
4086
2853
-15
-2762
-4676
-5625
-6573
-5750
-3861
-1711
-183
936
1969
1323
977
-186
-1090
-2290
-3233
-2455
-1732
-105
1238
3066
3723
3447
3066
1905
592
-1046
-1773
-1827
-1602
-954
258
1884
3003
3367
3512
2900
1998
1019
48
-645
-1308
-1528
-1290
-1121
-899
-197
74
356
454
101
142
-404
-283
-254
335
1360
1046
2691
2243
2588
3035
1947
2953
1798
2112
1390
1363
1750
1207
2275
1693
2449
2418
2292
2487
2389
2755
2632
2531
1316
1116
732
566
1147
1544
2338
1396
1361
217
-1577
-4253
-7348
-7091
-6999
-6433
-5948
-3630
-970
-552
-154
174
-99
-1414
-3431
-3847
-3580
-4161
-3621
-2146
429
1606
2234
3394
3572
2587
928
-689
-2438
-3833
-4653
-4118
-3292
-2224
-859
29
944
758
876
515
-930
-1757
-2666
-2509
-2425
-1543
-85
1053
1903
2384
3013
2488
1938
968
320
-227
-885
-722
-172
823
1472
2156
2566
2352
2087
1677
796
17
-583
-1191
-1833
-2467
-2338
-1831
-863
-211
578
1444
1390
1453
1067
1130
702
330
565
512
1288
1343
2182
3075
3365
3561
2963
2752
1989
1447
924
619
799
800
1440
1875
2499
2885
2944
3230
2611
1958
1372
843
658
768
1096
1511
2244
2518
1451
-724
-3725
-6396
-7147
-7692
-7581
-5917
-3832
-2141
-794
-240
292
105
-1632
-2432
-3508
-3848
-4326
-3945
-1773
-225
1510
2690
4027
4572
3779
2402
430
-1787
-3746
-4821
-5180
-4360
-3667
-2490
-1156
-515
804
1201
1272
480
-598
-1134
-1948
-2106
-1857
-1044
-23
834
1740
2807
2916
2948
2422
1667
994
-177
-522
-770
-468
-131
273
913
1420
1864
2011
1647
1215
587
-564
-1732
-2884
-2995
-2812
-2092
-888
219
1661
2353
2742
2762
2467
1678
813
454
-174
2
298
1086
2255
2926
3539
3545
3512
2899
2030
1197
185
-130
-266
44
848
1531
2625
3719
4192
4003
3778
2896
1700
750
-184
68
343
857
940
1347
14
-3089
-4237
-5800
-5778
-6243
-6075
-4492
-3324
-2121
-2402
-880
-739
-1606
-1877
-2332
-2152
-2827
-2860
-2162
-751
110
905
2153
2834
2949
1898
1168
-348
-1707
-2612
-3271
-3359
-3825
-3292
-2813
-2100
-1084
-162
549
627
299
54
-40
-535
-890
-860
-598
-493
259
1164
1742
2419
2442
2597
2281
1618
1186
605
336
-269
-425
-245
-59
531
1026
1451
1678
1442
947
33
-1204
-1966
-2538
-2543
-2037
-1331
-172
857
1846
2409
2834
2843
2351
1709
703
248
-154
148
525
1219
2156
2528
3148
3025
2947
2346
1575
1088
341
268
280
918
1798
2464
3294
3469
3519
3253
2649
1955
1104
238
-251
-34
215
40
-1074
-2849
-4366
-4993
-5299
-5492
-4820
-3887
-3177
-2300
-2131
-1645
-1314
-1786
-1843
-2111
-1954
-2155
-1792
-908
-289
383
635
1170
1562
1869
1432
738
-344
-1404
-1837
-2485
-2516
-2809
-2699
-2416
-2375
-1571
-728
-57
91
184
328
383
46
-284
-429
-377
-121
-73
899
1362
1698
2063
1998
2228
1919
1791
1481
986
438
-187
-295
-229
-83
444
760
1056
1248
1013
626
-357
-1191
-1776
-2021
-1978
-1518
-668
165
1091
1702
2281
2296
2265
1559
907
680
-297
271
159
681
1443
1547
2495
2300
2917
2362
2199
2101
1148
1353
846
1293
1497
1683
1955
2016
2603
2387
2388
1921
1557
1266
998
983
692
476
-1004
-2937
-5004
-5576
-5433
-5271
-4386
-3844
-2035
-1408
-1178
-612
-789
-711
-2245
-2615
-2594
-2960
-2334
-2285
-855
107
380
1224
1727
2435
2072
1029
121
-1036
-1865
-2425
-3024
-3063
-3002
-2871
-2159
-1631
-527
348
657
1069
856
982
612
-130
-504
-1029
-950
-770
-466
451
873
1470
2088
2336
2891
2534
2059
1392
481
-108
-859
-885
-648
-255
356
722
1165
1331
1018
447
-347
-1125
-1615
-1961
-1911
-1556
-1059
-240
541
1226
1744
1923
1867
1711
1297
903
623
502
594
786
1222
1634
1994
2228
2280
2358
2327
2058
1925
1788
1580
1529
1386
1432
1469
1679
1701
1495
1412
1238
1393
1369
1438
1464
1452
705
-915
-2401
-3856
-4668
-4936
-4661
-4073
-3149
-2352
-1629
-878
-734
-786
-1278
-1585
-2180
-2575
-2570
-2759
-2179
-1828
-1135
-416
220
1116
1630
2054
1657
1165
520
-208
-847
-1584
-2126
-2688
-2735
-2669
-2231
-1709
-1054
-196
298
826
945
1017
468
-199
-699
-1159
-1016
-1136
-683
25
692
1705
2385
3019
3208
3014
2717
1900
1218
339
-344
-505
-866
-794
-647
-579
-368
-472
-733
-1004
-1170
-1237
-1158
-1085
-1004
-721
-436
-127
122
638
961
1311
1785
1799
2169
2092
1874
1945
1800
1764
1417
1289
1247
1273
1403
1263
1504
1691
1647
1637
1568
1539
1538
1543
1542
1536
1441
1193
892
876
932
1183
1446
1337
1167
261
-1001
-2214
-3286
-3577
-3956
-3972
-3410
-3167
-2423
-2255
-1902
-1401
-1863
-1629
-2037
-1939
-1626
-2057
-1516
-1606
-1331
-793
-676
248
658
1213
1544
1275
1395
1202
848
395
-590
-1236
-1824
-2507
-2581
-2807
-2393
-1810
-1301
-409
31
472
591
351
321
24
31
-81
-110
348
451
1064
1462
1925
2496
2618
2877
2628
2284
1690
907
432
-334
-830
-1168
-1533
-1604
-1739
-1750
-1593
-1301
-1137
-834
-559
-428
-8
119
353
473
578
701
695
1258
1116
1458
1656
1664
2316
2092
2243
1928
1786
1543
1263
1483
1181
1476
1361
1317
1315
1231
1491
1607
1860
1727
1896
1755
1526
1488
1129
1129
653
439
394
519
632
56
-389
-1361
-2300
-2748
-3360
-3467
-3406
-3656
-3413
-3237
-3176
-2892
-2855
-2613
-2414
-2337
-1883
-1796
-1390
-1267
-1386
-835
-852
-285
281
560
1131
911
1020
1087
814
660
-90
-630
-1280
-2055
-2402
-2654
-2568
-2212
-1960
-1377
-838
-530
26
125
476
742
941
1278
1046
1096
1120
1110
1385
1426
1767
2009
1950
2025
1827
1848
1548
1067
715
-9
-409
-896
-1241
-1384
-1424
-1159
-1061
-861
-759
-468
-216
76
383
611
820
782
767
636
720
419
630
874
986
1621
1680
2167
2311
2474
2674
2420
2559
2035
1905
1675
1212
1336
1182
1410
1501
1615
1792
1679
1569
1278
1055
795
576
361
427
449
455
526
445
417
-391
-1173
-1922
-2606
-2820
-3273
-3219
-3154
-3060
-3112
-3113
-2774
-2819
-2591
-2653
-2597
-2395
-2339
-1921
-1697
-1257
-948
-598
-91
243
845
1015
952
869
657
531
264
-249
-590
-910
-1379
-1610
-1878
-2018
-2119
-2045
-1695
-1372
-819
-384
-42
309
420
582
747
673
578
623
637
767
935
1097
1397
1546
1757
1759
1597
1392
1048
826
481
236
120
-64
-264
-610
-976
-1010
-1101
-1158
-873
-765
-385
-53
92
354
345
487
394
500
672
738
1106
1304
1762
2272
2698
2892
2957
2913
2704
2543
2203
2006
1767
1512
1324
1166
1180
1093
1114
931
744
590
304
299
232
361
529
625
841
1004
1249
1142
578
-59
-1060
-1832
-2627
-3204
-3153
-3180
-2987
-2955
-2763
-2673
-2807
-3128
-3317
-3245
-3490
-3260
-3105
-2472
-1923
-1639
-766
-337
447
657
803
1216
1021
1192
1058
964
864
577
288
-101
-623
-943
-1236
-1645
-1708
-1845
-1378
-1127
-1001
-517
-291
102
131
180
280
182
178
150
406
723
1075
1394
1612
1829
1900
2068
2098
2050
1997
1739
1499
1103
715
364
-63
-305
-618
-792
-973
-1111
-1073
-1030
-785
-727
-619
-534
-463
-217
12
271
667
1060
1343
1750
1866
2101
2169
2164
2341
2196
2374
2130
2023
1897
1515
1555
1248
1205
1003
805
620
358
343
187
238
22
9
147
246
601
777
1129
1257
1214
1250
1005
609
-217
-1276
-1979
-2686
-2986
-2912
-3095
-2942
-3325
-3449
-3474
-3814
-3663
-4046
-3639
-3521
-3193
-2244
-1941
-1106
-1036
-801
-320
-183
358
624
1002
1289
1240
1371
1453
1393
1331
788
444
-49
-774
-1052
-1710
-1817
-1883
-1895
-1430
-1371
-1021
-858
-591
-249
-163
179
233
255
385
497
923
1324
1665
2126
2511
2766
2887
2950
2844
2637
2379
1993
1670
1181
658
218
-330
-721
-1151
-1437
-1633
-1719
-1577
-1485
-1123
-719
-257
224
552
831
1022
1104
1026
1170
1184
1185
1423
1364
1727
1791
1894
2209
2033
2243
1940
1896
1753
1345
1358
823
634
215
-135
-135
-354
-265
-298
-213
-240
-221
-121
-53
154
212
466
527
566
266
-250
-790
-1583
-1972
-2442
-2666
-2645
-2825
-2788
-2813
-2946
-2781
-2979
-3082
-2993
-3197
-2735
-2652
-2303
-1796
-1792
-1100
-1033
-563
10
178
947
1052
1428
1819
1771
1926
1599
1250
1027
403
22
-449
-995
-1194
-1645
-1558
-1490
-1390
-1067
-1078
-743
-633
-516
-275
-152
132
395
636
934
1283
1593
1996
2260
2594
2822
2893
2926
2642
2521
2167
1783
1347
810
506
86
-269
-569
-790
-941
-1132
-1263
-1229
-1086
-946
-750
-486
-212
-36
47
217
325
477
572
670
905
978
1151
1362
1579
1942
2114
2178
2073
1873
1741
1445
1250
1023
884
730
360
98
-132
-263
-459
-622
-695
-609
-443
-360
-132
91
391
588
760
877
910
700
62
-552
-1133
-1415
-1770
-2013
-2119
-2352
-2456
-2789
-2810
-2864
-3066
-3104
-3338
-3083
-2876
-2610
-2101
-1832
-1293
-850
-380
200
593
1120
1465
1645
1962
2035
2104
1919
1508
1287
870
438
-33
-585
-985
-1420
-1719
-1790
-1744
-1497
-1371
-1209
-967
-763
-461
-311
-95
202
475
787
1075
1476
1825
2093
2256
2376
2429
2354
2259
2134
2032
1852
1687
1384
1084
679
198
-270
-810
-1088
-1283
-1347
-1422
-1437
-1358
-1345
-1255
-1067
-774
-449
-292
-132
174
361
621
763
867
1064
1010
1168
1281
1451
1729
1690
1836
1638
1513
1340
962
805
428
274
5
-271
-426
-631
-692
-798
-765
-581
-344
-88
196
499
824
1020
1117
1174
907
475
-220
-839
-1182
-1478
-1584
-1633
-1682
-1844
-2048
-2383
-2471
-2619
-2769
-2645
-2675
-2208
-1982
-1652
-1189
-1116
-563
-418
-85
363
524
1128
1331
1646
1970
1936
2011
1712
1361
1163
691
412
-35
-547
-790
-1247
-1310
-1387
-1333
-1078
-1070
-828
-649
-478
-258
-174
-5
148
207
403
652
997
1380
1658
2042
2231
2313
2366
2307
2285
2093
1871
1602
1225
852
452
23
-406
-879
-1244
-1510
-1721
-1776
-1792
-1697
-1622
-1490
-1295
-1083
-840
-684
-484
-345
-213
1
181
408
597
796
994
1138
1335
1472
1619
1662
1615
1502
1255
1033
765
566
379
202
90
-69
-181
-277
-319
-319
-274
-176
-38
110
282
538
771
955
1023
934
636
86
-444
-774
-1073
-1221
-1326
-1402
-1378
-1621
-1716
-1820
-2029
-2127
-2399
-2339
-2281
-2235
-1898
-1710
-1299
-972
-651
-156
109
482
801
1024
1300
1396
1492
1508
1310
1207
977
696
376
-57
-306
-610
-841
-907
-922
-821
-818
-836
-697
-599
-439
-291
-157
133
279
426
690
915
1255
1433
1603
1861
1877
1999
1904
1857
1843
1555
1434
1135
927
674
282
37
-313
-567
-848
-1132
-1286
-1442
-1502
-1543
-1557
-1464
-1374
-1238
-1076
-939
-684
-518
-384
-201
-4
310
468
609
777
901
1053
1134
1295
1443
1451
1414
1294
1224
1069
855
627
364
150
-63
-145
-177
-130
-18
144
365
584
742
923
1023
1069
1153
1049
929
570
101
-187
-620
-748
-920
-1077
-1034
-1361
-1369
-1600
-1807
-1854
-2214
-2151
-2184
-2069
-1725
-1643
-1300
-1100
-1004
-654
-569
-197
101
232
601
602
815
971
919
1056
829
677
422
-17
-248
-583
-739
-833
-894
-736
-600
-537
-438
-385
-303
-210
-212
-80
6
15
111
221
461
686
801
1017
1171
1324
1495
1525
1646
1643
1539
1470
1221
1085
793
423
114
-319
-557
-896
-1162
-1301
-1416
-1366
-1368
-1309
-1208
-1138
-1033
-942
-836
-720
-674
-632
-547
-386
-94
168
465
782
1080
1381
1544
1686
1734
1655
1492
1315
1225
1149
1053
978
967
940
880
801
682
566
409
309
313
255
365
407
542
694
686
826
679
498
162
-241
-433
-689
-774
-744
-729
-669
-774
-931
-1081
-1436
-1712
-1981
-2143
-2095
-2121
-1954
-1795
-1745
-1560
-1489
-1168
-841
-544
-111
94
403
593
780
985
979
959
820
610
382
126
-44
-138
-300
-295
-313
-307
-334
-498
-447
-559
-547
-545
-587
-454
-515
-348
-168
33
348
471
796
1039
1251
1534
1601
1737
1717
1593
1527
1242
1041
707
334
135
-215
-326
-586
-765
-845
-1080
-1091
-1280
-1366
-1517
-1708
-1686
-1693
-1574
-1436
-1231
-932
-689
-382
-5
324
660
913
1190
1500
1700
1928
2055
2120
2096
2008
1900
1710
1526
1333
1158
950
772
644
538
405
279
228
238
213
219
314
462
645
759
954
1114
1100
885
506
148
-148
-471
-634
-673
-731
-788
-1067
-1278
-1561
-1975
-2250
-2583
-2608
-2555
-2531
-2244
-2134
-1843
-1565
-1369
-923
-710
-317
-46
117
459
629
909
978
939
905
705
500
268
42
-111
-233
-318
-276
-307
-307
-340
-419
-463
-562
-635
-715
-742
-688
-516
-343
-74
234
555
913
1123
1397
1555
1593
1623
1544
1533
1463
1335
1246
977
712
434
131
-92
-433
-683
-888
-1126
-1238
-1392
-1447
-1526
-1679
-1682
-1726
-1699
-1609
-1413
-1027
-632
-228
240
624
965
1219
1337
1522
1552
1638
1731
1708
1740
1603
1521
1411
1218
1105
929
800
704
601
613
646
663
745
710
711
711
613
683
663
748
914
974
1174
1162
929
627
55
-233
-555
-909
-950
-1250
-1202
-1428
-1720
-1753
-2120
-2185
-2457
-2630
-2513
-2599
-2415
-2259
-2062
-1687
-1540
-1228
-819
-550
-68
166
467
832
845
1101
941
923
883
647
597
247
167
42
-106
-192
-316
-346
-435
-602
-658
-657
-696
-669
-654
-451
-365
-292
-111
123
518
752
1122
1374
1571
1696
1646
1656
1493
1370
1160
847
561
267
64
-84
-267
-350
-487
-676
-795
-979
-1055
-1233
-1419
-1435
-1527
-1424
-1324
-1103
-740
-539
-172
52
352
592
735
979
1074
1241
1346
1484
1587
1618
1616
1612
1577
1566
1600
1587
1635
1488
1444
1213
1011
846
613
551
268
279
243
285
358
345
524
599
670
734
726
550
225
-236
-412
-688
-898
-1070
-1225
-1139
-1383
-1455
-1664
-1815
-2067
-2393
-2519
-2629
-2569
-2573
-2368
-2171
-1903
-1668
-1424
-1050
-702
-267
49
346
599
782
838
780
658
547
410
195
172
110
197
179
194
329
197
152
-109
-228
-301
-459
-423
-448
-370
-283
-194
37
256
497
759
912
1083
1155
1143
1136
1004
963
888
767
737
614
644
560
466
427
289
218
-4
-172
-388
-641
-872
-1083
-1235
-1347
-1404
-1347
-1164
-982
-678
-445
-146
81
258
441
493
676
771
996
1152
1310
1519
1653
1810
1811
1857
1788
1716
1578
1466
1308
1052
764
521
403
277
225
135
163
125
161
179
263
348
380
489
474
534
382
133
-192
-489
-634
-838
-1040
-1141
-1205
-1256
-1415
-1700
-1869
-2281
-2546
-2762
-2812
-2691
-2792
-2577
-2370
-2017
-1774
-1622
-1286
-919
-521
-174
130
380
632
752
978
980
976
869
758
792
708
769
678
661
556
429
216
-81
-286
-483
-563
-679
-665
-581
-379
-188
76
308
503
673
759
933
974
1067
1084
1143
1207
1210
1242
1247
1210
1143
1042
925
783
495
286
17
-187
-445
-728
-923
-1123
-1215
-1207
-1167
-1022
-821
-597
-243
-102
97
161
278
480
567
837
913
1129
1307
1527
1782
1859
1942
1922
1905
1808
1673
1444
1295
1005
797
482
210
118
-68
27
-127
-40
-50
-56
20
-1
176
166
191
188
247
144
-99
-466
-627
-731
-873
-971
-1160
-1164
-1352
-1493
-1693
-1944
-2251
-2649
-2802
-2786
-2644
-2637
-2521
-2297
-1933
-1616
-1423
-1108
-824
-406
-138
144
309
414
502
561
649
630
595
456
512
527
637
569
462
399
273
225
-6
-127
-271
-326
-357
-337
-246
-162
-67
19
180
292
398
422
468
557
636
731
764
873
952
1053
1137
1139
1124
985
869
707
536
337
140
17
-79
-173
-293
-394
-438
-393
-358
-307
-301
-304
-258
-233
-171
-169
-123
-14
124
373
537
720
839
943
1069
1081
1064
987
926
894
843
794
761
689
628
519
452
469
421
426
372
372
382
271
236
118
94
63
41
129
169
203
102
-37
-94
-134
-261
-382
-632
-743
-892
-1036
-1056
-1252
-1334
-1651
-1755
-1745
-1739
-1707
-1865
-1809
-1736
-1609
-1553
-1507
-1442
-1263
-1105
-869
-617
-474
-219
-141
180
287
373
370
304
514
559
728
671
705
737
702
641
483
376
228
135
35
128
111
135
82
136
294
296
357
235
297
271
283
338
365
491
502
632
733
838
838
799
757
768
738
631
509
373
348
248
229
139
91
64
-16
-28
-96
-124
-168
-230
-217
-213
-199
-152
-144
2
87
177
250
272
385
392
420
452
476
542
537
511
532
472
497
455
413
422
268
253
135
140
165
120
212
196
275
303
273
196
19
-165
-243
-338
-385
-514
-727
-749
-862
-803
-886
-1033
-1221
-1506
-1550
-1581
-1545
-1668
-1790
-1811
-1669
-1509
-1388
-1267
-1177
-960
-850
-567
-406
-257
-153
-64
206
320
416
354
416
544
664
680
678
669
627
607
513
569
471
455
395
423
499
418
354
240
283
306
289
228
224
233
310
354
432
538
542
631
651
755
746
674
627
595
642
556
443
352
377
447
478
447
317
230
141
143
127
89
3
-114
-92
-40
78
47
11
2
73
158
141
159
88
177
158
252
293
288
360
270
413
347
422
343
341
449
448
493
295
304
215
279
60
10
-78
-63
-44
-293
-277
-692
-597
-785
-624
-650
-1018
-1115
-1366
-938
-1009
-996
-1365
-1538
-1494
-1425
-1150
-1277
-1195
-1482
-1182
-1147
-836
-901
-1053
-846
-941
-421
-681
-393
-523
-320
-16
-47
241
-72
146
96
409
526
567
551
473
595
576
704
470
536
353
474
459
386
447
247
479
396
542
478
393
460
429
613
600
599
534
527
570
637
607
604
580
564
632
536
568
462
504
576
578
642
451
394
294
286
305
183
107
-41
-34
38
130
185
169
164
179
255
315
397
340
339
319
381
465
431
508
489
629
591
633
633
570
611
405
402
154
66
-16
-135
-94
-256
-231
-293
-231
-216
-316
-449
-539
-557
-486
-553
-843
-980
-1218
-973
-1009
-980
-1035
-1391
-1297
-1477
-1186
-1249
-1498
-1620
-1746
-1407
-1242
-1176
-1172
-1157
-1106
-883
-837
-608
-597
-565
-262
-198
219
67
142
229
300
606
400
451
310
372
504
483
541
431
340
332
359
417
409
250
291
292
407
404
266
294
259
421
467
516
584
543
628
630
676
686
598
591
587
639
677
598
607
597
586
502
266
150
22
10
5
-31
-25
-57
21
118
248
303
255
199
194
248
301
291
277
299
345
436
461
487
495
500
512
490
480
443
402
371
367
343
290
223
221
246
250
193
140
141
96
53
-94
-215
-337
-426
-411
-512
-730
-1019
-1208
-1140
-1077
-1064
-1111
-1286
-1335
-1378
-1284
-1226
-1402
-1562
-1621
-1400
-1130
-1022
-979
-966
-915
-785
-708
-563
-513
-487
-293
-142
136
171
167
269
337
557
502
487
459
478
627
645
680
570
465
396
385
420
421
374
349
410
499
530
421
339
298
334
376
366
392
398
455
536
597
665
600
530
452
422
430
345
300
241
263
249
219
206
203
246
221
220
200
214
213
222
212
199
154
72
70
57
97
95
84
110
149
217
269
287
318
335
343
380
380
437
442
443
440
414
409
370
355
307
237
167
57
-19
-84
-192
-253
-387
-433
-465
-480
-519
-777
-930
-1069
-988
-966
-995
-997
-1150
-1185
-1267
-1229
-1241
-1409
-1580
-1601
-1429
-1210
-1162
-1170
-1093
-1073
-886
-848
-683
-528
-502
-253
-157
164
232
231
352
402
630
540
503
484
529
640
648
669
670
636
602
627
643
700
560
531
525
539
541
360
367
355
439
442
404
425
401
417
391
415
405
356
258
284
313
389
369
333
407
386
476
368
382
349
297
313
225
272
206
203
156
162
204
192
176
151
229
242
294
253
298
344
357
432
414
532
484
516
502
505
537
428
411
298
306
243
207
162
119
92
37
-16
-120
-192
-326
-344
-432
-406
-542
-753
-954
-1214
-1147
-1238
-1161
-1214
-1264
-1249
-1372
-1334
-1467
-1515
-1657
-1658
-1519
-1243
-1000
-855
-732
-711
-540
-601
-460
-454
-313
-116
-32
275
283
428
365
379
439
368
394
287
382
461
573
596
568
536
472
433
383
416
371
401
396
477
492
452
382
323
373
375
434
427
491
506
526
526
507
488
444
427
411
448
401
415
374
396
392
303
274
138
136
35
8
6
-28
44
14
91
78
108
85
99
123
142
192
160
242
225
347
369
442
487
481
540
462
467
392
392
339
335
309
297
281
237
235
145
113
-86
-178
-326
-416
-482
-583
-530
-603
-571
-678
-737
-847
-981
-1055
-1151
-1138
-1163
-1103
-1087
-990
-964
-940
-954
-1000
-964
-1014
-928
-925
-828
-759
-733
-621
-629
-513
-518
-452
-373
-333
-229
-203
-85
-16
78
145
207
246
274
297
335
392
431
517
538
598
582
569
554
530
542
517
535
530
552
560
581
566
552
502
440
431
392
418
371
396
391
402
432
407
456
386
381
314
301
330
315
358
329
374
344
327
305
310
319
287
303
265
314
262
282
295
311
340
252
299
243
287
241
224
263
218
296
259
326
300
259
199
151
153
102
58
-38
-49
-134
-125
-217
-242
-275
-375
-326
-389
-326
-416
-515
-608
-746
-780
-888
-903
-929
-913
-910
-894
-894
-919
-961
-1061
-1069
-1144
-1103
-1107
-1043
-903
-832
-675
-673
-603
-597
-562
-468
-421
-288
-250
-135
-73
38
117
149
218
208
295
285
349
345
340
364
338
401
359
402
385
420
453
445
446
359
335
259
267
272
304
343
354
429
428
459
400
367
340
314
341
358
421
434
477
460
468
442
400
370
348
373
347
377
357
385
381
380
392
388
424
403
422
388
398
363
344
329
285
308
276
327
325
334
291
231
210
140
143
78
79
76
118
142
108
66
-26
-48
-120
-110
-177
-227
-258
-279
-241
-296
-364
-527
-638
-697
-702
-711
-752
-810
-837
-834
-838
-874
-971
-1025
-1068
-1009
-931
-888
-844
-838
-775
-708
-670
-654
-697
-660
-572
-463
-335
-306
-240
-208
-150
-54
-47
-21
-53
-5
83
170
217
206
199
257
322
360
374
299
331
324
411
458
446
464
410
497
521
569
562
473
466
420
439
394
366
345
352
397
412
410
332
306
235
263
246
256
261
253
351
375
449
397
385
357
347
392
369
397
383
414
425
450
456
409
368
312
309
301
301
250
240
222
232
228
167
141
72
84
51
75
54
-9
-45
-95
-68
-90
-131
-188
-264
-285
-316
-369
-391
-463
-497
-541
-572
-568
-627
-695
-769
-838
-841
-891
-908
-913
-914
-853
-856
-803
-782
-792
-783
-801
-730
-674
-630
-548
-511
-421
-370
-335
-276
-257
-193
-165
-130
-52
-13
60
96
128
192
180
207
209
235
313
333
395
407
415
426
399
443
459
465
469
448
490
517
516
509
454
438
424
411
435
405
432
421
438
460
429
420
346
350
365
388
399
390
404
418
430
431
408
379
372
342
360
338
337
319
303
340
325
315
258
220
216
184
171
117
86
84
80
101
85
50
19
-27
-16
-16
-72
-117
-205
-189
-194
-158
-164
-235
-251
-316
-325
-379
-453
-527
-591
-629
-613
-626
-626
-680
-736
-731
-805
-816
-897
-920
-916
-915
-844
-831
-790
-769
-773
-743
-768
-750
-730
-697
-620
-558
-480
-442
-398
-336
-284
-246
-201
-195
-129
-98
-18
59
89
180
191
266
301
353
403
427
486
493
528
546
569
595
646
679
710
721
717
737
702
707
658
664
667
659
688
666
671
639
623
603
572
536
502
494
511
535
525
504
479
455
436
414
398
377
374
377
380
376
332
292
233
210
169
134
88
66
58
41
29
-34
-54
-109
-137
-177
-217
-252
-288
-277
-271
-264
-291
-339
-372
-371
-374
-383
-436
-471
-478
-487
-459
-482
-509
-551
-590
-578
-598
-603
-646
-682
-684
-673
-651
-676
-702
-713
-724
-711
-709
-715
-717
-719
-685
-648
-629
-601
-589
-549
-486
-449
-409
-413
-370
-337
-282
-204
-182
-128
-101
-47
6
53
101
119
151
193
231
284
316
355
411
439
484
490
516
527
550
592
619
650
657
656
655
655
649
660
650
676
670
684
684
674
684
642
630
579
562
557
549
566
567
567
557
523
497
446
392
366
336
345
335
321
297
253
231
186
146
116
57
41
1
-29
-51
-100
-116
-158
-177
-198
-257
-265
-302
-313
-335
-405
-433
-498
-509
-502
-484
-450
-473
-481
-503
-537
-555
-610
-648
-658
-669
-623
-613
-598
-592
-620
-603
-632
-638
-646
-665
-633
-620
-551
-526
-522
-485
-471
-419
-382
-367
-336
-307
-253
-190
-145
-105
-97
-74
-21
34
102
127
149
187
217
271
287
316
332
360
417
452
480
490
498
509
539
549
566
559
566
580
601
630
608
600
581
577
579
584
569
557
523
503
488
450
426
385
378
368
375
349
331
300
281
262
233
194
143
121
90
94
92
94
79
63
33
-5
-48
-102
-152
-184
-194
-205
-206
-227
-240
-259
-275
-298
-346
-390
-443
-465
-471
-467
-454
-449
-441
-450
-463
-481
-510
-536
-559
-569
-562
-566
-559
-549
-540
-529
-516
-510
-502
-496
-489
-475
-466
-447
-439
-407
-387
-348
-312
-256
-220
-192
-150
-133
-99
-93
-58
-28
10
70
123
181
216
237
256
263
281
306
321
357
383
429
460
475
493
490
496
504
511
525
532
538
557
554
573
548
527
512
499
529
523
534
522
488
462
419
386
351
312
320
314
318
315
279
265
221
193
159
107
83
55
57
67
59
57
18
-15
-38
-80
-88
-112
-127
-132
-149
-153
-171
-197
-210
-224
-217
-219
-228
-235
-272
-282
-306
-321
-332
-351
-344
-347
-345
-342
-350
-386
-419
-455
-477
-490
-491
-480
-469
-446
-434
-426
-444
-458
-465
-467
-457
-439
-410
-375
-345
-318
-298
-279
-270
-249
-225
-185
-150
-129
-92
-64
-23
1
32
57
78
108
156
195
243
266
276
293
296
326
330
356
369
388
418
430
433
417
397
400
384
386
391
377
389
373
384
375
355
331
316
309
297
287
264
243
214
207
187
185
172
171
171
173
168
138
95
53
25
3
3
-2
13
-3
6
-12
-37
-77
-127
-149
-185
-183
-179
-158
-144
-123
-117
-101
-117
-140
-167
-190
-174
-169
-140
-136
-120
-110
-99
-109
-127
-145
-170
-187
-191
-183
-205
-206
-218
-213
-207
-208
-209
-222
-237
-243
-248
-258
-252
-264
-246
-224
-195
-164
-165
-165
-174
-175
-184
-185
-177
-159
-133
-84
-41
-9
-3
-9
-9
-27
-16
-12
10
42
80
126
154
169
168
154
148
140
149
165
172
212
231
256
252
243
222
199
187
186
191
187
192
182
187
173
184
162
144
127
115
113
94
88
72
77
69
72
70
68
44
37
28
10
5
-20
-28
-32
-16
-16
-11
-20
-36
-62
-80
-92
-109
-111
-115
-89
-73
-51
-57
-59
-71
-71
-64
-71
-66
-58
-35
-16
14
9
9
0
-13
-19
-18
-9
-10
8
26
45
42
35
9
-13
-37
-37
-46
-57
-48
-41
-18
-16
-13
-35
-56
-74
-95
-101
-98
-90
-67
-33
-3
16
9
-4
-12
-28
-32
-22
-26
-17
-5
13
29
49
64
60
57
40
17
-9
-27
-27
-10
29
67
98
133
139
136
102
60
13
-44
-50
-15
38
120
190
224
229
178
105
6
-51
-70
-55
5
61
130
162
164
149
91
16
-48
-92
-96
-89
-69
-29
3
35
39
21
-15
-58
-87
-100
-114
-109
-120
-114
-72
-32
16
25
19
0
-15
-47
-80
-110
-123
-107
-74
-28
-5
21
26
35
23
-3
-44
-85
-94
-77
-47
-19
-5
4
9
7
18
-21
-44
-86
-95
-77
-80
-67
-67
-51
-34
-8
-23
-29
-46
-55
-55
-50
-47
-54
-39
-28
3
2
8
-3
-3
2
-3
-32
-64
-73
-69
-54
-45
-28
-17
4
7
13
4
-18
-38
-35
-11
12
40
55
83
102
111
115
94
79
70
70
89
103
116
107
103
98
79
70
57
59
76
90
90
67
31
16
-7
-13
3
18
48
62
91
96
66
38
0
-7
-3
2
26
35
56
70
55
41
3
-33
-47
-42
-20
-20
-23
-32
-38
-42
-54
-74
-85
-95
-66
-40
-35
-38
-56
-56
-56
-37
-35
-35
-19
7
24
22
2
-34
-43
-44
-22
-29
-32
-33
-22
7
-7
-21
-56
-88
-83
-69
-56
-59
-69
-41
-21
-12
-22
-49
-61
-44
-22
-26
-29
-36
-28
-26
-3
-4
-26
-22
-18
25
28
12
-16
-39
-25
-24
-28
-30
-10
25
47
58
55
20
9
9
34
54
53
58
80
119
121
102
90
87
92
107
105
109
108
94
87
76
53
34
16
41
60
57
34
7
9
0
-7
-16
-21
-10
6
0
2
-12
-21
-30
-27
-15
-16
-7
-4
15
19
0
-25
-18
-22
-11
-13
-22
-22
-23
-14
-30
-31
-38
-31
-25
-16
-22
-36
-49
-38
-25
-31
-39
-37
-20
-5
10
-12
-30
-38
-14
-3
3
-11
-19
-11
-19
-7
-28
-45
-51
-31
-5
0
-22
-42
-47
-31
-30
-45
-41
-45
-12
-5
-10
-43
-76
-72
-66
-41
-43
-33
-35
-10
1
-13
-34
-55
-55
-31
3
5
18
22
44
52
58
53
53
63
86
107
93
78
62
84
94
87
79
76
94
106
82
57
14
-4
5
1
20
19
28
40
47
43
9
-22
-9
6
16
13
8
13
17
31
30
18
19
19
19
24
13
-12
-28
-35
-37
-41
-41
-29
-18
-1
-20
-38
-71
-77
-68
-58
-51
-44
-29
-12
5
-2
-8
-22
-3
10
38
21
5
6
15
23
12
-2
0
12
25
30
-2
-18
-52
-29
-18
-13
-22
-23
-3
20
26
-7
-37
-56
-32
-22
-12
-24
-20
-7
9
13
-11
-37
-44
-15
7
9
-18
-29
-26
-9
-1
-14
-18
-16
12
33
26
0
-23
-23
-6
10
10
3
1
33
41
41
19
-4
0
3
15
10
10
16
30
45
48
28
16
12
23
33
19
8
-3
12
22
18
6
0
5
15
12
3
-15
-31
-30
-23
-29
-43
-48
-39
-20
-10
-13
-34
-35
-32
-38
-38
-48
-49
-35
-19
-6
-4
-11
-18
-27
-25
-32
-29
-29
-19
7
10
5
0
0
6
2
5
2
3
6
12
18
11
7
3
14
26
35
28
38
29
22
-1
-12
-22
-16
-3
-3
8
-6
5
-8
-9
-27
-27
-31
-23
-9
2
10
-2
14
8
18
2
-1
-8
0
6
-4
-6
-21
-17
-14
0
-2
-7
-11
-3
3
-3
-10
-20
-20
0
16
14
13
13
24
32
35
30
27
27
31
42
29
23
9
10
19
22
17
9
16
19
22
6
-9
-18
-8
-8
0
2
3
5
7
6
-4
0
-9
11
24
31
25
22
15
11
9
5
-6
-7
5
3
9
1
6
-12
-4
-6
-1
1
-4
17
15
19
7
8
6
-1
10
13
21
19
23
25
26
18
8
1
-5
-3
-3
-7
-1
-4
-7
3
-4
2
-9
-4
1
11
22
24
21
23
19
10
20
10
21
16
28
28
22
14
1
-6
-13
-11
-17
-13
-13
-7
-10
-15
-22
-24
-18
-10
-11
-7
-3
-7
-1
4
6
-4
-10
-11
-5
-1
-7
-10
-18
-15
-24
-35
-48
-49
-48
-30
-20
-31
-24
-28
-24
-41
-36
-42
-45
-34
-19
-13
-16
-14
-14
-2
1
-7
-11
-1
-2
7
0
-1
-6
-2
4
6
12
4
5
9
1
-3
-19
-18
-13
-16
-3
-1
10
4
18
15
5
-10
-13
-15
-24
-14
-19
-15
-10
2
0
2
-10
-15
-17
-15
-18
-16
-18
-16
-15
-10
-11
-22
-10
-11
-4
-15
-8
-13
-9
-6
-7
-8
-5
6
3
10
0
1
-6
-1
-9
-13
-14
-9
2
6
20
15
17
11
16
9
7
9
3
8
12
22
18
25
32
37
25
26
25
17
22
16
21
3
13
12
17
19
18
15
-1
7
-3
-7
-19
-12
-12
-1
-6
-4
-13
-7
0
0
3
-3
1
-4
20
19
25
22
23
26
29
30
26
27
28
32
23
25
13
15
11
22
21
21
25
25
31
29
28
20
22
22
24
22
23
18
13
10
5
1
-7
-3
-3
3
-3
-5
-11
-19
-20
-19
-21
-38
-28
-37
-31
-28
-29
-32
-35
-32
-28
-21
-21
-17
-22
-10
-13
-8
-10
-9
-7
-5
-2
0
5
1
1
1
3
5
7
3
4
-4
3
-3
-4
-2
-2
0
-2
-1
-2
3
-2
2
4
-1
1
0
1
0
-3
3
4
-5
-3
-14
-21
-23
-22
-29
-31
-22
-26
-14
-14
-12
-15
-12
-13
-17
-7
-7
-4
-6
6
2
12
13
12
19
17
26
29
25
20
28
33
37
35
34
33
38
33
38
40
43
41
38
57
51
48
48
50
44
41
37
32
25
13
15
10
-1
0
-6
-7
-10
-5
-10
-12
-14
-17
-19
-28
-26
-32
-26
-38
-30
-36
-38
-37
-38
-38
-40
-30
-32
-29
-28
-28
-32
-19
-25
-19
-20
-10
-13
-6
5
-10
-4
-3
6
0
6
10
16
22
24
24
20
24
13
18
16
13
13
10
9
6
2
0
-3
-20
-12
-17
-20
-23
-24
-22
-28
-24
-30
-31
-33
-24
-26
-26
-24
-15
-20
-14
-10
-15
-13
-16
-8
-21
-9
-23
-17
-26
-26
-24
-26
-21
-18
-7
-7
2
7
18
13
23
19
27
32
37
34
34
29
28
28
19
26
13
12
5
12
9
9
5
6
6
6
13
5
7
7
12
13
13
6
7
0
-5
-4
-6
-10
-19
-10
-15
-14
-15
-10
-3
-5
0
5
12
9
17
19
28
31
31
32
26
30
17
30
20
32
31
32
31
30
30
30
30
26
36
22
38
31
34
24
27
16
10
4
1
1
-13
-4
-11
-5
-16
-7
-13
-11
-16
-13
-10
-10
-5
-5
1
1
7
4
7
-5
-2
-11
-18
-16
-12
-13
-25
-16
-21
-18
-16
-13
-4
-4
6
15
20
24
28
20
23
19
13
6
-3
-7
-4
-5
-12
-10
-13
-8
-16
-8
-9
-6
-8
-3
2
-5
6
1
2
0
3
-1
-1
-11
-15
-21
-30
-39
-42
-42
-44
-37
-43
-39
-34
-26
-25
-18
-12
-11
-6
-8
-10
-9
-10
-7
-11
-13
-13
-10
-11
-11
-8
-10
-1
-5
5
4
9
12
13
12
9
14
7
15
12
15
10
2
4
6
-3
-3
-7
-5
-7
-6
0
-7
-3
-4
8
0
13
12
13
4
0
1
-4
1
-12
-6
-18
-13
-22
-22
-22
-24
-22
-16
-12
-7
-1
0
15
11
15
13
15
2
4
1
0
5
3
5
2
8
2
10
8
12
7
13
12
7
17
16
23
12
18
16
22
10
11
10
-4
-4
-11
-12
-22
-15
-20
-12
-17
-11
-6
-13
-11
-7
-8
-3
-1
-6
2
4
1
-6
2
-6
1
-8
-10
-14
-12
-6
-12
-8
-11
-3
-9
3
-3
2
5
7
12
12
19
16
18
11
9
5
0
-3
-10
-12
-14
-16
-18
-23
-26
-18
-17
-21
-15
-18
-6
-9
0
6
4
5
6
13
8
6
3
1
-2
3
-7
-3
-9
-1
-2
3
4
2
-2
-13
-5
-8
-6
-12
-5
-10
-5
-6
-7
-10
-4
-7
-3
-3
-6
3
-4
6
8
23
18
22
24
25
29
26
27
13
13
10
10
1
0
-7
-10
-16
-19
-16
-19
-19
-17
-12
-12
0
3
9
9
10
15
13
15
7
8
-2
-4
-10
-16
-21
-24
-28
-31
-22
-28
-15
-15
-9
-6
-5
-6
-2
6
10
13
14
16
17
19
17
19
19
16
6
12
9
-3
-7
-9
-6
-3
0
6
-3
6
13
13
12
17
18
13
22
23
24
16
19
10
9
10
6
0
-1
-1
-6
-6
-3
1
-8
2
-6
0
-7
4
-6
-9
-1
-12
-1
-12
-10
-19
-9
-13
-18
-13
-7
-5
3
13
5
6
5
14
7
15
7
12
11
7
7
1
5
-7
-6
-6
-1
-2
7
-3
10
9
15
18
11
18
9
20
9
15
2
-1
1
-6
-9
-13
-10
-17
-17
-22
-12
-15
-17
-9
-4
-8
-1
4
4
6
3
12
6
2
3
2
-7
-7
-5
-11
-13
-11
-13
-16
-8
-16
-8
-10
-7
-4
2
9
7
19
8
25
21
24
22
31
38
25
32
19
20
15
13
13
18
10
15
11
16
21
29
19
22
26
9
21
13
17
10
19
19
13
11
8
3
3
7
5
6
-3
-1
-2
-4
-9
-8
-16
-13
-12
-17
-13
-9
-15
-22
-13
-17
-20
-16
-18
-11
-5
2
-1
-3
3
1
0
-1
2
0
-4
-6
-5
-7
-9
-9
-12
-15
-7
-9
-8
-12
-6
-7
-13
-4
-8
-10
-9
-6
-6
5
-6
-3
-7
-6
-8
-10
-12
-21
-14
-27
-13
-19
-17
-21
-18
-17
-20
-12
-16
-11
-9
-5
-7
0
4
6
5
12
15
15
12
4
12
3
0
3
1
-1
1
3
2
-4
-1
-4
-5
1
6
6
7
9
10
9
9
9
7
4
7
7
-3
5
-3
-1
-4
2
-5
-8
-4
-7
0
-10
-7
-7
-6
-13
-17
-10
-11
-16
-7
-7
-8
-9
-11
-9
-16
-2
-6
-1
-3
-6
-5
-10
-1
-11
-12
-19
-17
-12
-16
-13
-10
-11
-9
-4
-12
-10
-12
-14
-11
-6
-6
5
-3
-1
5
-6
0
-9
-10
-11
-7
-15
-7
-10
-7
-4
-6
-7
-5
2
-12
0
0
9
-3
11
9
9
17
10
18
8
18
18
18
12
19
12
22
20
18
21
18
22
19
28
28
30
19
22
21
22
24
22
21
24
27
29
28
25
28
19
18
9
7
3
3
-2
-2
-2
-7
-5
-12
-13
-13
-10
-12
-9
-13
-10
-7
-12
-6
-13
-11
-9
-3
-6
-9
-8
-9
-12
-18
-7
-17
-14
-15
-12
-18
-15
-7
-12
-6
-9
3
0
1
-1
8
4
13
12
7
7
3
9
4
13
8
10
4
9
2
3
-4
-8
-9
-9
-8
-15
-7
-12
-1
0
3
0
9
3
9
13
8
16
9
20
13
18
11
6
2
1
3
0
6
5
1
-1
0
0
0
-2
1
-6
1
0
-4
3
0
1
-4
-1
1
3
-2
-2
-1
-2
-1
-8
-3
-3
-6
-11
-5
-15
-17
-15
-21
-19
-19
-16
-23
-12
-18
-17
-13
-19
-15
-14
-15
-15
-14
-19
-19
-19
-21
-23
-19
-16
-16
-15
-10
-16
-12
-16
-13
-9
-22
-17
-13
-10
-9
-10
-2
-1
-5
3
7
9
11
20
20
14
12
15
14
15
15
15
15
12
22
13
18
10
20
23
22
23
19
23
26
25
20
25
23
29
23
33
26
24
24
23
17
18
26
16
23
18
25
18
20
31
32
32
31
32
31
26
28
25
21
26
25
29
20
26
26
18
22
14
20
9
9
4
2
-2
-9
-4
-13
-13
-16
-7
-11
-8
-6
-4
-15
-9
-11
-13
-9
-12
-9
-19
-18
-19
-16
-25
-21
-26
-19
-26
-24
-18
-19
-21
-19
-17
-25
-13
-18
-19
-18
-10
-15
-11
-8
-7
0
-2
7
3
3
-3
3
0
-3
-7
-9
-1
-7
3
7
5
4
13
9
17
10
9
15
8
32
18
18
15
20
25
23
22
19
18
9
7
2
14
3
7
0
3
2
3
2
-4
0
-1
4
-7
1
-9
-4
-6
-1
-8
-6
-2
-2
-3
-5
-1
-7
-10
-12
-5
-12
-11
-15
-6
-5
-3
-1
-4
-2
-13
-2
-7
-10
-9
-4
-7
-2
-5
-13
-2
-9
-10
-16
-14
-17
-19
-28
-25
-25
-31
-29
-29
-28
-34
-21
-32
-26
-25
-24
-15
-11
-9
-15
-14
-18
-10
-15
-14
-22
-16
-19
-19
-16
-19
-16
-23
-11
-6
-7
-12
-11
-12
-19
-16
-15
-19
-20
-9
-7
-9
-9
-5
-3
0
4
6
19
13
15
14
14
15
14
18
12
17
9
9
6
4
5
4
7
10
10
10
10
8
9
7
15
12
11
19
18
12
6
12
7
9
7
8
9
12
13
11
10
6
10
3
5
1
9
6
9
3
6
9
9
13
7
20
11
21
16
15
13
11
13
5
8
9
4
6
8
4
6
2
9
4
6
3
2
7
0
7
9
12
8
11
12
6
10
9
9
3
6
2
3
0
3
-4
-3
2
3
7
7
10
3
9
7
6
2
6
2
7
5
6
7
6
1
-3
1
-5
4
-8
4
-10
-5
-4
-7
-3
-6
-4
-6
0
-6
-4
-9
-1
-5
-3
-6
0
0
6
5
-3
-1
-11
-3
-11
-11
-13
-20
-17
-22
-13
-20
-19
-22
-20
-25
-18
-14
-17
-10
-15
-4
-14
5
-3
3
-2
1
2
-5
-7
-9
-7
-13
-8
-21
-13
-25
-17
-25
-14
-25
-30
-24
-20
-19
-28
-19
-22
-16
-18
-9
-14
-7
-11
-8
-6
-3
-6
-7
-3
-10
-5
-9
-7
-12
-13
-12
-6
-13
-9
-11
-11
-5
0
4
-3
6
2
10
4
6
12
4
14
11
16
14
14
10
10
9
5
8
2
3
-2
5
2
5
5
3
4
9
3
2
5
0
0
-2
-1
-3
6
4
4
7
9
9
6
2
4
3
2
3
-1
3
3
5
6
3
1
5
9
10
10
17
10
13
14
21
23
14
19
13
16
13
13
15
10
6
10
6
9
7
8
12
9
13
7
10
4
13
10
16
10
7
10
7
9
14
18
7
18
10
11
14
15
6
3
1
-2
-1
-5
-5
-10
-9
-15
-10
-13
-13
-13
-8
-8
-7
-6
-9
-3
-6
1
-6
-2
-12
-9
-12
-12
-4
-15
-7
-18
-6
-13
-4
3
0
5
4
6
3
5
0
5
-2
1
-2
-2
-5
-1
-3
-6
-13
-11
-3
0
2
-8
1
-9
-6
-4
-7
-5
-1
1
2
-1
3
6
0
10
10
17
14
16
13
14
12
11
14
13
14
10
17
6
6
7
-3
-2
2
7
-3
1
2
1
3
1
-3
-3
8
1
6
2
6
5
10
9
7
12
0
1
-4
0
-10
-14
-17
-14
-16
-10
-12
-10
-7
-6
-2
0
3
6
8
4
14
4
14
9
13
7
5
7
5
4
-3
1
-5
-4
-10
0
-1
1
-2
-1
1
0
-1
-3
-4
-6
1
4
12
12
10
14
15
17
14
9
9
10
6
9
6
3
0
-3
-1
-17
-7
-11
-10
-9
-10
-6
-7
-4
-3
3
-12
-6
-4
-3
-5
-1
-7
-11
-12
-8
-11
-15
-11
-14
-7
-18
-8
-12
-11
-15
-8
-5
-9
-3
-3
0
1
2
-1
-1
-3
1
4
2
0
5
5
2
5
8
-1
-4
-3
-1
-7
-4
-6
-7
-5
-6
-3
-2
1
0
8
2
10
4
8
6
9
13
8
8
2
10
3
12
3
10
1
4
-2
2
7
4
9
-4
3
1
8
6
11
6
5
1
3
9
2
9
7
10
9
10
8
9
3
5
-1
0
6
0
7
2
9
5
2
-1
2
8
3
8
-1
7
8
11
10
12
13
5
3
3
3
0
-1
2
2
0
-1
-9
-4
-9
-10
-13
-6
-12
-14
-12
-17
-16
-22
-12
-18
-18
-16
-11
-18
-26
-22
-23
-24
-27
-22
-28
-24
-28
-32
-29
-26
-28
-26
-22
-29
-24
-26
-22
-26
-16
-13
-10
-15
-12
-14
-20
-14
-24
-8
-20
-12
-12
-13
-11
-13
-7
-13
-10
-14
-13
-12
-3
-12
-6
-8
-3
-12
-9
-4
-3
3
-1
7
-3
4
7
9
0
11
10
8
11
11
19
12
15
12
18
13
13
17
13
13
16
20
21
22
25
33
29
34
27
23
28
24
28
25
29
22
21
22
20
15
19
16
22
23
21
25
16
16
14
21
15
22
20
20
15
15
16
8
15
14
18
13
15
6
15
7
13
15
6
8
-1
5
-4
-6
-8
-5
-10
0
0
7
9
5
3
0
3
-4
0
4
0
-3
3
-7
-8
-7
-2
-7
-7
0
-2
-3
1
6
-2
3
-3
0
-3
0
0
2
0
-2
3
-5
0
-2
-8
-6
-8
-11
-7
-14
-9
-16
-10
-15
-14
-7
-9
-9
-6
-1
-6
4
-4
3
3
13
10
9
10
3
6
3
5
-4
2
-7
2
-4
0
3
0
5
0
6
-7
3
4
-1
0
3
-2
0
2
1
5
-5
4
-3
0
-4
3
-2
0
-8
-2
-4
-7
-1
-6
-1
-6
5
-2
0
-9
-1
-5
-3
-3
-4
-5
-12
-7
-10
-6
-11
-4
-9
-1
-6
-6
-6
-9
-10
-13
-7
-17
-13
-15
-4
-10
-6
-6
-6
-3
1
7
4
6
10
13
0
9
10
6
6
3
4
-5
2
1
-9
-8
-2
-8
-6
-4
-3
1
-5
4
-7
7
1
1
9
6
12
10
13
4
9
-6
-3
-9
-10
-4
-7
-13
-12
-17
-23
-18
-20
-17
-22
-13
-21
-18
-18
-10
-10
-9
-9
3
2
0
3
2
9
-2
4
-5
0
-4
-9
-11
-6
-3
-10
-8
-1
-1
-3
3
1
3
1
6
7
8
12
9
10
6
6
6
7
10
10
9
3
1
1
6
-3
4
0
3
5
6
9
4
12
11
14
12
13
7
16
8
9
12
16
15
13
16
1
4
1
8
3
2
7
5
0
2
-3
-11
-7
-2
-1
-5
0
4
-2
3
6
8
11
15
12
7
13
5
3
-7
4
-4
-5
-1
-6
-6
-15
-4
-13
-10
-12
-12
-16
-14
-16
-21
-17
-12
-13
-6
-3
-10
-3
-4
1
-3
-2
-2
0
-4
-4
1
-9
-7
-7
-6
-8
-10
-9
-5
-7
-5
-10
-1
2
6
13
2
13
9
7
9
11
11
6
4
7
-1
0
3
-2
1
0
7
-1
1
-3
-4
-6
-9
-3
-10
-5
-7
1
-3
2
6
2
9
4
7
5
4
2
0
-1
-4
-4
-2
1
-3
-1
1
-2
-2
6
2
2
7
12
5
5
10
9
9
11
11
4
4
0
5
-5
0
0
-4
0
-3
2
-3
-9
-15
-15
-26
-26
-25
-20
-21
-19
-14
-20
-16
-16
-13
-13
-12
-16
-13
-13
-7
-14
-24
-19
-18
-15
-19
-12
-15
-9
-13
-17
-14
-16
-12
-10
-7
-17
-9
-17
-12
-11
-14
-13
-8
-4
-5
-4
-7
1
-4
0
-5
3
-5
2
3
6
14
7
16
13
22
12
25
26
23
25
27
25
22
25
19
16
10
13
3
8
5
3
3
2
0
3
6
9
13
8
11
7
9
3
6
5
6
7
-3
4
2
7
5
9
2
-5
0
1
3
-5
-1
-9
-7
-6
-6
-9
-3
-1
-3
3
5
6
1
10
13
18
18
18
16
13
16
10
9
6
0
0
-7
-2
-6
0
1
-2
0
-3
-3
-8
-3
-10
0
-3
-7
0
3
2
1
7
7
11
9
15
13
15
13
13
9
11
7
10
4
6
7
7
12
-2
11
0
10
0
7
13
13
13
8
13
12
19
12
16
10
19
12
12
3
6
4
0
9
-4
3
-2
3
0
3
3
6
5
7
11
8
15
9
17
10
21
12
16
15
8
5
4
6
-8
-2
-5
2
-18
-2
-10
-11
-10
-12
0
-10
-3
-2
-3
-12
6
-4
-3
-7
4
6
2
7
0
0
-12
-8
-12
-15
-19
-13
-18
-14
-12
-11
-14
-13
-15
-19
-14
-15
-10
-13
-3
-12
-7
-5
-9
-1
-1
0
0
-1
-7
-7
-9
-4
-6
-5
-1
3
-2
-1
1
-8
2
3
6
0
0
3
-3
4
0
1
-4
3
-8
-1
-1
-4
-4
-6
-3
-9
-7
-13
-5
-13
3
0
3
-1
6
6
9
15
6
18
13
22
12
22
15
19
15
16
13
12
9
4
10
0
8
1
9
-7
-6
-5
-2
-6
-7
0
-3
0
2
3
1
9
7
12
12
10
14
9
12
13
13
11
5
1
0
-6
-3
-4
-12
-6
-13
-7
-10
-7
-5
-13
-7
-5
2
6
4
2
13
6
17
12
3
2
-1
-1
-4
-4
-7
-9
-10
-12
-12
-11
-16
-16
-15
-13
-16
-14
-14
-13
-12
-7
-11
-10
-6
-4
-6
-6
-3
-9
-6
-12
-7
-8
-14
-21
-12
-17
-16
-10
-19
-12
-24
-16
-15
-20
-15
-14
-8
-6
-9
-6
-7
3
5
1
10
0
7
-2
2
1
3
0
-2
-2
0
0
-2
1
-7
-3
-8
-7
-15
-8
-9
-11
-14
-15
-10
-14
-8
-7
-9
-7
0
-2
5
1
4
2
2
-1
0
-1
-10
2
-6
-3
-4
11
4
3
9
5
4
-6
9
0
1
1
7
4
0
1
-2
0
-7
1
-3
-4
-10
-11
-11
-13
-16
-5
0
-1
-3
-4
1
-9
4
3
13
7
17
17
6
14
12
15
6
12
7
0
0
0
-9
0
-2
-2
-1
-2
0
-1
1
-5
4
1
10
3
2
1
6
1
-1
1
-9
-4
-12
-3
-10
-9
-9
-13
-6
-8
-5
-8
-9
-9
-6
-9
-6
-18
-11
-8
-6
-6
-9
-4
-8
1
-6
-2
-9
-5
-13
-9
-11
-8
-3
-2
9
2
6
-3
2
0
5
3
11
13
7
9
5
9
6
10
3
0
6
11
3
3
9
0
2
6
6
7
13
7
9
13
11
8
13
13
11
17
11
14
8
12
12
12
10
9
16
8
12
9
7
4
0
-1
-5
-9
-3
-5
-9
-12
-10
-3
-3
1
4
4
2
6
7
10
9
12
7
0
3
-1
-2
3
1
-4
-1
3
2
-1
2
2
-1
0
1
3
3
7
6
6
1
9
6
6
3
3
8
4
10
8
10
1
0
4
-3
-2
3
-4
2
-6
6
5
4
5
9
19
9
12
6
6
-2
7
1
7
5
7
5
2
7
-3
-1
-10
-9
-15
-14
-25
-18
-25
-24
-19
-19
-15
-20
-10
-15
-4
-6
2
4
-1
-4
4
1
-1
1
-5
3
-10
-4
-15
-10
-16
-16
-16
-27
-14
-23
-12
-20
-15
-13
-14
-18
-19
-12
-15
-11
-13
-5
-10
0
-3
4
-2
0
5
-4
1
-10
-12
-16
-9
-12
-13
-6
-10
-5
-1
1
7
6
10
12
10
14
15
19
16
18
16
13
12
15
9
9
13
6
5
3
4
4
9
9
11
12
9
10
9
13
7
10
13
16
19
23
25
19
28
26
31
25
21
19
23
18
16
11
14
12
10
16
8
11
9
13
4
10
10
13
16
18
14
16
21
16
20
17
25
16
25
13
9
11
10
13
15
9
6
11
3
9
0
12
2
2
6
3
4
1
6
3
5
4
3
-3
0
-1
4
-3
-4
3
-5
2
-4
-6
-13
-5
-5
-15
-3
-2
3
-1
2
0
-2
-1
0
-3
0
-3
-4
0
-9
-11
-15
-8
-9
-6
-7
-3
-8
-11
-12
-11
-15
-15
-10
-17
-10
-10
-8
-3
-1
0
-1
3
4
-3
6
0
3
0
4
2
-3
-3
-13
-8
-17
-9
-7
-6
-6
-2
-4
-4
-2
-3
-1
-1
-3
-7
0
1
4
0
8
1
10
7
13
3
-2
2
-7
-6
-13
-12
-22
-20
-26
-19
-26
-21
-20
-13
-9
-10
-6
-11
0
-16
-9
-10
-11
-11
-4
-9
-14
-9
-17
-10
-15
-10
-23
-17
-23
-22
-23
-20
-17
-28
-14
-19
-8
-20
-5
-8
-13
-11
-10
-14
-17
-9
-8
0
-12
-4
-9
-5
-15
-16
-21
-21
-20
-29
-25
-31
-25
-33
-23
-25
-20
-26
-22
-18
-15
-9
-11
-4
-6
1
-6
-4
-9
-6
-9
-16
-16
-13
-10
-14
-16
-19
-10
-19
-9
-12
-13
-11
-14
-9
-13
-8
-8
-9
-6
3
2
4
0
13
6
3
12
4
9
7
15
10
15
19
21
20
21
30
28
31
29
29
24
31
25
27
26
27
24
28
35
33
35
28
41
32
37
31
38
25
28
28
23
31
20
33
22
31
32
34
28
32
29
31
25
19
25
14
32
14
23
21
14
23
22
29
15
16
18
14
10
4
2
-1
-1
7
11
15
16
20
22
17
24
14
22
23
16
19
10
15
-1
9
6
7
10
12
13
7
13
4
6
3
4
1
-1
0
0
-3
0
8
11
15
22
25
20
18
11
8
9
-1
-7
-8
-12
-9
-9
-1
-3
6
7
4
5
4
6
3
4
7
4
3
-3
5
10
1
15
13
13
7
12
5
-2
-13
-20
-19
-28
-21
-22
-19
-25
-14
-12
2
-5
3
8
6
0
-4
6
-10
-8
-16
-14
-19
-15
-19
-23
-21
-12
-13
-13
-19
-24
-23
-30
-31
-44
-35
-38
-35
-36
-24
-19
-19
-12
-9
2
-8
-4
-7
-10
-13
-16
-22
-25
-20
-30
-19
-19
-20
-28
-23
-25
-26
-19
-23
-23
-32
-38
-41
-31
-32
-15
-15
-9
-4
-3
3
-3
3
-6
2
-5
-7
-12
-7
-6
-6
3
-3
4
9
13
13
22
18
18
9
9
7
0
5
13
10
10
17
19
24
13
20
17
16
9
5
4
-6
-6
-9
-12
-12
-8
-2
4
6
16
9
8
5
1
8
0
0
-5
0
-9
-6
-9
-9
-7
-10
-5
-12
-11
-15
-10
-18
-13
-20
-21
-20
-25
-25
-15
-14
-9
-7
-4
2
-2
8
0
2
2
2
1
-9
-10
-19
-16
-12
-5
-5
-5
-6
-9
-4
-10
-2
-15
-16
-13
-10
-4
-4
-1
-2
-3
4
10
-2
14
6
9
-1
3
-4
-10
-10
-12
-11
-17
-5
-17
-9
-8
1
0
3
3
6
4
3
9
5
5
1
0
4
14
8
15
10
12
9
3
1
-4
-3
-7
-8
-10
-9
-9
-5
-3
-2
7
9
2
9
8
13
8
9
12
7
7
5
6
-6
3
-5
-2
-5
-3
-4
0
1
-1
2
-9
-5
-19
-13
-14
-16
-20
-12
-15
-10
-6
-5
-6
-6
-6
-9
-4
-11
-13
-17
-16
-19
-18
-25
-19
-16
-9
-9
-6
1
-8
1
3
2
-3
-1
-1
6
8
6
12
9
14
10
16
19
9
12
7
7
6
4
7
5
1
0
3
1
-3
7
7
10
15
14
22
13
21
15
12
9
23
19
18
23
17
23
16
26
10
25
17
15
6
5
9
3
4
3
10
7
12
14
18
13
21
13
17
9
6
0
0
1
-4
-3
-7
-1
-7
-4
-8
-10
-9
-11
-15
-12
-6
-9
-12
-3
-4
-2
1
3
3
4
5
7
9
10
12
14
15
13
16
14
15
10
20
10
15
13
18
19
19
20
22
26
26
30
29
35
26
33
29
31
29
36
22
25
21
9
16
16
8
7
6
1
10
2
6
-9
3
-9
4
0
-4
5
3
13
6
13
3
13
6
9
7
5
12
6
3
-1
3
-3
-4
-9
-5
-9
-6
-6
-10
-6
-10
-9
-14
-6
-3
-2
-3
-1
-1
1
12
0
7
6
2
-4
-6
-4
-11
-15
-7
-14
-18
-16
-13
-17
-16
-10
-10
-3
-12
-6
-5
-11
-16
-10
-6
-9
-5
-7
-6
-2
-11
-12
-9
-12
-15
-22
-15
-26
-21
-19
-21
-17
-17
-13
-11
-8
-11
-5
-15
-4
-1
4
4
8
9
1
12
0
4
1
8
6
6
0
4
1
-4
-2
-8
-3
-5
-1
-4
5
-6
1
-5
3
-3
-1
1
-3
2
1
9
3
9
3
10
-4
12
2
5
-4
-5
-2
-13
-10
-23
-16
-22
-13
-18
-8
-13
-12
-12
0
-3
-4
6
-6
-1
-10
0
-14
-13
-12
-10
-11
-13
-6
-17
-12
-16
-12
-22
-15
-18
-23
-15
-16
-15
-16
-17
-18
-6
-9
-7
-3
-1
-9
-8
-9
-5
-6
-8
-7
-11
-1
-6
1
-6
-3
-10
-3
-8
-7
7
3
12
13
22
19
22
19
19
17
16
12
13
17
17
14
10
12
8
12
13
10
6
8
7
8
10
12
13
13
13
8
9
12
10
15
16
19
19
21
14
14
8
15
15
7
8
5
3
-8
1
-10
-2
-7
1
-2
-6
-2
-5
-1
4
5
2
9
0
9
5
12
8
12
7
9
4
-3
3
-4
0
-8
3
-5
-3
-9
-6
-7
-7
0
-6
0
-6
0
-1
3
-3
3
10
13
13
11
12
1
5
3
1
-11
-3
-5
-13
-7
-10
-5
-12
-8
-6
-4
-5
2
1
-2
3
0
1
0
5
-3
2
0
-3
-6
-4
-4
-4
3
-7
-6
-3
-5
-9
-6
-3
-3
-3
-9
5
6
-5
0
1
4
0
6
-2
-6
-4
-8
-12
-16
-19
-22
-21
-22
-19
-18
-16
-17
-3
-6
-9
-3
-6
-6
-1
-8
-8
3
-6
-6
-3
1
-11
1
-1
-6
-10
-13
-7
-16
-16
-23
-14
-13
-10
-6
-11
-15
-16
-12
-8
-7
-13
-10
-13
-11
-12
-3
-10
-6
-1
4
13
7
13
7
15
7
6
1
7
7
13
15
7
11
7
16
3
12
6
10
11
18
19
13
17
15
18
9
18
13
4
3
2
-5
3
-6
-6
-6
-3
-2
-5
1
-2
8
1
7
-4
8
9
4
15
17
18
8
12
6
12
7
7
1
-9
-7
-13
-5
-13
-5
-4
-6
-5
-4
-4
-4
0
1
3
0
6
0
7
9
5
3
-6
-13
-6
-2
2
7
-3
7
-2
-2
-6
-6
-11
-8
-7
-15
-9
-12
-3
-12
5
0
0
2
3
4
3
2
2
3
1
5
6
8
4
0
-7
-4
-15
-7
-14
-8
-8
-12
0
-8
1
1
10
2
0
5
3
8
7
14
4
15
18
16
18
11
17
10
10
4
3
2
6
4
12
4
0
2
2
6
3
7
-1
5
1
11
6
12
14
15
17
21
22
10
20
9
15
3
6
1
5
7
3
6
-1
4
3
3
6
16
11
16
22
21
13
18
23
16
22
19
21
19
13
19
11
3
4
7
-6
-9
-6
-9
-6
-15
-5
-12
-9
-1
-2
-7
-10
-1
-6
-2
-3
-1
-6
-3
4
7
1
0
-3
0
1
-2
-2
-10
-10
-19
-18
-27
-24
-25
-25
-15
-16
-7
-9
-6
-7
-5
-9
-12
-12
-13
-17
-19
-16
-15
-22
-24
-22
-29
-19
-26
-26
-31
-27
-22
-25
-21
-24
-22
-29
-19
-25
-21
-20
-19
-19
-9
-6
-4
-2
-8
-4
-13
0
-15
-13
-15
-16
-16
-14
-9
-19
-8
-13
-8
-11
-6
-15
-18
-16
-10
-5
0
1
-5
1
-4
1
-3
0
-6
-5
-4
0
6
-1
6
2
7
12
14
11
13
11
10
12
10
16
9
10
14
14
4
13
15
20
21
21
22
18
19
17
21
13
16
9
8
9
11
12
7
15
10
13
7
9
12
9
10
16
12
13
22
15
13
13
12
9
11
13
17
15
19
21
14
9
13
13
9
13
10
9
10
18
8
14
12
13
18
14
15
6
18
12
9
10
15
3
3
3
-3
1
-1
-2
-3
4
0
3
-3
-2
-7
-9
-13
-17
-11
-18
-11
-13
-10
-5
-3
-8
-4
-6
-3
-6
-13
-14
-21
-12
-18
-15
-22
-13
-7
-7
0
-9
-12
-15
-4
-9
-8
-6
-6
-5
4
4
-3
5
8
8
3
9
0
1
1
1
7
4
10
2
7
7
7
7
-2
-5
-9
-5
-4
0
6
8
12
12
19
14
15
17
9
0
4
2
-4
0
2
11
7
13
19
15
10
10
7
4
-10
-12
-3
-4
2
9
18
21
27
19
22
9
1
3
-13
-14
-13
-5
-2
12
17
27
22
19
10
0
-7
-18
-14
-25
-14
-7
5
3
20
19
13
13
10
2
-16
-22
-30
-24
-26
-9
-2
11
14
22
26
18
13
1
-9
-24
-20
-31
-22
-22
2
2
10
12
8
9
-7
-14
-34
-37
-56
-45
-46
-35
-19
-6
9
4
14
8
3
-16
-22
-33
-31
-23
-18
-12
2
16
22
24
9
11
-6
-22
-26
-32
-31
-32
-19
-11
-1
8
15
23
13
7
3
-16
-23
-31
-28
-26
-19
9
17
26
29
35
25
15
5
-18
-32
-44
-40
-44
-31
-28
-9
-5
-3
2
1
-5
-15
-16
-32
-29
-26
-20
-14
-1
16
33
25
29
22
9
3
-9
-17
-34
-31
-35
-27
-26
-12
-7
-7
-5
-3
-6
-15
-13
-22
-25
-24
-21
-19
-7
0
15
22
19
16
11
15
-3
-5
-14
-11
-9
-11
-5
-5
5
-4
9
6
4
5
2
-3
-9
-4
-2
2
-2
9
6
16
5
13
16
6
-6
-3
7
-10
-11
-14
-1
0
22
7
18
20
13
14
-6
2
-10
-11
-11
-13
-13
-6
9
9
18
22
11
14
-1
-3
-11
-19
-29
-25
-17
-5
3
8
15
23
26
19
18
7
6
-7
-9
-12
-3
-5
7
16
24
29
26
31
11
9
-8
-9
-28
-23
-23
-17
-4
-3
18
19
27
20
25
13
13
2
-9
-10
-14
-6
-6
10
14
28
24
23
14
5
-6
-16
-18
-27
-18
-13
-1
4
17
26
31
28
23
21
6
2
-6
-11
-6
3
12
26
36
48
49
51
41
27
6
-12
-17
-31
-19
-13
3
12
31
45
46
48
39
25
16
9
-4
0
0
9
25
44
45
60
54
44
42
26
9
-7
-10
-29
-12
-12
1
7
19
32
27
29
16
15
0
3
-14
-8
-8
-2
16
15
32
38
36
30
22
6
-2
-18
-23
-31
-29
-20
-5
8
17
28
14
14
3
-3
-22
-32
-29
-43
-25
-25
-2
5
16
34
31
29
16
6
-14
-27
-39
-31
-31
-22
-18
-7
1
14
8
9
3
-15
-13
-34
-34
-36
-20
-24
-11
7
15
12
13
13
0
-4
-23
-29
-42
-40
-44
-39
-30
-11
-7
3
13
5
-1
-4
-16
-31
-32
-38
-29
-30
-18
-5
18
24
16
21
6
-3
-16
-19
-32
-42
-35
-34
-21
-18
1
5
9
12
11
7
-12
-22
-27
-19
-13
-16
-10
7
14
26
13
21
3
0
-6
-21
-22
-36
-16
-26
-12
-6
5
6
7
14
4
2
-10
-15
-15
-13
-12
-17
-2
16
20
29
30
24
20
20
-1
-8
-17
-18
-24
-20
-9
2
6
10
9
8
11
2
1
-18
-6
-19
-6
-8
13
16
20
35
19
34
17
15
0
-12
-18
-19
-23
-15
-14
0
1
9
8
10
12
1
9
-14
-6
-15
-10
-2
9
24
24
35
37
27
20
13
-3
-7
-23
-22
-25
-27
-21
-9
-5
-3
9
5
10
-3
-7
-17
-16
-19
-24
-10
-9
9
12
23
18
12
7
-1
-8
-20
-19
-29
-29
-28
-22
-19
-15
-8
0
-4
-6
-16
-22
-25
-24
-22
-25
-10
-10
6
4
13
9
9
1
-19
-7
-21
-23
-35
-26
-22
-22
-5
-7
-2
0
-3
-4
-4
-10
-12
-15
-16
-15
-8
-5
6
8
17
19
19
20
9
10
-1
7
1
0
3
7
14
4
15
12
10
7
6
2
0
3
-3
0
13
19
22
22
24
31
25
22
16
6
2
4
-3
-9
-3
-3
9
-2
4
3
0
0
-11
-2
-9
-6
-6
-6
-5
8
10
16
18
15
16
7
6
6
0
-7
-2
-2
-1
-5
2
-3
0
-6
-7
-5
-17
-6
-15
-11
-15
-7
-4
-3
1
-4
6
2
0
-6
0
-3
-4
5
3
3
4
8
12
13
25
27
22
26
19
24
16
24
22
19
25
17
25
11
13
14
16
17
13
15
15
24
17
21
16
15
17
10
11
7
16
13
21
25
18
22
13
21
20
21
21
21
22
19
17
17
12
10
12
10
15
6
12
5
3
-2
8
-4
-4
-4
-5
4
0
13
-4
9
6
8
8
11
7
9
3
7
-1
-4
-3
-16
-6
-17
-3
-18
-11
-16
-12
-21
-25
-19
-29
-19
-25
-16
-17
-8
-9
-3
2
-1
6
-3
0
-3
0
-5
-6
-10
-6
-8
-16
-9
-15
-12
-16
-16
-19
-15
-22
-16
-25
-18
-11
-16
-5
-13
-3
-7
2
0
6
7
11
9
6
6
-4
1
0
-1
-6
-9
-12
-9
-14
-12
-17
-10
-18
-15
-9
-13
-3
-4
1
0
5
-3
2
-2
3
0
-6
9
-1
3
7
6
-1
5
3
1
3
5
2
-9
2
-3
-6
-6
-4
1
-3
0
3
11
10
17
12
11
10
11
9
4
6
6
2
-3
3
-3
0
-4
-2
-6
3
-6
-3
1
-4
1
0
6
3
13
16
18
10
18
7
17
19
19
14
11
19
9
17
12
13
7
5
2
7
0
0
0
1
5
3
7
2
3
1
6
2
5
6
3
2
0
6
1
7
1
6
7
1
6
6
3
-3
-2
-6
-4
-6
-6
-10
-2
-3
5
4
-10
-9
-13
-6
-21
-14
-11
-6
-7
-13
-4
-13
-6
0
-5
-7
-6
-6
-2
-8
-7
-10
-8
-8
-9
-12
-15
-6
-14
-17
-16
-16
-17
-17
-16
-17
-15
-15
-12
-15
-17
-12
-16
-10
-7
-3
-6
0
4
-3
3
1
5
-3
3
-1
0
0
-3
-6
-10
-11
-11
-6
-2
-3
-6
5
-1
3
2
9
1
2
4
4
3
3
15
7
13
7
8
3
6
3
1
3
1
1
-3
13
1
7
5
4
-4
-6
-2
-14
-10
-17
-5
-14
-1
4
1
4
8
9
2
17
14
12
4
10
7
3
-2
-1
-3
-9
-2
-8
-12
-10
-4
-9
-7
-3
-6
-7
-6
-10
-6
-10
-9
-3
-6
-2
-6
1
-1
0
-7
-10
-13
-15
-13
-17
-12
-10
-7
-10
-13
-15
-17
-18
-15
-15
-14
-12
-13
-9
-10
-8
-7
-4
-1
-6
2
0
0
-6
4
-1
-2
-5
-12
-6
-2
-5
-10
2
-6
-4
-8
-4
-9
-13
-12
-9
-13
-13
-7
-6
-1
-7
-4
-9
-1
-2
-3
-3
9
0
10
16
14
20
12
16
13
20
10
20
16
13
12
12
9
7
8
3
13
7
3
3
2
-1
-4
-6
-5
-3
-6
0
-1
0
5
7
0
5
6
4
5
8
3
-2
9
4
2
1
-3
-3
-6
-3
5
5
6
10
10
12
10
17
12
16
19
25
23
25
22
19
25
26
23
21
25
21
25
20
23
24
15
12
14
12
9
6
12
7
8
13
12
7
7
21
19
22
21
28
23
29
29
30
30
30
32
25
28
26
18
10
16
2
6
3
5
3
3
10
4
3
-3
5
-11
-2
-7
-6
-7
-6
-4
-11
-3
-9
-1
-10
-4
-14
-8
-13
-8
-15
-23
-14
-28
-21
-26
-21
-28
-19
-23
-22
-19
-8
-12
-12
-4
-15
-6
-14
-6
-17
-11
-14
-17
-13
-17
-15
-22
-16
-29
-26
-31
-31
-33
-29
-25
-31
-25
-27
-26
-21
-17
-12
-7
-6
-8
-8
-4
-9
-9
-6
-4
-7
-3
-7
-10
-11
-12
-11
-9
1
-6
-4
-4
2
1
3
11
9
11
13
15
15
17
20
22
15
22
16
10
10
5
11
0
4
-1
-5
-6
-9
-3
-8
-4
-10
-6
-1
3
-1
3
7
-1
6
6
10
11
10
6
8
5
4
1
-6
-4
-12
-14
-10
-14
-15
-5
-5
-6
-3
-3
-4
-3
1
1
6
0
2
4
10
4
9
5
6
8
10
12
3
8
-6
-1
-2
-1
0
1
0
3
2
-2
1
0
7
13
13
13
18
14
13
10
10
4
5
11
6
6
-3
6
-2
-6
2
-4
-1
-7
0
2
4
10
9
7
7
10
12
15
9
15
14
13
11
9
9
6
5
3
0
6
0
0
3
1
-2
-11
-3
-7
-1
-6
-9
-8
-9
-4
-4
0
-7
0
4
6
7
7
11
9
13
13
12
13
7
3
6
8
0
2
-1
-2
4
-2
7
12
8
12
14
12
17
13
17
11
16
20
12
18
10
15
12
11
3
1
-2
0
-3
-4
2
-1
-1
-5
0
1
9
5
12
7
13
10
8
7
4
11
7
13
8
6
-3
3
3
6
0
6
-1
-3
6
-7
1
-14
-3
-6
-3
-4
-9
3
-6
2
-6
-1
-5
-4
-6
-9
-8
-12
-12
-16
-14
-12
-12
-12
-16
-22
-18
-22
-14
-17
-19
-15
-15
-19
-19
-15
-16
-13
-13
-3
-8
-3
-2
-5
-2
-6
-4
-4
-9
-11
-9
-9
-15
-13
-13
-18
-19
-11
-12
-12
-9
-12
-19
-13
-8
-4
-8
-5
-1
-5
0
-9
-4
-12
-5
-10
-9
-16
-22
-9
-18
-12
-19
-7
-9
-13
-16
-10
-18
-13
-9
-13
-13
-12
0
-10
-5
-10
-2
-14
-5
-2
-7
-6
-7
-10
-19
-12
-16
-17
-20
-16
-16
-12
-16
-12
-17
-7
-7
-6
-7
-9
-4
-8
7
-3
0
-8
-7
-4
-3
0
-7
-3
-3
0
0
3
4
7
2
7
7
-1
1
3
7
6
7
4
8
3
12
16
6
14
10
10
9
16
7
4
3
1
3
-3
-4
-3
-3
-2
0
1
13
5
17
11
14
8
8
13
9
14
3
9
9
8
5
7
1
8
2
2
1
8
9
4
3
2
6
4
9
7
9
3
6
1
6
3
7
4
7
9
14
9
3
7
-1
3
-2
3
0
6
2
4
-6
-4
-3
-4
0
-1
6
-3
7
0
11
5
9
3
5
7
4
10
3
6
3
13
7
7
4
3
0
2
1
1
0
-2
4
3
6
-1
9
4
10
10
13
14
12
18
6
16
8
9
7
9
15
8
4
0
9
5
13
9
13
12
10
13
13
15
13
9
4
13
7
10
8
14
5
12
7
5
9
6
9
-2
5
0
8
1
15
6
7
4
12
12
13
21
16
20
10
17
11
15
3
7
3
3
3
3
3
-3
0
-5
-3
-13
-3
-10
-10
-13
-11
-12
-14
-10
-16
-5
-8
-4
-4
-7
-5
-10
-7
-6
2
-2
-4
-10
-8
-7
-12
-14
-19
-16
-20
-16
-20
-16
-21
-16
-13
-5
-12
-10
-6
-14
-12
-11
-4
-15
-2
-3
-5
-8
-5
-10
-14
-11
-15
-15
-14
-11
-17
-10
-6
3
-6
1
-6
-6
-2
-9
-4
-6
7
3
8
12
20
11
13
15
14
9
9
5
-3
-4
-13
-6
-15
-11
-16
-15
-12
-14
-9
-13
-2
-7
-7
-1
-3
-4
0
4
4
12
16
15
13
13
8
2
4
6
4
1
0
4
1
1
4
3
4
3
6
7
9
10
8
7
12
3
10
8
3
2
1
7
1
4
0
-2
-4
-1
-1
-2
1
-4
-8
-6
-7
-7
-5
-1
-4
3
7
4
6
7
17
7
10
12
10
5
6
9
-4
4
0
-3
-6
-3
-6
-8
-14
-4
-1
-1
-4
-3
0
-5
4
-5
3
-3
4
3
-3
3
3
-3
-1
-3
-9
-2
-7
3
-12
-3
-7
-7
-7
-10
-5
-15
2
-16
-1
-2
-7
0
0
6
-6
2
1
-1
1
7
1
-3
-5
-4
-7
-8
-9
-11
-10
-14
-7
-6
-8
-11
-10
-3
-7
-9
-2
1
-1
-4
0
-2
-1
4
7
4
8
7
2
4
-9
-7
-9
-10
-1
-6
-3
-4
-8
-12
-8
-5
-12
-7
-7
0
-6
-10
-6
-8
-8
1
3
3
-4
-8
-4
-12
-6
-18
-9
-6
-10
-7
-10
-6
-17
-12
-18
-10
-6
0
-1
1
0
1
-1
5
9
6
13
10
10
-3
4
-4
0
4
6
2
2
-1
-4
-3
-9
3
-2
-4
-2
1
-6
2
6
5
3
2
2
1
7
4
13
11
11
13
12
13
11
9
14
17
9
7
7
7
9
13
10
6
10
10
18
18
23
17
10
19
13
13
13
17
8
12
12
10
8
6
9
15
12
12
16
7
8
11
12
9
12
9
11
12
18
19
23
23
19
24
23
26
27
23
21
28
22
24
17
15
17
15
13
17
11
12
7
13
15
6
7
6
6
3
16
4
3
6
2
0
9
4
5
3
6
0
-6
2
-15
-1
-3
0
1
2
-4
-7
-2
-1
-5
-10
0
-2
4
-6
3
-1
-1
-3
-10
-10
-6
-12
-16
-8
-10
-9
-8
-4
-5
-1
-4
-8
-5
-4
-12
-8
3
-7
-12
-13
-13
-16
-9
-12
-12
-8
-18
-3
-11
-10
-16
-13
-15
-19
-14
-20
-18
-19
-12
-17
-13
-12
-13
-16
-11
-15
-3
-7
-11
-7
-11
-7
-15
-10
-20
-19
-22
-18
-22
-22
-19
-13
-10
-15
-11
-13
-10
-11
-7
-11
-8
-10
-12
-9
-7
-6
-3
-3
-9
-5
-10
-6
-18
-14
-10
-15
-12
-15
-18
-17
-8
-20
-18
-16
-12
-13
-13
-3
-4
-2
-3
6
-4
1
0
4
0
-3
-1
-11
-5
-13
-11
-13
-9
-15
-10
-15
-14
-9
-9
-3
-4
-1
-5
0
-2
-1
-3
3
0
7
5
10
11
13
13
11
11
4
9
-2
2
-1
7
1
-1
3
-3
5
2
10
15
16
15
20
16
22
20
18
21
17
24
22
16
10
16
9
12
15
4
2
1
3
-6
5
3
0
-2
-9
-3
-2
4
1
3
4
9
6
8
6
12
10
12
8
3
3
4
6
4
5
1
9
4
10
6
3
7
6
7
14
9
5
9
7
8
6
5
9
9
4
12
9
12
0
-1
-10
-9
-6
-3
-5
-10
-5
-4
3
-2
2
-4
6
-1
12
11
8
6
8
9
0
11
1
2
-4
12
-5
-4
-6
-6
-3
-6
4
-5
2
-4
3
5
2
0
2
-7
1
7
2
4
5
12
3
9
8
7
1
-1
0
0
1
0
0
0
-1
-4
-2
-5
-3
-10
-6
-4
-9
-6
-9
-1
-3
1
-5
-5
-4
-5
-1
0
-5
-9
-8
-16
-7
-20
-14
-19
-12
-9
-10
-8
-16
-13
-15
-12
-15
-9
-14
-7
-6
-5
-9
-3
-4
4
1
-5
2
-2
3
-9
-2
-6
-8
-9
-7
-15
-11
-5
-7
-1
3
10
7
4
4
6
-1
7
1
5
8
-1
1
2
6
-3
0
-3
-6
-2
-7
-1
-12
-11
-12
-11
-10
-5
-1
-3
4
2
3
1
2
-4
6
3
5
2
7
7
5
3
-2
1
-7
-4
-12
-1
-3
-5
-3
0
1
-4
1
-6
-1
0
0
-6
0
2
4
4
5
6
3
8
3
8
4
6
7
-2
-1
1
-6
1
0
0
5
4
9
1
13
1
4
5
6
11
7
15
11
18
12
18
7
10
12
7
12
9
12
13
13
14
15
17
19
15
20
19
22
18
28
28
26
26
19
22
15
26
25
22
27
30
22
16
18
12
6
13
13
3
9
6
13
7
13
13
11
12
14
16
12
15
16
14
10
12
9
11
12
6
0
3
-2
-1
1
1
-5
-3
-2
-9
-5
-11
-5
-9
-4
-9
-9
-9
-7
-8
-7
-3
-4
-10
-5
-7
-17
-13
-22
-20
-31
-21
-27
-29
-31
-28
-28
-34
-25
-34
-32
-33
-26
-34
-28
-22
-21
-18
-9
-10
-15
-2
-11
-8
-11
-13
-18
-14
-21
-25
-22
-29
-18
-24
-16
-10
-13
-13
-10
-9
-7
-8
-8
-3
-7
2
-1
3
2
0
6
5
10
6
9
7
7
7
10
5
5
8
8
8
6
5
5
4
-4
3
-2
-1
1
11
11
11
11
7
9
2
7
12
11
-1
-1
-1
-5
-4
-7
-3
-7
-4
3
3
2
-1
-6
1
-2
0
4
1
3
1
7
0
4
1
10
5
10
8
-6
5
4
7
1
6
3
8
1
6
-1
6
6
9
18
9
13
9
12
6
13
12
16
10
12
13
11
7
4
4
-4
3
-2
0
0
4
-4
-3
3
0
5
1
0
0
3
1
6
12
9
11
9
7
3
2
-5
-8
-10
-9
-19
-11
-17
-23
-14
-21
-21
-22
-10
-12
-10
-10
-8
-12
-7
-1
-2
6
10
12
8
17
17
15
10
5
2
2
3
2
-3
0
-4
-9
-3
-3
-6
-9
-1
-3
-3
-4
2
4
13
10
8
6
6
13
7
11
13
10
1
4
1
-6
-7
0
-4
-3
-3
-5
0
-4
-2
1
5
6
16
10
14
10
16
13
18
18
13
18
13
17
21
22
11
14
11
13
7
10
0
6
4
0
1
-3
8
4
9
2
14
5
10
9
12
16
11
13
6
9
1
3
-6
1
-6
-5
-8
-10
-5
-12
-3
-11
-4
-15
-11
-12
-5
-3
-5
0
-7
5
-2
3
-6
-7
-15
-19
-18
-15
-14
-25
-28
-36
-35
-44
-30
-34
-35
-29
-32
-30
-25
-28
-29
-19
-19
-12
-17
-5
-10
-7
-12
-11
-13
-19
-13
-15
-10
-17
-11
-20
-17
-15
-14
-20
-16
-18
-13
-6
-10
-3
-6
0
-1
8
10
13
11
16
12
3
10
4
2
-1
0
3
-2
-3
7
1
-6
2
-2
-4
-9
-4
-5
-1
2
4
0
5
11
6
17
8
22
14
16
13
15
12
11
16
6
9
0
12
-1
2
-3
1
-6
-6
-6
-4
-2
-3
6
0
11
1
13
5
5
6
5
8
7
9
7
2
-8
-6
-6
-6
-7
4
-8
-4
-5
-6
-6
-3
-2
-9
-4
-9
-3
-6
-3
-11
-11
-3
-8
-3
-7
-4
-6
-6
-1
-7
-6
-13
-14
-9
-10
-5
-3
-3
3
3
3
0
6
1
8
3
-5
9
3
7
6
7
3
7
0
-2
-1
-3
2
9
9
5
6
4
6
3
7
2
3
-1
6
7
10
3
9
10
3
3
5
6
6
2
-3
3
-4
1
-6
1
0
3
5
4
4
5
5
4
6
2
8
6
9
7
8
0
6
0
-1
-3
-8
-7
-13
-13
-12
-7
-13
-4
-6
0
-3
7
11
7
12
7
14
7
14
9
8
10
11
13
12
11
5
10
4
3
-2
-3
-15
-13
-12
-20
-18
-15
-14
-13
-3
-4
3
3
13
14
14
16
19
22
20
21
18
25
12
18
11
13
12
8
7
9
10
7
12
4
6
7
9
13
16
18
25
24
28
22
22
25
25
31
25
31
29
29
28
28
16
12
13
9
7
5
12
3
3
9
10
7
6
15
9
9
13
17
10
10
16
15
15
14
18
11
6
1
4
-6
-4
-10
-6
-6
-12
-10
-13
-16
-18
-14
-22
-17
-20
-14
-15
-12
-16
-8
-3
0
3
3
10
-3
-1
-1
1
-6
-2
-2
-5
-3
-11
-14
-19
-12
-17
-16
-19
-12
-12
-18
-15
-17
-12
-15
-6
-8
1
-7
-6
-6
-6
1
-10
-10
-12
-6
-19
-9
-13
-12
-8
-8
-9
-8
-5
-7
-4
-15
-8
-10
-3
1
-1
-3
2
0
-2
4
2
-1
-4
1
-3
-6
-6
-11
-16
-9
-9
-13
-5
-7
-8
-6
-6
-4
-8
-7
1
-3
0
-1
2
6
8
10
7
8
9
5
1
-3
-2
-5
-2
3
-3
-2
1
-2
-3
6
1
5
3
8
11
5
12
1
6
1
9
-3
-3
-9
-12
-9
-17
-12
-9
-4
-9
-2
-9
-5
-8
-4
-1
3
5
6
8
-3
7
1
6
0
4
0
-1
3
-2
-9
-8
-10
-16
-13
-18
-13
-25
-14
-19
-23
-18
-25
-15
-22
-16
-19
-15
-19
-19
-15
-16
-13
-12
-10
-17
-11
-18
-13
-16
-17
-17
-16
-13
-16
-15
-18
-19
-16
-15
-19
-14
-17
-16
-20
-12
-11
-7
-3
0
4
1
6
4
5
-4
3
-3
0
-3
-6
-3
-3
-2
-2
2
0
9
7
3
5
2
0
4
7
6
6
7
10
10
14
7
15
16
9
21
13
18
14
13
10
12
6
6
9
-1
1
0
6
1
12
3
5
7
18
9
11
15
13
14
15
20
14
19
10
13
7
15
11
10
12
16
16
10
9
0
8
6
9
9
11
3
7
4
3
4
-2
14
7
9
4
5
0
4
10
7
4
3
8
-1
4
-1
7
-2
6
2
-6
-3
-4
1
-7
7
0
10
6
8
8
10
12
6
10
10
13
13
15
13
20
12
11
17
15
16
13
10
16
9
7
9
9
7
3
18
15
14
21
21
15
16
19
18
7
13
15
6
5
3
0
-1
12
10
12
3
7
-1
0
4
4
3
-1
3
-2
0
-3
-4
-9
-9
-5
-6
-13
-3
-5
-3
0
-6
-1
-5
6
-2
6
7
6
4
10
9
9
12
12
10
-2
3
0
2
-4
7
2
-1
-2
-11
-10
-13
-8
-16
-16
-19
-14
-13
-11
-8
0
-3
0
1
-6
3
-8
-4
-3
-3
-13
-3
-7
-16
-20
-25
-23
-35
-22
-28
-29
-38
-26
-25
-25
-27
-23
-15
-20
-11
-17
-12
-17
-11
-20
-13
-10
-13
-8
-12
-9
-18
-9
-18
-14
-17
-22
-23
-25
-25
-24
-23
-25
-17
-22
-16
-22
-11
-9
-14
-1
2
1
4
7
9
9
7
6
3
9
6
6
0
-7
-11
-7
-9
-22
-10
-6
-12
-12
-8
-9
-15
-9
-5
-3
3
10
7
14
15
17
10
15
17
11
10
6
8
-2
7
7
-1
3
6
-4
0
-1
-3
-1
-6
1
-3
6
1
9
3
10
2
9
7
0
10
0
7
1
9
5
2
-1
5
3
0
3
0
4
4
9
9
-3
-2
8
1
3
8
9
8
14
11
8
11
3
-1
-7
-4
-7
-12
-4
-16
-10
-13
-3
-1
-9
-3
-3
-3
-2
-1
-6
-6
-5
1
-6
-3
-7
-8
-9
-6
-3
-6
-5
-5
-1
-3
-1
-2
7
5
9
6
9
6
6
6
6
3
3
9
3
6
4
12
4
9
9
12
9
12
6
0
-1
5
-2
-3
0
-2
0
-1
6
0
13
8
15
11
23
19
19
16
18
18
16
29
22
30
24
28
14
15
4
6
6
0
6
-3
-3
-6
-5
-9
-4
-2
4
-6
2
3
-3
6
7
11
8
13
12
10
6
7
2
-8
-9
-10
-6
-7
-6
-7
-5
-13
-7
-7
-9
2
-3
-1
-6
6
-4
2
3
7
9
3
7
8
3
-7
0
-7
-8
-18
-10
-21
-23
-23
-14
-19
-16
0
-9
-1
-3
6
1
7
11
11
15
18
19
21
19
16
19
11
16
8
8
5
5
10
9
6
5
10
5
3
3
0
-4
-6
-2
-5
-6
-1
-6
-4
-3
-2
5
-3
-1
-3
-3
3
-3
-4
-12
-3
-10
-9
-7
-7
-17
-15
-12
-18
-16
-16
-9
-14
-13
-11
-7
-17
-8
-10
-9
-8
-7
-12
-10
0
-11
-14
-15
-11
-15
-5
-12
-6
-15
-16
-19
-23
-15
-22
-9
-10
-4
-6
-4
-4
-6
-6
2
7
-3
-2
-3
-2
-9
-10
-9
-3
-4
2
1
3
5
-1
9
0
6
0
7
5
9
18
9
14
7
10
3
10
6
3
3
2
1
1
-1
-4
-2
-6
3
4
6
3
10
15
20
15
15
19
15
16
13
22
17
9
15
14
8
4
2
-2
-1
0
-3
0
0
0
-4
3
0
-4
3
3
6
1
6
6
9
3
6
10
12
10
12
10
3
8
3
3
-2
4
-3
4
-3
-9
-6
-13
-10
-8
-8
-12
-10
-14
-12
-15
-5
-8
-9
-11
-3
-6
-6
3
-4
-3
-6
1
-5
-3
-8
-9
-13
-14
-12
-19
-12
-13
-8
-13
-12
-6
-7
-7
4
8
7
13
9
12
10
21
16
16
8
13
6
-1
6
-6
-4
-12
-11
-15
-7
-16
-6
-14
-9
-9
-6
0
-3
5
-2
7
-6
10
-1
8
7
13
10
4
19
6
10
3
6
1
9
4
9
4
6
8
2
7
2
7
4
6
6
12
7
13
12
11
16
11
9
9
3
3
6
5
20
8
12
14
7
16
10
12
9
8
6
3
3
1
6
8
10
10
18
18
21
13
14
18
18
15
12
9
13
16
11
14
6
11
6
21
13
14
9
10
6
4
10
1
10
-1
5
-5
5
-2
-5
-8
-1
-2
-9
-9
-14
-4
-13
-12
-13
-9
-20
-14
-11
-15
-12
-9
-6
-8
-2
-3
3
-1
2
1
2
3
-4
-4
-12
-8
-10
-9
-13
-16
-10
-14
-5
-13
-15
-18
-15
-15
-23
-20
-15
-9
-9
-6
-6
-6
-3
1
-2
1
1
-3
-3
0
0
-7
-5
-9
-12
-15
-14
-12
-15
-18
-14
-11
-18
-14
-13
-10
-8
-9
-3
-6
-3
-6
-6
-13
-11
-13
-19
-12
-17
-13
-13
-7
-10
-2
-3
-8
-1
-1
-6
3
4
1
6
0
9
-1
6
0
6
6
9
16
13
17
5
10
6
11
5
17
12
15
19
18
21
17
16
13
17
7
17
9
14
7
4
7
8
7
5
6
4
0
-4
5
-10
-6
-10
-5
-12
-7
-11
-18
-10
-17
-10
-21
-11
-9
-13
-8
-5
-9
-8
4
-3
2
2
3
-7
-4
-6
-9
-6
-7
-3
-9
-5
-8
-3
-2
-3
-4
3
7
6
6
10
14
10
14
19
16
10
19
11
11
10
12
5
-7
0
3
-2
-2
4
1
1
3
6
3
9
13
9
15
16
19
18
19
16
15
12
12
16
9
13
7
2
-3
1
-6
-9
-4
-9
-13
-12
-12
-21
-9
-9
-8
-8
-7
0
-3
0
6
5
2
6
8
6
-6
0
-3
-10
-7
-2
-9
-6
-5
-6
-2
-3
5
-1
6
-1
4
-2
-9
0
1
-1
-2
2
-6
-1
-4
2
-3
-1
1
6
0
0
4
0
7
6
16
7
13
0
-4
0
-6
-8
-5
8
1
10
3
6
7
1
7
3
3
0
-3
-9
-3
1
0
-4
-2
2
3
-3
-1
-1
-1
5
3
3
3
6
7
13
9
3
2
-1
-3
-3
-4
-3
-9
-7
-6
-3
-3
-9
-3
-12
-2
-4
-6
-8
-3
-7
-8
-6
-6
-7
-5
0
-7
-4
-10
-1
-6
-4
-4
-8
-20
-18
-25
-31
-26
-25
-21
-34
-24
-31
-26
-27
-25
-24
-24
-22
-19
-20
-14
-13
-23
-17
-15
-12
-13
-4
-13
-5
-10
-8
-5
-13
-5
-5
-2
-6
-1
3
0
3
9
10
8
7
14
9
5
17
8
14
9
17
12
11
17
9
15
1
15
4
7
5
2
4
-4
-1
1
-2
0
5
3
2
-2
12
9
9
10
21
9
16
16
19
21
12
25
9
13
7
14
7
8
6
6
3
-4
1
-8
-3
-9
-9
-15
-12
-8
-3
-1
-3
1
-7
-3
3
3
-1
-3
-7
-5
-2
-4
-6
-4
-7
-9
-4
-12
-4
-10
-6
-4
-13
-2
-8
5
-3
-4
0
2
1
7
8
8
10
6
15
8
15
10
14
0
2
-2
-6
-6
-9
-4
-6
2
0
0
0
13
3
15
19
18
20
14
18
10
15
7
7
5
8
7
6
-3
-1
-6
-3
1
-1
7
2
6
-3
3
-3
-6
0
0
-5
-2
3
-5
-2
-6
3
-7
-6
-6
-10
-9
-13
-6
-18
-13
-16
-22
-19
-13
-6
-8
-11
-9
-5
-6
-2
5
10
13
9
5
9
8
6
4
2
3
0
6
4
7
5
4
6
-2
7
3
2
7
4
7
3
7
3
14
9
11
12
10
12
7
16
6
17
12
16
15
6
5
0
-3
-10
-10
-8
-1
-2
0
-2
7
6
15
17
20
26
25
32
28
32
22
27
16
19
16
10
5
6
5
-1
8
4
12
-1
3
-5
-3
-2
0
0
0
3
4
15
1
11
4
10
7
8
4
6
0
0
-1
-13
-6
-12
-5
-11
-1
-15
-13
-15
-12
-14
-19
-14
-21
-11
-16
-9
-15
-1
-9
-10
-12
-14
-10
-16
-16
-25
-17
-19
-18
-15
-11
-21
-19
-15
-18
-13
-12
-9
-13
-11
-9
0
-6
1
3
7
2
3
9
6
10
5
10
6
4
-1
6
-2
2
9
2
1
-5
0
-4
3
4
6
5
9
12
7
16
15
20
17
22
20
22
23
25
23
16
22
12
16
4
11
6
2
0
0
0
-8
-2
-9
-11
-5
-6
-13
-8
-10
0
-6
-3
-6
-7
-8
-10
-9
-14
-4
-15
-10
-15
-13
-20
-20
-20
-18
-18
-17
-14
-19
-12
-18
-9
-7
-5
-7
-4
2
-5
1
-3
-1
-2
-4
-4
-5
-7
-8
-7
-9
-4
-13
-11
-13
-12
-18
-15
-18
-13
-17
-14
-10
-18
-3
-7
-1
-7
-6
-4
-2
-2
-5
5
-2
