SAMPLES:	24236
BITSPERSAMPLE:	16
CHANNELS:	1
SAMPLERATE:	16000
NORMALIZED:	FALSE
-9
-9
-8
-7
-6
-9
-4
-5
-4
-6
2
-4
3
2
-3
2
5
4
3
1
-1
6
-1
-5
-3
-4
-10
-12
-7
-15
-9
-12
-12
-17
-16
-15
-18
-10
-15
-11
-18
-9
-16
-11
-13
-7
-6
-6
-7
-9
-2
-12
-5
-12
-10
-15
-7
-18
-16
-19
-20
-22
-19
-15
-21
-14
-12
1
-4
2
-2
-4
-5
4
4
5
4
3
-2
-9
-4
-9
-12
-13
-3
-9
-6
-5
-3
-13
-11
-1
-9
-7
-5
-3
-6
-3
2
-1
4
-1
7
3
-1
1
-1
2
1
7
1
-1
-6
2
-9
-1
-1
3
1
0
2
0
5
-1
8
4
17
10
21
18
18
15
10
10
6
12
8
9
9
12
11
15
7
15
12
20
19
18
22
16
15
15
14
9
12
15
18
13
24
20
19
13
21
17
16
28
22
23
22
16
9
17
9
9
12
7
9
9
5
5
11
6
4
12
10
10
13
10
8
6
5
0
0
-6
-12
-6
-1
-3
-1
3
3
-2
3
0
-1
8
10
10
10
15
9
6
7
14
15
10
14
12
10
7
6
1
0
-3
-12
-13
-12
-16
-13
-12
-19
-13
-16
-12
-16
-19
-12
-14
-9
-14
-6
-10
-10
-3
-3
-8
-8
-10
-10
0
-13
-8
-13
-1
-7
-4
-1
-7
3
-5
2
1
-1
3
5
1
10
10
10
7
10
1
-4
0
-7
1
-10
-1
-8
-8
-9
-10
-7
-9
-3
-9
3
-4
-3
-6
1
-4
-7
-2
-6
0
-3
3
-2
4
-6
4
-2
-1
-2
-1
1
-5
0
-3
-1
-7
-5
-10
-7
-6
-3
-9
-9
-7
-3
-2
-9
-6
-9
-9
-9
0
-4
-9
-6
-8
-2
-8
-6
-3
-5
-3
-3
-3
-2
-10
-10
-5
-10
-9
-13
-7
-10
-6
-7
-8
-8
-6
-6
-6
3
-6
-3
-10
0
-7
-3
2
-3
-4
-4
-3
-6
2
-3
0
0
4
-1
7
4
12
15
11
17
6
15
14
11
7
10
6
0
1
7
0
1
-3
-5
2
-4
6
1
3
-3
-1
-7
-12
-6
-6
-5
-6
2
-1
-3
7
6
-1
3
3
2
-3
0
-3
-6
-4
-10
-12
-13
-14
-16
-11
-9
-4
-6
-7
-6
0
1
2
5
1
11
-1
-2
-9
-12
-9
-14
-4
-12
-8
-12
-8
-8
-8
-7
-10
-9
-8
-4
-5
0
1
4
0
1
-2
1
-1
2
-1
-3
3
1
-6
-10
0
-7
-9
-6
-7
-7
-5
-6
-3
-8
-5
-2
-1
9
6
9
7
17
13
19
21
17
22
23
18
12
20
14
18
16
22
13
21
21
12
13
8
3
10
3
1
-3
-2
1
-3
11
2
12
7
10
6
16
8
2
5
3
4
-3
3
-6
-10
-13
-9
-12
-9
-11
-8
-9
-9
-3
-4
3
2
9
12
12
11
10
13
13
14
16
10
10
11
6
13
6
12
3
-1
-3
-6
-1
-7
1
-2
6
2
12
9
11
10
19
24
19
17
13
22
14
18
8
7
-1
5
1
1
8
2
4
-2
9
4
5
7
10
13
10
10
9
3
8
7
11
13
12
22
13
16
10
10
8
11
6
5
5
5
10
3
4
-1
2
-8
-3
-6
-7
0
-8
-4
-1
5
4
3
6
4
3
3
0
-2
1
-2
0
-2
-2
-9
-13
-9
-12
-13
-16
-10
-19
-12
-15
-13
-15
-12
-10
-13
-11
-11
-7
-7
-5
-12
-5
-8
-8
-6
-7
-15
-14
-16
-20
-19
-26
-22
-28
-26
-27
-23
-23
-22
-23
-20
-19
-15
-10
-17
-12
-16
-17
-13
-11
-15
-17
-22
-18
-16
-23
-21
-19
-15
-15
-11
-12
-16
-13
-10
-8
-10
-8
-6
-3
-2
3
0
3
2
0
3
-6
-6
-6
-5
-2
0
-4
4
0
-1
3
-5
0
-6
-3
-5
3
1
4
6
5
6
-1
6
9
6
6
11
9
1
-2
-1
-9
-9
-3
-5
-9
-9
-2
-6
-7
-8
-6
-2
0
0
0
6
10
6
7
6
10
8
6
9
14
10
13
9
7
10
4
6
-1
7
-1
3
4
-4
-2
-3
-3
2
1
4
8
3
12
4
11
12
19
15
13
16
8
14
10
10
4
5
5
4
-1
-6
-8
-9
-14
-11
-11
-16
-10
-23
-13
-8
-10
-15
-10
-7
-13
-6
-10
-10
-7
-2
-6
-1
-2
-2
-6
-7
-1
-2
-4
-1
3
0
6
4
4
7
2
4
1
2
4
0
3
0
-4
1
-7
-4
-4
-4
-2
-9
-5
-3
-1
2
-1
2
-1
-5
0
0
6
9
11
12
7
10
9
8
10
12
11
7
6
7
5
6
9
2
12
7
13
11
5
9
6
4
4
7
6
5
2
9
6
8
4
10
13
8
7
-1
0
-3
-1
-4
3
-2
0
6
7
3
6
5
4
6
6
12
6
12
10
14
20
16
11
13
8
11
5
0
3
-5
0
-3
-1
-2
-2
-1
-3
1
0
9
7
9
9
10
7
2
0
1
1
-8
-3
-3
-1
-8
-4
-8
-9
-13
-21
-15
-15
-10
-15
-13
-18
-21
-17
-17
-14
-5
-6
0
6
3
3
5
4
-3
14
8
6
4
3
0
0
2
-8
0
-3
-2
-1
-3
1
3
4
6
4
7
6
13
10
12
13
7
15
14
18
18
22
11
16
17
13
8
11
7
7
6
6
12
11
16
7
11
8
11
4
9
12
9
7
15
9
3
12
10
22
17
19
17
21
20
21
17
20
19
13
13
15
14
3
16
12
13
9
13
14
6
10
6
10
8
11
12
13
9
11
13
15
12
7
10
-3
0
-10
-4
-4
-14
-8
-4
-3
-6
3
-5
-5
0
0
1
5
2
0
-3
-1
-3
-6
-7
-11
-16
-16
-6
-15
-12
-11
-17
-22
-19
-16
-23
-22
-19
-13
-17
-10
-15
-20
-18
-10
-11
-9
-4
-7
-6
-6
-6
-9
-12
-14
-10
-19
-22
-28
-23
-28
-23
-17
-23
-22
-22
-20
-26
-20
-24
-23
-22
-21
-19
-26
-20
-24
-24
-20
-18
-18
-9
-8
-13
-10
-12
-3
-8
-2
-11
-9
-9
-7
-5
-11
-3
-16
-12
-16
-13
-18
-16
-19
-17
-19
-17
-20
-25
-21
-27
-18
-23
-18
-25
-21
-24
-22
-16
-22
-18
-14
-13
-12
-14
-15
-9
-13
-6
-3
-6
-8
-1
-1
-3
-4
1
6
1
7
-1
2
6
2
-3
-2
3
2
6
1
6
4
8
15
13
14
16
18
19
22
21
18
20
22
18
22
19
19
15
14
15
10
18
17
24
21
22
23
18
24
25
21
23
29
24
26
33
35
32
28
31
28
21
24
26
23
18
19
13
16
16
10
16
10
5
4
12
6
9
18
22
26
25
26
23
24
32
26
28
20
16
12
3
12
1
6
0
4
4
10
6
5
10
5
13
4
0
-9
-1
-4
6
-1
0
5
-4
2
-1
8
-6
-2
-6
-13
-13
-13
-9
-10
-10
-13
-16
-18
-20
-21
-17
-22
-10
-13
-10
-15
-11
-8
-15
-6
-10
-6
-14
0
-7
-5
-9
-9
-8
-15
-6
-15
-13
-14
-9
-24
-17
-19
-17
-19
-16
-15
-26
-18
-22
-23
-26
-16
-12
-13
-8
-4
-8
-2
-3
-3
-5
-5
-8
-17
-15
-18
-17
-14
-10
-6
-9
-7
-5
-10
-3
0
-2
1
0
3
8
1
4
5
3
2
-3
-2
0
-6
-2
0
-2
-1
-6
2
-7
3
0
0
-2
-6
0
2
2
2
10
7
13
13
17
7
12
8
9
6
2
-1
-3
3
-1
-3
-10
-2
-6
-7
-3
5
-3
0
2
9
10
5
16
10
7
11
15
18
19
16
18
19
13
14
17
11
3
9
6
2
2
-3
6
5
4
0
1
7
4
3
3
6
12
16
17
21
20
21
16
23
15
15
13
11
10
3
1
-5
1
-5
-4
-6
-7
-4
1
-6
0
2
-1
-4
0
7
-2
5
1
1
3
0
7
11
13
10
13
11
6
6
4
3
3
3
2
4
3
9
6
11
10
13
17
13
19
9
18
15
15
13
8
9
10
12
9
12
9
9
3
8
-1
1
-1
-5
-1
0
7
-1
6
5
8
0
3
3
0
2
0
4
3
-4
-8
0
-4
-1
-6
-2
-7
-14
-5
-10
-7
-17
-12
-11
-15
-13
-21
-22
-22
-19
-20
-18
-18
-19
-23
-28
-25
-25
-26
-27
-31
-24
-26
-25
-18
-22
-15
-19
-14
-16
-14
-13
-7
-10
-12
-8
-9
-7
-9
-5
-15
-8
-18
-18
-18
-14
-18
-19
-13
-20
-19
-23
-9
-18
-17
-14
-12
-10
-12
-9
-9
-7
-2
-1
1
-1
-4
-3
-3
-4
-5
0
-1
-3
-4
-7
-6
-11
-13
-16
-13
-12
-9
-9
-14
-14
-16
-7
-10
-1
-3
0
3
0
3
-8
3
-5
-1
-6
-3
-3
-4
-6
-5
-1
-2
10
5
9
7
5
-2
7
0
6
2
8
10
12
15
11
13
9
25
13
22
17
15
14
11
7
1
3
-2
3
-4
5
4
2
6
6
6
3
6
5
3
7
4
4
6
7
9
10
9
9
11
10
6
12
12
13
12
13
15
10
9
8
11
8
10
5
5
8
7
8
5
3
5
5
3
5
0
1
1
6
3
7
7
7
6
5
8
13
15
7
12
14
16
13
15
9
8
12
12
9
10
9
3
3
3
1
1
3
0
-6
-10
-7
-14
-8
-11
-2
-4
-6
-3
0
6
-5
3
1
4
0
3
0
-3
-2
0
-3
-5
-11
-9
-13
-15
-9
-15
-7
-14
-4
-6
-1
-8
-2
-5
-7
-6
-10
-5
0
9
0
5
5
3
-2
11
11
14
14
15
10
3
5
4
8
7
10
9
10
5
13
10
5
11
5
12
6
4
7
4
1
2
5
-5
3
-7
-7
-11
-5
-9
-9
-6
-10
-4
-12
-6
-9
-7
-12
0
-6
-1
2
3
3
2
4
-2
7
-4
0
-3
-2
-6
-5
-8
-9
-12
-11
-13
-19
-18
-18
-18
-27
-17
-15
-12
-17
-13
-16
-15
-14
-14
-13
-10
-5
-11
-10
-9
-7
-9
-2
-6
-3
-4
-7
-1
-6
-5
-5
-5
-1
-3
3
3
0
-3
-9
-6
1
4
6
6
9
12
9
8
1
-3
-10
-2
-9
-3
-5
-8
-10
-13
-5
-9
-3
-9
-6
-9
-4
-7
-6
1
4
-1
5
4
8
6
9
15
10
13
12
19
10
12
7
3
-1
-1
6
0
0
0
3
1
0
-3
-4
-3
2
3
6
9
12
20
16
17
15
13
10
11
11
9
12
9
13
10
9
13
11
7
9
7
8
10
12
11
11
11
10
16
7
11
9
17
20
12
14
7
7
6
8
0
-4
-3
-2
0
0
0
3
-2
-2
2
-3
-3
-3
2
0
1
0
1
0
6
1
-2
0
6
-2
-7
-2
-3
-8
-12
-7
-12
-9
-8
0
-8
-7
-13
-9
-10
-13
-9
-11
-3
-9
-3
-10
0
-7
-1
0
0
-3
-4
-2
-12
-14
-9
-6
-9
-1
-6
-4
-13
-10
-16
-15
-10
-13
-3
-4
0
-2
-7
-6
-3
-4
-3
-4
-4
-4
-10
-6
-12
0
-8
-9
-14
-16
-12
-15
-7
-13
2
0
-1
0
3
-3
2
-2
3
3
3
10
4
6
-1
8
-2
3
0
1
1
-1
5
-4
7
0
5
6
9
4
1
4
4
6
3
9
6
7
3
8
7
-1
3
-6
-5
-1
-3
-3
-6
-2
-1
-4
-3
-4
-3
-3
1
-2
0
4
2
3
0
11
12
13
9
10
7
3
3
1
3
-2
0
0
2
-2
0
2
-1
-1
-2
-5
-6
-7
-9
-4
-12
-4
-5
-2
-7
-3
-2
-1
5
1
5
0
10
3
2
4
4
-3
1
0
-7
3
4
6
7
12
7
19
13
19
17
15
23
19
22
19
19
16
20
19
15
8
11
8
-3
-3
0
0
-7
-3
-6
-8
-6
1
-1
0
3
0
3
4
9
9
14
12
12
14
10
4
0
-3
0
4
-2
0
-3
-4
-7
-6
-7
-6
-9
-3
-2
-3
0
2
7
4
5
5
6
7
6
7
7
-4
-6
-7
-1
-1
-6
-8
-9
-6
-4
2
0
5
3
3
0
1
1
2
4
4
10
10
9
8
8
6
9
10
13
3
6
-3
0
-2
-8
-2
-11
-3
-12
-8
-9
-13
-15
-13
-8
-7
-13
-9
-8
-10
-3
-6
-7
-15
-5
-10
-10
-11
-10
-6
-9
-3
-9
-4
-11
-11
-5
-8
-15
-9
-12
-18
-15
-15
-13
-20
-6
-12
-6
-7
-6
-9
-12
-12
-13
-7
-13
-9
-15
-12
-18
-15
-18
-16
-16
-14
-16
-16
-18
-16
-12
-12
-1
2
9
0
1
-6
0
1
-2
3
4
7
5
10
4
0
0
4
0
-6
-3
-9
-9
-6
-5
-3
0
-3
0
9
11
10
3
8
10
7
7
9
2
1
0
3
3
0
13
2
6
3
10
7
7
10
4
9
3
10
2
12
10
15
12
15
15
16
22
20
21
19
17
10
16
15
18
12
19
11
14
20
25
26
22
23
15
20
23
24
19
22
17
14
19
16
4
3
9
1
1
-1
-1
0
5
5
5
9
6
6
7
8
0
7
9
5
7
6
6
10
6
3
9
0
12
6
7
7
1
2
-1
3
-3
5
-3
3
0
-1
-3
2
5
1
3
-1
12
0
5
10
14
13
12
20
14
10
2
0
-1
-1
-1
-7
-1
-3
0
0
-11
-8
-11
-4
-6
-5
1
-1
-3
-2
-4
-2
-2
-4
-3
-5
-4
-10
-7
-13
-10
-13
-13
-10
-14
-17
-10
-12
-4
-6
-13
-4
-7
-3
-12
-8
-15
-10
-16
-11
-9
-13
-13
-15
-8
-7
-3
-11
-4
-8
-3
-6
-4
-4
-10
-12
-11
-10
-13
-13
-13
-13
-17
-13
-14
-16
-16
-12
-6
-14
-13
-7
-12
-14
-9
-10
-8
-14
-12
-7
-11
-6
-11
-1
-6
3
3
2
-1
-3
6
-8
3
-3
1
-6
-1
1
2
2
1
1
-6
-6
-11
-5
-13
-15
-15
-16
-16
-16
-17
-13
-13
-5
-6
-7
-6
-11
-8
-11
0
-6
0
1
4
3
1
2
-2
-9
-6
-6
-10
-7
-11
-8
-11
-5
-6
-4
-6
-5
-6
1
3
-7
0
-7
-4
-5
-6
1
-6
-6
-8
0
-5
-12
-11
-11
-10
-9
-5
-14
-7
-16
-7
-10
-7
-3
-4
-1
-1
-1
-4
-2
-3
2
0
9
-3
3
-3
3
-4
1
2
-3
1
-3
0
-8
-3
-6
1
-5
5
-3
-3
0
4
14
11
19
19
19
18
22
22
25
22
26
27
26
35
35
36
32
35
30
34
31
26
28
19
23
18
18
17
14
15
13
19
14
15
17
16
13
15
17
21
20
15
16
17
13
16
17
18
18
16
18
9
19
13
13
9
10
10
8
17
12
12
6
11
12
6
6
0
-3
-4
-9
-2
-9
-6
-12
-6
-3
-10
-10
-15
-18
-12
-3
-3
0
-2
4
-2
3
-3
4
-1
2
7
3
6
1
-1
-13
-4
-18
-10
-19
-24
-23
-26
-25
-24
-24
-24
-20
-19
-12
-18
-16
-15
-8
-10
-1
-3
-5
-4
-5
-3
-10
-8
-13
-7
-11
-10
-10
-9
-13
-14
-9
-9
-4
1
1
-5
2
-6
-3
-2
1
0
-6
-1
-12
-7
-8
-10
-15
-14
-16
-19
-15
-14
-13
-12
-7
-12
-12
-13
-12
-12
-2
-10
-12
-9
-16
-9
-13
-4
-7
-5
-4
-7
-7
-5
-7
-9
-6
-8
-9
-18
-16
-18
-18
-16
-16
-18
-18
-15
-16
-16
-16
-14
-10
-10
-6
-7
-7
-3
-6
-3
-3
0
-4
-1
-2
-9
0
-4
-2
-4
-6
-3
-13
-7
-12
-9
-11
-8
-10
-10
-7
-12
-8
-10
-1
-2
8
-5
5
5
5
7
4
0
-4
-2
-6
-1
-13
-4
-11
-9
-6
-5
-5
-1
-1
3
6
9
6
10
18
10
16
13
16
10
13
11
10
6
5
12
3
0
1
1
-7
-1
-3
-8
-4
-3
-4
-1
0
1
-5
-5
4
0
8
10
7
13
10
7
3
9
3
2
5
4
7
5
0
3
7
7
13
8
6
2
5
9
12
7
12
21
24
22
19
25
19
18
16
16
15
19
23
18
12
24
19
18
18
18
18
13
13
6
14
17
20
19
19
19
23
19
26
27
22
22
21
18
15
14
6
8
7
13
9
13
5
16
11
12
16
4
13
4
3
4
9
7
15
10
15
14
15
11
5
6
8
13
9
7
0
6
-3
4
1
4
4
-3
-1
3
2
2
5
0
7
6
7
6
10
3
3
4
-5
1
-5
7
1
-1
6
-2
0
-3
-2
-13
-3
-5
-2
-3
-6
-9
-11
-4
-6
0
-8
-4
-13
-9
-9
-6
-3
-2
-1
-3
-6
-9
-7
-13
-5
-15
-9
-5
2
-4
-3
-1
0
2
1
0
-4
0
-3
-1
-7
-3
-6
-3
-10
-7
-13
-14
-16
-16
-14
-18
-12
-16
-12
-17
-11
-20
-10
-6
-14
-10
-10
-6
-13
-2
-2
-3
0
-3
3
0
-2
0
-4
-2
2
-6
-7
0
-3
-6
-9
-1
-5
1
3
5
1
7
11
10
6
4
6
4
12
5
7
-1
2
-6
-4
-5
-4
-10
-11
-11
-8
-7
-2
-1
-9
0
-11
0
-7
-1
0
0
4
1
3
9
9
0
4
4
6
-3
0
-5
-6
-13
-15
-16
-18
-12
-16
-13
-15
-10
-13
-18
-12
-14
-6
-1
-6
3
3
7
8
6
10
7
10
4
5
7
8
9
4
5
3
3
3
-1
-4
-7
-6
-9
-9
-16
-12
-9
-13
-8
-6
-3
-1
5
7
7
3
3
-3
-2
-3
-6
-3
-5
-12
-13
-19
-16
-15
-18
-16
-13
-9
-15
-4
-8
-6
-6
-3
-5
-4
-7
-2
-7
-6
-7
-3
4
2
12
0
6
-2
-3
-9
-7
-10
-10
-7
-10
-10
2
4
1
9
6
17
10
15
14
13
6
6
6
1
6
0
7
0
3
1
0
-1
4
5
2
3
-7
-2
-1
3
-1
6
2
8
15
12
11
10
16
12
17
10
15
8
9
9
4
4
4
5
4
8
3
6
-2
3
9
11
5
5
3
7
12
10
18
9
11
15
17
13
12
6
3
4
6
10
11
13
5
9
8
6
6
10
13
14
21
18
20
22
19
19
16
21
18
18
20
12
11
16
4
3
-7
-2
-9
-11
-6
-12
-10
-19
-9
-17
-10
-9
-7
-3
1
-3
3
9
4
5
6
8
-7
-5
-8
-1
-9
2
-6
-3
-6
-6
-8
-21
-12
-21
-12
-12
-16
-15
-8
-11
-10
-12
-6
-5
-9
-6
-12
-9
-16
-16
-19
-16
-19
-24
-22
-23
-20
-22
-21
-24
-18
-22
-16
-17
-13
-11
-9
2
0
7
4
7
-1
2
-1
1
7
7
9
1
6
-3
1
-7
-8
-10
-8
-8
-10
-10
-7
-7
-9
-3
-2
3
-2
4
3
7
9
11
11
6
6
6
4
4
10
8
6
3
2
3
-1
-3
-2
2
2
0
-3
0
5
-2
6
2
7
9
4
7
-5
-1
2
8
-1
3
-2
-9
-6
-11
-11
-15
-9
-12
-9
-16
-10
-17
-14
-7
-12
-6
-7
-4
-7
-3
0
6
6
1
-1
0
-3
-1
0
1
-3
-2
-4
-7
1
-6
-3
-4
0
-6
0
0
-4
-3
-2
-3
-9
-3
-12
-3
-9
1
-6
-4
-2
-9
-2
-9
3
-9
6
3
10
8
13
16
15
18
20
24
15
19
21
24
20
27
19
26
26
22
17
16
6
-1
8
2
10
12
3
0
0
-1
4
4
4
3
7
2
12
14
7
15
19
15
14
19
17
12
16
19
20
21
19
16
13
16
15
18
13
16
12
18
8
12
3
7
9
6
11
3
12
2
14
5
11
8
4
5
8
4
3
6
-7
3
1
7
2
9
2
2
-2
3
0
-6
1
-5
-10
-12
-7
-18
-8
-12
-7
-12
-15
-15
-20
-15
-20
-20
-24
-22
-28
-25
-19
-24
-27
-26
-24
-26
-25
-19
-12
-16
-8
-6
-9
-10
-12
-5
-4
-1
-1
-3
-5
-9
-11
-13
-16
-14
-13
-17
-11
-13
-7
-11
-6
-12
-6
-5
-4
-6
-5
3
-3
-1
-6
2
2
-1
-3
0
0
2
-6
1
3
0
-1
0
2
-7
-3
-6
-4
-3
2
3
4
2
4
0
3
5
5
10
3
3
1
2
-3
-3
-7
-6
-10
-11
-11
-16
-16
-10
-6
-16
-10
-11
-15
-18
-19
-23
-16
-18
-12
-14
-12
-10
-9
-2
-11
-1
-6
0
-9
-1
-8
-11
-8
-3
-4
-11
0
-4
-1
3
2
-2
-1
1
7
1
5
5
5
6
9
4
-1
5
3
3
0
4
6
6
4
6
5
7
13
7
10
6
6
7
2
3
-1
2
-2
1
-3
3
3
5
9
7
6
0
-2
-1
3
-6
-4
-13
-1
-2
1
6
9
9
3
6
3
6
3
8
7
7
7
11
2
3
-6
-7
-11
-14
-6
-12
-7
-16
-7
-13
-4
-4
-4
2
-1
-3
-6
-2
-14
-10
-10
-8
-11
-3
2
-5
-1
5
2
2
3
0
4
1
3
8
2
5
1
1
-3
3
0
0
7
6
7
4
13
14
12
7
15
6
13
10
19
17
16
17
16
19
9
16
11
20
13
24
15
12
15
19
19
19
21
22
24
17
27
20
28
29
33
27
33
26
26
29
23
28
22
22
16
16
8
13
9
10
4
7
7
7
12
6
12
12
13
13
16
15
16
13
16
22
13
13
11
12
15
16
13
10
10
9
10
4
2
4
-1
5
6
2
8
7
8
7
4
7
2
2
-3
-1
0
5
3
0
2
-3
-4
-10
-6
-6
-7
-4
7
1
-2
-3
-6
-1
4
3
5
3
6
3
5
2
-6
-4
-8
-5
-12
-4
-14
-12
-12
-12
-16
-13
-16
-13
-13
-21
-13
-22
-16
-18
-13
-21
-14
-18
-17
-19
-11
-9
-11
-5
-5
-6
-9
-4
-15
-7
-12
-8
-11
-9
-11
-12
-7
-10
-12
-19
-10
-20
-13
-6
-13
-12
-14
-8
-13
-8
-10
-13
-12
-13
-14
-12
-10
-15
-13
-22
-21
-26
-25
-24
-29
-28
-23
-20
-24
-26
-23
-19
-26
-19
-19
-9
-4
-6
1
-2
-9
-3
-1
-6
-4
-6
-1
-5
-6
-6
-6
-9
-7
-6
-7
-7
-4
-8
-5
-6
-9
-2
-7
-2
-3
0
-4
-4
-1
0
-4
3
4
2
6
4
6
6
4
1
7
0
-2
-1
-8
-4
-4
2
-3
-3
1
-1
3
-7
-1
-11
-5
-7
-3
-3
-7
-6
-6
-4
-6
4
-9
-3
-8
-3
-8
-2
-6
-2
0
-5
-2
-2
0
-3
3
3
10
4
10
3
13
11
16
12
9
13
9
15
6
12
4
13
16
21
23
23
24
20
22
24
27
29
29
28
25
22
22
22
18
20
21
19
19
19
16
18
19
13
12
10
11
7
15
8
9
9
11
11
17
25
23
28
23
32
23
24
24
21
13
13
14
8
6
6
4
0
3
-1
6
2
0
7
4
4
3
2
2
-1
5
2
-2
-5
0
-1
-2
-3
-6
-2
-9
-4
-7
-8
-7
-4
-6
-9
-6
-9
-9
-8
-6
-5
-3
-5
1
-4
-1
-4
0
-6
-3
-5
-7
-4
-9
-10
-16
-7
-13
-7
-13
-7
-15
-16
-11
-11
-13
-13
-16
-16
-13
-18
-10
-14
-9
-12
-3
-2
-2
-3
-1
-6
-9
-8
-13
-12
-10
-7
-14
-10
-9
-13
-10
-9
-8
-15
-14
-16
-19
-15
-16
-11
-9
-3
-6
3
0
1
-1
-1
-6
-7
1
-3
-2
-2
0
-9
-10
-16
-10
-15
-10
-7
-7
-9
-10
-4
-6
-4
-1
-1
-4
5
0
3
3
3
0
9
8
4
0
-10
-6
-10
-1
-4
3
1
2
-1
-2
-3
-5
1
-1
3
4
5
-3
2
-2
-4
-3
-4
0
-9
-5
-10
-14
-7
-3
-5
-5
1
1
-4
2
2
0
9
12
12
8
13
12
15
14
12
5
8
10
10
13
6
15
6
6
5
3
0
-3
2
-2
5
-1
6
1
-2
1
-3
0
1
7
9
4
5
4
1
3
-2
11
4
-1
-6
-3
-5
-7
-1
-7
-3
-7
-2
-6
-5
-6
-4
-6
-9
-2
-5
-3
-5
3
-6
3
3
0
-3
-10
-3
-17
-9
-8
-6
-11
-7
-5
-14
-13
-13
-10
-10
-10
-7
-2
-7
0
3
5
3
-1
5
3
5
7
4
3
6
6
1
1
5
6
10
4
1
7
2
0
4
6
2
1
4
7
8
15
12
10
13
12
13
16
12
8
13
10
17
19
18
19
18
19
18
12
24
19
19
21
21
22
20
24
19
22
18
18
19
22
19
22
16
19
13
12
10
7
11
11
13
4
10
6
5
3
4
-5
-7
-2
-5
7
2
9
4
7
14
19
10
6
13
3
5
1
6
-5
-3
-3
4
4
1
1
-8
2
-6
3
-6
-1
-2
0
-1
3
3
0
6
1
6
0
1
0
1
-8
-2
-10
-1
-5
-8
-3
-10
-14
-16
-9
-18
-10
-8
-2
-7
-3
0
-2
4
3
7
6
9
9
6
1
3
2
0
0
1
-1
-4
-8
-9
-7
-16
-9
-8
-9
-3
-13
-10
-22
-15
-15
-17
-17
-18
-13
-16
-14
-14
-12
-18
-13
-17
-15
-17
-12
-11
-11
-11
-10
-6
-11
-10
-10
-7
-13
-11
-15
-13
-12
-4
-8
-4
-7
-8
-13
-20
-7
-15
-11
-15
-6
-15
-13
-6
-5
-7
-8
-3
-5
1
-1
7
9
9
10
10
4
-4
1
3
4
1
0
-2
-3
-3
-2
-5
-5
-1
-7
-4
-4
-8
-10
-5
-10
-2
-3
-8
-4
-5
1
-2
-4
-12
-6
-6
-5
-7
-10
-12
-12
-16
-16
-13
-20
-17
-20
-13
-18
-22
-18
-17
-20
-14
-13
-12
-13
-9
-14
-14
-12
-12
-15
-17
-15
-19
-15
-19
-15
-25
-25
-22
-28
-31
-31
-27
-29
-20
-26
-20
-23
-15
-19
-19
-14
-15
-9
-10
-9
-5
-5
-4
0
-11
-3
-12
-6
-9
-11
-13
-14
-7
-13
-10
-13
-7
-16
-13
-10
-10
-14
-15
-9
-10
-9
-7
-2
-4
7
7
10
6
9
8
15
17
11
24
15
20
16
27
29
21
23
21
16
19
24
22
25
27
27
23
29
28
34
31
34
35
35
32
38
38
34
38
31
34
26
36
33
34
28
31
32
25
27
28
34
27
34
34
36
26
24
27
22
23
27
23
20
28
18
16
14
11
10
14
19
19
18
19
18
15
18
16
19
15
19
16
16
19
16
23
18
30
24
26
19
18
13
0
6
0
9
-6
3
-3
-6
2
-3
1
2
6
0
3
3
11
6
12
6
9
3
3
6
-3
0
0
-5
-9
-5
-6
-4
-6
0
-4
2
3
7
6
0
3
-4
-3
-4
-2
-7
-5
-7
0
-3
-6
-5
-6
-4
-13
-7
-6
-6
-11
-9
-11
-10
-7
-10
-3
-12
0
-3
-9
-9
-9
-5
0
1
-4
1
-2
0
-4
0
-9
-13
-10
-13
-13
-12
-15
-18
-22
-19
-13
-20
-16
-21
-21
-22
-20
-24
-22
-25
-27
-26
-25
-20
-21
-20
-21
-15
-18
-17
-15
-17
-19
-13
-23
-16
-23
-21
-24
-27
-23
-22
-19
-16
-13
-13
-4
-16
-6
-14
-7
-5
-4
-5
-8
0
-7
-7
-12
-7
-17
-9
-9
-11
-9
-10
-12
-9
-15
-16
-12
-20
-10
-15
-13
-20
-13
-9
-5
-4
-3
-1
1
7
4
9
6
12
7
11
13
16
9
11
11
3
9
6
7
0
5
3
0
11
-1
1
7
7
5
3
7
2
-3
5
0
2
-1
-1
5
-6
2
2
3
-3
3
-2
-5
-6
-2
-3
-9
-5
-4
2
-3
7
-2
10
6
13
9
10
15
15
22
12
15
4
7
2
10
9
6
7
3
4
-2
6
0
-4
-3
2
1
2
4
3
4
9
9
6
7
3
3
-4
5
-1
-2
-6
-4
1
-2
4
2
3
0
2
-2
4
4
2
8
7
10
6
10
6
8
7
7
5
4
-1
-6
-4
-7
-3
-2
1
-4
2
2
8
6
5
6
2
3
2
6
-1
1
-1
5
2
0
-1
1
-3
-6
-3
-6
-3
-10
-4
-6
-3
0
0
-3
2
5
1
4
3
10
9
10
10
13
11
9
6
1
-2
-7
-1
-2
-3
0
-2
-1
1
3
1
-3
-2
-3
-8
-7
-5
-7
-4
-1
0
-2
-4
-7
-11
-7
-3
-1
2
0
0
-3
-3
-7
-6
-3
-4
-2
-4
-3
-7
-6
-7
2
5
0
3
6
16
14
16
15
10
15
19
22
21
16
24
23
19
16
16
13
11
17
13
12
13
8
13
12
9
15
7
6
7
9
4
13
9
12
10
7
7
0
-1
-7
-2
-9
0
-2
6
-4
-3
-2
1
-1
-8
-9
-18
-12
-15
-5
-7
-1
-5
-3
-6
-2
-3
-6
-2
0
2
-4
0
-3
-5
-10
-6
-14
-10
-10
-16
-18
-20
-19
-28
-21
-19
-19
-25
-26
-23
-29
-23
-26
-19
-21
-20
-21
-20
-19
-21
-15
-19
-19
-17
-8
-15
-12
-15
-15
-20
-22
-19
-22
-25
-24
-23
-26
-26
-32
-25
-26
-17
-19
-16
-18
-17
-18
-21
-16
-21
-18
-24
-15
-12
-13
-11
-10
-9
-5
0
-1
-5
-6
-10
-13
-13
-12
-10
-13
-10
-12
-11
-13
-16
-12
-9
-9
-19
-12
-10
-12
-3
2
6
7
12
11
15
12
18
16
20
23
24
25
26
29
22
30
19
26
22
22
19
18
20
12
20
20
17
16
20
20
25
19
19
23
23
27
28
29
28
23
26
26
17
17
15
16
12
11
15
9
10
13
12
14
16
16
16
17
19
18
22
22
18
22
25
26
27
25
25
26
28
28
23
15
16
10
9
1
2
1
3
5
4
9
12
12
10
17
20
22
13
18
19
20
22
19
14
18
17
18
17
4
9
6
4
8
8
1
5
4
3
0
-2
-3
-8
-4
-1
-1
-3
4
5
2
3
11
1
7
8
4
5
4
4
-5
2
0
-4
-3
-6
-8
-3
-9
-5
-13
-12
-13
-12
-11
-10
-6
-16
-7
-9
1
-3
3
4
7
3
6
3
-1
6
0
0
-1
2
-2
-4
-12
-14
-18
-18
-21
-23
-22
-21
-18
-13
-12
-11
-9
-7
-2
-4
-2
3
1
6
11
6
-2
0
3
-3
1
0
1
-5
-4
-9
-1
-12
-11
-14
-19
-13
-15
-10
-10
-7
-12
-5
-12
-5
-8
-8
-12
-7
-12
-16
-13
-11
-6
-11
-5
-7
-2
-9
-4
-3
-3
-9
-2
-3
-5
-3
-7
-13
-13
-7
-9
-3
-5
-1
-9
-3
-2
2
-3
-8
-7
-9
-6
-11
-13
-14
-12
-13
-12
-12
-10
-12
-15
-14
-13
-12
-14
-19
-10
-15
-13
-18
-12
-18
-23
-17
-19
-20
-16
-13
-14
-11
-13
-4
-8
-6
-11
-6
-16
-12
-13
-15
-9
-10
-5
-5
0
-4
1
-4
1
-6
-3
-9
-10
-12
-12
-11
-9
-6
-12
-2
-13
-6
-5
-1
5
10
12
13
12
10
13
14
15
13
16
15
18
17
11
7
10
7
-1
0
-5
-6
-10
-7
-6
-3
-5
-4
4
-1
3
6
7
4
4
2
5
1
0
6
-2
-3
-3
0
-7
-8
-2
6
6
10
12
10
13
7
6
6
6
6
6
11
15
9
9
9
15
16
16
15
15
14
13
8
7
7
4
5
0
9
5
5
7
9
10
11
13
13
11
11
14
17
12
9
19
12
20
17
15
6
9
12
8
10
12
15
9
13
12
12
9
12
7
6
1
2
2
3
6
4
11
6
15
9
15
12
15
16
2
6
3
4
1
4
-2
-2
-3
3
1
-2
3
-3
5
2
12
12
18
15
20
19
20
19
14
17
11
13
7
13
3
6
-6
-7
-12
-14
-17
-20
-12
-11
-3
-3
4
0
3
0
3
-1
0
5
6
9
5
7
5
6
-1
12
3
3
10
6
7
8
11
5
2
6
9
3
7
-1
3
6
7
7
2
7
6
10
8
16
8
9
10
6
8
5
10
0
9
11
9
7
3
-3
0
-3
0
-3
-3
6
-7
1
-9
-6
-7
-8
-8
-7
-9
-10
-6
-14
-7
-10
-6
-12
-9
-17
-17
-19
-20
-18
-23
-18
-22
-12
-21
-14
-18
-16
-15
-13
-10
-10
-6
-13
-7
-12
-18
-18
-14
-22
-20
-23
-20
-27
-32
-29
-37
-32
-31
-31
-33
-28
-30
-22
-19
-18
-23
-19
-11
-15
-9
-6
-7
-11
-7
-8
-10
-10
-9
-10
-10
-10
-19
-14
-15
-14
-15
-12
-10
-13
-12
-6
-4
-6
4
2
5
-3
2
7
5
7
3
3
-1
-1
1
-1
-5
-1
-4
-10
-6
0
-2
0
6
2
-4
0
6
3
3
2
5
4
14
14
13
11
13
9
13
14
14
13
9
14
13
11
1
10
5
10
7
6
7
4
5
3
10
9
10
8
12
12
19
11
19
11
21
13
19
23
16
22
14
16
12
15
7
6
1
1
4
4
5
-1
7
9
11
13
14
16
14
17
11
11
12
13
7
6
1
1
1
-6
-6
-7
1
-4
0
-4
-1
-4
-4
-3
0
-1
-1
3
4
7
0
2
-5
-1
-9
-6
-13
-13
-11
-9
-8
-12
-14
-18
-12
-15
-12
-10
-13
-12
-6
-7
-2
-12
-15
-11
-12
-10
-13
-13
-16
-16
-17
-13
-12
-13
-13
-14
-16
-17
-19
-13
-9
-12
-5
-13
-5
-11
-16
-10
-16
-8
-18
-13
-11
-8
-8
-7
-10
-13
-6
-11
-9
-14
-13
-11
-6
-9
-4
-7
-7
-2
-3
1
-1
1
-6
-6
-7
-1
0
-1
-1
5
7
12
9
11
15
9
19
15
16
15
18
16
12
14
13
15
5
6
11
6
4
10
6
9
12
16
16
16
16
13
17
12
16
6
10
12
13
16
12
12
12
15
13
21
19
21
22
26
19
15
20
14
15
12
16
9
6
11
7
1
1
4
-3
-10
-4
-10
-16
-20
-21
-16
-16
-16
-15
-10
-15
-15
-13
-10
-10
-10
-10
-5
-4
-4
5
0
0
-2
-3
0
3
3
8
6
5
8
2
4
-1
0
-1
1
-1
-3
-4
1
0
0
-1
4
-2
-4
-1
-6
-1
-12
-1
-9
-7
-1
-4
-4
-5
0
-4
6
1
3
2
0
-2
-3
-4
-1
-2
1
4
-6
-4
-1
0
-6
-4
-4
-1
-4
0
-4
-6
-6
-8
-3
-7
-4
-11
-9
-13
1
-9
-4
2
-3
1
-4
5
-5
5
1
-4
-4
2
0
-7
-3
0
-2
0
1
-3
0
-7
-3
-12
-15
-13
-9
-12
-1
0
-4
6
3
4
4
11
4
8
5
5
5
6
9
-1
4
0
5
-2
0
3
0
3
2
5
-2
-2
2
7
7
13
16
19
18
22
22
18
15
6
9
0
7
2
-2
-7
-6
-3
-9
-2
-9
-4
-4
4
4
2
9
10
11
10
14
10
9
2
9
6
9
5
7
7
0
4
3
2
-3
-1
-9
-2
0
-3
1
-1
4
1
7
9
2
8
8
8
10
8
8
3
10
3
2
6
4
2
5
7
7
3
-4
3
-4
0
5
2
10
7
16
12
16
19
13
14
9
13
8
13
7
9
12
6
9
11
13
13
15
10
9
6
10
9
10
4
5
6
9
7
7
8
10
15
9
19
19
21
23
23
25
26
20
20
13
16
7
0
6
0
1
0
2
-5
-1
-5
-5
-8
-3
-5
-10
-6
-6
-8
-8
-6
-12
-9
-9
-4
-12
-7
-18
-20
-21
-25
-23
-26
-27
-22
-20
-19
-17
-22
-20
-25
-22
-25
-14
-16
-14
-15
-14
-18
-19
-18
-20
-26
-32
-16
-22
-20
-24
-23
-21
-19
-16
-22
-23
-22
-19
-22
-10
-6
-9
-4
-7
-3
0
0
7
4
6
13
4
7
1
5
2
2
1
0
10
6
9
9
13
8
12
11
12
12
17
16
9
12
13
15
7
12
11
7
4
4
4
-3
-4
-11
-11
-7
-10
-14
-22
-25
-19
-19
-20
-19
-19
-17
-15
-22
-17
-17
-13
-15
-13
-16
-19
-12
-16
-15
-19
-19
-23
-29
-26
-25
-24
-31
-31
-25
-28
-25
-25
-22
-22
-21
-24
-18
-19
-11
-10
-16
1
-7
4
4
7
7
11
9
12
15
12
11
14
21
21
27
19
31
22
34
29
27
25
28
34
34
41
35
41
29
37
32
34
32
32
34
24
28
28
23
18
15
4
3
1
-3
-4
-6
-6
-9
-10
-16
-15
-18
-21
-18
-18
-16
-21
-15
-19
-26
-25
-25
-26
-32
-31
-28
-30
-29
-26
-23
-21
-24
-16
-20
-19
-10
-7
-5
0
4
8
11
16
25
30
37
38
37
41
48
44
48
60
69
70
73
77
79
77
79
83
83
84
79
78
70
70
69
69
60
59
57
54
51
44
35
30
31
25
22
16
13
-6
-7
-22
-24
-35
-42
-45
-51
-50
-64
-64
-75
-72
-78
-80
-84
-85
-88
-92
-102
-101
-105
-111
-111
-114
-111
-118
-108
-108
-106
-104
-99
-96
-88
-77
-73
-63
-51
-44
-39
-28
-14
-1
13
28
36
46
60
66
83
94
98
112
119
122
128
130
136
140
139
146
139
148
149
149
142
142
139
134
135
134
131
123
123
105
105
86
77
63
48
33
16
3
-15
-23
-39
-54
-72
-84
-97
-107
-126
-123
-136
-143
-153
-162
-170
-184
-189
-195
-192
-202
-198
-207
-216
-220
-218
-224
-221
-219
-211
-202
-199
-197
-189
-186
-177
-162
-155
-144
-135
-115
-110
-92
-75
-61
-47
-26
-5
12
31
41
60
73
88
106
113
131
146
157
168
179
188
193
205
202
218
222
229
233
233
228
228
230
228
231
224
223
212
212
203
189
173
170
160
154
133
133
117
94
81
61
47
26
21
-2
-8
-27
-45
-68
-76
-88
-98
-101
-103
-104
-111
-113
-128
-137
-145
-154
-156
-155
-164
-160
-163
-163
-167
-178
-176
-174
-167
-159
-157
-151
-150
-152
-151
-147
-140
-135
-130
-118
-111
-113
-105
-101
-105
-110
-101
-92
-85
-69
-57
-57
-56
-50
-51
-47
-41
-28
-12
-2
13
16
22
29
30
40
56
70
95
112
127
136
145
150
162
183
204
227
241
265
270
281
289
298
307
322
338
351
367
366
360
350
332
326
319
319
322
313
302
273
243
215
190
166
153
138
128
110
82
42
7
-37
-68
-94
-105
-121
-140
-158
-190
-215
-265
-286
-313
-318
-318
-317
-327
-347
-368
-397
-415
-432
-436
-432
-414
-404
-391
-395
-401
-416
-415
-399
-382
-357
-322
-295
-284
-274
-277
-266
-263
-224
-189
-152
-117
-96
-72
-78
-69
-62
-41
-14
21
55
79
100
102
103
107
110
132
165
198
227
244
249
247
244
239
249
272
299
324
342
352
340
326
317
319
337
361
392
412
420
419
411
392
383
388
406
427
445
451
437
413
382
350
323
318
318
316
294
265
220
164
98
50
18
-13
-34
-48
-85
-128
-178
-242
-291
-334
-356
-366
-371
-384
-404
-440
-477
-511
-541
-552
-546
-538
-522
-521
-534
-547
-566
-578
-576
-562
-531
-502
-479
-463
-462
-461
-461
-448
-428
-381
-335
-292
-256
-231
-219
-218
-202
-171
-135
-86
-33
-3
31
43
49
50
63
86
121
164
199
224
228
230
221
227
236
261
293
322
348
362
361
350
346
352
376
400
432
459
483
486
482
474
473
478
497
528
550
562
559
544
526
503
491
487
470
468
459
436
396
351
299
252
208
177
143
110
70
20
-42
-99
-155
-208
-247
-273
-298
-331
-364
-408
-446
-492
-521
-545
-550
-558
-557
-562
-577
-588
-597
-610
-608
-601
-588
-567
-556
-539
-545
-539
-536
-520
-495
-459
-433
-393
-364
-339
-323
-306
-283
-256
-216
-176
-133
-104
-73
-54
-33
-15
19
39
87
115
151
177
193
204
211
227
232
258
275
301
311
328
322
321
317
316
320
339
363
376
386
380
383
374
376
387
408
426
454
472
479
480
477
477
482
495
503
522
528
529
515
487
456
421
403
389
379
356
334
285
235
177
114
66
26
2
-36
-70
-123
-177
-243
-298
-350
-389
-404
-414
-432
-454
-486
-525
-559
-587
-602
-606
-591
-578
-567
-568
-575
-590
-602
-607
-593
-571
-540
-510
-489
-480
-488
-481
-481
-465
-420
-370
-327
-285
-251
-242
-233
-217
-183
-145
-84
-20
24
66
91
108
115
140
171
217
263
300
334
343
334
325
325
318
333
360
389
406
410
398
379
364
353
364
392
424
452
474
474
468
458
455
462
492
534
568
600
609
602
577
563
550
560
569
587
594
577
543
485
435
374
334
310
291
260
222
156
75
-2
-79
-140
-190
-217
-253
-292
-343
-411
-476
-541
-591
-615
-630
-629
-647
-668
-693
-726
-760
-782
-781
-777
-750
-732
-719
-725
-738
-743
-750
-730
-696
-667
-624
-588
-560
-549
-542
-529
-500
-462
-406
-345
-294
-257
-225
-200
-181
-144
-105
-43
10
72
108
140
167
180
205
234
272
304
345
368
381
376
372
370
373
388
411
421
427
425
420
406
401
405
418
426
446
461
467
473
475
486
493
522
547
575
585
597
597
598
596
602
604
611
607
595
569
526
485
435
403
363
334
281
235
163
100
24
-47
-106
-160
-206
-262
-313
-389
-447
-517
-566
-607
-627
-644
-655
-677
-703
-733
-762
-775
-775
-759
-743
-716
-698
-686
-698
-700
-695
-689
-654
-612
-576
-549
-526
-516
-521
-513
-493
-458
-411
-351
-296
-250
-228
-213
-202
-173
-128
-69
2
66
118
147
161
154
179
200
249
303
358
397
410
404
375
358
342
363
389
414
436
447
424
397
370
348
364
399
446
490
520
525
515
507
506
520
575
632
690
730
744
730
705
682
670
688
714
743
745
730
672
599
520
454
413
377
360
315
254
166
58
-48
-151
-216
-259
-285
-316
-362
-435
-520
-610
-693
-738
-764
-759
-758
-763
-794
-838
-896
-938
-958
-943
-900
-853
-816
-802
-808
-832
-841
-844
-806
-750
-684
-622
-585
-570
-570
-569
-553
-516
-449
-367
-284
-224
-199
-171
-169
-152
-110
-38
35
104
171
210
227
230
240
261
305
350
417
452
471
468
454
440
438
451
473
510
521
530
513
488
479
477
491
522
560
585
598
606
600
602
626
655
696
745
780
800
803
804
794
798
814
823
837
821
797
745
678
620
565
522
475
423
355
269
162
52
-53
-137
-199
-250
-306
-369
-454
-550
-639
-717
-777
-806
-816
-819
-834
-859
-910
-960
-995
-1018
-1006
-979
-935
-913
-903
-913
-933
-952
-946
-914
-861
-800
-745
-709
-693
-692
-693
-667
-629
-558
-478
-398
-344
-303
-290
-273
-246
-200
-121
-30
57
120
168
177
192
200
236
282
352
411
453
474
464
448
426
427
444
478
505
531
519
501
466
442
433
453
489
525
568
574
572
549
552
558
604
663
727
776
796
803
782
772
769
791
821
850
858
840
782
713
633
564
527
497
472
433
366
265
141
17
-86
-159
-202
-234
-269
-327
-416
-520
-627
-714
-765
-772
-761
-752
-758
-796
-850
-920
-960
-979
-964
-920
-868
-828
-828
-850
-892
-917
-930
-902
-848
-783
-719
-689
-690
-705
-720
-717
-684
-617
-525
-443
-377
-348
-331
-329
-306
-258
-181
-82
14
102
147
175
185
198
225
279
345
426
480
506
509
492
478
469
492
516
557
582
584
565
540
512
495
502
529
561
591
607
616
609
604
620
646
702
742
793
816
823
819
815
820
832
857
875
885
860
820
755
692
620
572
536
497
452
368
272
152
35
-67
-150
-207
-266
-313
-388
-476
-574
-675
-751
-802
-807
-814
-807
-824
-857
-907
-956
-989
-996
-970
-926
-869
-830
-822
-841
-864
-891
-883
-844
-781
-717
-658
-632
-625
-645
-664
-658
-624
-555
-477
-399
-350
-327
-328
-335
-325
-277
-215
-124
-35
37
76
94
92
93
122
181
259
338
400
424
429
402
387
373
404
442
499
540
556
553
515
473
452
451
479
542
582
618
618
610
575
562
570
607
673
740
799
822
821
797
788
784
815
851
901
934
934
908
850
772
708
670
642
628
598
553
473
357
237
125
26
-43
-92
-140
-201
-283
-387
-506
-622
-707
-758
-790
-803
-806
-843
-898
-961
-1026
-1074
-1091
-1072
-1036
-997
-980
-977
-1001
-1030
-1047
-1036
-1005
-937
-879
-826
-794
-781
-789
-793
-768
-744
-678
-608
-529
-489
-459
-454
-449
-432
-394
-329
-254
-172
-111
-60
-40
-23
-3
32
84
160
233
306
352
377
383
387
402
430
480
531
584
613
623
618
601
582
588
608
645
670
705
715
711
706
692
698
717
752
793
828
856
864
867
868
863
873
892
925
945
959
957
937
897
860
822
793
764
732
691
636
558
466
369
266
179
85
8
-79
-160
-258
-349
-458
-557
-649
-733
-794
-846
-892
-944
-981
-1036
-1081
-1124
-1153
-1172
-1167
-1160
-1144
-1125
-1114
-1107
-1111
-1099
-1087
-1055
-1019
-975
-936
-897
-870
-853
-833
-817
-775
-730
-677
-626
-569
-523
-493
-460
-432
-384
-343
-273
-205
-140
-85
-31
14
43
96
147
209
275
344
399
441
481
503
524
553
587
625
664
688
705
723
721
715
729
738
748
774
799
809
815
819
814
819
824
844
863
881
900
913
920
926
938
941
948
958
967
962
947
937
908
872
840
796
752
699
642
575
510
430
348
269
186
85
-14
-107
-209
-297
-396
-469
-554
-633
-714
-785
-869
-936
-990
-1044
-1072
-1099
-1108
-1129
-1145
-1168
-1185
-1187
-1172
-1162
-1133
-1105
-1075
-1056
-1050
-1033
-1015
-986
-948
-899
-856
-811
-777
-759
-737
-717
-689
-646
-588
-531
-481
-434
-398
-373
-345
-303
-250
-177
-105
-36
24
76
119
162
196
260
323
390
458
510
559
572
601
614
641
676
721
751
779
793
789
784
774
780
784
812
828
845
855
854
843
837
844
849
873
898
919
935
935
930
924
915
916
916
921
919
904
875
835
792
746
695
650
592
528
464
380
298
205
112
23
-68
-158
-253
-338
-436
-528
-611
-689
-761
-835
-898
-967
-1018
-1081
-1112
-1144
-1166
-1173
-1188
-1197
-1210
-1208
-1210
-1192
-1176
-1143
-1118
-1088
-1068
-1045
-1024
-1005
-974
-937
-894
-851
-805
-775
-745
-727
-692
-661
-617
-561
-511
-460
-405
-359
-320
-280
-239
-174
-117
-39
31
96
153
202
258
306
368
424
487
538
590
627
655
672
695
723
752
784
810
832
838
847
844
852
856
865
877
887
900
902
901
898
899
909
926
942
958
971
977
978
976
977
971
964
960
951
930
908
873
833
793
748
700
636
575
495
418
336
259
167
75
-19
-110
-213
-322
-411
-517
-601
-686
-758
-833
-912
-987
-1054
-1109
-1159
-1197
-1212
-1239
-1261
-1277
-1295
-1315
-1323
-1313
-1304
-1285
-1261
-1237
-1229
-1208
-1200
-1175
-1150
-1101
-1057
-1019
-979
-948
-920
-902
-867
-816
-760
-695
-625
-568
-508
-470
-418
-369
-299
-224
-133
-54
27
94
152
204
251
316
375
461
532
593
638
671
689
717
742
774
820
853
878
887
892
879
875
877
891
907
925
942
936
938
937
933
940
963
980
1005
1021
1028
1038
1032
1036
1039
1058
1070
1074
1063
1045
1014
978
955
920
895
854
809
733
655
572
485
403
328
255
172
79
-26
-136
-253
-353
-452
-527
-603
-676
-752
-838
-924
-1006
-1066
-1113
-1144
-1162
-1173
-1195
-1224
-1264
-1290
-1316
-1307
-1290
-1262
-1236
-1226
-1220
-1243
-1252
-1239
-1212
-1172
-1117
-1061
-1022
-1003
-982
-965
-936
-881
-806
-722
-641
-566
-519
-489
-439
-393
-319
-228
-125
-32
52
117
155
200
249
319
389
476
545
606
638
658
667
686
721
756
802
840
864
866
872
856
848
858
887
907
935
951
954
951
942
944
954
980
1010
1036
1046
1054
1045
1045
1037
1043
1046
1053
1049
1032
997
952
911
871
845
809
770
712
648
562
477
387
307
238
163
81
-17
-124
-246
-357
-466
-552
-624
-695
-761
-844
-921
-1010
-1091
-1147
-1191
-1208
-1219
-1233
-1260
-1293
-1337
-1366
-1388
-1381
-1359
-1330
-1306
-1297
-1299
-1314
-1314
-1306
-1262
-1207
-1146
-1081
-1029
-999
-977
-948
-901
-840
-757
-658
-568
-488
-426
-377
-322
-264
-190
-86
10
111
187
250
296
344
388
449
519
598
670
720
765
779
792
809
840
867
912
952
974
977
973
958
958
964
974
1002
1022
1046
1044
1054
1043
1041
1048
1058
1071
1084
1088
1088
1077
1060
1051
1030
1027
1018
1014
987
964
925
881
824
780
735
677
619
541
463
369
278
181
85
-14
-111
-217
-317
-420
-531
-629
-724
-811
-895
-972
-1057
-1136
-1206
-1271
-1324
-1369
-1406
-1444
-1472
-1501
-1527
-1548
-1568
-1568
-1558
-1540
-1517
-1493
-1481
-1457
-1442
-1411
-1366
-1314
-1262
-1200
-1142
-1092
-1043
-1001
-942
-882
-806
-733
-646
-576
-499
-434
-369
-300
-225
-136
-40
48
128
215
278
349
411
484
554
635
694
754
806
840
879
914
947
979
1022
1060
1090
1112
1131
1133
1143
1157
1172
1189
1206
1226
1226
1226
1228
1224
1219
1215
1233
1234
1238
1240
1240
1226
1215
1205
1190
1175
1156
1134
1095
1061
1009
958
891
837
762
699
620
529
442
344
241
137
39
-66
-168
-280
-373
-488
-589
-695
-784
-875
-963
-1040
-1122
-1201
-1271
-1324
-1385
-1420
-1462
-1495
-1526
-1543
-1557
-1571
-1571
-1570
-1558
-1541
-1511
-1491
-1468
-1437
-1401
-1366
-1325
-1268
-1220
-1160
-1113
-1056
-998
-942
-877
-816
-738
-655
-580
-505
-424
-358
-279
-206
-124
-46
40
118
183
256
320
385
449
519
588
658
718
776
828
876
918
968
1010
1045
1086
1118
1150
1167
1187
1200
1208
1218
1233
1237
1239
1245
1238
1232
1227
1222
1211
1205
1192
1180
1165
1140
1117
1093
1064
1034
1001
970
934
892
837
781
720
663
594
524
457
378
305
214
129
31
-48
-146
-234
-326
-420
-515
-615
-702
-794
-874
-962
-1032
-1107
-1169
-1241
-1305
-1365
-1404
-1444
-1477
-1504
-1525
-1541
-1560
-1568
-1573
-1559
-1556
-1527
-1506
-1480
-1451
-1414
-1380
-1342
-1296
-1245
-1188
-1129
-1064
-1000
-942
-876
-794
-726
-648
-568
-483
-392
-313
-233
-155
-74
9
91
181
263
347
424
500
570
643
711
778
843
910
974
1024
1072
1112
1153
1185
1226
1257
1291
1308
1332
1341
1344
1346
1342
1346
1338
1333
1324
1314
1294
1270
1242
1221
1188
1171
1151
1115
1078
1037
997
945
899
853
810
751
701
637
574
503
433
362
291
218
142
70
-19
-96
-183
-263
-351
-433
-517
-609
-684
-771
-853
-935
-1007
-1074
-1142
-1196
-1255
-1302
-1353
-1393
-1435
-1466
-1491
-1509
-1517
-1520
-1519
-1515
-1508
-1495
-1469
-1453
-1415
-1385
-1336
-1291
-1242
-1193
-1133
-1074
-1013
-937
-865
-789
-714
-632
-560
-478
-400
-315
-237
-156
-70
10
88
164
246
312
395
467
544
612
680
746
801
863
916
970
1021
1075
1117
1160
1182
1214
1230
1257
1265
1283
1302
1299
1306
1297
1292
1274
1270
1247
1235
1216
1193
1174
1151
1121
1094
1071
1034
1011
980
949
905
862
819
773
721
674
624
571
512
448
384
313
240
165
88
9
-72
-167
-253
-334
-434
-520
-607
-702
-787
-872
-949
-1031
-1112
-1178
-1244
-1300
-1349
-1400
-1436
-1467
-1498
-1525
-1545
-1557
-1560
-1559
-1549
-1534
-1516
-1495
-1462
-1430
-1394
-1344
-1298
-1245
-1191
-1134
-1078
-1016
-945
-878
-815
-736
-669
-590
-519
-443
-367
-294
-214
-138
-58
11
90
167
246
317
402
465
537
607
673
740
799
868
920
983
1028
1086
1129
1169
1207
1240
1271
1295
1318
1327
1339
1344
1350
1347
1344
1330
1322
1307
1288
1269
1233
1204
1171
1138
1097
1065
1016
975
925
876
826
764
716
652
591
524
471
395
335
265
197
123
50
-19
-100
-163
-247
-316
-399
-478
-557
-632
-699
-770
-841
-901
-970
-1039
-1092
-1150
-1201
-1245
-1277
-1317
-1344
-1367
-1384
-1406
-1412
-1413
-1409
-1395
-1382
-1355
-1334
-1307
-1275
-1236
-1195
-1144
-1091
-1046
-984
-932
-875
-818
-763
-695
-632
-571
-498
-433
-372
-296
-232
-159
-91
-20
51
116
188
260
335
401
483
557
626
696
765
823
888
942
1005
1050
1095
1135
1167
1207
1227
1256
1268
1285
1288
1295
1289
1279
1263
1247
1233
1205
1184
1149
1114
1071
1031
990
945
896
850
787
739
682
631
582
515
461
405
352
289
232
173
109
48
-12
-75
-132
-192
-249
-305
-367
-419
-484
-537
-595
-653
-701
-754
-802
-853
-897
-946
-980
-1026
-1055
-1081
-1113
-1130
-1147
-1162
-1173
-1174
-1183
-1172
-1154
-1144
-1124
-1094
-1068
-1036
-1008
-970
-931
-894
-837
-785
-736
-688
-628
-574
-526
-456
-401
-340
-281
-214
-149
-94
-26
34
97
153
221
284
344
402
462
522
570
629
678
722
765
808
850
891
926
954
980
1007
1030
1044
1062
1070
1072
1069
1072
1060
1050
1025
1012
998
959
940
902
872
826
794
746
706
660
610
569
510
477
419
374
321
272
218
168
111
51
-3
-53
-110
-158
-205
-265
-325
-379
-421
-485
-519
-573
-617
-663
-704
-740
-781
-813
-853
-871
-908
-925
-955
-973
-992
-1002
-1004
-1011
-1005
-1004
-992
-990
-960
-951
-930
-910
-882
-848
-823
-772
-743
-698
-654
-607
-566
-516
-463
-421
-372
-327
-276
-226
-177
-126
-75
-26
32
79
136
177
232
278
332
381
417
469
510
554
588
624
647
681
725
761
775
793
816
837
855
860
865
867
881
880
876
870
860
844
827
808
799
781
759
741
698
674
651
618
586
550
522
485
443
403
364
326
284
248
206
161
124
76
23
-17
-65
-91
-151
-206
-250
-292
-327
-379
-411
-458
-494
-528
-570
-597
-616
-655
-677
-711
-717
-739
-762
-758
-781
-788
-789
-807
-799
-788
-792
-781
-785
-743
-730
-710
-702
-682
-629
-604
-569
-551
-506
-449
-431
-406
-370
-332
-269
-242
-206
-170
-123
-54
-23
9
45
95
135
156
192
228
253
290
336
335
367
401
413
452
459
502
501
512
530
528
570
576
582
591
591
593
585
595
556
558
578
570
572
528
534
507
509
509
468
456
436
448
414
382
366
320
303
272
242
203
155
136
84
62
19
-22
-61
-115
-133
-168
-187
-195
-235
-263
-301
-314
-332
-378
-384
-410
-416
-453
-461
-484
-536
-521
-567
-602
-620
-614
-624
-653
-616
-606
-621
-599
-605
-601
-570
-528
-491
-435
-379
-363
-319
-286
-267
-258
-235
-176
-135
-105
-57
-84
-63
-22
-35
21
69
145
188
207
230
291
364
372
401
435
530
599
577
575
572
575
578
574
585
553
536
522
491
499
456
442
450
423
456
424
376
415
414
392
357
398
379
322
381
353
323
305
309
243
229
242
212
250
183
177
98
57
66
-12
-5
-120
-164
-160
-205
-180
-245
-236
-238
-312
-342
-445
-418
-255
-259
-301
-380
-425
-361
-412
-364
-307
-398
-433
-328
-296
-288
-270
-299
-351
-505
-513
-428
-496
-706
-1148
-1257
-912
-1328
-2618
-3467
-1623
-497
-2252
-4014
-5623
-2462
121
-314
-1025
-4350
-1558
-583
150
2604
841
4233
2242
2454
4610
2434
4621
2843
4589
4998
5363
7197
2131
2846
1481
821
4129
2182
1468
472
1221
1973
-1292
-2439
-3148
-1656
413
-2617
-3042
-2443
-2517
-1540
-3559
-3553
-2835
-2527
-2128
-2757
-1024
-403
-364
-58
-1162
-894
-327
554
2009
1233
516
849
1322
1700
512
160
439
564
279
-1020
-506
285
-272
-1227
-2120
-1895
-1337
-1882
-2246
-2063
-1768
-1300
-1390
-749
-500
-348
82
132
1121
1386
2145
3207
3408
3939
3526
3552
4115
3871
3864
3695
4155
4393
3759
3725
2606
1535
998
-194
-504
-577
-187
455
144
-734
-1723
-3181
-6887
-8939
-6968
-4436
-2130
-1876
-3832
-4718
-5324
-7084
-9236
-7540
-2815
-1299
630
1694
1294
3348
2476
870
1805
3286
5437
6214
7622
8556
8109
7133
3727
2200
1461
503
1824
1613
637
95
-1836
-3469
-5298
-6742
-7208
-7484
-6303
-5247
-4593
-2634
-3042
-3891
-3357
-4101
-2233
-474
1060
3693
4322
5938
5534
4831
5432
3631
3803
3256
2316
3096
2184
1762
445
-1517
-2564
-4188
-4713
-5166
-5660
-4550
-4179
-3787
-3005
-2810
-2214
-1459
-571
565
2114
3720
5041
5975
7110
7754
7642
7659
7045
7122
7351
6960
7238
6745
6141
5306
3914
2724
401
-5269
-12596
-11720
-6924
-5860
-4933
-7964
-9628
-12112
-16911
-16850
-18933
-9533
-3357
-4755
3309
678
4369
7341
2396
7731
6669
10974
15108
13515
18322
15416
14358
12350
3783
2943
85
-1861
1377
-3244
-4995
-5129
-8696
-10349
-15445
-14624
-13521
-14328
-9939
-9630
-5145
-700
-1694
233
-974
1080
4226
4100
8902
10481
11771
13405
10384
9775
6613
4682
3639
-1415
-781
-2244
-4660
-4056
-7221
-8647
-10968
-13334
-14177
-15074
-11571
-9282
-6563
-2473
-1706
38
1439
1610
3955
6521
9103
11808
13535
14954
13688
13180
12029
8610
8129
5961
4793
5149
3711
2844
754
-989
-4357
-5927
-5067
-5705
-2351
-244
-634
-1077
-6298
-11652
-11952
-6996
-3263
-1521
2300
1223
-1387
-2672
-6852
-8028
-2024
751
40
4043
4512
4785
7055
5002
3806
3522
2208
-380
285
2135
1467
4170
2876
-989
-2295
-5436
-7146
-6230
-5952
-6562
-4726
-2324
-2624
-1703
-1040
-2290
-1462
-1701
-2261
64
2914
4828
5910
5917
4074
3002
2159
-137
-264
425
294
439
-231
-1404
-2079
-2532
-4765
-6334
-6471
-6436
-4782
-3410
-2277
-1089
-795
-1156
-1750
-953
606
1890
3430
3901
4526
5233
4433
4197
4046
3921
3886
3200
2855
2805
3238
3060
2742
2557
1885
1834
1604
1698
2262
3434
3889
4144
4573
4055
5075
4831
5144
6410
4444
-819
-7842
-8487
-6302
-5903
-3280
-4104
-5012
-6407
-11388
-13962
-16066
-10020
-5128
-5695
837
2023
3767
7848
6681
8837
9440
8191
5810
4693
6098
5520
7202
6660
4208
1891
-3371
-7225
-8514
-9989
-11523
-10947
-8809
-7837
-6022
-4425
-4574
-3395
-3624
-4179
-2735
-648
2690
5394
6944
8027
8190
7756
5318
3600
2310
674
888
-435
-1418
-1060
-1768
-2748
-4370
-5875
-7096
-7203
-6341
-6515
-3786
-1035
-470
836
290
258
1480
1718
1982
2880
4305
4344
3901
4273
3664
3633
3890
2529
1756
2274
1592
1389
2368
2892
3618
4475
4098
3264
4393
4184
3817
4716
5149
5819
6596
7471
7265
8269
5251
-2783
-8776
-10397
-8377
-7780
-4162
-3713
-5155
-5757
-12011
-14942
-16536
-10733
-7276
-6719
1256
692
4431
8706
7926
12517
12233
9776
7323
5122
4356
3961
5745
5479
4620
1907
-4474
-7663
-9517
-12557
-13477
-13395
-12226
-10196
-7872
-5630
-3641
-707
-397
-1212
-1283
-1052
2493
5657
7966
11019
11744
11436
9409
6021
2827
935
-270
-3260
-4056
-4563
-5456
-4285
-5285
-6959
-7190
-8172
-9379
-9101
-6962
-4432
-912
2454
3015
3864
4078
3150
2870
3336
3434
2916
4700
3984
3972
3926
1909
2110
-114
619
-861
-868
1412
429
3718
3608
5184
5554
5456
6265
4856
7027
5871
7107
7806
8086
8781
8218
8895
6162
3349
-4766
-11356
-11196
-10737
-9555
-6652
-6066
-7244
-8446
-14167
-16652
-17954
-11326
-6927
-5382
4518
3477
8792
12708
10754
15163
12350
10487
7016
4239
4505
2862
5028
4284
1899
-401
-7511
-11025
-12594
-15743
-14392
-13434
-11484
-7997
-5989
-3103
-1843
953
2402
1360
1844
1312
3994
7820
8959
11604
11381
9684
7617
2249
-881
-3196
-3838
-4548
-6334
-5304
-6468
-6416
-5269
-6895
-5822
-5175
-5931
-4714
-3360
-755
2027
4492
6109
5572
5083
3975
1823
2057
2159
944
2836
1625
1173
1319
-1273
235
-2089
-920
-632
-2622
1347
707
4478
6347
6607
7887
7301
8253
6186
7820
7766
8678
10003
9665
9252
8611
8817
4734
2709
-4168
-13131
-15031
-13780
-12643
-9188
-6796
-8054
-7640
-13668
-16402
-19305
-15999
-6404
-6533
3927
7227
8755
16146
12804
15707
15032
11300
9365
3712
3211
1955
1999
4051
835
-711
-6005
-12808
-13780
-17302
-17111
-14193
-12653
-8527
-5970
-2492
457
2398
5712
4872
4749
3912
3177
7354
8079
10402
11309
8657
7388
2270
-1704
-4994
-6755
-6268
-8721
-8422
-8368
-8767
-5503
-5491
-4514
-2426
-2801
-1591
-1405
64
2716
4573
6966
6727
6671
6260
4117
3631
1497
-63
-72
-2050
-1996
-2377
-1980
-623
-1063
128
-508
-213
443
1224
3403
4698
6652
7191
8608
9443
9865
10355
10063
9944
9187
8692
6872
6393
6055
4546
204
-7824
-13744
-14389
-13524
-13515
-9712
-9131
-8724
-9721
-14720
-15193
-15734
-7145
-2934
-801
8648
7343
12027
14839
13457
16981
13950
11290
6758
2032
930
-1278
-636
-1256
-3987
-5711
-11568
-14055
-14593
-16321
-13303
-11348
-8603
-5378
-2498
1761
4081
7319
9065
8314
7688
5857
6728
7497
7101
8244
5695
3809
715
-3744
-5842
-8416
-7843
-9756
-10696
-9703
-10756
-7308
-5394
-3401
-936
562
1558
1038
2898
3006
5112
6667
6585
6643
5578
5237
2511
2121
-808
-1869
-2114
-4364
-2952
-3690
-935
-669
521
1856
961
3476
3136
5243
6337
8306
9158
9239
11118
10078
11204
10780
10309
9319
8283
6588
4276
2911
-4286
-11088
-13914
-13959
-14824
-12573
-9788
-11027
-8355
-12049
-14887
-14954
-12276
-4768
-4078
3642
9111
9213
15434
14939
16246
17313
11914
9537
2269
-1240
-4081
-5033
-3686
-5233
-4233
-8917
-11244
-14324
-15132
-15858
-13671
-9986
-7414
-2060
1622
7203
9936
13262
12451
11388
7754
5290
5066
3788
4643
4646
3944
1028
-898
-5630
-8309
-10796
-11179
-12390
-12635
-10131
-9400
-4636
-1989
1347
3725
4573
4873
4109
4339
3180
4285
5021
4721
5887
5109
3901
2851
-206
-3207
-5462
-6600
-6544
-5851
-2419
-533
1912
4143
3699
5038
5157
5978
6655
7871
8650
9208
10832
10571
11413
11383
10467
8774
7001
4735
2634
1151
-4874
-11079
-13493
-12843
-12990
-11765
-9066
-9274
-8027
-10355
-12533
-13800
-10280
-2260
-2556
3612
8728
8822
13699
14047
14970
16310
12758
8009
2063
-3586
-6589
-7758
-7813
-7964
-7377
-8294
-10934
-11610
-12146
-12185
-10224
-7849
-5649
-2163
2504
7246
11695
14217
15210
14013
10138
5922
2582
868
-159
-699
-1195
-3110
-4009
-6007
-8815
-9345
-11072
-10863
-11289
-11323
-7435
-5384
-306
3937
6511
9629
8851
8979
7267
5891
4866
1648
1052
-276
-589
371
177
-613
-1773
-3959
-6800
-8661
-8398
-5541
-2865
2202
5156
6513
9527
9201
9387
10428
10205
8851
9286
8865
7659
9537
9755
9239
9059
7732
4222
2358
558
-5628
-10932
-14639
-14573
-12168
-11043
-7559
-5548
-4466
-5524
-8760
-9837
-10396
-2838
-1002
115
8992
8873
11612
14004
12860
13347
10831
5566
-377
-5527
-10032
-11097
-10821
-10137
-8912
-7880
-8644
-9015
-7626
-7301
-6177
-3724
-1939
-13
3678
7105
10582
12839
13079
12447
8770
3631
-996
-4249
-5953
-6788
-6993
-7261
-6577
-5970
-6087
-6259
-5875
-5256
-4796
-4275
-3418
-148
2872
5787
9084
10294
10723
10110
7761
4521
1571
-1626
-5956
-8023
-7805
-8020
-4900
-2558
-2766
-1297
-2025
-3058
-3752
-1752
862
2092
7578
8382
9424
12715
11189
10837
10170
8016
4780
4111
3002
788
3753
4350
3707
5464
4857
3722
4298
2137
-4159
-9686
-10836
-10654
-10694
-6468
-4214
-2316
-1249
-4941
-6275
-9185
-5965
-2664
-4436
980
3568
5168
8833
9872
11805
11921
8486
3399
-2493
-7472
-9711
-9940
-9875
-8514
-6655
-5641
-5216
-4624
-3645
-2965
-2268
-1870
-1672
-444
2474
5471
7844
9174
9742
8513
4931
838
-2511
-5317
-7234
-6987
-7808
-6725
-4484
-4112
-2350
-1773
-852
-1073
-1673
-519
-1757
594
3016
3368
6271
6620
5767
4887
2504
-550
-2994
-4438
-5913
-6172
-4859
-4557
-2544
-614
-981
1612
2035
2434
3981
3734
4304
4602
5547
5154
6169
6787
6336
6969
5408
3786
3260
2819
2027
3399
4416
4494
5827
6541
6113
5557
3145
-3753
-7302
-7179
-10100
-9551
-6723
-6955
-4925
-5248
-6990
-8120
-6756
-1964
-3103
-547
3048
3385
7200
8103
9106
11760
10097
6760
2420
-3041
-6475
-7967
-9581
-11082
-9255
-8305
-7769
-5902
-4970
-2945
-1503
-712
-323
191
2025
3847
5731
6485
7247
8004
6275
3633
1113
-1853
-4834
-6195
-7294
-7995
-6801
-5532
-4092
-2918
-1286
51
-210
965
893
848
1814
2166
3226
3919
4537
3313
2042
434
-1985
-3388
-4136
-4250
-4259
-3415
-3244
-2647
-738
182
1834
3299
4122
4895
5015
4982
4371
4622
4425
4421
4343
4057
4078
3596
3792
3740
4144
4773
5200
5758
6022
6285
6466
5241
1950
-3192
-5693
-5511
-7435
-7189
-6127
-6941
-6618
-7641
-8673
-8990
-5634
-1448
-1714
1565
4204
5213
7939
8840
9461
10443
9142
5426
1467
-2742
-5428
-6773
-8952
-10545
-9848
-9167
-8794
-7696
-6061
-3880
-2265
-1052
-263
550
2593
4470
5604
6227
6698
6416
4767
2608
113
-1593
-3663
-5828
-6601
-6767
-6300
-4820
-3615
-2461
-1486
-376
397
-241
1415
1992
1632
2912
2691
2245
2142
1516
-81
-1084
-1562
-3458
-4178
-3755
-3905
-3325
-2487
-1995
-849
770
2003
3425
4872
5818
5878
5568
4897
4035
3711
3558
2960
2996
3041
2652
3194
3257
4141
5279
6120
6855
7020
7191
6484
4530
832
-4257
-5856
-5399
-7076
-5903
-4931
-5638
-5459
-6620
-7738
-8238
-4241
-1194
-1190
2770
4929
7028
9514
9725
10522
10217
7633
3712
-608
-4500
-6977
-8345
-10258
-11535
-10090
-9155
-8383
-7044
-5289
-3467
-2388
-1077
-228
1310
3058
4845
6089
6249
6765
6303
4303
2123
-51
-2610
-5196
-6749
-7876
-8362
-6351
-4769
-3169
-1036
-102
778
505
1290
800
1020
2754
1858
2666
3024
2587
2086
1341
98
-2082
-3050
-4258
-4814
-3947
-3352
-2324
-977
239
1548
2466
3529
4619
5285
4991
4713
4000
3282
2992
2556
2127
2604
2960
2170
2648
2745
2958
4159
5262
5819
7050
7998
7895
6664
3253
-1729
-5568
-4970
-7057
-7385
-4927
-5927
-4936
-6030
-7060
-7601
-5386
-1124
-2072
774
3862
4991
7801
8468
9432
10596
8851
5697
1281
-2743
-5597
-7690
-9311
-11043
-9714
-8676
-7987
-6614
-4862
-2673
-1631
-462
28
770
1923
2760
3985
4401
4777
4924
3330
1758
-260
-1986
-4288
-6570
-6953
-8178
-7954
-5426
-3539
-1648
800
1632
2112
2331
2872
2059
911
3033
1122
816
2048
-102
233
-44
-1800
-3115
-2723
-3179
-4062
-2936
-2960
-2446
-3
756
1276
4284
5232
5362
6697
5594
4550
4362
3386
1709
1493
2126
1085
2138
2900
2707
4471
5493
5656
6828
7667
7540
7639
6028
1997
-2912
-4696
-5124
-7004
-5644
-4854
-5274
-4703
-6524
-7237
-7803
-5254
-2139
-2358
1025
3765
5836
7838
8912
10493
10692
9160
5818
1147
-2809
-5619
-7977
-9687
-10718
-9373
-7860
-7437
-6135
-4186
-2386
-1423
-712
-359
75
1216
2188
3108
3593
4497
4503
3291
1957
164
-1533
-4236
-6303
-6882
-7861
-7700
-5088
-3001
-1376
1087
2086
2163
3053
3336
2178
887
2076
774
-669
659
-1577
-1429
-1096
-2449
-2864
-2699
-2001
-3207
-3236
-3187
-3342
-1071
443
1355
4201
5573
6250
6778
6143
5559
4668
3742
1897
955
1354
929
2059
3236
3801
5334
5964
6648
6945
7514
7571
6793
5179
1097
-3590
-6027
-5888
-7050
-6434
-4860
-4948
-4788
-6240
-6719
-7596
-4937
-1380
-1700
1625
4248
5881
7975
9068
10210
10755
9439
6037
1646
-2419
-5814
-8275
-9851
-11234
-9957
-8449
-7570
-6018
-3929
-2073
-852
90
259
704
1264
1939
2696
3115
3866
4196
3370
2435
1314
-135
-2220
-4139
-5597
-7120
-7041
-6319
-4804
-1869
-259
1640
3111
3073
3204
2118
1494
-90
14
561
-1598
-256
-620
-1264
-909
-2146
-2319
-2527
-1769
-2535
-3357
-2241
-1789
-703
944
1527
3804
5200
5420
5460
4741
4741
3249
2315
1010
583
1268
1528
2480
3487
5134
6018
7088
7705
7534
8321
7907
6375
3951
-571
-4450
-6147
-6920
-7676
-6962
-6020
-5808
-6320
-7076
-7629
-7267
-3431
-2321
-848
2562
4312
6561
8070
9317
10240
10530
8593
4965
845
-2584
-5859
-8408
-10148
-10862
-9563
-8844
-7379
-5580
-3666
-1420
-18
897
1177
1591
2003
2041
2196
2513
2830
2849
2544
1732
721
-639
-2344
-3888
-5239
-5718
-5526
-5348
-4303
-2692
-815
794
2081
3315
2987
3252
2570
1117
1118
575
58
-735
-713
-1169
-2177
-1659
-2162
-2114
-1159
-1393
-1780
-1666
-1001
-1187
-631
789
1743
3346
4563
4753
4717
4745
3868
2895
2500
2289
2079
2164
2518
3147
4358
5906
7433
8193
9076
9170
8003
6597
2999
-1819
-5407
-6980
-8469
-9231
-8131
-7726
-6197
-6409
-6441
-6727
-5742
-2430
-3057
-581
1993
3858
6566
7650
9002
10120
10333
8542
5396
2019
-1074
-4625
-7563
-10212
-10559
-9883
-9299
-7656
-6069
-3808
-1650
15
822
1667
2758
2534
1950
1639
1145
1531
1736
1650
1364
916
113
-1236
-2066
-3380
-3593
-3738
-4600
-3888
-3279
-2480
-452
1025
1990
2688
3089
2288
1333
2089
271
-340
58
-1697
-1342
-2072
-2611
-2720
-1709
-643
-1045
271
78
-168
200
-323
-456
828
1842
1984
2896
3534
3731
4054
4165
3346
3249
3703
2660
2551
3395
3783
5143
6611
7162
7638
8964
8864
7322
5183
560
-4298
-6260
-8283
-10089
-9458
-8636
-7348
-7595
-6601
-7087
-6283
-2088
-2964
-1003
1586
2387
5068
5872
6535
8209
9118
8355
5849
3541
819
-2337
-4781
-7822
-8898
-8818
-8766
-8162
-7263
-5375
-3212
-1182
290
1633
3019
2966
2802
2304
1579
1498
956
778
-23
-223
-214
-714
-496
-626
-943
-1154
-1437
-1959
-2299
-2397
-2256
-1481
-353
437
1312
2013
2248
2105
1588
1102
-293
-552
-1796
-3332
-3084
-4148
-2989
-1792
-673
1030
1441
1744
797
645
96
-611
667
642
766
2061
1917
2571
3534
3982
4212
4385
4508
3509
3595
3933
3906
5535
6467
6808
7770
7962
7880
6813
4452
209
-3920
-5638
-8232
-9932
-9353
-8982
-7850
-7687
-7253
-6963
-5712
-2479
-2622
-265
2169
2956
5017
4787
5558
6824
6890
6348
4375
2447
392
-2233
-4042
-6173
-6534
-6655
-7178
-7161
-7058
-5602
-3976
-2079
-581
933
2271
2426
2483
2469
1687
1559
851
3
-445
-875
-513
-521
119
479
234
342
76
-507
-891
-1563
-1687
-1537
-1378
-279
-227
582
1389
876
1331
405
373
-551
-1369
-1043
-3141
-1834
-2311
-2878
-1155
-1215
138
402
1413
1397
676
1675
-24
-34
1264
367
1729
3120
2868
3813
4490
4351
4413
5580
5776
5034
6400
6087
6172
7545
7223
7233
7016
5858
2464
-1678
-4900
-6770
-7990
-9105
-8863
-7926
-7491
-7353
-7058
-7549
-4915
-2506
-2469
527
1774
3116
4842
4837
5987
6661
7319
6233
3675
1485
-1164
-3168
-4979
-6613
-6987
-7160
-7121
-7027
-6604
-4939
-3021
-1348
-214
812
1972
2283
2285
2075
1665
1506
1155
665
-27
-71
169
130
546
987
1095
951
304
-424
-830
-1296
-1677
-1719
-1301
-1049
-1074
-381
-131
627
1312
296
574
-61
-439
-1166
-1570
-502
-1544
-383
-1016
-1788
-786
-695
-146
-270
910
204
397
460
-460
710
951
2228
1892
3230
3967
3589
5241
4294
4926
5270
5674
5850
5749
6865
6582
6985
6999
6129
5218
3435
-255
-4263
-6429
-8115
-8725
-8472
-7717
-5998
-5792
-5304
-5489
-5933
-3369
-3236
-2712
28
322
2471
3642
3610
5183
5529
6120
4641
2795
1401
-1054
-2520
-4831
-5919
-5806
-6154
-5912
-6100
-5108
-3591
-2131
-714
159
1790
2300
1893
1566
856
643
365
-94
-188
-177
207
329
303
917
1159
982
650
46
20
-212
-678
-1109
-1375
-1210
-1443
-1108
-946
127
657
520
1153
91
768
93
-983
-305
-1422
-784
-1466
-2500
-1946
-2093
-878
-574
162
1443
1309
1952
1441
1258
2315
2017
2778
3082
2990
3936
3684
3876
4077
4633
5097
5399
6195
5831
6557
6884
6460
6816
6023
4669
2259
-1652
-4884
-6664
-7816
-8295
-8182
-7134
-6191
-6735
-5919
-7009
-6240
-3934
-5327
-2489
-1055
-126
2451
2407
3938
4666
5498
5777
4086
3326
1542
-309
-1654
-3944
-4346
-4624
-5273
-5175
-5855
-4972
-3808
-2873
-1625
-678
1187
1547
1419
1487
991
1338
1239
911
525
221
407
-74
-55
641
905
1451
1269
818
942
695
150
-341
-1024
-1108
-1581
-1907
-1488
-1375
-100
-276
453
726
205
1102
-363
-100
-359
-918
-1110
-2833
-2404
-2714
-1923
-628
-234
1541
1936
2437
2322
1640
2687
2485
2492
3061
2709
3242
3237
3012
3184
3760
4758
5059
5687
6143
6047
6792
6928
6307
6536
5241
3075
202
-3566
-5914
-7211
-7715
-8267
-7445
-6283
-6735
-6231
-7084
-7662
-5229
-5507
-4298
-1676
-1465
855
1811
2485
4003
4838
5980
4987
4059
3145
1091
214
-1566
-2772
-2782
-3826
-4239
-5035
-5246
-4200
-3552
-2660
-1632
-397
580
493
1044
1324
1353
1711
1191
717
99
-82
-440
-785
-18
359
1134
1733
1472
1731
1702
1068
273
-461
-1305
-1793
-2258
-2503
-2331
-1783
-743
-857
231
413
67
1280
-139
331
446
-932
-885
-2585
-2320
-2295
-1550
3
114
1985
2199
2383
2719
2840
3247
3271
3657
2833
3036
2791
2306
2503
2745
3268
3430
4561
4688
5435
6457
6469
6891
6947
6176
4384
2820
-366
-3785
-5359
-6838
-7412
-7371
-6879
-6602
-6734
-6572
-7743
-7408
-5811
-6271
-4402
-2549
-2266
113
868
1656
3302
4175
5316
4983
4819
4066
2621
2066
156
-885
-1233
-2477
-3101
-4250
-4734
-4358
-4260
-3457
-2691
-1506
-585
-391
381
522
809
1183
721
563
206
-57
-107
-193
342
866
1582
1929
1774
2212
1993
1391
1032
132
-724
-1338
-2192
-2637
-2704
-2300
-1909
-1547
-309
5
467
1346
1015
1412
1580
807
355
-697
-1316
-2046
-2452
-1824
-1524
-263
784
1500
2388
2777
3393
3208
3095
3275
2225
2231
2226
1375
2104
2826
3016
3795
4850
5567
5918
6817
6621
6288
6567
4842
3488
2030
-847
-3323
-4964
-6373
-7313
-7369
-7606
-7475
-7628
-7570
-8250
-7793
-6472
-6958
-4350
-3256
-2326
407
793
2594
3907
5212
6638
6392
6610
5548
4368
3537
1413
317
-784
-2267
-3229
-4641
-5108
-5079
-5233
-4498
-4009
-2789
-1802
-1131
98
344
1128
1497
1281
1005
557
311
8
107
530
872
1400
1777
1715
2106
2069
1597
1154
119
-703
-1686
-2423
-2352
-2628
-1885
-1589
-1256
-127
71
764
973
1185
1038
810
434
-613
-768
-1638
-1960
-2041
-1419
-619
-39
1496
1449
2389
2463
2535
2871
2505
3496
2545
3376
2838
2081
2744
1825
2695
2634
3672
4219
4684
5678
5386
6232
5849
5471
4753
3476
1374
-1906
-3830
-5667
-6925
-7929
-8287
-7951
-8599
-8541
-8926
-8842
-7021
-6768
-5323
-2957
-2319
165
1260
2226
4228
4960
6769
6480
6269
6110
4404
4162
2478
890
305
-1351
-2381
-3739
-4710
-4518
-4793
-4402
-3814
-3120
-1867
-1534
-876
-421
-279
241
61
80
-55
-234
-105
-200
206
777
1206
1785
1805
1995
2128
1812
1713
1079
657
198
-624
-815
-1066
-1189
-1103
-1334
-1070
-1165
-1129
-658
-923
-36
214
130
747
15
1
-610
-962
-813
-943
280
183
889
1672
1565
2338
2640
2643
2891
3145
2444
2661
2222
1693
1922
1810
2428
2554
3630
4010
4361
5286
5010
5519
5413
4735
3801
2440
437
-2289
-4181
-5515
-6430
-7027
-6958
-7380
-7555
-7582
-8270
-7787
-6625
-6158
-4999
-2921
-2259
-308
1276
2199
4018
4955
6167
6307
6007
5625
4314
3828
2641
1211
792
-375
-1140
-1916
-3112
-3395
-3774
-4215
-4204
-4030
-3249
-2963
-2330
-1698
-1347
-475
-268
90
135
128
262
189
408
808
1282
1794
2067
2333
2335
2344
2312
1673
1233
655
-133
-886
-1312
-1603
-1511
-1297
-1453
-959
-906
-852
-443
-866
-371
-349
-479
-38
-363
-312
-775
-901
-693
-565
271
661
1006
1550
1397
1346
1856
1528
1642
2481
1962
2408
2473
2086
2529
2282
2907
2800
3393
3795
3457
4083
3896
4138
4254
3985
3269
2520
1193
-1307
-2693
-3896
-4665
-5304
-5849
-5683
-6483
-6965
-7590
-8247
-7207
-6823
-6476
-4097
-3319
-1448
765
1552
3903
4543
5966
6579
6044
6423
5297
4958
4025
2400
1848
504
-656
-1750
-3270
-3613
-4125
-4768
-4570
-4386
-3537
-3046
-2769
-1927
-1707
-1040
-694
-543
-476
-462
-86
-32
407
1047
1520
1827
2053
2082
2245
2247
2085
1963
1694
1436
1065
666
316
-203
-505
-819
-1468
-1349
-1626
-1930
-1548
-1726
-1590
-1069
-759
-461
10
116
5
-134
-218
-213
-8
549
726
1193
1402
1247
1461
1327
1221
1689
1963
1891
2330
2359
2203
2340
2136
2318
2431
2730
3003
3168
3636
3682
3990
3985
3739
3430
2667
1642
47
-1718
-3004
-3581
-4408
-5118
-4994
-5653
-6539
-6852
-7836
-7272
-6593
-6554
-4167
-3086
-1468
752
1489
3449
4250
5356
6189
5566
5755
4626
3868
3600
2188
1887
1203
226
-574
-2176
-2713
-3249
-4179
-4082
-4296
-3968
-3645
-3659
-2815
-2742
-2027
-1583
-1645
-1457
-1478
-1021
-955
-436
276
857
1522
1990
2486
3000
3120
3132
3189
2684
2337
1911
1320
723
20
-531
-1418
-1575
-2053
-2529
-2151
-2613
-2268
-1866
-1724
-903
-406
-52
371
503
297
194
169
-21
-331
20
67
-7
556
539
875
1388
1462
1768
2097
2193
2422
2748
2865
3198
3384
3427
3327
3350
3369
3176
3249
3001
3008
3108
2857
2739
2320
1786
361
-1105
-1959
-2866
-3614
-4413
-4517
-5083
-5763
-6010
-6627
-6170
-5705
-5490
-3760
-3094
-1933
-184
394
2303
3166
4449
5671
5371
5765
5002
4558
4108
2665
2017
1013
75
-927
-2335
-2900
-3554
-4281
-4378
-4666
-4220
-3940
-3977
-3337
-3317
-2588
-2142
-1903
-1492
-1285
-774
-788
-358
156
718
1367
1957
2380
2683
2969
2912
2954
2648
2394
1925
1407
756
-45
-365
-1300
-1711
-2040
-2617
-2468
-2614
-2551
-2226
-1865
-1180
-1019
-536
-71
-194
284
-79
-222
3
-571
-195
-140
150
862
884
1570
1895
2078
2505
2431
2469
2681
2558
2469
2408
2133
2275
2226
2537
2858
3074
3767
3630
4006
4334
4188
4223
3504
2955
1839
231
-982
-1880
-2427
-3278
-3912
-4223
-5282
-6015
-6528
-7108
-6131
-6168
-5111
-3185
-2755
-571
225
1553
3099
3297
4918
4729
4804
4727
3780
4085
3059
2251
1991
742
14
-1312
-2646
-2935
-4018
-4238
-4350
-4581
-3955
-4237
-3727
-3489
-3266
-2468
-2522
-2281
-2161
-1952
-1727
-1521
-981
-205
673
1477
2355
3176
3810
4090
4120
3751
3205
2631
1846
930
165
-537
-1249
-1651
-2081
-2397
-2260
-2274
-2131
-1793
-1717
-1143
-1004
-726
-412
-339
42
-183
-23
-227
-230
-70
-163
382
605
996
1241
1407
1525
1688
2035
2117
2718
2578
2881
3106
2830
3181
3092
3447
3381
3529
3584
3667
3838
3558
3800
3596
3298
2734
2153
1445
49
-784
-1791
-1845
-2307
-3424
-2981
-4288
-4949
-5296
-6521
-5942
-6291
-6269
-4605
-4384
-2825
-1262
-600
1583
1855
3398
4311
3796
4714
3482
3605
3169
1644
1619
268
-293
-1286
-2690
-2953
-3600
-4006
-3822
-3997
-3560
-3493
-3691
-3201
-3552
-2826
-2637
-2545
-2087
-1994
-1371
-1374
-731
-181
382
1228
1494
1974
2347
2660
3070
3120
3162
3283
2955
2516
1932
1653
1115
494
166
-661
-862
-1305
-1732
-1703
-2035
-1824
-1654
-1879
-1371
-1388
-1234
-864
-1150
-405
-365
-174
604
544
1054
1644
1727
2128
2342
2364
2618
2466
2592
2367
2463
2833
2380
2962
2766
2636
3152
2625
2776
2924
2698
2820
2858
2739
2946
3131
3110
3040
2998
2552
1764
218
-919
-1523
-2363
-2799
-3535
-3388
-4507
-5192
-5534
-6688
-5804
-6465
-5679
-4295
-4455
-2481
-2052
-1021
342
520
2198
2014
2154
2497
1709
2440
1734
1284
1449
562
501
-601
-1247
-1293
-2337
-2474
-2917
-3153
-3016
-3647
-3596
-4014
-4041
-3739
-3853
-3452
-3146
-2331
-1791
-1108
-150
639
1603
2184
2684
3260
3517
3910
4040
3845
3999
3721
3278
2548
1977
1625
731
124
-377
-1048
-1555
-1801
-2249
-2518
-2084
-2171
-1675
-1265
-1059
-217
-354
141
159
-162
623
238
463
1122
606
1454
1583
1615
2633
2676
3022
3055
2907
2701
2239
2243
1795
1454
1995
1471
1512
1646
1215
1497
1304
1465
1891
2125
2576
3065
3502
3715
3668
3589
2910
1963
618
-778
-1471
-2199
-3407
-3445
-4113
-5457
-5286
-6774
-6766
-6388
-7340
-5587
-5508
-4697
-3038
-3054
-1027
-642
510
1984
1515
2815
2499
2421
3203
2075
2098
1600
752
417
-1030
-1225
-1717
-2537
-2301
-2749
-2602
-2617
-2905
-2480
-2771
-2396
-2272
-2355
-2045
-2097
-1503
-1566
-1071
-253
73
1084
1543
2161
2770
3083
3832
3857
3899
3987
3559
3259
2798
2388
2111
1529
1429
884
205
190
-712
-1007
-1309
-1826
-1449
-1790
-1418
-528
-668
121
472
273
591
356
401
429
325
715
928
702
1306
1199
1387
1792
1024
1618
1056
860
1191
562
1322
1059
1345
1641
1511
1968
1405
1564
1487
1324
1534
1798
1697
2077
2598
2517
2948
2547
2401
1842
620
-661
-1569
-1752
-2792
-3408
-3387
-4548
-5427
-5579
-7235
-7023
-7124
-7727
-5955
-6298
-4937
-4033
-3575
-1459
-1607
679
1619
1655
3152
2555
3566
3732
3188
3601
2863
2662
1753
377
278
-697
-1490
-1283
-1930
-1741
-2008
-2112
-1831
-2249
-1673
-1960
-1914
-1749
-1883
-1487
-1566
-1027
-438
171
958
1530
2357
2724
3161
3742
3712
4053
4478
4325
4226
4059
3751
3068
2377
1874
830
28
-529
-1244
-1791
-1662
-1890
-2059
-1547
-1636
-1177
-1012
-950
-597
-775
-253
-440
-334
409
117
965
1348
1057
1532
1509
1130
995
1375
644
792
1107
279
647
570
283
116
308
295
76
412
110
564
791
819
1460
1527
2043
2086
2259
2296
2034
2265
1772
1782
776
-222
-804
-1581
-1696
-2817
-2949
-3621
-5105
-5082
-6632
-6732
-6309
-7447
-5574
-5695
-4986
-3211
-3484
-1166
-1059
289
2190
1406
3274
3000
3157
4075
2992
3922
3186
3035
3059
1523
1877
1180
335
215
-531
-805
-1548
-2071
-2320
-2918
-2708
-2868
-2809
-2556
-2368
-1836
-1623
-955
-134
535
1120
1849
2671
2964
3548
4091
4056
4450
4468
4071
3780
3559
3271
2411
1782
1071
220
-170
-667
-1256
-1375
-1293
-1668
-1682
-1706
-2125
-1695
-1980
-2035
-1423
-1569
-902
-883
-422
190
-40
1112
627
801
1867
566
1279
1186
520
1246
240
356
-116
-868
-965
-1865
-1771
-1876
-1831
-1314
-1152
-479
148
546
1348
1726
1991
2744
2734
2821
3332
3100
3135
3025
2666
2453
1986
692
-567
-1212
-1773
-2318
-3056
-2760
-3685
-4551
-4588
-6422
-6212
-6234
-6896
-5226
-5021
-3803
-2470
-1764
409
459
2097
3495
2957
4199
3807
3985
4439
3803
4191
3334
3036
2545
952
842
-110
-1303
-1313
-1916
-1999
-2343
-2417
-1969
-2400
-1946
-1907
-1854
-1553
-1574
-1299
-1318
-634
109
479
1191
1828
2431
2755
2979
3315
3102
3128
3076
2598
2371
2206
2013
1467
1134
946
231
-53
-212
-624
-793
-836
-817
-1276
-1200
-1038
-1683
-1194
-1378
-1731
-982
-1565
-1397
-1123
-1290
-833
-941
-559
-190
-322
80
323
0
375
341
244
571
573
424
-179
85
-561
-1009
-432
-1152
-759
-495
-221
57
420
1042
777
1791
1826
2366
2846
2709
3530
3545
3757
3909
3823
3323
2678
1186
-32
-407
-1003
-1657
-2107
-2016
-3620
-3932
-4545
-6112
-5029
-5974
-5191
-3995
-4284
-2497
-2666
-1088
-28
-136
2148
1944
2459
3116
2778
3613
3217
3323
3303
2351
2393
1613
492
710
-405
-659
-710
-1370
-1158
-2314
-1915
-2275
-2902
-2404
-2815
-2502
-2434
-1951
-1849
-1428
-370
44
686
1080
1726
2094
2315
2730
2744
2889
3041
2793
2493
2399
2232
1837
1310
1088
707
361
-74
-636
-843
-1139
-1563
-1931
-2152
-2513
-2502
-2496
-2693
-2090
-1971
-1616
-835
-909
208
474
730
1383
947
1597
1200
985
829
173
89
-750
-1001
-1277
-1463
-1254
-1133
-858
-577
-406
-544
-319
-253
-29
354
559
1043
1231
1418
1786
2052
2638
3025
3269
3657
3727
4071
3937
3897
3912
3471
3228
2272
983
-436
-1058
-1457
-2421
-2847
-2811
-3800
-4585
-4403
-5845
-5326
-5026
-5324
-3649
-3874
-2508
-2086
-1750
182
-697
848
1800
1473
2592
2244
3006
2861
2779
3263
2098
2040
1719
669
299
-25
-682
-650
-708
-959
-1325
-1567
-1150
-1668
-1729
-1634
-1766
-1712
-1689
-1431
-1559
-878
-397
-154
386
753
1253
1203
1552
1793
1679
1980
2005
1752
1705
1588
1448
1318
1266
1122
755
798
462
-12
-368
-777
-961
-1239
-1669
-1862
-2078
-2348
-1681
-1846
-1796
-591
-930
-51
609
232
1183
862
1350
1012
594
1601
16
551
70
-1069
-188
-1330
-638
-921
-956
-289
-853
-420
-807
-964
-767
-447
-407
86
534
797
1682
1807
2775
3240
3631
4710
4449
4855
4936
4512
4548
4007
3395
2615
1541
119
-1604
-2249
-2354
-3090
-3200
-3163
-4028
-4592
-4805
-5802
-6139
-5453
-5415
-4553
-3605
-3042
-1760
-1397
488
761
1142
3117
2159
3084
2729
2886
3162
2439
3298
1947
1770
1418
472
225
-187
-571
-859
-1013
-1218
-1759
-2314
-2060
-2566
-2561
-2626
-2693
-2576
-2418
-1660
-1533
-659
44
615
1027
1352
1790
1720
2115
2028
1793
1840
1753
1685
1675
1750
1794
1663
1822
1616
1326
1159
701
514
46
-367
-904
-1134
-1592
-1772
-1595
-1996
-1343
-955
-669
-213
-90
31
31
283
173
-192
29
17
-207
273
-283
-23
-149
-593
112
-781
-287
-42
-521
51
-464
-558
-686
-947
-597
-538
77
431
860
1445
1762
2096
2241
2702
2864
3027
3123
3091
2989
3047
2848
2649
2559
2007
1548
893
24
-1138
-1828
-1916
-2149
-2768
-2593
-3113
-4288
-3856
-5001
-5385
-4897
-5104
-3879
-3715
-2787
-2269
-2063
-430
-273
178
1104
1242
1603
1808
2003
2280
2015
2483
2452
2112
2161
1789
1412
1289
926
380
11
-484
-957
-1568
-1797
-2070
-2194
-2107
-1867
-1735
-1470
-995
-835
-375
-179
122
317
431
776
870
1278
1540
1645
1896
1943
2006
2003
2139
2101
1993
1930
1589
1390
1091
678
501
385
-111
-310
-530
-1308
-926
-835
-1180
-361
-516
-400
64
-119
-281
-124
-37
-311
110
8
13
85
32
47
229
-6
-56
23
-403
-255
-579
-685
-654
-532
-611
-432
-398
-684
-484
-513
-493
-226
-221
-263
55
110
264
488
612
734
1018
1163
1107
1007
943
997
997
1147
1165
1175
1309
1070
560
-147
-1016
-884
-913
-1266
-246
-822
-1434
-829
-1830
-1750
-1644
-2019
-1514
-1387
-1271
-1243
-1351
-712
-558
-622
120
-327
-157
-306
-234
243
92
761
745
848
814
673
374
459
286
-19
148
-39
-98
-224
-300
-360
-184
-267
-175
-410
-360
-391
-665
-403
-528
-298
-92
117
297
444
707
848
1003
1084
945
822
809
821
916
877
1080
901
1064
1336
1142
1549
1361
1453
1512
1314
1196
788
727
369
430
313
150
-14
-93
-419
-565
-535
-1036
-842
-1255
-1375
-1460
-1591
-1652
-1632
-1432
-1665
-1301
-1596
-1796
-1622
-1862
-1460
-1077
-893
-758
-895
-781
-854
-618
-476
-351
2
203
385
524
740
771
1220
1257
1620
1805
1730
1987
1984
2011
1959
2026
1804
2084
2204
2156
1947
1085
818
916
717
1257
1511
774
742
54
-763
-891
-1654
-1695
-1446
-1383
-1302
-1751
-1797
-1916
-2072
-1956
-1979
-2181
-2266
-2307
-1904
-1577
-1333
-851
-706
-404
-356
-392
-373
-275
-325
93
313
448
635
368
531
423
443
422
399
433
434
320
266
402
368
413
372
288
128
57
-33
0
-17
-34
-5
-90
159
188
238
533
648
812
972
1051
1157
1335
1295
1349
1320
1185
969
711
605
292
215
-73
-192
-418
-590
-769
-1024
-960
-1250
-1174
-1219
-1155
-953
-820
-664
-486
-649
-763
-812
-1099
-767
-817
-645
-538
-645
-673
-953
-1063
-1017
-875
-518
56
105
578
725
842
1416
1581
2070
2253
2415
2505
2465
2660
2685
2719
2691
2672
2607
2510
2254
1731
1207
638
489
599
357
314
-41
-886
-1216
-1933
-2637
-2695
-2901
-2784
-2424
-2623
-2608
-2522
-2713
-2234
-2165
-1895
-1686
-1743
-1276
-1054
-514
-74
245
533
592
465
376
154
22
-16
-29
102
60
46
-34
-152
-278
-217
-300
-94
-156
-160
-134
-338
-176
-160
128
215
375
269
66
108
-78
85
200
114
325
430
320
602
713
780
1141
1156
1316
1393
1239
1283
1232
1293
1218
1106
990
704
661
460
393
362
55
-178
-539
-702
-675
-742
-695
-677
-921
-1221
-1498
-1327
-1398
-1142
-887
-1181
-819
-1323
-1314
-1049
-1140
-573
-340
17
285
505
614
1172
1157
1414
1551
1190
1591
1192
1561
1456
1605
1482
1405
1459
1167
1472
1165
1524
1266
1604
1382
1238
1140
675
626
92
141
-26
-100
-440
-416
-1174
-1538
-1718
-2285
-1825
-2220
-2044
-1868
-1895
-1960
-1948
-1882
-1849
-1570
-1756
-1347
-1566
-1266
-1134
-837
-344
-414
-168
-424
-320
-256
-3
14
414
357
454
605
469
737
632
822
900
937
737
610
292
271
9
-122
-61
-238
-16
-152
67
189
198
236
226
225
279
477
619
840
910
1068
1095
1221
1190
1207
1214
1086
1082
912
825
733
756
694
792
599
589
597
338
289
174
16
-197
-176
-434
-509
-708
-1114
-1419
-1626
-1708
-1845
-1602
-1678
-1635
-1590
-1767
-1524
-1403
-1280
-963
-466
-188
264
392
448
695
455
482
468
477
413
489
593
813
949
986
1166
1259
1427
1399
1482
1461
1421
1389
1428
1416
1072
882
563
265
123
-289
-629
-780
-1110
-1419
-1340
-1810
-1707
-1648
-1770
-1360
-1662
-1392
-1545
-1437
-1323
-1400
-1102
-1087
-829
-748
-560
-574
-173
-320
-83
178
-33
422
171
437
523
537
712
669
730
592
583
572
606
550
489
315
246
20
-1
3
-30
47
-11
164
115
217
104
148
161
80
265
184
436
417
628
783
912
1133
1096
1318
1211
1298
1176
1089
1057
941
892
671
664
485
390
305
165
91
-86
-279
-401
-571
-689
-844
-822
-857
-961
-894
-1184
-1108
-1260
-1399
-1249
-1381
-1195
-1083
-860
-772
-575
-627
-578
-334
-452
7
-220
-46
-117
-268
-99
-348
-94
-297
-89
-128
81
224
380
652
688
1006
885
1143
1038
1148
1305
1283
1357
1284
1186
1078
982
800
804
498
334
-26
-169
-269
-461
-404
-568
-580
-834
-858
-1034
-1113
-1135
-1220
-1021
-1008
-871
-883
-781
-646
-507
-270
-170
-55
-19
-7
106
144
268
300
301
317
239
167
67
66
-9
-13
-71
-124
-99
-227
-136
-142
-59
77
-12
233
187
243
274
206
225
239
248
261
378
316
494
544
710
806
826
862
801
767
692
648
699
629
596
543
462
549
369
362
230
83
-36
-154
-340
-475
-615
-766
-655
-790
-817
-906
-1042
-1007
-1023
-1010
-969
-1015
-1025
-1002
-1012
-981
-983
-922
-807
-687
-465
-407
-271
-163
-169
1
26
132
274
379
473
661
720
759
864
842
913
930
958
945
1068
979
1029
1096
1040
1085
942
854
616
661
537
639
776
700
811
556
400
129
60
-57
35
62
-101
-203
-589
-640
-902
-824
-892
-794
-635
-763
-632
-791
-794
-916
-919
-1045
-1001
-1157
-1185
-1156
-1157
-942
-1006
-770
-867
-683
-720
-539
-377
-242
-55
-11
269
212
468
390
567
613
670
729
695
669
472
466
260
276
87
132
27
83
143
85
199
109
199
183
343
382
552
586
629
687
708
760
629
674
518
544
439
401
315
134
56
-139
-144
-354
-431
-590
-669
-744
-851
-811
-883
-835
-845
-739
-759
-645
-608
-432
-260
-154
-5
-94
7
-73
35
141
207
322
399
427
513
535
563
598
591
673
604
601
543
511
511
595
597
733
703
716
796
781
832
727
668
509
469
369
428
381
376
358
217
162
-114
-223
-379
-452
-451
-484
-637
-717
-916
-1052
-1015
-1276
-1194
-1365
-1377
-1310
-1350
-1196
-1210
-1094
-1094
-1037
-1069
-1031
-1065
-913
-778
-638
-446
-503
-352
-391
-314
-206
-42
13
107
146
154
278
161
268
292
318
368
401
442
477
488
536
657
648
699
619
681
726
746
879
848
884
860
827
918
941
915
926
804
835
767
635
577
383
296
154
115
118
100
42
-15
-68
-175
-335
-440
-443
-441
-408
-397
-341
-385
-377
-363
-250
-145
-92
26
62
206
192
275
379
409
406
375
320
193
193
46
123
61
0
-123
-276
-310
-476
-369
-431
-321
-303
-311
-192
-108
-48
6
131
169
293
261
366
398
416
449
457
463
263
171
10
-55
-228
-383
-531
-702
-756
-918
-898
-986
-1037
-1117
-1154
-1150
-1169
-1120
-1130
-951
-857
-747
-670
-569
-467
-425
-262
-181
-110
-105
-213
-150
-137
-150
-83
-10
30
42
76
76
185
119
178
273
324
296
307
402
497
703
785
969
1020
1038
1006
1102
1157
1144
1158
1039
1066
986
927
853
853
779
673
621
478
502
336
280
264
235
179
40
57
-54
-29
-106
-41
4
-35
-26
-45
31
-44
-29
-94
-77
-123
-182
-181
-218
-254
-377
-446
-511
-546
-637
-626
-593
-544
-513
-539
-458
-455
-476
-525
-478
-442
-486
-465
-477
-380
-339
-315
-264
-186
-148
-156
-47
-3
72
57
43
90
110
101
82
101
62
99
105
129
246
202
113
50
-56
-165
-240
-253
-204
-156
-132
-98
13
-19
-90
-20
-43
-55
-136
-196
-190
-179
-245
-184
-76
-117
-105
-113
-18
34
44
-6
37
44
-39
-46
-46
-10
-29
-43
-36
72
63
54
114
234
347
461
597
700
841
769
831
863
785
745
628
611
546
473
413
373
342
262
254
243
222
159
116
49
-31
-156
-283
-312
-359
-341
-376
-347
-332
-384
-451
-471
-423
-434
-427
-423
-379
-396
-452
-461
-395
-365
-342
-315
-332
-323
-416
-459
-455
-454
-484
-579
-624
-684
-690
-695
-674
-552
-497
-438
-395
-351
-240
-175
-77
83
198
207
197
240
306
357
404
484
562
579
544
640
693
692
708
696
752
711
641
614
625
552
474
476
523
576
560
562
584
610
501
480
478
462
386
244
193
102
-15
-153
-105
-44
-53
-96
-110
-133
-190
-295
-306
-238
-351
-410
-527
-532
-582
-626
-576
-504
-384
-446
-353
-340
-293
-272
-213
-57
-9
-10
-138
-124
-227
-243
-258
-172
-102
-140
-128
-113
23
-47
40
59
136
123
83
120
113
130
-3
102
59
57
-29
-44
13
-38
-21
-116
-18
-145
-162
-172
-157
-102
-193
-101
-72
64
1
29
41
-6
-14
-71
-11
-40
-97
-213
-163
-240
-279
-296
-265
-194
-207
-84
6
124
53
57
111
108
128
125
230
246
222
209
313
370
300
349
446
567
542
509
533
538
475
392
498
476
385
303
288
357
285
242
234
300
234
111
124
83
37
-88
-142
-107
-183
-301
-275
-248
-235
-205
-156
-50
-149
-247
-302
-242
-273
-399
-344
-367
-367
-425
-386
-268
-337
-458
-422
-286
-294
-319
-341
-242
-296
-467
-516
-492
-491
-621
-535
-418
-342
-381
-401
-221
-135
-136
-31
125
183
140
117
227
239
196
155
257
264
166
222
258
316
252
253
407
442
306
226
254
264
180
144
257
271
190
104
229
310
213
165
193
302
216
110
119
212
138
73
161
273
319
184
239
273
277
102
83
148
67
20
-68
46
-9
-57
-67
30
94
3
15
18
-22
-134
-132
-113
-100
-193
-234
-143
-166
-161
-191
-103
-70
-111
-60
-3
100
22
18
72
68
-7
-137
-185
-223
-238
-329
-341
-356
-404
-410
-420
-340
-244
-212
-238
-178
-134
-193
-231
-283
-212
-234
-331
-359
-255
-162
-164
-51
-9
117
81
70
57
94
126
151
333
281
329
281
327
413
365
323
363
364
227
239
110
133
65
48
198
132
156
60
172
150
19
20
8
80
-5
-83
-64
17
-105
-52
-11
97
151
32
147
154
130
57
86
192
211
171
160
140
-2
-68
-61
24
37
-39
38
4
-53
-182
-198
-17
53
52
75
91
31
-108
-238
-105
-151
-142
-72
-52
13
-112
-93
62
43
-17
-29
-61
2
-232
-240
-141
-157
-10
-139
21
47
-43
-14
-117
-17
-69
-60
-60
-107
-193
-178
-102
-72
-28
-47
79
2
-168
-261
-192
-141
-111
-116
-59
39
-41
-69
-113
-73
67
111
90
157
54
100
48
-49
76
-90
83
47
-2
106
-139
107
83
28
124
6
234
236
92
63
173
307
288
175
81
159
73
3
0
72
171
238
350
230
188
82
215
237
99
61
11
146
-208
-290
-391
-259
-99
-344
-186
-296
-323
-452
-513
-490
-557
-580
-411
-179
-326
-265
-230
155
139
-136
-14
66
373
62
34
174
235
360
4
208
240
202
387
263
374
173
152
338
266
77
-152
78
114
-4
-291
-212
22
-160
-317
-494
-179
-136
-111
-53
0
186
49
98
76
2
-71
75
214
214
59
34
259
179
15
-112
59
167
89
-53
54
172
54
6
-78
15
-25
-104
41
194
228
245
172
187
-45
-255
-206
-216
-9
-224
-98
-58
-100
-84
-283
-45
-99
-79
-110
-134
-160
-208
-239
-104
-145
-307
-181
-186
68
-142
-17
17
49
64
-249
73
-192
53
22
44
202
-168
86
-94
-22
-207
-134
194
99
138
-100
87
66
-123
-158
8
186
184
201
196
300
126
218
342
415
299
234
344
312
265
39
317
160
-16
-173
-319
-94
-406
-190
-98
106
-4
-257
-74
-263
-156
-373
-163
-26
-101
-177
-104
86
-8
159
56
356
183
114
163
130
177
-16
271
147
220
-42
-10
219
56
18
-154
21
-68
-156
-360
-281
-186
-246
-209
-283
-213
-207
-118
-120
15
-88
107
166
70
111
7
354
258
210
38
111
262
1
28
-82
69
89
-102
-66
-63
-139
-92
-79
-106
-125
-242
-149
-35
-167
-208
-48
34
31
-136
-32
206
170
35
-3
163
129
24
-62
86
126
63
80
109
138
-41
90
122
169
-32
-78
73
-57
-161
-268
18
-38
-29
-151
25
214
-90
125
38
254
87
-40
180
137
237
20
293
259
106
25
-98
75
-109
-162
-159
-8
-51
-159
-48
-128
-43
-171
-158
4
-119
-44
-63
60
34
-43
35
-40
88
-19
44
44
-17
7
-41
-9
-92
36
0
98
53
22
152
35
54
-53
34
26
-73
-72
-91
-41
-35
12
48
22
-93
1
76
56
-6
10
145
79
-86
-199
-41
12
-44
-42
20
65
-118
-201
-134
-28
-60
-9
151
134
3
-130
4
123
29
9
148
307
215
0
96
205
190
136
101
275
130
-39
10
52
116
-123
-102
41
-41
-111
-256
-43
-11
-123
-164
-161
-29
-181
-131
-154
-6
-35
-83
78
-38
79
-63
83
93
-14
-36
9
174
16
9
-71
126
10
-91
-142
-140
68
-117
25
-89
-7
-35
-164
-107
-233
-124
-163
16
-78
-72
-69
-44
117
-67
59
4
157
97
-58
-40
-101
110
-11
38
62
74
197
73
101
-15
25
14
-34
-10
-151
-25
-102
-61
-71
-139
-29
-139
-67
-116
-71
-22
34
107
48
43
-59
18
-60
-37
-34
10
97
-16
0
-78
-1
18
18
73
86
48
22
-13
-19
12
-51
60
7
9
-27
-41
28
-6
63
53
126
75
10
-31
-12
-12
-45
42
50
98
5
10
37
50
-25
-82
16
-11
-6
-148
-69
-57
-111
-91
-149
-5
-62
-10
41
51
63
2
78
63
41
-57
-16
40
-25
-30
-29
77
51
16
-4
23
-10
-120
-36
-44
-57
-68
-27
42
-17
-83
-41
104
23
-51
37
111
167
54
75
218
241
135
107
158
120
66
-15
83
21
-4
-22
-6
55
-114
12
10
10
-71
-152
-25
-82
-108
-158
-1
14
-66
-58
3
59
-46
-2
28
124
-3
-56
48
29
-3
-85
17
73
32
-91
-28
47
-19
-43
-45
40
47
-11
-12
52
10
37
75
100
107
33
102
124
106
27
88
161
96
50
3
72
54
-13
-66
10
-6
-65
-71
-66
9
-68
-23
27
46
-7
-20
19
39
38
-40
36
29
4
-51
-26
34
2
-10
13
54
-13
-65
-101
-79
-132
-156
-119
-102
-87
-113
-30
4
-2
-56
-39
71
20
-31
16
118
151
110
32
112
130
29
43
44
121
98
73
86
74
-6
0
59
29
3
-61
15
3
-92
-143
-39
48
-6
-15
9
107
13
-37
24
52
4
-78
-25
-23
-70
-138
-68
9
-66
-174
-146
-77
-146
-212
-211
-45
-72
-196
-159
-104
-84
-120
-85
24
64
24
31
87
66
-15
20
108
94
6
30
118
126
20
-11
104
86
-3
-62
0
62
-5
-57
-6
57
-54
-90
-36
1
13
-30
24
103
67
5
66
114
102
72
83
143
94
7
8
40
-20
-122
-153
-88
-76
-131
-137
-79
-43
-123
-184
-169
-137
-170
-154
-74
-71
-81
-61
31
62
-10
-14
98
161
61
-4
61
147
84
16
26
97
78
4
67
49
16
7
34
47
-42
-92
26
99
23
-25
10
126
92
-17
19
90
92
100
110
136
113
111
168
135
5
-59
45
77
-25
-133
-57
37
-37
-179
-197
-68
-73
-113
-132
-107
-76
-94
-93
-52
-67
-91
38
28
4
-27
7
149
113
5
32
120
76
19
-49
37
64
-22
-36
-9
13
-59
-47
-16
13
-57
-48
60
69
4
5
120
134
90
10
115
187
103
72
78
120
29
-15
-2
50
-7
-64
-7
-53
-116
-170
-80
-68
-100
-174
-132
-63
-174
-178
-141
-47
-59
-91
-90
-52
-54
-57
12
35
67
45
64
58
16
32
45
71
83
47
29
16
-15
-19
9
-19
5
19
0
18
-15
2
27
37
69
63
53
89
113
124
104
86
118
115
82
44
14
61
41
-12
-17
-63
-45
-64
-101
-100
-94
-67
-48
-58
-64
-35
-54
-42
-42
-60
-73
-77
-13
0
-32
-47
0
26
-2
-61
-31
28
8
-3
-15
15
10
6
-11
7
-20
3
66
42
33
6
77
64
19
2
70
99
41
40
43
57
4
15
33
40
4
5
38
-21
-30
-8
50
24
-35
-20
2
-26
-102
-58
-8
-21
-70
-55
-10
-71
-93
-44
40
0
-50
2
25
-24
-104
-55
26
6
-76
-58
6
-49
-113
-98
-18
-34
-87
-24
47
38
-13
56
148
131
41
69
156
143
50
33
104
83
13
-9
58
51
0
3
65
44
-35
1
69
64
-22
-3
70
47
-36
-34
44
38
-12
-16
38
3
-70
-43
19
23
-48
-32
28
10
-61
-45
43
45
14
-6
15
6
-53
-42
-2
-11
-57
-25
-29
-59
-92
-93
-14
-41
-59
-19
13
-2
3
16
41
44
-27
13
38
-5
-23
-35
-24
-10
-49
-67
-34
-20
-7
6
-32
-35
-11
-9
-3
-4
4
26
37
-15
-23
-7
9
50
16
-9
11
4
9
-13
-35
16
51
17
-2
-16
6
41
7
25
35
29
29
-6
-38
-23
-12
-13
-3
-44
-27
-8
-22
-25
-31
-7
23
16
-2
16
7
17
23
13
11
14
24
24
17
-27
-10
8
7
-2
-14
16
59
45
6
25
35
68
76
28
38
51
39
35
-9
-31
7
14
-15
-43
-89
-43
-10
-48
-54
-34
9
16
-17
-58
-12
-20
-26
-42
-67
-69
-91
-69
-81
-84
-111
-80
-20
-17
-56
-67
-13
13
-12
-64
-34
-3
-12
-17
-35
-26
-25
-12
-1
-7
-17
31
76
60
27
16
82
92
53
35
77
89
56
35
65
99
86
90
91
73
50
54
69
84
65
68
95
66
25
17
41
56
21
17
37
26
-20
-33
-33
-19
-21
-34
-2
-30
-15
5
18
9
-12
28
37
8
-30
-13
-11
-10
-63
-82
-54
-78
-60
-54
-33
-35
-15
6
19
1
14
67
41
18
-10
0
-16
-34
-35
-28
-43
-75
-69
-56
-62
-78
-18
8
-19
-53
-51
-4
-26
-73
-41
4
-35
-92
-102
-71
-69
-121
-100
-34
-57
-102
-76
-20
-13
-38
-19
48
34
-10
12
47
32
-19
12
52
9
-58
-3
68
36
-15
31
137
116
46
68
170
168
84
86
167
161
85
82
123
126
49
49
102
89
53
70
125
108
50
42
106
94
30
47
89
87
10
-16
31
14
-36
-16
8
-9
-66
-79
-32
-49
-104
-92
-29
-39
-106
-135
-86
-44
-97
-116
-80
-69
-95
-139
-124
-111
-113
-131
-109
-109
-132
-124
-105
-89
-97
-85
-62
-36
-74
-80
-54
-36
-49
-45
-19
-10
-27
-48
2
13
-2
-8
21
39
34
3
20
64
52
25
43
59
63
53
54
73
58
62
80
93
60
61
66
78
69
37
58
80
76
41
42
56
76
62
60
68
59
65
69
70
34
28
48
65
41
4
19
53
52
-5
-4
23
35
13
-10
13
30
22
1
9
11
11
20
35
12
-29
-24
-6
-17
-54
-69
-36
-22
-71
-95
-73
-48
-56
-63
-49
-38
-62
-76
-72
-82
-86
-71
-52
-60
-102
-114
-80
-89
-99
-94
-55
-49
-85
-104
-80
-59
-66
-59
-40
-25
-55
-65
-48
-32
-29
-22
9
6
-1
0
28
45
52
66
89
111
85
89
94
110
101
105
121
135
127
107
130
133
127
119
140
143
122
113
135
150
117
100
120
145
122
92
105
107
75
52
60
68
38
23
27
30
-11
-29
-6
5
-12
-51
-22
-17
-41
-71
-73
-54
-70
-75
-59
-52
-107
-110
-86
-72
-115
-129
-82
-57
-82
-126
-96
-64
-70
-104
-87
-61
-60
-79
-73
-66
-89
-83
-51
-37
-67
-67
-33
-13
-58
-87
-47
-2
-20
-53
-35
-5
-16
-43
-16
18
0
1
21
19
-17
-31
10
28
3
-19
16
31
0
-29
-3
39
29
13
26
39
4
-4
16
32
28
26
47
43
13
8
48
58
35
44
83
89
54
41
86
104
89
80
95
104
83
72
70
76
60
62
64
44
17
25
48
35
1
0
38
27
-6
-15
4
10
-4
-26
-23
-22
-38
-35
-51
-66
-74
-72
-81
-97
-117
-104
-87
-104
-123
-137
-114
-109
-115
-123
-115
-111
-109
-118
-125
-120
-111
-91
-87
-81
-88
-85
-75
-57
-57
-41
-17
1
-6
-25
-6
13
35
39
44
44
56
45
41
44
64
70
67
88
79
75
72
98
108
119
114
118
127
119
107
104
115
108
104
98
84
58
44
51
53
28
12
27
29
12
-9
1
28
17
-7
-12
-6
-15
-27
-30
-28
-36
-48
-42
-38
-49
-53
-39
-39
-51
-78
-66
-63
-72
-76
-64
-64
-76
-74
-70
-66
-78
-64
-48
-42
-60
-57
-44
-35
-43
-32
-11
-7
-14
-13
8
-3
-9
-11
9
-1
-18
-19
-13
-26
-30
-19
-12
-18
-26
-7
-5
-16
-26
15
29
15
3
19
36
23
12
12
25
14
7
4
6
-9
-2
24
18
4
0
30
26
1
-4
27
50
35
27
41
66
53
63
76
81
68
68
89
88
62
59
88
76
59
42
69
71
50
41
66
70
45
45
57
53
21
31
52
45
12
20
48
48
19
3
28
25
-4
-6
9
1
-24
-23
-6
-17
-48
-43
-17
-38
-79
-83
-57
-64
-90
-92
-68
-70
-95
-91
-63
-72
-94
-75
-51
-57
-92
-76
-45
-49
-80
-76
-43
-54
-79
-78
-54
-60
-70
-60
-28
-29
-43
-28
4
7
-14
1
25
26
-5
8
33
40
16
22
50
47
29
32
57
53
38
50
79
70
51
48
72
70
44
47
66
65
44
51
67
64
53
60
76
64
47
51
69
59
34
34
53
43
22
24
26
17
0
6
4
-3
-17
-4
6
-4
-13
-12
-3
-10
-24
-28
-16
-29
-32
-28
-34
-45
-57
-60
-51
-61
-64
-58
-54
-51
-55
-48
-41
-36
-41
-35
-37
-39
-41
-35
-38
-41
-34
-40
-34
-31
-36
-35
-22
-22
-21
-25
-19
-9
-12
-7
-10
-9
-7
-3
-1
-7
-2
3
8
11
17
17
26
34
38
41
36
43
45
41
30
34
37
41
29
34
36
31
30
28
36
34
30
36
49
38
35
41
56
48
44
42
44
44
34
34
31
29
19
24
26
22
3
7
13
7
-3
-5
-1
0
-8
-11
-4
-12
-17
-18
-13
-12
-16
-23
-10
-17
-25
-26
-29
-26
-35
-38
-37
-35
-47
-52
-47
-48
-48
-48
-35
-45
-47
-41
-37
-28
-33
-26
-24
-16
-24
-27
-17
-7
-10
-12
-6
-1
5
-2
6
9
3
-3
9
7
-6
-6
6
19
13
17
16
26
35
37
38
42
53
53
60
57
51
47
38
49
43
36
38
42
36
24
25
25
25
28
18
21
28
15
25
19
19
12
15
17
15
8
8
14
11
12
0
4
-3
-8
-18
-8
-18
-15
-18
-19
-22
-28
-23
-24
-22
-32
-29
-35
-31
-38
-42
-41
-31
-31
-40
-37
-39
-36
-35
-36
-39
-36
-38
-41
-34
-35
-35
-33
-20
-26
-24
-26
-17
-16
-13
-6
-16
1
-5
6
6
14
18
19
19
15
12
9
12
10
16
13
28
23
25
22
28
26
29
28
29
37
33
44
44
44
38
44
41
42
34
33
33
32
26
21
24
23
24
14
15
8
7
1
4
-5
-11
-13
-16
-18
-22
-27
-22
-14
-20
-22
-23
-28
-28
-30
-31
-33
-38
-40
-46
-45
-54
-57
-51
-53
-58
-54
-58
-58
-59
-59
-63
-56
-52
-51
-47
-41
-32
-41
-35
-40
-31
-34
-25
-20
-18
-16
-19
-11
-17
-13
-16
-13
-11
3
-3
-1
-4
3
12
10
16
17
22
18
31
24
28
32
33
29
27
35
36
36
38
45
41
45
44
49
50
52
51
55
58
51
48
48
51
46
44
44
40
34
38
41
39
35
28
27
19
13
12
10
6
-1
-5
-7
-11
-18
-20
-22
-21
-24
-19
-17
-22
-23
-18
-16
-26
-23
-23
-26
-25
-25
-27
-32
-32
-40
-38
-41
-43
-41
-48
-43
-39
-38
-39
-35
-32
-35
-30
-27
-20
-22
-22
-15
-8
-7
-7
-2
1
-1
1
-3
-3
3
5
15
5
17
13
22
26
29
38
38
43
34
41
32
39
36
35
37
32
30
37
31
31
33
31
32
30
38
29
40
35
35
26
24
22
21
19
16
22
18
18
15
25
20
23
21
30
22
23
25
13
20
14
19
4
1
-9
-8
-14
-22
-19
-25
-23
-27
-22
-28
-28
-31
-26
-26
-27
-27
-28
-25
-28
-29
-31
-23
-26
-23
-22
-19
-22
-30
-26
-28
-31
-27
-24
-16
-14
-21
-15
-16
-15
-16
-10
-3
-6
-1
2
-3
-1
-5
-13
-7
-2
1
0
10
8
2
6
8
13
9
15
13
15
16
17
17
6
10
4
10
6
6
9
15
17
15
25
29
40
31
39
30
29
25
24
16
11
13
4
4
3
6
3
9
7
9
9
16
11
12
12
20
19
12
19
13
12
7
-1
-11
-6
-13
-19
-22
-20
-21
-27
-23
-26
-19
-17
-12
-13
-13
-17
-18
-21
-19
-21
-21
-18
-24
-24
-29
-26
-28
-23
-23
-25
-17
-19
-17
-18
-15
-17
-15
-21
-19
-19
-23
-21
-20
-13
-18
-16
-20
-12
-13
-9
-8
-3
-1
-6
2
2
6
13
15
10
12
6
2
-4
-5
-6
-8
-4
-12
-17
-11
-10
-2
4
3
15
13
22
19
24
22
25
26
18
13
7
0
-5
0
-7
-10
-12
-7
-6
-6
-6
-4
-4
-2
-4
6
-3
-1
0
-3
3
-12
-5
-15
-10
-16
-14
-16
-14
-12
-15
-6
-7
2
-3
-1
-4
-1
-3
-1
-9
-8
-14
-6
-13
-26
-15
-21
-20
-16
-12
-5
0
0
9
6
7
11
7
10
13
14
3
7
-3
-3
-6
-12
-10
-6
4
-5
13
12
22
25
26
34
39
48
48
50
42
47
41
47
37
30
27
25
20
21
18
17
17
19
22
25
36
29
33
25
26
24
21
20
12
15
16
7
12
9
5
10
7
13
7
5
3
6
4
6
5
1
0
-1
-9
-9
-16
-28
-25
-28
-26
-21
-19
-17
-13
-9
-3
1
7
2
8
7
4
0
-6
-6
-12
-16
-17
-27
-30
-33
-44
-27
-29
-29
-27
-29
-29
-22
-20
-19
-15
-8
2
0
3
-10
-9
-15
-10
-21
-28
-26
-32
-33
-33
-23
-19
-13
-11
1
1
10
7
7
7
3
6
2
2
-4
-9
-9
-2
-9
-7
2
4
-1
6
12
10
15
16
16
13
12
11
7
10
3
-3
-3
-5
-9
-6
-1
3
8
6
16
12
12
23
17
19
14
14
14
7
9
-5
-7
-6
-17
-10
-9
-7
-9
-9
-10
-3
-4
2
4
0
3
6
9
7
10
4
6
1
3
-1
-3
-5
-5
-8
-7
-3
-6
-3
4
-4
1
0
-9
-7
-7
2
-7
-6
-6
-11
-15
-16
-22
-20
-21
-15
-16
-17
-19
-18
-7
-17
-11
-12
-3
-6
0
-2
3
0
3
3
1
8
0
3
0
3
-3
5
-2
9
9
7
10
13
14
6
14
13
10
19
18
9
10
6
9
13
4
7
7
7
9
16
14
13
21
22
23
21
27
17
16
10
12
1
-1
-6
-9
-9
-15
-9
-10
2
-2
-2
1
-1
-7
1
5
12
5
3
6
-7
-4
-6
-8
-9
-9
-10
-10
-16
-13
-15
-13
-13
-9
0
0
1
0
0
3
5
6
0
1
7
2
3
3
4
7
3
5
3
1
2
-5
0
4
2
-4
5
5
2
2
1
3
4
7
5
7
4
11
7
13
13
16
16
14
17
13
16
14
17
6
13
4
2
1
3
-4
-9
9
7
11
14
21
18
18
21
26
18
19
22
26
27
23
23
21
18
9
22
17
18
10
7
5
2
0
-2
-1
-6
1
-6
-8
-8
-4
-6
-1
0
2
6
9
13
9
9
12
13
15
12
6
6
5
0
-8
-10
-10
-15
-14
-14
-19
-13
-14
-13
-15
-16
-15
-13
-19
-18
-18
-18
-16
-13
-11
-11
-10
-7
-4
-14
-6
-16
-16
-19
-25
-19
-19
-25
-21
-25
-26
-29
-24
-12
-21
-13
-15
-4
-7
4
4
8
4
9
9
3
6
-6
-3
-5
0
-8
-2
-9
-4
-3
1
-3
-2
-14
-3
-4
-5
0
-5
0
-5
5
-2
8
-3
5
3
7
11
8
10
6
9
8
12
3
7
4
8
3
6
2
0
0
6
10
3
9
14
14
16
18
12
7
8
10
4
4
0
-3
-1
-3
1
-6
-5
-7
-7
-1
-6
3
-1
6
0
-1
-1
-3
-3
-4
-2
-3
0
1
3
5
15
9
8
9
6
4
-1
2
3
0
1
2
1
0
3
6
-3
-1
-1
2
1
4
0
-7
-6
-8
-9
-16
-12
-16
-15
-21
-21
-19
-16
-21
-19
-12
-13
-17
-17
-8
-13
-10
-13
-19
-16
-17
-13
-16
-12
-12
-11
-12
-13
-4
-19
-19
-21
-17
-18
-16
-14
-15
-13
-11
-8
-7
-3
-2
1
-7
2
-6
1
-5
-3
-3
-4
-2
-4
-3
-9
-3
-5
-2
-7
-1
-3
5
2
2
1
1
1
7
9
5
11
6
9
2
11
12
6
11
16
9
7
1
7
4
2
9
2
-3
-9
-2
-10
-6
-4
-5
-3
-6
-1
-7
-5
-2
-6
0
3
4
4
4
9
5
12
15
10
14
16
17
13
9
9
6
8
6
13
7
10
10
7
10
10
12
15
15
13
17
13
12
10
7
5
6
3
8
6
9
8
7
3
10
6
5
11
12
12
11
17
7
14
3
16
9
6
7
3
10
12
16
9
18
10
10
4
6
-11
-1
-6
-9
-7
-14
-9
-20
-9
-15
-11
-12
-6
-10
-3
-4
-6
-3
-3
4
2
6
7
9
1
10
6
4
3
2
1
-9
-6
-7
-8
-11
-5
-7
-1
-5
-1
0
-5
-2
-1
4
1
10
2
6
4
2
0
-2
2
0
6
-3
1
-6
0
-3
4
3
3
10
10
9
10
14
4
12
11
19
8
10
7
10
8
5
8
-6
-6
-11
-7
-16
-10
-15
-10
-10
-10
-4
-11
-14
-12
-6
-3
-2
-5
-3
-8
-3
-3
-2
-1
-3
-6
-8
-4
-8
-9
-13
-12
-16
-13
-14
-11
-4
-13
0
-7
-1
-6
2
-1
-5
4
-2
3
-3
6
-2
5
4
9
3
6
6
7
4
-5
-1
-10
0
-14
-9
-12
-9
-9
-8
-7
-9
-8
-5
-7
-5
1
-3
5
-4
-1
-5
-3
-11
-10
-6
-10
-4
-10
-1
-6
0
-4
-5
-6
-7
-4
-7
-4
-10
-3
0
2
7
8
10
9
9
8
9
0
4
9
7
3
9
6
1
6
-5
-2
-1
-3
-2
2
1
6
6
10
13
16
9
7
15
8
12
7
9
9
13
9
11
6
4
6
0
2
3
6
3
0
3
1
-3
-1
0
0
2
6
5
1
6
14
11
14
13
12
10
9
13
13
18
6
10
6
-1
7
5
4
7
0
6
9
3
4
-8
3
-4
-1
0
2
0
7
6
6
5
6
11
3
6
-4
0
-15
-9
-13
-18
-16
-15
-15
-17
-8
-14
-13
-16
-13
-11
-3
-7
-1
3
6
3
1
6
2
6
0
5
-3
5
1
0
-2
-2
6
-6
5
0
6
3
10
3
-1
6
3
6
2
2
-2
3
-7
2
3
3
1
1
0
-3
-1
-6
-3
-5
0
-8
-6
-5
-3
-2
-9
-8
-6
-10
-13
-3
-6
-2
-3
-1
1
0
3
3
5
3
0
3
3
1
3
-5
-2
-7
-8
-3
-8
-10
-13
-13
-9
-10
-9
-6
-6
-6
-7
-10
-6
-6
-6
-10
-5
-9
-13
-7
-12
-11
-7
-4
-9
-11
-12
-3
-10
-7
-9
-9
-8
-13
-13
-15
-10
-12
-7
-9
-5
-8
-4
-4
-4
-2
-4
-4
-3
0
-8
-4
-2
-4
-7
0
-2
4
0
1
-4
-6
6
3
7
0
-1
0
2
8
9
7
6
7
6
6
8
9
0
3
1
0
-2
-2
1
1
3
-2
6
-1
2
4
-4
5
0
3
5
3
2
3
1
-1
-7
-6
-2
-5
-11
-4
-2
-6
0
-4
1
-6
-6
-6
-13
-18
-13
-10
-16
-11
-8
-9
-14
-13
-11
-7
-9
-12
-13
-10
-11
-14
-12
-11
-14
-10
-11
-5
-3
-5
-1
1
2
-2
0
3
3
1
6
1
5
-1
0
2
4
3
0
9
4
15
10
14
7
11
5
9
14
16
16
13
18
13
22
18
25
25
31
29
30
28
31
26
25
27
19
25
16
18
15
16
10
7
10
11
11
11
15
11
12
5
13
3
8
2
4
6
-2
6
-6
3
-10
-4
-3
-4
-3
-13
-10
-16
-7
-9
-7
-12
-7
-9
-9
-4
1
-2
4
9
5
15
11
18
14
18
14
14
8
6
7
-1
4
0
-2
-2
2
-3
3
3
4
2
2
2
6
5
7
15
13
18
19
17
13
18
20
21
19
18
10
12
6
6
7
-9
-5
-8
-9
-10
-9
-7
-7
-3
-6
3
-2
3
6
10
13
7
11
7
17
8
10
4
9
4
7
4
1
3
0
4
-4
1
-3
3
-2
-3
-4
-1
-3
0
-8
-6
-1
-5
-4
-2
6
-2
8
-2
-1
-5
-4
-16
-13
-15
-19
-8
-12
-7
-18
-10
-14
-14
-18
-16
-15
-22
-11
-10
-10
-10
-6
-7
0
4
4
7
6
11
13
12
6
7
3
-2
2
-2
-2
-7
-5
-7
-3
-4
-5
-2
0
-1
8
12
9
15
13
16
13
13
9
14
6
10
6
1
5
0
2
-1
0
-1
-3
0
0
-3
-1
-6
-3
-3
6
0
3
2
7
6
9
14
10
7
9
9
0
11
-2
-7
-10
-10
-19
-13
-16
-10
-13
-14
-12
-16
-16
-25
-13
-18
-19
-22
-19
-25
-24
-22
-17
-15
-15
-14
-14
-10
-11
-6
-18
-16
-23
-16
-19
-20
-20
-22
-18
-20
-19
-22
-16
-18
-17
-18
-22
-19
-9
-15
-15
-3
-12
-6
-13
-14
-14
-12
-8
-7
-6
-6
7
0
12
4
3
10
11
16
18
22
22
23
24
24
19
24
23
24
18
23
20
19
16
16
18
10
14
7
7
2
9
6
3
4
1
6
7
16
15
13
12
12
15
18
11
10
12
13
10
9
6
4
-4
-3
-2
-5
1
-3
2
4
2
-2
-7
-3
-4
4
3
0
2
-8
2
3
3
-4
-7
-10
-6
-9
-9
-8
-18
-17
-21
-19
-23
-19
-19
-16
-26
-13
-14
-9
-9
-9
1
-4
6
4
2
-1
-1
1
1
-6
-2
-10
-7
-5
-9
-10
-7
-7
-12
-3
-5
-6
-6
1
1
3
6
4
11
4
7
6
7
10
6
9
11
13
15
16
16
11
13
19
14
12
7
12
9
5
6
-3
4
1
2
3
9
15
14
18
22
18
17
23
20
22
21
25
16
18
11
5
16
9
6
6
6
4
9
10
15
9
9
16
9
8
6
12
7
10
13
10
17
15
16
5
10
5
1
3
0
3
-4
0
-3
0
-6
1
0
-4
4
-1
-7
-3
3
-3
-1
-3
5
-7
-1
-7
-10
-12
-10
-12
-21
-9
-18
-18
-18
-10
-13
-10
-11
-9
-15
-8
-9
-6
-3
-1
0
-9
3
-10
-1
-9
-3
-3
-3
8
0
2
4
-1
-7
4
0
-1
-2
-2
-6
-7
3
-8
1
-2
-2
-7
2
3
-2
-3
-12
-7
-12
-4
-9
-9
-13
-14
-15
-14
-13
-12
-18
-21
-15
-16
-14
-17
-16
-18
-6
-11
-7
-6
-9
-5
-9
-4
-7
-4
-13
-7
-11
-12
-12
-13
-7
-18
-16
-6
-8
-15
-13
-17
-19
-20
-15
-14
-15
-7
-7
-8
-4
0
1
8
9
13
8
7
7
6
2
1
-2
-11
-9
-17
-11
-11
-12
-9
-7
-8
-7
0
3
7
2
14
12
15
18
20
22
21
23
18
19
11
19
14
13
11
15
11
8
16
12
12
6
13
10
11
7
12
13
17
20
18
20
18
17
13
18
7
14
4
13
9
-3
6
0
8
0
6
-1
0
-1
-3
0
-5
-1
-3
-8
-6
-1
-5
-2
-8
-3
-4
-6
-10
-15
-7
-14
-10
-13
-6
-6
-12
-7
-11
-7
-6
-7
-14
-16
-11
-8
-5
-4
-9
-12
-7
-7
-10
-5
-3
-3
-5
-2
-3
-8
-2
-10
-9
-12
-10
-12
-16
-16
-12
-11
-15
-9
-10
-6
-7
-4
-5
-2
4
2
2
7
5
6
6
11
10
7
7
1
-1
-2
4
2
3
0
2
0
3
0
5
3
1
2
1
3
7
6
2
9
7
20
18
16
10
19
8
4
4
3
-1
-3
9
-2
-2
-3
0
0
0
3
8
7
8
10
11
13
7
7
4
1
-2
-4
-5
-10
-6
-7
-7
-17
-12
-14
-19
-11
-12
-10
-18
-16
-16
-14
-11
-8
-11
-3
-7
-3
-2
0
1
-10
-4
-7
-2
-3
-4
-6
0
-1
1
0
-4
-3
0
3
-1
0
1
5
1
3
0
1
-3
0
3
4
5
6
13
10
13
5
12
7
9
12
4
0
2
1
-4
0
-1
1
-5
-2
-1
-3
0
0
3
-1
5
4
6
8
5
5
3
3
-5
-1
-2
0
-4
2
-2
-1
-5
-4
-2
-2
-4
-12
-10
-13
0
-9
-3
-6
-5
-8
-6
-2
-6
-3
-3
5
3
7
0
2
1
2
2
1
1
0
6
0
6
1
0
0
3
1
3
5
0
6
2
4
3
6
1
3
1
0
-2
2
5
0
6
6
9
7
12
10
7
9
8
11
5
9
10
11
9
11
7
11
8
9
7
6
3
-3
4
5
9
5
12
7
14
23
27
26
23
29
28
28
29
26
22
19
17
11
14
18
7
12
7
10
2
7
4
4
0
1
5
3
5
-5
-1
-10
3
-7
-6
-15
-13
-11
-8
-12
-12
-9
-13
-1
-7
-6
-18
-10
-15
-10
-18
-12
-12
-15
-12
-15
-14
-22
-18
-22
-21
-25
-22
-25
-19
-12
-9
-11
-11
-15
-19
-14
-20
-16
-19
-12
-13
-15
-9
-13
-11
-18
-11
-15
-14
-15
-11
-7
-12
-6
-4
6
4
13
10
18
13
15
13
14
16
13
13
7
12
4
5
-2
4
-6
1
-4
3
-1
-2
4
-5
2
2
8
5
10
6
10
4
15
16
17
20
15
21
14
9
4
6
7
17
8
7
1
-1
-3
-9
-5
-5
-3
-5
-5
-1
3
3
5
9
9
4
4
7
4
1
-1
1
-5
-9
-7
-9
-6
-11
-5
-9
-11
-6
-3
-3
-5
0
-4
2
6
14
7
10
5
13
9
10
14
13
6
8
12
9
18
10
16
9
13
6
9
2
7
6
2
-2
-6
-2
-9
0
-9
1
-3
0
0
7
3
0
6
2
-1
-2
-3
-7
-4
-6
1
-7
-7
-9
-8
-8
-8
-4
-10
-9
-15
-14
-13
-8
-6
-7
1
-3
7
1
1
-4
3
0
-9
-4
-9
-3
-3
4
-2
7
6
10
0
-1
4
-4
0
0
3
-3
6
4
8
7
9
4
6
7
3
7
6
7
6
3
4
5
4
5
1
8
6
11
9
17
13
15
11
6
12
4
9
6
7
-2
5
-7
-4
-1
-3
-12
-18
-12
-13
-16
-10
-12
-13
-6
-10
-6
-10
5
0
6
4
4
4
5
6
7
7
4
0
-1
3
-6
-4
-7
-4
-11
0
-1
0
-5
-6
0
-8
-4
0
-1
-2
-1
-7
0
2
7
0
-2
2
-3
0
-4
2
-3
-7
-6
-10
-14
-17
-10
-19
-13
-11
-11
-8
-14
-16
-10
-10
-6
-4
-3
3
1
8
-3
3
0
3
-2
-10
-4
-9
-12
-15
-9
-18
-16
-21
-18
-16
-10
-12
-14
-9
-7
2
-1
4
7
15
15
16
13
13
16
15
13
7
3
3
2
0
-1
-2
-4
-3
-5
-4
3
-3
-2
1
5
8
5
6
6
9
9
14
14
6
13
10
9
7
12
1
-2
-3
-8
-8
-12
-7
-13
-10
-13
-10
-11
-7
-8
-5
-5
-3
3
2
5
6
11
6
7
1
2
3
3
-3
-1
1
1
3
-2
-2
-6
0
-1
5
5
4
1
-2
4
6
9
9
10
10
23
23
19
25
16
18
17
19
13
9
13
12
5
8
7
3
6
7
12
6
11
9
9
7
8
9
8
13
10
13
12
8
6
6
7
7
6
1
-3
-7
-10
-6
-7
-5
-7
-5
-5
-11
-10
-5
-8
1
1
-3
-4
-4
0
-5
3
4
5
7
4
-2
-6
-3
-12
-11
-19
-16
-19
-21
-16
-11
-10
-13
-14
-19
-17
-20
-17
-13
-10
-18
-3
-3
-3
1
-6
-6
-9
-1
-9
-4
-10
-4
-9
-9
-11
-18
-17
-16
-11
-12
-10
-11
-6
-9
-4
-6
6
1
4
5
6
5
-2
5
3
2
-5
-1
-5
-3
-9
-8
-9
-6
-4
-9
-4
-12
-8
-7
-10
-9
-4
-3
-2
3
2
6
0
7
7
8
6
0
4
1
-4
-7
-7
-10
-7
-15
-8
-9
-15
-10
-8
-8
-10
-9
-8
0
0
1
0
3
-3
-5
-3
-1
-3
-6
-4
-9
-6
-10
-9
-13
-2
-6
-4
3
-3
-2
-9
-5
-9
-7
-5
-10
-6
-3
-2
-3
-10
-4
-6
-3
0
-4
-1
-9
0
-4
-7
-7
-7
-6
-9
-1
-9
-7
-12
-4
-6
-3
-7
-5
1
-2
1
-2
5
4
11
4
9
5
7
5
4
4
6
12
9
7
3
6
3
3
0
1
0
6
8
9
7
8
13
12
14
20
25
19
21
23
22
20
12
15
8
9
9
11
13
15
18
15
19
13
15
11
11
19
17
11
10
13
12
11
6
11
4
6
12
9
1
1
0
0
-1
-4
-3
-2
-5
-4
0
-7
-3
-9
-8
-6
4
9
3
7
7
5
0
2
-1
-2
1
-5
0
-1
-2
1
-3
5
3
9
7
8
5
6
12
7
14
10
11
7
7
6
11
2
9
9
12
13
12
12
8
16
12
14
4
14
4
12
5
7
8
-3
0
-1
4
-4
0
-3
3
-3
-1
-4
3
-5
-6
-4
-6
-7
-11
-8
-12
-2
-10
-6
-2
-2
0
3
3
-2
-5
-7
-6
-7
-6
-8
0
-7
-6
-1
-5
0
-6
7
3
6
3
3
5
-1
4
-1
2
0
7
2
9
-1
1
-3
0
0
-4
3
-4
-5
-7
-3
-12
-4
-14
-12
-16
-21
-16
-16
-16
-13
-9
-8
-3
-9
-10
-9
-3
-5
-3
-3
-5
-2
-4
-7
-8
-6
-10
-6
-10
-3
-5
-7
-3
-6
-10
-6
-5
-10
-10
-9
-3
-7
2
2
5
3
3
10
5
11
7
12
12
19
12
12
12
3
9
0
-1
-4
4
-1
-5
-1
1
-5
-6
0
0
-1
-1
3
-6
-4
-5
-6
-7
-7
-7
-1
-4
-6
-4
-2
-4
-8
-4
-10
-8
-10
-7
-11
-7
-5
-7
-8
-14
-10
-15
-9
-11
-3
0
-3
3
3
3
3
11
3
9
4
-2
-1
-4
0
1
-1
-2
1
-3
6
0
3
-2
-4
3
-6
-2
-4
-7
0
4
1
9
10
14
17
19
12
16
16
16
12
11
12
3
7
6
-1
-7
1
1
-1
7
11
7
7
7
7
7
11
12
16
21
17
22
22
24
25
25
20
20
16
17
19
12
13
16
15
9
15
13
8
6
8
9
10
10
10
6
3
11
3
8
10
13
8
17
11
9
12
4
7
-5
1
-2
-1
-4
5
0
-3
-7
-6
-10
-12
-13
-16
-10
-17
-12
-18
-16
-20
-22
-23
-24
-28
-21
-22
-20
-16
-22
-18
-23
-18
-26
-20
-18
-17
-19
-25
-22
-25
-22
-23
-20
-20
-22
-19
-14
-13
-16
-13
-12
-7
-16
-13
-15
-10
-17
-18
-11
-19
-15
-18
-6
-6
-6
-10
-6
-10
-8
0
-4
1
7
8
4
9
10
15
14
18
13
15
12
14
11
16
16
15
23
18
20
18
23
19
23
16
18
16
19
20
16
19
10
14
12
17
12
13
10
10
16
12
15
19
18
15
15
12
16
16
15
20
17
19
17
17
18
16
12
11
6
4
-2
-4
2
-13
-7
-11
-7
-9
-6
-6
-8
-6
-9
-7
-2
-2
-5
-2
-2
2
-7
0
-3
-2
-5
1
4
1
6
-1
2
-4
-1
-3
2
-2
-1
1
-3
-3
-2
0
2
5
5
10
4
10
11
19
19
16
21
14
25
19
14
16
7
6
6
6
7
6
8
6
0
3
3
3
-2
-1
1
-1
-5
-11
-3
0
1
4
3
3
5
7
6
8
3
-1
0
-9
-5
-10
-12
-20
-25
-19
-29
-22
-24
-22
-24
-23
-21
-23
-22
-12
-10
-11
-10
-13
-15
-15
-9
-12
-8
-13
-6
-13
-8
-10
-14
-15
-13
-13
-22
-13
-24
-19
-29
-19
-26
-25
-19
-20
-16
-19
-7
-13
-8
-10
-4
-7
-9
-6
-7
-7
-7
3
2
5
0
6
9
4
3
6
5
3
10
6
7
4
3
1
-5
-7
-1
-4
-5
-3
-1
3
9
8
1
6
3
6
5
6
6
7
11
10
13
10
13
10
22
16
23
22
20
21
16
19
16
13
9
9
2
6
-4
-1
-2
1
0
0
3
-3
0
-4
0
-3
1
-3
-4
-5
-2
-2
1
-2
-4
-2
-4
-3
-2
1
-3
1
-5
-3
-7
-13
-10
-16
-13
-14
-11
-7
-10
-12
-6
-10
-11
-7
-12
-1
-13
-3
-7
-4
-3
-5
1
-2
-2
-7
-1
-7
4
-3
0
-5
-3
-1
0
1
-4
4
-6
-3
-3
2
8
13
14
21
17
16
14
15
13
15
14
16
19
11
15
13
9
1
4
1
-3
-3
3
3
0
-1
0
0
-1
7
3
0
4
6
6
3
2
-3
5
-5
-5
-5
-6
-5
-6
-3
-6
2
-10
-6
-5
-6
-5
-9
-4
-5
-12
-6
-2
-7
-2
-3
7
3
3
1
1
-3
-7
-4
-13
-11
-9
-11
-13
-10
-13
-16
-11
-14
-6
-7
-11
-7
-7
0
-4
1
0
0
3
4
0
-5
