SAMPLES:	23126
BITSPERSAMPLE:	16
CHANNELS:	1
SAMPLERATE:	16000
NORMALIZED:	FALSE
-6
-10
-5
-7
-6
1
3
1
5
1
2
1
4
3
0
9
5
9
6
9
3
6
6
8
3
9
6
1
2
1
7
3
7
1
10
2
1
1
3
5
7
11
6
9
10
9
8
10
4
0
-4
-6
-1
1
0
5
3
1
2
1
4
5
5
6
14
10
11
11
10
13
10
16
13
12
17
9
15
11
12
13
10
9
13
10
10
9
7
15
13
11
5
7
3
10
4
12
9
11
13
9
11
3
6
-2
6
-9
-4
-1
-3
-5
-5
-7
-9
-7
-9
-7
-12
-7
-2
-2
-5
0
-4
0
-6
0
1
-6
-4
0
-8
-8
-9
-7
-10
-12
-7
-13
-16
-12
-2
-10
-4
-11
-6
-6
-9
-7
-9
-8
-11
-5
0
3
4
9
6
12
10
13
7
12
11
10
5
0
3
-6
-4
1
3
-9
-3
1
-1
2
2
-3
-2
3
6
11
6
15
12
17
12
18
20
9
18
10
14
6
14
10
7
4
0
-1
-6
0
-3
4
3
15
9
13
19
22
29
28
28
28
21
20
18
8
10
0
-3
-3
-2
-6
-7
-6
-9
-3
3
1
1
4
3
9
3
5
4
0
6
4
0
-7
-3
-9
-7
-2
0
-7
-11
-5
-5
-10
-10
-16
-25
-15
-21
-16
-15
-11
-6
-13
-5
-10
3
4
-1
3
5
5
5
3
-5
-2
-3
-5
-15
-10
-9
-11
-17
-12
-10
-4
-7
-1
3
-12
-11
-8
-12
-19
-9
-15
-14
-16
-7
-6
-11
-10
-10
-6
-17
-6
-11
-13
-13
-17
-22
-19
-26
-26
-22
-23
-16
-21
-13
-14
-6
-6
-4
6
4
5
1
9
8
5
4
6
0
2
-1
-1
-1
-3
0
-7
-9
-10
-7
-9
-13
-8
-11
-12
-7
-8
-4
-2
-2
6
10
10
10
8
7
12
6
2
6
-1
-6
-3
-8
-12
-13
-13
-13
-11
-8
-5
-2
-3
2
1
-1
4
6
3
4
5
3
3
0
-1
2
7
1
-3
-5
-6
-7
-9
-7
-8
0
-5
3
-2
-1
-2
-5
-3
0
-3
-4
5
-1
4
0
8
4
9
7
10
9
3
2
2
2
-2
4
2
-1
1
6
-6
-4
-4
-4
-9
-4
-6
-10
-5
-9
-4
-6
-6
-5
2
3
3
4
3
2
0
-2
-2
1
-1
3
4
1
-1
5
4
-2
3
1
9
2
4
6
3
9
8
8
3
8
4
3
0
3
-3
-6
-3
-10
-3
-3
2
-3
0
0
-7
-4
-3
-1
-3
-3
0
-2
6
6
9
6
4
6
-2
1
-7
-9
-1
-6
-13
-13
-16
-19
-20
-13
-12
-10
-2
-7
-1
4
6
3
-2
-2
0
1
-1
-1
-9
-2
-1
-2
-2
-13
-6
-13
-12
-11
-10
-11
-11
-7
-1
2
-2
8
0
5
3
10
10
8
8
7
9
9
15
10
7
6
9
6
8
7
9
4
9
12
10
12
14
18
12
12
7
19
12
10
6
7
8
1
7
2
3
-6
-4
-11
-12
-10
-11
-7
-11
-3
-3
-5
-12
-11
-13
-9
-4
-3
-5
-5
-5
-6
-4
-6
6
0
7
7
6
8
5
4
-3
-1
-5
1
-3
-4
-6
0
-3
-3
-2
-4
-6
-7
-6
-4
-1
-5
3
4
12
9
19
18
13
19
17
18
12
13
9
12
10
2
3
-2
-1
-2
-7
-3
-7
-5
-8
4
-6
-5
-1
-3
1
0
10
1
12
7
3
-2
4
-1
-1
-1
3
-3
-7
0
-6
0
-3
5
-3
2
4
13
9
10
9
8
17
16
22
25
26
18
22
20
19
17
21
12
9
20
15
21
22
22
22
19
27
25
20
23
26
23
17
18
20
19
23
22
22
17
16
12
10
19
11
19
11
18
18
7
10
6
3
-1
3
-7
-6
-3
-1
-5
1
-1
1
0
-2
-1
2
6
0
-1
-6
-5
-11
-4
-9
-11
-9
-8
-8
-12
-8
-4
-3
-6
-1
0
0
-8
-6
-4
-6
-2
-4
-2
-4
-9
-7
-4
-11
-7
-10
-6
-11
-10
-12
-16
-9
-17
-11
-19
-14
-20
-18
-10
-9
-6
-11
-5
-9
3
1
7
2
-3
-2
1
5
1
0
-5
-3
-12
-5
-12
-9
-13
-5
-12
-6
-4
-6
1
-4
4
0
8
1
6
4
13
8
7
1
-5
2
-3
4
-6
-4
-4
0
-5
-7
-3
-5
-7
-8
-3
-11
-6
-10
-10
-7
-10
-4
-7
-5
-4
-3
-6
-4
-4
-4
-2
-5
-11
-9
-4
-13
-7
-9
-10
-12
-9
-9
-18
-10
-11
-13
-11
-8
-6
-5
-11
-10
-6
-3
-3
-1
-5
3
0
-2
2
-2
1
-3
0
0
0
-3
3
-1
-3
-1
1
3
7
8
7
8
7
12
15
14
13
13
12
6
0
4
-3
-1
-2
-2
-7
-15
-10
-9
-10
-8
-9
-10
-11
-9
-3
-9
-1
-8
2
-3
7
4
1
6
-4
4
-1
-3
-13
-7
-15
-8
-9
-13
-13
-9
-13
-13
-2
-12
-10
-14
-10
-13
-10
-10
-4
-2
-6
-8
-8
-8
-11
-12
-13
-16
-23
-20
-20
-22
-22
-22
-21
-21
-15
-19
-7
-15
-9
-7
-6
0
1
8
-6
3
-2
-1
-4
0
-4
-9
-8
-3
-3
-6
2
-9
-6
-10
-7
-10
-5
-13
-9
-1
-1
-2
0
6
3
9
10
17
16
23
16
20
20
19
15
16
22
14
15
13
19
13
13
10
11
7
6
11
6
11
6
3
6
10
13
14
13
11
17
12
17
9
13
13
10
13
6
11
3
8
0
2
7
11
10
9
6
4
10
7
10
6
11
15
19
16
20
13
15
8
10
8
-1
-1
-4
0
-8
-1
-10
-7
-16
-10
-10
-12
-1
-3
-1
8
10
4
13
9
15
12
11
13
18
15
15
16
6
9
0
9
3
6
13
11
11
10
18
10
16
16
18
15
25
24
13
21
16
22
20
19
17
16
23
25
23
22
16
14
14
12
12
5
4
3
13
0
3
9
4
-4
3
10
-1
2
4
10
7
7
2
6
12
3
6
6
3
8
2
1
-3
-5
-8
-4
-7
-7
0
-10
-9
-14
-9
-20
-15
-10
-6
-2
-1
-4
-9
-4
-6
-7
-6
2
-4
-1
-7
0
-11
-4
-6
-10
-6
-10
-6
-10
0
-3
-5
-9
3
0
3
6
9
6
11
13
6
8
3
6
-3
-1
-1
-1
-6
-2
-2
-6
-3
-4
-8
-9
-6
-9
-6
-7
-6
-12
-5
3
-5
-1
-7
-2
-17
-9
-7
-16
-12
-12
-9
-22
-16
-19
-12
-11
-9
-14
-10
-19
-15
-13
-18
-14
-17
-9
-15
-10
-13
-8
-10
-12
-12
-11
-19
-23
-24
-25
-23
-24
-21
-20
-16
-20
-14
-15
-7
-10
-13
-15
-15
-20
-20
-14
-21
-19
-22
-23
-27
-23
-26
-30
-32
-20
-18
-25
-16
-20
-17
-19
-14
-17
-18
-10
-20
-10
-13
-10
-14
-13
-10
-20
-15
-15
-10
-14
-7
-10
-12
-13
-4
-11
-15
-8
-4
-11
-14
-3
-12
-4
-9
-1
-9
-10
-8
-6
-4
-8
-3
-3
-1
-2
6
4
3
1
1
1
0
0
0
-2
-1
1
0
3
3
8
9
14
15
12
7
8
15
13
12
8
15
15
15
22
12
10
10
15
12
9
9
10
5
8
6
4
8
4
8
6
11
9
10
7
9
9
13
13
12
18
13
17
16
15
13
17
12
10
12
4
9
6
6
7
11
9
11
12
6
12
12
11
15
13
22
20
22
20
20
22
28
24
23
28
21
26
23
31
25
26
20
24
22
18
22
16
16
17
21
21
25
27
30
26
27
29
33
24
19
23
24
15
16
17
9
9
1
0
-5
-6
-5
-1
-6
0
-2
3
2
-1
2
0
1
-4
3
7
6
5
3
-2
-3
-5
-6
-5
-7
-4
-9
-12
-15
-16
-18
-17
-6
-12
-11
-14
-13
-17
-9
-3
-5
-1
-2
3
4
10
6
13
4
4
-4
2
3
-1
6
-3
-4
-1
-2
-12
-7
-7
-3
-9
-3
-4
-8
-6
-9
0
-9
-7
-6
-3
-13
-5
-10
-7
-6
-13
-6
-9
-10
-13
-12
-15
-13
-15
-16
-13
-14
-19
-17
-17
-20
-20
-15
-12
-11
-6
-10
-10
-13
-5
-7
-15
-2
-14
-13
-15
-14
-17
-25
-18
-21
-22
-20
-13
-21
-21
-29
-22
-24
-23
-22
-18
-23
-20
-10
-15
-9
-11
-2
0
-1
-3
5
-9
-2
1
-6
-1
-2
0
-8
-3
-9
-5
-4
-1
-1
-2
0
1
5
10
12
15
15
10
12
14
17
12
14
13
9
9
7
7
1
6
3
5
2
4
6
3
8
3
13
9
12
10
13
14
13
15
13
17
16
14
13
16
6
9
7
6
7
9
9
8
7
-2
-4
-1
-3
-10
-6
-1
-3
-5
3
4
-7
1
7
2
0
0
0
-1
3
-1
-9
1
-7
-6
-3
-9
-9
-6
-10
-7
-9
-8
-7
-10
-9
-6
-3
-6
-2
-10
-8
-8
-9
-12
-12
-11
-10
-11
-12
-16
-20
-11
-18
-13
-19
-11
-18
-14
-3
-10
-6
-3
4
0
6
2
6
-2
0
3
6
3
3
3
-4
1
-2
3
-5
-1
-2
0
4
0
0
7
11
10
14
13
16
7
19
10
8
7
7
9
1
13
8
14
7
12
6
12
19
16
18
13
16
12
13
11
17
15
19
19
25
18
13
19
20
15
16
18
8
11
3
6
7
7
3
4
4
2
3
6
7
7
9
6
9
8
9
0
1
4
1
-2
0
1
1
4
-2
-9
-12
-12
-8
-12
-14
-11
-8
-6
-6
-7
-5
-4
-7
2
-2
7
3
7
9
5
7
3
3
0
2
-2
2
-6
1
-12
-9
-13
-8
-9
-16
-15
-12
-8
-16
-8
-10
-6
-6
-5
-9
-7
-6
2
0
8
11
12
8
12
12
3
6
-6
-3
-5
1
-7
-10
-13
-17
-18
-18
-11
-9
-4
-10
-4
-3
4
4
-6
0
-1
4
3
0
0
4
6
7
4
-6
-4
-7
-9
-9
-10
-11
-16
-13
-11
-6
-7
-13
-10
-6
-5
-1
0
4
3
10
8
8
6
3
9
0
2
4
-1
-9
-10
-9
-10
-6
-5
-4
-2
2
3
-1
-2
-6
0
2
1
6
5
13
16
23
20
21
21
19
16
22
19
13
17
11
13
8
3
-5
3
-3
3
3
2
7
4
7
8
10
13
15
10
18
18
18
10
13
7
7
-1
6
6
0
6
1
3
-5
-4
-11
-3
-2
1
-6
2
9
4
7
6
11
9
12
9
4
4
6
-3
-2
0
0
-6
-10
-9
-9
-11
-16
-10
-12
-18
-8
-6
-3
-7
1
-3
-3
5
9
9
6
9
2
6
3
6
1
0
-4
-5
-10
-11
-16
-12
-7
-6
9
6
9
-1
2
0
3
0
-2
3
16
9
7
13
-3
7
-10
-9
-11
-10
-3
-10
-17
-7
-9
-5
-4
-13
6
3
7
3
-13
-1
1
4
3
-7
0
-2
-3
2
3
7
7
4
13
4
13
4
3
4
2
5
-2
4
0
0
4
8
5
9
1
12
6
11
1
3
9
-1
-2
-4
-1
-12
-8
-11
-10
-13
-4
-6
-4
-10
-7
-7
-10
-8
-14
-1
-10
1
-2
1
0
-4
3
-3
1
-5
2
-1
4
5
4
5
1
1
0
3
-6
-1
-3
-2
-5
-1
-3
-3
-7
-7
0
-5
1
0
1
2
5
1
6
2
2
6
0
0
2
3
-3
-3
-6
-8
-13
-10
-18
-16
-14
-14
-11
-12
-12
-16
-10
-15
-8
-7
-1
-1
-3
-5
-5
2
3
2
0
-1
1
-2
-3
-5
-7
-4
-6
-7
-11
-4
-5
-3
-7
-4
-9
-4
0
-2
11
8
13
10
12
6
1
-2
4
-10
-3
-2
-9
-3
-10
-8
-12
-8
-14
-11
-19
-9
-9
-4
4
7
3
0
9
7
3
1
11
5
5
9
8
3
6
10
9
9
4
6
3
4
1
1
-2
0
5
2
7
5
11
12
18
16
25
17
20
15
9
8
-6
1
-11
-1
-13
-9
-15
-15
-15
-13
-12
-15
-5
-8
-2
-6
-3
-5
-3
-4
2
-2
5
6
-1
5
1
-4
-6
0
-1
0
-4
-3
-15
-12
-10
-12
-10
-10
-7
-11
-6
-10
-6
-8
-4
-3
3
5
1
-1
-9
-4
-9
-8
-11
-10
-15
-13
-12
-19
-6
-12
-12
-11
4
-2
-3
4
-6
1
-5
3
-2
5
5
10
6
7
6
6
7
3
10
10
12
6
8
3
12
6
5
7
0
2
7
4
6
2
4
3
2
9
1
8
4
12
9
7
4
1
6
3
10
2
2
-1
3
5
3
0
6
9
4
10
15
9
7
18
9
8
12
10
10
11
23
17
12
13
11
4
6
3
-2
1
-9
-5
-12
-4
2
-1
4
1
4
6
9
10
6
10
13
9
10
9
9
2
8
3
-1
0
0
-6
-9
-3
-5
-11
-9
-7
-8
-6
-6
-4
-8
-4
-6
-4
-1
0
-3
-1
-1
0
-1
3
4
-3
0
-4
0
-10
-10
-16
-16
-10
-12
-13
-10
-7
-13
-7
-9
-6
-14
3
-3
1
4
4
8
0
5
4
3
-4
-1
-9
-5
-6
-6
-9
1
-5
-10
-8
-7
-4
-7
2
-4
2
1
-1
-3
3
11
7
10
10
7
6
5
0
-8
-6
-4
-7
-6
-6
-11
-13
-10
-2
-11
-7
-2
-5
-6
-10
-4
-14
-6
-6
4
5
6
1
8
0
-2
2
-7
-3
-5
0
-6
-4
-11
-5
-16
-11
-9
-7
-9
-10
-3
-9
2
3
5
1
6
2
4
8
2
4
3
3
5
2
-6
-10
-9
-5
-9
-8
-6
-9
-8
-9
-12
-8
-5
-8
-15
-11
-7
-16
-19
-15
-8
1
-1
1
-7
-7
-4
0
-5
-9
-3
-6
-1
-3
-1
-3
1
-7
3
6
5
6
6
10
4
12
8
10
5
12
9
11
10
10
5
9
12
-1
4
-4
2
3
6
4
9
6
14
9
13
12
10
19
10
15
8
15
13
13
9
13
9
6
10
7
11
10
16
12
16
13
13
12
19
14
14
13
9
18
16
18
15
12
12
16
16
16
14
10
8
2
0
-1
-3
-4
0
-3
-3
-2
-6
-5
-10
-4
-7
-4
-4
-5
-6
-10
-8
-14
-9
-12
-10
-12
-10
-10
-9
-7
-11
-12
-7
-8
-13
-14
-10
-11
-5
-9
-6
-2
-4
4
0
5
1
2
3
15
13
16
16
13
16
18
13
15
12
4
9
-4
3
-13
-6
-10
-3
-4
-5
-3
-5
0
-5
6
-1
4
0
13
10
13
14
15
20
22
25
18
19
16
14
6
9
0
4
0
-4
-5
-7
-9
-6
-4
-5
3
-5
1
0
5
6
9
8
9
9
9
16
6
10
0
-1
3
0
1
-3
-4
-14
-14
-13
-13
-13
-12
-15
-15
-13
-15
-17
-14
-13
-9
-4
-11
-5
-8
-4
-10
-6
-2
-15
-16
-16
-13
-20
-16
-16
-16
-15
-11
-9
-7
-6
-4
0
-4
3
1
1
5
10
5
3
6
3
-1
-2
0
-1
0
5
8
1
5
9
7
5
7
14
9
13
6
2
7
5
7
4
4
7
9
13
15
9
15
13
15
13
21
21
16
21
17
12
10
12
6
7
7
15
10
10
3
7
3
1
3
-3
1
-6
5
-2
4
-2
0
-1
-9
-4
-12
-13
-16
-10
-7
-11
-6
-9
-6
-4
-9
-4
-12
-13
-9
-15
-11
-12
-15
-18
-17
-12
-17
-20
-24
-22
-26
-19
-23
-23
-23
-17
-13
-19
-16
-21
-20
-27
-18
-15
-13
-12
-8
-8
-8
-7
-9
-6
-9
1
1
5
1
0
-1
-4
-4
-3
-4
-3
-3
0
-4
-4
2
0
1
-3
-3
-2
-1
2
2
-2
4
1
0
-3
-1
-2
-2
-1
-1
4
-3
-3
-6
-1
-2
-11
-10
-5
-15
-6
-13
-3
-3
-6
2
-2
9
-3
10
10
12
9
10
9
8
12
14
12
8
13
3
10
4
6
-2
1
2
4
0
-11
-3
0
1
-4
3
2
6
1
10
11
10
10
9
15
9
9
6
3
-4
2
-8
-9
-1
-4
-4
-10
-4
-6
-1
-2
3
6
9
15
12
22
19
23
16
16
12
10
6
3
3
5
-2
-6
3
-4
2
-3
-3
-3
-7
-11
-6
-1
-4
0
1
1
3
7
3
5
0
1
-6
-3
-9
-9
-6
-11
-6
-9
-10
-10
-6
-10
-7
-5
-7
-3
-4
-6
-1
0
-1
3
3
4
4
6
6
1
6
4
3
-3
-2
-5
-14
-10
-9
-9
-9
-6
-2
4
4
9
15
17
11
13
12
15
14
13
16
13
17
16
15
12
13
8
9
6
4
6
7
3
6
4
4
4
6
8
-3
3
6
5
8
19
19
19
22
28
32
28
29
22
22
20
16
13
10
5
4
6
-1
4
0
3
2
4
6
1
10
4
17
13
15
12
18
18
12
15
6
8
0
2
1
6
-4
1
0
-7
-9
-10
-14
-22
-16
-18
-20
-23
-17
-23
-23
-23
-20
-14
-15
-18
-16
-12
-10
-15
-13
-16
-19
-14
-16
-11
-11
-19
-24
-29
-35
-33
-39
-32
-35
-31
-32
-32
-26
-24
-19
-20
-17
-12
-3
-5
0
-9
-4
-12
-4
-10
-13
-8
-15
-13
-19
-15
-19
-10
-15
-14
-11
-3
-4
-3
-1
0
3
0
12
3
9
3
5
7
7
6
3
4
2
2
-2
3
-3
-6
-1
-2
-4
-3
-3
-6
-3
-3
3
4
9
9
13
14
12
20
18
21
15
20
13
13
9
8
7
8
8
6
8
7
10
2
9
6
9
6
10
7
12
12
13
13
9
16
8
11
6
8
4
13
6
6
2
3
6
5
5
-1
4
4
4
0
3
3
8
7
7
11
13
10
11
14
6
7
5
4
1
0
0
-1
3
-1
3
-3
6
4
-3
9
-2
1
0
5
-4
4
4
9
10
12
15
14
13
10
18
11
18
4
2
2
0
-4
-2
-5
-4
-3
-2
-3
-3
0
-3
4
0
9
4
9
8
8
9
10
9
10
9
3
5
1
-4
-2
1
0
2
3
-2
-6
-6
-9
-12
-13
-17
-13
-13
-15
-12
-9
-4
-8
1
-3
4
3
1
0
-1
-3
-9
-6
-15
-7
-18
-18
-14
-22
-22
-20
-20
-16
-14
-15
-12
-14
-9
-12
-5
-15
-12
-10
-9
-9
-18
-14
-13
-12
-10
0
-4
-1
1
0
-1
-7
-6
-4
-6
2
1
-2
-9
-5
-5
-5
-3
1
4
-4
3
-5
-4
-6
-4
-9
-6
-6
-14
-17
-21
-15
-18
-19
-18
-12
-15
-9
-15
-9
-9
0
1
-5
4
-1
4
0
6
3
4
7
7
-3
3
5
1
3
-1
1
0
3
3
4
0
2
1
2
3
3
3
-2
-2
3
7
4
3
3
5
3
0
0
-3
-1
3
1
-1
6
3
4
0
5
7
1
7
1
5
3
4
2
5
2
7
4
11
9
0
2
-6
0
-4
6
0
3
0
4
6
6
9
5
6
4
15
11
9
10
9
10
12
12
10
12
15
14
14
14
9
10
9
13
8
10
10
10
14
13
15
12
15
10
10
12
11
3
6
9
4
9
0
7
5
8
6
3
3
-3
2
-4
3
-6
-3
0
-3
-4
-1
0
3
3
7
17
13
12
10
15
2
7
9
6
5
13
10
8
6
6
8
1
13
7
7
3
7
-3
0
5
3
1
0
4
7
3
0
7
2
-4
-1
4
-3
-3
-1
-4
-3
-4
-5
-8
-8
-10
-2
-6
-3
-1
-3
-1
-2
6
2
5
3
3
13
7
6
3
3
3
6
1
5
5
2
-3
-9
-10
-13
-13
-16
-18
-22
-13
-19
-20
-14
-13
-15
-15
-10
-9
-10
-8
-6
-11
-13
-12
-8
-6
-4
-11
-8
-8
-5
-8
-9
-5
-5
-7
-8
-4
-9
-5
-13
-11
-13
-10
-16
-10
-5
-3
-2
0
3
-3
-4
5
9
-3
7
-2
4
-4
0
-1
3
-4
-2
-4
-9
3
-7
0
-1
2
-3
2
0
3
1
5
10
8
5
6
13
7
10
7
13
3
4
4
1
3
0
6
1
6
5
1
-4
-5
-3
-13
-8
-3
4
0
5
3
5
5
10
9
3
2
3
7
-4
6
2
12
8
13
12
13
12
10
13
6
9
1
8
4
3
0
5
-2
-5
-5
-2
-1
-3
-4
-4
-4
-12
-2
-12
-10
-11
-13
-13
-12
-8
-9
-4
-6
-6
-3
-6
-9
-5
-4
-7
-10
-7
-7
-9
-8
-13
-11
-14
-6
-10
-12
-8
-12
-7
-8
-2
-7
1
-3
-3
-5
0
6
-6
0
0
4
1
6
2
5
-4
-3
-3
-7
-7
-3
-4
-7
-6
-12
-2
-10
-4
-8
2
2
9
11
5
10
11
18
13
19
13
22
16
19
16
13
15
10
13
11
12
9
14
7
5
3
10
7
12
19
13
16
15
20
13
17
18
19
16
19
20
11
16
10
13
7
11
5
7
2
-1
5
5
9
3
12
9
9
10
13
12
15
15
14
10
12
11
11
12
6
9
6
5
3
6
-2
3
-1
-4
-10
-13
-9
-12
-8
-5
-3
-3
0
-2
-1
1
-2
3
13
10
6
10
9
6
6
3
3
-3
4
2
-4
0
-8
-2
-11
-13
-17
-16
-22
-23
-21
-28
-20
-25
-13
-18
-13
-16
-10
-4
-8
-4
-7
-3
-9
-11
-14
-10
-18
-16
-14
-10
-12
-10
-11
-15
-12
-15
-10
-13
-12
-15
-20
-22
-17
-20
-19
-10
-9
-10
-6
-3
-8
-8
-7
-10
-16
-5
-9
-15
-12
-15
-17
-20
-9
-16
-8
-9
-4
-4
-3
3
-3
5
4
10
7
16
8
7
7
7
7
6
8
8
7
10
12
-2
8
4
8
5
5
8
7
6
5
12
6
12
6
2
4
6
9
9
3
8
6
8
5
2
-1
-2
0
-4
6
0
5
6
4
9
5
10
7
11
11
12
9
7
13
4
6
4
2
-6
-5
-15
-17
-14
-18
-14
-16
-10
-19
-14
-24
-16
-13
-13
-12
-6
-7
-4
3
0
3
1
11
4
8
5
8
5
5
2
-4
-4
-5
-6
-10
-3
-11
-6
-11
-5
-12
-2
-3
-3
-1
-1
7
2
7
2
9
6
5
6
4
1
-3
-5
-7
-7
-14
-10
-13
-13
-9
-10
-8
-7
-3
-4
0
-2
-3
-4
0
1
1
7
6
14
4
3
-2
3
6
10
3
-2
-4
-7
-8
-15
-8
-15
-13
-18
-12
-12
-10
-13
-14
-11
-12
-9
-8
-4
-5
0
0
-3
-6
-1
-12
-4
-10
-10
-11
-11
-12
-10
-4
-6
-10
-12
-8
-14
-10
-11
-3
-5
-3
-4
-4
-4
4
4
5
0
6
6
6
8
1
11
-1
14
-1
4
-2
-3
-7
-4
-5
-10
0
-4
5
3
9
3
12
9
15
9
17
16
16
16
16
17
11
22
11
13
4
4
-1
2
3
6
4
4
5
4
4
0
9
8
11
16
16
14
9
13
11
14
15
10
9
6
8
4
7
2
1
0
1
3
7
9
6
6
8
13
13
14
18
19
20
23
18
20
12
12
8
7
2
3
3
-3
3
-4
1
-8
-3
2
0
4
5
7
7
3
4
9
9
15
7
17
13
15
15
15
14
10
16
16
15
12
10
2
9
1
0
0
-5
0
-3
4
4
12
12
13
20
22
23
19
23
16
16
13
10
4
4
3
2
-4
-6
-6
-7
-12
-9
-7
-13
-8
-10
1
-10
-12
-15
-9
0
-3
6
7
5
3
4
2
3
-8
-5
-10
-22
-16
-20
-20
-29
-23
-26
-18
-17
-18
-18
-21
-19
-17
-13
-8
-7
-6
5
-1
2
0
2
-1
-1
3
2
7
2
3
-5
4
3
0
-3
-2
-2
-5
-1
-4
1
-6
-2
0
4
3
5
5
10
12
8
12
2
9
3
0
-2
-2
-4
-6
0
2
3
0
1
-5
-2
-3
-3
-9
-8
-9
-14
-18
-15
-19
-17
-16
-15
-15
-15
-13
-15
-10
-13
-9
-12
-17
-15
-18
-19
-11
-22
-13
-15
-12
-16
-15
-8
-15
-9
-12
-3
-9
0
-5
-3
-4
-4
-4
0
-4
-4
-3
-7
-2
-6
1
-5
-3
-8
0
-2
3
1
2
1
-1
7
6
5
5
11
7
8
7
6
5
1
0
-4
-8
-2
-4
-9
-8
-6
-8
-3
-3
0
-1
4
3
3
10
11
13
14
15
10
11
5
8
5
13
5
6
0
1
-2
-6
-3
-11
-6
-8
0
-5
-3
-5
-4
-3
2
0
-1
7
7
5
7
15
7
6
0
-6
-8
-3
-6
-6
-10
-4
-12
-14
-10
-15
-10
-16
-12
-18
-17
-13
-14
-9
-13
-8
-14
-10
-4
-12
-4
-2
-1
-7
0
-9
-9
-8
-7
-9
-9
-7
-9
-11
-9
-10
-16
-9
-14
-7
-10
1
1
5
7
9
13
7
11
10
9
14
15
10
13
10
11
8
11
10
6
10
7
9
6
8
10
11
13
11
10
16
17
19
27
23
26
23
22
23
28
18
20
16
12
16
10
13
8
11
7
12
8
9
7
9
12
8
9
6
15
14
13
15
12
10
17
10
12
7
6
7
3
3
-2
3
-1
1
-3
-3
0
-2
-6
-6
0
0
1
6
3
0
2
3
-2
-3
-4
0
-3
-1
-6
-10
-9
-13
-10
-10
-13
-10
-7
-9
-5
-11
-15
-18
-19
-12
-7
-11
-11
-6
-13
-15
-8
-15
-13
-13
-8
-11
-18
-14
-15
-18
-21
-13
-18
-14
-14
-12
-19
-11
-12
-10
-9
-3
3
1
5
0
8
-1
8
0
12
7
6
6
1
9
6
9
2
10
4
8
4
8
4
7
4
-2
1
-7
-1
-7
3
-1
0
4
8
9
9
12
6
7
3
4
-1
6
0
-2
-2
-8
-6
-7
-5
0
0
5
5
5
6
3
13
10
15
12
18
16
13
16
6
7
8
14
15
18
15
14
13
10
9
4
9
6
10
7
7
7
2
8
10
6
5
8
10
13
18
17
13
19
13
13
17
9
12
5
16
3
3
6
1
2
1
8
3
12
10
14
12
12
10
16
12
12
6
7
8
2
8
0
10
-4
2
-4
-3
-2
-3
-9
-10
-4
-12
-13
-15
-11
-19
-17
-22
-16
-18
-20
-9
-7
-8
-10
-6
-12
-12
-7
-6
-8
-12
-12
-13
-18
-25
-22
-25
-27
-27
-27
-22
-19
-16
-16
-12
-12
-18
-13
-6
-19
-12
-10
-12
-19
-19
-13
-19
-13
-15
-14
-22
-17
-19
-19
-12
-10
-10
-13
-13
-13
-13
-11
-7
-8
-2
5
7
2
9
8
10
10
12
16
6
6
7
3
8
6
0
-1
-6
6
-2
7
1
-1
-1
5
6
6
9
7
11
9
16
6
11
5
11
2
8
5
-2
-1
3
4
2
6
3
9
1
14
3
9
4
9
0
3
8
4
6
3
9
1
4
1
3
-2
2
-5
-1
-9
-10
-6
-10
-16
-16
-8
-9
-6
-7
-5
-9
-6
-8
-6
-5
-6
-3
-2
1
0
3
2
0
0
6
5
0
4
0
1
-7
-4
-7
-12
-7
-6
2
-3
10
3
10
6
6
7
10
8
8
16
10
15
5
8
1
3
3
0
-1
-3
-9
-5
-10
-10
-8
-11
-10
-15
-13
-19
-6
-7
-1
-2
1
0
1
3
-5
-1
1
-1
1
0
-4
0
-10
-10
-16
-10
-15
-19
-14
-17
-19
-22
-19
-27
-18
-16
-17
-9
-13
-3
-13
-7
-9
-8
-3
-7
4
-8
-4
-8
-3
-2
0
2
4
4
8
5
4
11
3
13
8
11
4
9
3
12
15
16
16
16
25
19
22
14
16
4
6
-3
-1
-1
-3
-4
-2
-7
-8
-4
-11
-6
-7
-3
-4
2
7
5
2
7
2
5
8
5
12
13
16
16
15
9
11
8
4
4
-3
1
3
4
6
-1
-1
1
4
3
9
9
10
9
12
10
7
3
2
4
2
3
-1
0
0
-1
-8
-3
-5
-3
-2
0
-1
-4
1
-4
-7
0
3
7
9
12
14
2
6
-4
-3
-6
-10
-10
-14
-19
-10
-11
-15
-5
-6
-1
-8
-2
-13
-6
-3
0
1
7
8
9
6
7
12
9
15
10
19
5
14
11
13
17
20
22
19
19
18
26
22
21
22
24
19
28
22
24
19
22
22
16
19
11
20
14
18
12
10
13
12
12
9
13
12
11
9
11
6
5
6
9
6
-1
5
4
13
12
18
9
16
15
16
11
8
10
2
10
3
6
-3
3
-2
-1
-3
-4
-6
-8
-4
-3
2
-4
3
2
7
4
9
4
2
1
-5
-8
-9
-7
-12
-7
-10
-8
-15
-11
-10
-9
-10
-9
-2
-4
-2
-3
-3
1
3
-1
2
3
1
-1
-6
-7
-2
1
-4
3
-4
-7
-6
-12
-8
-16
-22
-22
-19
-22
-21
-18
-18
-23
-14
-10
-15
-9
-12
-2
-9
-5
-3
-2
-7
-3
-6
-7
-7
-12
-13
-16
-6
-11
-3
-9
-9
-9
-10
-10
-12
-12
-20
-19
-21
-26
-28
-19
-16
-21
-22
-18
-19
-16
-22
-19
-12
-17
-15
-15
-13
-22
-13
-14
-18
-11
-12
-5
-9
-2
0
3
2
5
4
7
3
0
4
-2
0
-2
-1
-4
-4
-5
-2
-10
-6
-4
-3
3
4
5
0
4
1
5
-2
1
0
-4
6
8
13
10
9
10
8
2
-1
1
0
0
1
3
-1
-3
0
0
-1
1
0
6
2
0
5
6
7
9
13
16
13
15
17
6
4
7
6
6
2
4
-4
-3
0
-2
2
-4
3
0
3
1
3
9
7
15
16
18
14
20
17
20
10
9
6
4
3
0
3
-7
1
-7
-1
-6
0
-1
-1
5
0
3
4
8
6
11
14
19
13
12
14
18
13
12
21
15
20
13
16
15
14
13
10
10
3
6
1
7
1
11
8
13
13
16
15
10
18
8
12
6
13
11
14
4
6
5
0
3
-1
3
-6
-6
-10
-6
-12
-16
-16
-15
-17
-10
-10
-9
-5
-4
-3
-6
6
3
4
0
9
3
6
7
-4
0
-6
-6
-11
-10
-11
-14
-16
-14
-15
-13
-16
-16
-9
-21
-10
-13
-17
-13
-16
-11
-17
-13
-15
-8
-11
-15
-4
-10
-14
-11
-10
-13
-17
-18
-11
-11
-10
-8
0
-6
-8
-6
-3
-2
3
5
0
7
5
6
0
5
4
2
-3
-1
2
1
1
-2
0
-7
-6
-9
0
-8
-5
-2
-10
-6
-6
0
1
9
7
15
9
8
9
4
0
3
3
-3
-2
-5
-4
-11
-4
-7
-8
-7
-2
-2
-4
-2
-5
-6
-10
-6
-6
-3
0
-5
-3
9
8
6
2
0
-2
-5
-1
-9
-9
-15
-15
-21
-18
-9
-13
-7
-2
-6
-10
-7
-3
-5
-5
0
5
8
10
12
10
8
10
6
9
8
6
7
4
9
10
1
9
3
4
6
5
11
6
9
3
14
10
16
19
18
15
19
19
22
23
16
18
15
17
10
10
4
2
-3
-2
-5
-2
-1
4
1
1
6
7
10
12
15
12
28
22
23
24
24
20
14
18
14
17
19
13
10
16
6
11
6
3
5
2
4
-6
-2
-13
-3
-2
0
0
-3
9
0
2
-2
-1
-6
-1
-3
1
-1
-6
0
-6
-3
-9
-3
-12
-10
-9
-4
-6
-10
-7
-5
-8
-9
-10
-13
-12
-13
-9
-10
-7
-9
-4
-5
-2
-1
1
1
2
4
-6
-2
-9
-3
-4
-9
-6
-9
-6
-6
-3
0
4
0
9
4
4
14
13
20
13
17
14
14
8
3
6
-1
0
0
1
-3
1
-2
-3
-8
-1
1
-2
0
0
-2
2
-4
-3
-3
-6
5
2
9
3
2
-3
-5
-5
-4
-7
-8
-3
-9
-4
-12
-7
-13
-6
2
0
6
0
4
3
5
-1
-3
-6
-5
-4
-6
-3
-9
-11
-16
-14
-16
-15
-15
-16
-17
-22
-22
-20
-16
-16
-16
-15
-14
-14
-11
-16
-12
-14
-10
-7
-6
-4
-6
2
-8
-9
-9
-12
-8
-10
-10
-12
-11
-18
-14
-16
-18
-12
-14
-14
-13
-13
-11
-10
-8
-4
-3
-3
-4
-10
-8
-6
-10
-3
-3
-6
-3
-9
-11
-5
-11
-12
-9
-10
-10
-4
5
-3
1
7
6
6
13
15
17
18
19
18
16
16
17
12
10
9
7
12
4
7
3
6
5
7
8
6
2
5
12
0
5
1
5
5
8
2
4
3
6
9
0
-1
2
3
4
5
4
6
-5
4
0
-2
-3
1
6
9
7
6
14
12
19
9
13
6
7
6
1
6
3
5
-1
5
-1
2
0
-3
-1
-5
-1
-4
-1
-2
3
0
0
-3
-1
0
-5
5
1
0
0
6
6
3
1
1
0
0
1
4
0
2
6
1
1
-2
4
0
-4
-5
2
-3
-4
-2
-6
-12
-14
-13
-17
-13
-17
-10
-15
-13
-11
-11
-10
-12
-8
-10
-10
-13
-13
-17
-13
-13
-12
-8
-10
-4
-4
-3
0
-2
6
1
2
1
0
-4
-5
-3
-6
-10
-10
-14
-12
-12
-11
-6
-5
0
-2
2
-2
-1
-4
-4
-2
3
3
5
4
4
6
0
2
6
5
-3
6
-3
3
-5
-3
-4
-10
-1
-7
-4
-6
1
-4
-2
3
3
4
3
6
4
9
4
6
4
6
5
2
8
3
5
0
5
7
12
9
13
9
11
18
12
16
13
12
12
12
9
11
8
11
7
14
11
6
13
10
14
12
16
10
12
8
7
2
3
7
9
12
0
5
1
-3
1
-5
-4
1
1
6
7
9
4
4
3
0
6
7
2
1
9
6
-1
3
8
1
6
4
12
5
7
9
5
10
16
15
11
15
11
16
11
18
12
15
12
13
13
4
6
3
3
0
-1
-4
-1
-10
-1
-3
-2
-3
-3
-2
-9
-4
-7
-5
-9
-9
-9
-10
-11
-2
2
-3
-2
-1
-4
0
-2
-12
-6
-7
0
-2
0
0
-9
-7
-5
3
-3
4
4
1
2
3
4
0
1
2
4
-6
-2
-10
-3
-10
0
6
5
10
4
12
1
10
10
15
14
15
9
9
7
9
7
7
11
10
15
12
16
11
10
0
2
0
-3
3
4
2
2
3
6
6
4
6
1
4
2
5
5
1
0
3
-3
-8
-5
-7
-10
-10
-16
-9
-12
-9
-9
-6
-5
-2
-3
-5
8
0
5
1
-1
-7
2
-4
0
-2
0
-6
-8
-8
-19
-13
-19
-16
-21
-24
-29
-23
-27
-23
-25
-22
-15
-17
-17
-13
-12
-14
-7
-14
-6
-7
-6
-7
-4
-7
-4
-7
-7
-5
-9
-6
-4
-6
-12
-9
-11
-8
-12
-11
-9
-9
-10
-8
-5
-1
0
5
2
6
9
9
5
7
2
5
-1
-7
2
-6
-3
-13
-5
-7
-6
-5
-7
-3
-5
-3
-1
-1
-3
2
1
6
9
16
11
14
15
16
10
14
13
8
13
13
9
4
1
-7
-1
-1
0
-2
5
-5
-6
-6
-1
-7
-9
-3
1
-2
3
12
5
11
10
15
5
12
5
9
1
0
-5
-6
-6
-10
-9
-15
-8
-18
-8
-16
-9
-11
-3
1
7
3
3
3
4
10
4
8
3
6
3
2
-3
0
-1
6
0
1
-1
-10
-9
-17
-13
-12
-13
-13
-14
-17
-14
-15
-10
-12
-10
-1
-8
-8
-6
-3
-5
-5
-3
-7
-13
-13
-5
-13
-4
0
2
4
4
6
-1
1
-3
2
1
-1
0
0
-2
2
0
-7
-6
-6
-7
-6
-7
-13
-2
-10
-4
0
-4
-8
-3
-4
-5
-1
-2
2
1
9
3
2
-2
-2
-2
0
3
-1
-6
-10
-4
-13
-12
-11
-7
-12
-10
-4
-6
-7
-4
-6
-4
5
-2
4
6
10
12
9
13
10
11
9
15
10
7
6
4
0
-6
-6
-5
0
-9
-4
-7
-2
-3
4
3
1
6
4
9
10
12
10
15
13
22
16
14
14
10
13
13
13
9
10
10
8
4
9
-1
2
-1
-1
2
-3
8
8
14
8
10
4
6
13
12
18
18
19
16
14
7
6
6
2
0
-4
-7
-1
-4
-9
-5
-7
-7
-11
-6
-9
-12
-10
-11
0
-6
-3
4
2
4
6
4
7
5
3
12
11
7
7
4
2
4
3
4
-3
-6
-3
-3
-3
1
4
2
7
6
12
16
22
28
27
25
26
21
20
22
13
12
15
10
12
7
10
6
3
5
1
8
10
9
9
16
12
18
17
19
10
13
21
20
24
16
20
16
25
20
22
16
19
12
19
19
10
9
1
5
3
4
-3
7
3
9
4
3
10
6
6
4
5
0
0
-5
-6
-10
-5
-9
-8
-8
-6
-7
-7
-3
-9
0
-13
-5
-10
-7
-10
-16
-10
-9
-1
-13
-3
-13
-13
-13
-12
-12
-16
-16
-9
-9
-16
-9
-15
-9
-16
-16
-19
-20
-22
-22
-16
-16
-17
-14
-7
-10
-7
-15
-13
-13
-12
-15
-14
-14
-19
-15
-17
-19
-16
-13
-12
-11
-14
-7
-9
-11
-10
-16
-12
-12
-7
-8
-7
-3
-5
-7
-5
-1
0
4
0
4
-3
-2
-6
-12
-13
-15
-13
-19
-10
-16
-15
-15
-12
-11
-8
-7
-4
-9
-10
-7
-16
-15
-18
-6
-11
-8
-13
-9
-13
-10
-9
-14
-12
-14
-7
-15
-12
-14
-12
-21
-17
-10
-8
-11
-11
-5
-7
-6
-6
1
-1
0
-2
6
0
-2
-2
-9
-5
-3
-1
3
3
5
6
2
1
2
7
9
5
12
8
9
8
10
15
15
21
22
23
12
16
13
13
14
13
12
11
12
9
17
10
9
7
10
3
10
6
7
16
9
15
7
8
7
9
11
13
13
10
8
10
9
14
9
6
6
5
3
0
-2
-3
0
1
-2
-2
-2
-2
0
-3
6
4
9
3
3
1
-1
1
1
5
3
9
6
6
2
7
0
3
-4
-3
10
5
2
5
6
1
9
8
11
10
18
16
20
14
10
12
8
10
4
14
7
7
1
2
-3
-5
-1
-4
-4
-6
-8
-12
-11
-16
-10
-13
-8
-9
-14
-11
-17
-10
-12
-13
-15
-19
-21
-22
-27
-21
-21
-21
-21
-19
-14
-15
-7
-5
2
-1
6
2
3
6
5
15
9
16
19
18
15
19
13
24
21
22
26
25
27
22
25
19
26
19
25
21
22
26
24
24
25
32
28
32
30
31
34
34
26
24
16
16
12
7
2
-7
-7
-10
-13
-15
-10
-10
-16
-16
-21
-32
-36
-41
-45
-44
-47
-48
-55
-56
-49
-58
-56
-56
-60
-57
-62
-63
-62
-63
-66
-65
-60
-65
-61
-58
-61
-48
-49
-39
-32
-29
-18
-11
-9
3
9
10
26
32
40
41
50
50
63
63
65
76
73
86
92
103
98
105
110
112
111
115
114
109
109
105
107
101
104
101
99
83
85
74
66
57
45
40
25
18
6
1
-12
-18
-33
-42
-47
-61
-72
-85
-94
-105
-115
-125
-130
-138
-146
-159
-164
-170
-178
-185
-185
-183
-187
-187
-185
-173
-172
-174
-162
-158
-156
-142
-126
-119
-107
-94
-82
-64
-46
-32
-19
-7
18
30
51
70
83
100
118
136
151
169
177
198
206
227
239
250
261
271
278
277
290
288
287
288
286
286
290
277
273
257
248
230
222
208
183
165
149
130
106
85
54
40
10
-8
-36
-61
-81
-101
-133
-152
-170
-200
-216
-237
-247
-267
-285
-304
-319
-331
-340
-353
-364
-363
-378
-383
-382
-383
-383
-376
-369
-360
-340
-331
-310
-297
-269
-249
-219
-196
-164
-135
-103
-80
-54
-23
3
36
54
94
111
142
165
193
214
242
263
289
310
326
351
360
371
380
397
401
415
410
425
428
429
427
420
411
407
398
387
383
357
343
320
299
273
251
219
190
160
130
94
63
30
-2
-35
-69
-95
-132
-158
-186
-223
-252
-276
-302
-325
-345
-361
-383
-401
-424
-436
-454
-463
-477
-480
-482
-489
-478
-480
-475
-464
-457
-452
-431
-422
-405
-395
-370
-351
-331
-313
-290
-258
-234
-209
-183
-154
-135
-98
-72
-41
-18
11
31
62
85
111
139
162
190
206
236
252
280
299
323
342
366
385
407
420
432
453
455
473
471
484
484
487
493
487
486
478
477
475
470
457
447
440
429
414
398
389
369
348
329
309
285
256
228
198
162
126
85
44
13
-26
-63
-106
-139
-176
-214
-244
-277
-310
-343
-367
-398
-427
-448
-469
-490
-499
-516
-531
-551
-565
-575
-588
-594
-597
-601
-605
-601
-600
-604
-597
-582
-579
-560
-549
-528
-515
-493
-475
-455
-424
-408
-375
-348
-315
-287
-247
-217
-175
-144
-103
-70
-37
0
37
72
107
152
187
231
269
311
345
385
405
448
481
527
556
590
618
644
677
698
723
744
776
788
807
810
823
819
822
828
824
820
805
793
767
736
707
670
628
594
549
505
448
398
341
281
224
174
124
61
0
-71
-129
-191
-248
-307
-362
-415
-478
-526
-586
-632
-690
-722
-756
-789
-818
-844
-870
-905
-915
-935
-937
-946
-939
-946
-942
-935
-927
-905
-888
-859
-835
-803
-777
-749
-726
-689
-654
-606
-558
-510
-462
-414
-369
-319
-264
-207
-138
-78
-13
42
102
151
199
259
318
382
441
486
538
581
616
658
698
750
792
837
876
898
921
948
965
989
1021
1053
1065
1066
1065
1071
1053
1049
1041
1034
1014
992
956
904
860
799
756
694
645
576
508
421
331
246
171
86
15
-59
-141
-226
-319
-401
-490
-551
-612
-658
-713
-762
-826
-878
-927
-961
-990
-1006
-1020
-1032
-1045
-1075
-1087
-1101
-1088
-1077
-1056
-1034
-1017
-1008
-996
-974
-947
-901
-853
-795
-748
-704
-663
-629
-574
-522
-451
-385
-307
-249
-199
-155
-117
-61
-3
72
136
201
250
297
325
367
407
463
524
574
623
652
682
700
736
768
820
865
908
935
949
962
973
985
1003
1033
1053
1069
1062
1051
1031
1012
1000
994
989
974
948
898
837
781
723
667
619
563
505
430
344
250
161
79
5
-60
-125
-208
-287
-385
-465
-545
-611
-655
-705
-734
-787
-835
-891
-931
-968
-981
-986
-980
-982
-997
-1012
-1032
-1037
-1041
-1011
-989
-962
-940
-920
-918
-912
-896
-863
-821
-769
-718
-691
-664
-642
-614
-579
-519
-462
-400
-346
-308
-274
-244
-206
-151
-87
-24
41
94
129
155
190
237
288
347
409
458
496
529
552
582
620
672
731
786
827
854
876
893
921
956
1004
1051
1090
1110
1106
1098
1093
1091
1098
1107
1109
1096
1058
1011
946
895
847
803
761
710
641
557
463
364
278
202
146
76
10
-75
-170
-260
-347
-416
-472
-516
-567
-618
-677
-743
-807
-857
-895
-919
-922
-931
-954
-986
-1021
-1053
-1063
-1067
-1050
-1023
-1012
-1011
-1018
-1027
-1027
-1018
-990
-945
-920
-884
-865
-848
-832
-810
-761
-708
-645
-596
-531
-494
-458
-423
-370
-307
-231
-153
-82
-20
29
77
118
186
255
342
415
485
540
575
614
653
709
773
842
902
953
988
1009
1029
1062
1099
1147
1199
1229
1242
1239
1232
1221
1220
1225
1233
1229
1211
1176
1115
1053
986
939
888
847
790
707
617
515
407
314
230
155
84
-3
-85
-204
-306
-407
-484
-547
-591
-636
-695
-755
-832
-896
-948
-979
-1003
-1003
-1021
-1043
-1078
-1114
-1146
-1165
-1158
-1147
-1128
-1112
-1104
-1115
-1121
-1121
-1098
-1062
-1011
-962
-920
-896
-867
-840
-800
-745
-682
-605
-537
-477
-429
-386
-346
-281
-212
-123
-45
35
95
146
189
233
291
358
446
504
577
607
644
670
707
752
804
865
907
948
956
973
984
1004
1028
1078
1107
1139
1151
1151
1135
1125
1131
1133
1148
1145
1136
1098
1058
1000
944
899
868
819
779
712
624
532
430
345
263
194
123
51
-37
-130
-234
-327
-398
-464
-516
-561
-620
-683
-759
-829
-885
-924
-939
-957
-978
-996
-1029
-1064
-1090
-1105
-1112
-1096
-1081
-1071
-1065
-1076
-1079
-1085
-1066
-1044
-999
-964
-926
-905
-883
-862
-831
-789
-734
-667
-606
-545
-502
-446
-417
-356
-294
-215
-142
-74
-10
40
82
125
186
238
313
373
432
474
506
531
572
611
660
716
766
804
833
847
863
887
919
964
994
1030
1049
1064
1059
1059
1065
1078
1093
1106
1113
1093
1065
1027
989
962
926
898
860
810
738
657
577
481
410
326
269
189
112
15
-79
-186
-274
-346
-416
-472
-537
-593
-670
-734
-807
-848
-890
-909
-936
-956
-987
-1020
-1055
-1081
-1090
-1097
-1086
-1074
-1065
-1077
-1077
-1086
-1084
-1078
-1050
-1022
-983
-955
-931
-909
-890
-859
-817
-755
-696
-633
-571
-512
-466
-418
-354
-284
-209
-116
-40
30
93
148
207
268
337
409
477
537
587
631
666
703
745
791
853
899
942
962
985
991
1008
1034
1072
1103
1135
1159
1169
1170
1162
1166
1160
1173
1176
1176
1154
1128
1088
1039
994
952
917
870
813
744
658
563
467
380
299
222
145
58
-28
-135
-240
-338
-417
-485
-542
-604
-666
-733
-810
-875
-936
-975
-1010
-1030
-1051
-1077
-1114
-1145
-1169
-1188
-1200
-1188
-1179
-1165
-1161
-1162
-1161
-1164
-1144
-1132
-1087
-1062
-1015
-989
-964
-943
-917
-874
-819
-747
-686
-614
-562
-500
-460
-392
-320
-241
-147
-58
15
78
133
189
253
316
399
473
547
600
653
685
711
753
800
850
902
938
968
993
1004
1019
1042
1072
1105
1134
1165
1177
1186
1179
1187
1190
1201
1222
1222
1214
1188
1162
1111
1077
1032
1005
955
911
853
764
682
592
503
412
341
261
184
88
-7
-117
-221
-308
-386
-463
-523
-588
-658
-728
-803
-861
-923
-957
-992
-1014
-1050
-1075
-1109
-1145
-1170
-1191
-1200
-1207
-1199
-1198
-1207
-1217
-1224
-1229
-1211
-1194
-1164
-1132
-1103
-1077
-1054
-1021
-984
-938
-882
-816
-752
-693
-632
-578
-519
-459
-379
-293
-211
-129
-52
15
77
145
205
287
358
442
508
569
614
657
700
741
789
835
890
924
968
987
1015
1029
1067
1096
1131
1159
1182
1200
1201
1213
1208
1216
1214
1230
1232
1229
1204
1178
1135
1094
1054
1014
973
927
876
800
734
635
548
452
369
281
193
104
7
-98
-203
-300
-392
-468
-541
-608
-684
-755
-834
-909
-966
-1017
-1063
-1100
-1125
-1154
-1194
-1220
-1254
-1267
-1277
-1283
-1273
-1273
-1265
-1265
-1267
-1262
-1249
-1225
-1192
-1160
-1125
-1089
-1056
-1022
-976
-932
-869
-807
-733
-661
-597
-529
-468
-391
-320
-233
-143
-58
24
98
171
233
307
380
454
539
606
670
731
776
819
862
905
944
995
1031
1062
1088
1102
1113
1128
1139
1161
1182
1194
1204
1196
1186
1173
1166
1161
1160
1151
1141
1116
1092
1057
1021
974
933
896
844
793
728
657
572
499
409
333
256
173
83
-12
-110
-206
-296
-383
-461
-546
-611
-691
-762
-841
-905
-971
-1024
-1065
-1099
-1127
-1164
-1186
-1223
-1237
-1258
-1262
-1267
-1257
-1257
-1252
-1239
-1236
-1217
-1214
-1186
-1167
-1132
-1093
-1056
-1020
-971
-924
-875
-818
-762
-691
-638
-565
-502
-431
-359
-281
-204
-128
-46
34
111
188
268
342
414
487
556
620
689
744
796
845
891
930
970
1005
1030
1060
1091
1113
1132
1150
1164
1167
1170
1174
1174
1174
1173
1164
1156
1143
1123
1110
1078
1053
1027
1002
968
933
898
850
795
742
686
627
569
506
446
364
290
207
121
42
-33
-121
-203
-282
-370
-457
-542
-620
-699
-762
-826
-876
-941
-996
-1049
-1101
-1143
-1177
-1201
-1217
-1232
-1251
-1260
-1270
-1273
-1269
-1255
-1247
-1225
-1199
-1175
-1153
-1126
-1096
-1062
-1021
-972
-916
-869
-813
-765
-707
-653
-595
-528
-456
-380
-306
-228
-160
-90
-24
51
126
205
281
361
433
491
553
608
665
718
774
819
863
907
933
957
982
1017
1030
1054
1078
1093
1107
1104
1106
1100
1101
1095
1096
1094
1086
1073
1059
1026
1001
981
954
928
900
874
832
787
731
682
624
576
510
456
394
324
256
180
108
36
-36
-110
-180
-261
-336
-420
-488
-565
-632
-702
-766
-828
-881
-940
-991
-1038
-1085
-1114
-1155
-1171
-1202
-1215
-1229
-1237
-1250
-1243
-1249
-1233
-1220
-1204
-1177
-1151
-1116
-1086
-1040
-1008
-952
-921
-860
-822
-760
-710
-654
-596
-543
-478
-416
-345
-283
-210
-152
-70
-5
69
133
205
267
340
399
461
526
575
632
686
734
774
815
854
889
920
953
973
994
1007
1024
1032
1042
1053
1060
1062
1059
1060
1053
1044
1030
1018
1015
999
986
963
943
916
887
860
825
790
742
706
657
603
546
482
410
354
290
223
156
87
11
-72
-143
-221
-285
-366
-438
-512
-569
-639
-701
-759
-816
-862
-904
-945
-989
-1020
-1059
-1083
-1110
-1126
-1150
-1153
-1155
-1155
-1154
-1158
-1141
-1130
-1102
-1087
-1056
-1025
-989
-950
-914
-864
-821
-767
-715
-657
-603
-541
-477
-420
-353
-291
-223
-160
-90
-24
41
106
166
221
276
336
391
448
498
551
596
636
670
712
737
769
800
831
853
877
891
902
916
919
932
933
941
939
944
939
937
931
930
917
911
898
886
877
851
835
801
781
739
717
684
642
602
552
504
448
395
341
281
212
151
86
24
-46
-120
-191
-257
-322
-383
-448
-512
-573
-635
-686
-735
-787
-832
-880
-916
-956
-986
-1013
-1039
-1063
-1084
-1095
-1107
-1105
-1107
-1093
-1085
-1068
-1056
-1030
-1013
-986
-949
-911
-867
-827
-767
-725
-665
-610
-554
-497
-433
-369
-306
-241
-182
-129
-66
-7
52
106
159
214
257
311
351
404
444
489
517
552
587
620
648
673
695
718
730
747
769
774
788
797
814
817
818
814
820
810
827
824
823
812
800
794
772
773
753
751
736
723
680
649
609
573
547
512
466
427
381
312
259
198
135
69
21
-44
-107
-160
-237
-307
-371
-440
-503
-555
-601
-663
-700
-746
-797
-845
-888
-942
-968
-990
-992
-1003
-1018
-1017
-1036
-1032
-1030
-1000
-1011
-984
-963
-940
-909
-868
-830
-796
-739
-690
-640
-588
-526
-494
-412
-355
-283
-221
-166
-112
-51
33
106
167
215
248
293
350
392
449
493
534
571
622
648
659
684
721
724
755
783
766
768
766
764
772
797
784
770
771
780
774
789
786
763
764
744
726
716
717
702
701
676
655
620
573
542
477
459
423
398
363
276
205
103
30
3
-61
-132
-196
-307
-348
-413
-505
-591
-661
-729
-812
-824
-889
-936
-962
-952
-994
-1030
-1035
-1045
-1026
-1045
-1055
-1056
-1020
-1002
-986
-974
-927
-901
-796
-759
-790
-758
-749
-633
-577
-529
-454
-429
-339
-246
-223
-187
-138
-46
94
192
247
257
288
351
400
477
484
516
571
576
673
690
695
726
731
730
724
746
759
737
717
718
705
802
768
770
793
747
790
758
732
759
798
809
881
896
868
814
784
736
702
727
690
653
579
516
418
397
245
138
30
-64
1
113
82
-253
-381
-395
-382
-407
-383
-591
-694
-669
-747
-862
-813
-713
-1032
-932
-864
-897
-1727
-2360
-2948
-3434
-2133
-1520
-269
540
-918
-1693
-2260
-2682
-3003
-2811
-1351
-1058
296
1568
-519
-811
-1418
-2368
-1830
-1631
283
277
1712
2496
1219
1905
-36
61
1819
2514
3777
4623
5607
5526
4106
3913
1971
1553
2739
2111
3182
3168
4385
3120
1864
1760
-912
-928
-1121
-1145
-1000
-2535
-2867
-2687
-2606
-2592
-4868
-5027
-5901
-7147
-6165
-6085
-4081
-2761
-2268
-1790
-1925
-529
-85
315
2446
3096
4778
5818
6033
7547
7461
7137
6054
5178
5081
4166
4174
3925
2728
1657
-892
-2737
-3836
-4964
-5538
-6385
-6320
-6784
-7098
-6669
-6872
-6667
-6808
-6867
-5932
-4479
-2078
-357
1074
1891
1733
2447
2783
3466
4505
4912
5628
5735
5658
5053
3749
3244
1501
325
102
-690
-230
-264
-762
-1221
-2044
-2531
-3098
-2471
-1289
-269
1673
2173
2385
3420
3398
3851
3903
4186
4957
5238
6250
5699
4699
2245
-2367
-4618
-5126
-4350
-3635
-4434
-4935
-6484
-8881
-10804
-12108
-10987
-9160
-6769
-3789
-1874
1120
2963
3685
4289
4666
6717
7808
9190
11522
13466
13649
11370
9093
6625
3381
1057
-93
-1082
-2357
-4002
-4704
-6198
-8345
-10180
-11126
-11281
-11487
-9824
-7405
-4913
-2811
-1466
-419
304
1331
2716
4414
6452
8040
9180
9366
8484
7871
6310
3682
1345
-253
-1452
-2752
-3855
-4837
-6550
-8725
-10305
-10932
-10732
-9827
-8616
-7299
-5710
-4595
-2868
-1089
925
3421
4767
6399
7735
8906
10000
9899
10090
10050
8808
8022
6844
5819
5352
4140
3243
2163
1341
402
-210
5
-417
-585
-597
-1128
-1761
-4306
-7003
-5924
-5100
-5759
-3881
-3330
-4048
-4451
-6260
-6653
-7314
-5491
-2589
-1240
1931
3509
4982
7293
6092
6768
8353
5860
5734
6425
6834
6798
5212
3913
2220
-1458
-5200
-6206
-7287
-8406
-8590
-7853
-7425
-7250
-6444
-5425
-5118
-4563
-3741
-2314
-198
1649
4584
6083
6260
6911
6227
4644
4053
2950
2529
1585
466
254
-1225
-2302
-4452
-6371
-7191
-8726
-9063
-7967
-6567
-4522
-3304
-1855
-601
-698
-45
673
1712
3293
5083
6299
6652
6648
6056
4040
1895
1139
722
662
1039
1467
1450
825
66
-847
-1194
-320
410
1871
4151
5447
6785
8266
8432
8482
9205
8602
7572
7558
6738
4591
1463
-3078
-7075
-7773
-8495
-10454
-8976
-9317
-11334
-11574
-13804
-14668
-13551
-10841
-7097
-3275
1599
5473
8734
11914
12460
13108
13344
10977
10676
10656
9870
9226
7038
3913
877
-4579
-9582
-11658
-14033
-14949
-15219
-14144
-11666
-9999
-7681
-5792
-3898
-2004
-1132
1072
3445
6062
9272
10739
11289
11306
9668
7433
4974
2525
556
-1739
-3703
-5235
-6452
-7567
-8734
-9688
-9909
-10114
-9741
-8197
-5792
-2514
5
2252
4234
4905
5246
5876
5963
6727
6717
5793
5632
3755
2415
778
-1313
-1831
-3123
-3235
-3651
-3567
-1982
-1335
396
1901
3074
4603
5663
7429
9091
10171
11530
12235
12672
12334
11775
10630
8476
6618
1712
-6079
-12370
-12540
-12230
-13643
-10467
-10357
-11422
-12358
-16017
-15837
-16500
-13134
-6152
-2472
3708
9263
13042
18570
18977
17701
18140
11961
8762
7719
5113
5612
3358
786
-810
-8110
-14440
-16409
-19549
-20223
-20740
-18471
-12762
-8955
-3884
812
4413
6925
6672
7172
7915
8673
11504
13389
13855
14049
11482
8003
4185
-1349
-4857
-8670
-12421
-13770
-14764
-13979
-12912
-11918
-9651
-8650
-8113
-6898
-4837
-1013
1799
5174
9725
10646
11007
11535
9891
8174
6324
3897
973
-1525
-2762
-4005
-4445
-4214
-4889
-4299
-4867
-5671
-4399
-3019
-678
2433
6109
8216
10313
12824
13395
13910
13918
12972
12473
11589
10546
10052
9905
7960
4732
525
-8736
-16213
-17451
-16899
-16499
-13527
-9797
-8917
-9427
-12121
-12213
-12548
-10858
-5232
-1036
5148
10179
14382
20398
20950
18852
19288
12341
6343
2546
-456
127
-2937
-4451
-3832
-7543
-14087
-15759
-17218
-17597
-17992
-16486
-10451
-6475
-1498
4421
9072
11713
12335
11761
10119
7298
7468
8173
6901
6349
5033
3111
-395
-5524
-8225
-10912
-14727
-16587
-17041
-15246
-13126
-10389
-5638
-2279
-312
1854
3185
4755
6209
7768
9715
9426
9805
10158
8075
6029
3553
820
-1477
-5700
-7844
-7996
-8532
-6964
-5728
-3706
-2446
-1113
900
2161
4265
6753
9183
10593
12287
13508
14393
14457
13871
12648
11605
9433
7089
6535
4361
2934
1305
-3953
-12297
-17593
-16762
-15692
-15483
-11035
-7626
-5732
-6932
-10842
-9816
-10374
-7052
-1739
1665
7395
11568
15331
19377
17323
16542
16780
7805
1486
-2723
-4132
-4178
-7090
-6899
-4700
-9368
-14566
-14573
-15786
-14819
-15208
-11168
-5500
-2591
2837
8706
12342
13803
13959
12846
9365
4993
4658
4229
2811
1702
1038
-358
-4249
-8496
-9977
-12062
-14397
-14707
-14527
-12020
-9926
-6104
-636
2260
4718
6826
7675
7500
6959
8647
9378
7831
7567
5894
2137
-1424
-3400
-4824
-6281
-6725
-8562
-7916
-7659
-8104
-5019
-3614
27
2595
5331
7967
8422
12127
13598
14043
14895
15046
13356
11618
10135
8651
7972
6603
5061
4203
2667
205
-2072
-9171
-16661
-17547
-14921
-15246
-11197
-6231
-3204
-355
-5918
-7083
-7827
-9248
-4740
-1213
3174
8654
12281
16949
18181
15272
16395
10909
1946
-4383
-8250
-8346
-9979
-10863
-6556
-5420
-10355
-11215
-11804
-11613
-12285
-11764
-6296
-2205
1423
7574
12831
15462
16643
15765
12669
6091
1816
76
-2144
-3852
-3831
-3234
-3655
-6997
-8987
-9347
-12051
-12817
-13333
-12562
-10208
-7385
-2241
3081
6256
9254
10893
10460
8319
6633
6859
4357
1510
-313
-1999
-3068
-4838
-4625
-3878
-6182
-6502
-7042
-8459
-7430
-4869
-467
2690
6493
9954
11245
13053
13380
13397
14653
13197
11025
10591
9133
7696
7860
7536
6306
5916
4607
2801
1230
-1275
-7669
-15509
-16107
-14189
-14070
-9483
-5989
-2114
590
-5084
-6409
-9062
-9997
-5705
-4169
534
5417
9509
15162
17402
15971
18294
13070
3890
-3012
-9107
-9715
-12021
-12765
-7813
-5307
-8238
-7857
-8029
-7702
-8807
-10376
-6473
-3877
-1239
4271
9865
14052
16768
16362
14068
7371
1823
-1392
-5048
-7585
-8036
-6870
-6129
-6981
-7727
-6275
-7307
-8004
-8775
-9954
-9085
-7191
-3645
1160
5456
9396
11931
12171
10098
6408
4977
2384
-2548
-4967
-4505
-4935
-5619
-3311
-2494
-3014
-1609
-3491
-4696
-3833
-2973
611
3759
7112
9901
12574
13936
13405
13448
12972
10915
8262
7592
5604
4594
6179
6184
6686
7136
5860
5205
869
-9199
-15558
-14598
-15011
-15846
-11446
-7689
-3640
-2520
-5919
-6456
-7543
-6499
-3718
-3144
280
4980
9643
14556
16078
18277
20960
15246
6290
-1510
-7734
-10599
-15104
-17456
-13094
-11512
-11871
-8736
-7447
-5362
-4125
-5313
-3379
-2383
-1083
4720
9221
12672
16584
18055
16543
11073
5157
1076
-4303
-8944
-12070
-13849
-12818
-12647
-11113
-7940
-6522
-4375
-4350
-6923
-6374
-5101
-3419
190
3624
7455
10899
12572
11587
9229
7559
4565
-1881
-5816
-7895
-9863
-8674
-8202
-5370
-2522
-1067
246
-840
-144
867
2214
3586
6028
7846
10261
12610
12004
13653
13373
12120
9047
6626
5291
3370
3852
3873
5030
6148
6486
3791
-3717
-12487
-12545
-10984
-15151
-12888
-9860
-7075
-4486
-7676
-7685
-6580
-3928
572
-202
1500
6104
8525
12537
13614
13713
19139
15882
6635
685
-5527
-8064
-11528
-18576
-16993
-13806
-15091
-11753
-9765
-5610
4
-72
930
2731
3330
7169
9683
9885
12635
13391
12279
8769
2741
-170
-2960
-8133
-11817
-15330
-15755
-13828
-12903
-9893
-5927
-1571
1127
413
398
2333
3203
3959
4786
5313
6932
7705
6632
4299
2828
1647
-2791
-7435
-10228
-11299
-10250
-10015
-7853
-3644
-792
2495
3893
5347
7642
7773
7749
7699
7471
7754
8579
8234
8212
8712
7584
5749
4086
2675
2604
2993
3738
4564
5827
8565
7768
1541
-6077
-7079
-5927
-10006
-11586
-9615
-7291
-5199
-8350
-10667
-8806
-5704
-1835
-1782
-540
4232
7418
10209
11624
11816
16662
16330
8163
1542
-3193
-5606
-8115
-15007
-17038
-13819
-14019
-12961
-11309
-7802
-1598
1417
1076
3203
4399
7235
10269
8636
9590
10932
9703
6623
2332
-1179
-1432
-4373
-8363
-11528
-13319
-11798
-10868
-10201
-7139
-2099
1003
2253
2082
3948
5474
5377
4991
3471
3329
3375
1824
-152
-1015
-1001
-1988
-4847
-6607
-7482
-7792
-7139
-6866
-4999
-1792
1109
4037
5837
8217
10114
9606
9308
7579
5928
5837
4191
3035
3514
3500
3304
3240
3506
4372
5716
6979
7446
8127
9170
6929
-1353
-8252
-7270
-6501
-9114
-8840
-7612
-5378
-4518
-9611
-11704
-9941
-6167
-2324
-2259
20
4853
8510
12325
13699
14336
18212
15834
7511
-176
-5537
-7337
-9667
-15746
-17120
-13961
-13103
-11545
-10084
-6487
-380
2153
1282
2706
3639
6528
9513
8558
9532
10485
8823
5771
1442
-2560
-3285
-5675
-9236
-12358
-13257
-10562
-8426
-7174
-4487
-172
2737
3315
2554
3777
5000
4664
3532
1784
1664
1667
460
-1046
-1898
-1385
-2298
-4713
-5661
-6129
-5326
-4483
-4512
-2766
-254
2505
4814
6125
7874
8814
8506
7218
5229
4328
3723
2555
1567
1618
2256
2821
3715
4472
6151
8207
9178
9639
10142
9945
4491
-5763
-9556
-7455
-10055
-10783
-8617
-7346
-3395
-5982
-11117
-9937
-7454
-3447
-1522
-1240
3231
7484
10308
13605
14842
17464
18794
12899
4184
-2454
-6945
-9391
-14102
-19246
-17135
-14276
-12885
-10815
-7560
-1994
3235
2777
2494
4159
4503
7485
7538
7054
8533
8097
6232
3774
-506
-2858
-3989
-7902
-11917
-14290
-12635
-9190
-7191
-4892
-370
4014
5723
4534
4409
5122
4366
2766
550
-282
-244
-477
-1441
-2838
-2160
-1109
-3117
-4493
-4991
-4991
-4315
-4126
-3437
-1618
1662
3822
5243
7370
8690
8513
7691
5852
3990
3264
2626
1292
920
2147
3190
4551
5443
6523
8408
9630
10419
10782
8760
1971
-7587
-9912
-8125
-12605
-12251
-8335
-6465
-3235
-6272
-9708
-6921
-3660
-2158
-1598
460
4521
7850
11143
13088
15455
19313
18434
12236
3637
-2120
-5752
-10084
-17252
-20557
-17175
-14987
-14296
-12213
-7121
-493
4006
2837
4054
5375
5575
7201
5734
5846
7593
6850
4360
1911
-1034
-1762
-3407
-7266
-10899
-12468
-10950
-9355
-8243
-5302
113
4069
5633
5659
6505
6806
4826
3041
346
-2006
-2160
-3214
-4886
-4577
-3182
-2122
-2631
-3342
-3009
-2781
-2733
-3351
-2850
-937
1030
3399
5121
7346
9171
8808
8135
6902
5021
3724
1654
211
-262
421
2101
2978
5172
6996
8750
10224
10723
10958
9446
3995
-6745
-11328
-9348
-13060
-14037
-9768
-6775
-2481
-4110
-7757
-5647
-2357
131
-371
217
4193
6564
9056
11748
12907
16867
18380
13998
6011
-605
-4640
-8659
-15485
-21594
-19022
-16135
-15217
-13571
-9103
-1469
4674
4588
5201
7252
7012
8265
5648
4316
5687
4723
2790
817
-2000
-2368
-2899
-6114
-9083
-11369
-10172
-8545
-8371
-6296
-1677
2378
5061
5365
6395
8033
6913
5146
2558
158
-764
-2235
-4349
-5541
-4822
-3285
-3754
-3103
-2066
-1609
-1032
-1817
-2471
-1845
-360
1013
2250
4268
6848
7403
7967
7343
5887
5506
3473
1375
171
350
1333
1829
3623
6237
8446
10932
11909
12089
11105
6053
-4541
-10654
-9572
-13975
-15772
-11922
-9345
-4863
-4107
-6706
-4480
-967
751
129
470
3807
5362
7862
9999
11118
14782
16137
13931
8209
2219
-1465
-5857
-12706
-18795
-18738
-17091
-16245
-15175
-11139
-4044
2536
4408
5134
7764
8247
8709
6265
3979
4346
3340
1116
-702
-2435
-2955
-2859
-4535
-6868
-8543
-7928
-6747
-6766
-6451
-3576
114
2942
3982
5119
7178
7486
5612
3072
1089
-19
-1461
-3724
-4989
-4881
-3597
-3741
-3319
-1713
-1005
-994
-1021
-1163
-1530
-548
374
657
2079
4504
4899
5643
6392
5790
5790
4764
2990
1820
2025
2384
2592
3884
5924
8446
10402
11269
12432
12061
8069
-1043
-8673
-8841
-12053
-16437
-14491
-11748
-7576
-6033
-8150
-5780
-1430
1435
1381
1494
4178
5805
7286
8997
9269
12217
14943
13700
9079
3755
827
-2544
-7953
-14925
-16282
-15314
-15770
-16440
-14256
-7719
-1175
1924
2901
6819
8679
9251
7685
5181
4830
3572
702
-1604
-3062
-3440
-2971
-3903
-4829
-5865
-5153
-4088
-4413
-4818
-3516
-1003
705
1121
2643
4938
5474
4233
2702
1657
218
-622
-2895
-4618
-4287
-3838
-3734
-3221
-1930
-424
58
-443
-334
2
604
771
967
1888
3550
4088
3667
4534
4988
4619
4137
3130
2529
2584
3109
3011
3823
6207
8112
9848
11112
12188
12371
10286
2886
-5986
-8512
-9814
-14363
-14951
-12974
-9639
-6746
-9202
-8563
-4965
-780
1093
426
3090
5899
7069
9094
8816
10009
13855
14005
11133
5453
2219
-554
-4656
-11803
-15790
-14627
-14532
-15379
-16579
-11631
-5132
-738
335
3282
7352
9023
8546
6257
6187
5485
3427
621
-1701
-3002
-2935
-3744
-4735
-5425
-5273
-3506
-3480
-4177
-3511
-1934
268
544
327
2360
3684
3065
1551
1392
1048
317
-754
-2764
-3550
-2315
-2218
-2948
-1933
-807
173
138
-602
-212
496
849
1044
844
2770
3917
3183
3345
3448
3812
3552
2948
2130
1863
3089
2938
2905
5321
7440
9536
11009
11817
12305
12288
9115
332
-6834
-8371
-10626
-14434
-14363
-12723
-8503
-7735
-10232
-8281
-4996
-489
-269
-250
3759
5562
7317
8686
8055
10965
13913
13094
9375
4903
2171
-107
-4898
-12207
-13598
-13281
-13841
-15690
-15771
-10303
-4571
-2092
-820
3426
6615
8446
7033
5693
5812
4631
2645
252
-1546
-2356
-2656
-3965
-4456
-4776
-3537
-1936
-2578
-2930
-2074
-660
639
198
168
1851
2274
1084
345
494
811
89
-1001
-1689
-1980
-1085
-1959
-2616
-1590
-841
17
-516
-761
575
1069
1193
965
1808
3363
3260
2730
2284
2853
3263
2578
1666
1679
2238
2675
2888
3653
5595
8019
9717
10463
11256
12035
12641
9704
2826
-5374
-8109
-8704
-13186
-14789
-13331
-9077
-7433
-9795
-9648
-6346
-1440
-975
-1530
2201
5104
7057
7917
7092
10238
13119
12991
10363
5726
3476
1200
-3210
-9524
-11975
-12038
-12366
-14464
-16330
-12010
-7165
-4445
-3169
201
4872
7208
6489
5995
6520
5500
3926
1509
-127
-1184
-2225
-3123
-3599
-3494
-2636
-1399
-1462
-2149
-1980
-459
374
-413
-534
192
578
7
-911
-294
1015
280
-468
-448
-614
304
-52
-1068
-752
-310
28
-997
-1689
-491
-97
665
442
1077
3071
2862
2823
2069
2152
3019
2453
1483
1144
2017
2607
2808
3836
5377
7921
9523
9997
11224
11810
12403
10922
6622
-675
-6437
-6875
-10094
-13515
-13400
-11154
-8149
-9445
-10562
-8982
-4854
-1507
-2961
-1189
3264
4633
6122
6751
7758
11220
12391
11209
7776
5636
3085
6
-4228
-9666
-10305
-10782
-12376
-14978
-14070
-10054
-7034
-5884
-4246
366
4208
5727
5306
6131
6425
5577
3959
1786
258
-594
-1583
-2631
-2759
-2789
-1366
-26
-981
-1364
-135
580
123
-1169
-1570
-1051
-1394
-2444
-2155
-1121
-619
-485
-318
279
1174
1776
811
-53
232
315
-229
-1288
-1366
-619
-192
-39
-463
1367
2700
2268
2301
1999
2559
2470
1641
1124
1476
2712
2939
3216
5113
6435
8804
10493
11039
12213
12873
12869
10035
5205
-2138
-5664
-6643
-10752
-13012
-12662
-9913
-8890
-10905
-11202
-8743
-4314
-3414
-4535
-591
2127
3806
6239
5950
8732
11434
11655
10978
7516
5264
3516
1012
-4359
-8503
-9015
-9678
-11483
-14812
-12887
-9453
-8031
-7444
-5551
-583
3073
3732
4086
5688
5909
5741
3876
2007
1039
-493
-1397
-2395
-2931
-2115
-158
548
191
312
1446
1984
241
-1282
-1862
-2431
-3234
-4302
-4036
-3140
-2323
-1225
-611
759
2253
2180
1622
804
633
844
-359
-888
-1325
-1142
-233
-879
-203
1246
2091
2646
2435
2408
2668
2816
2102
1445
2079
2638
3169
3732
4319
6287
8353
9591
10541
11635
12550
12286
10724
6557
170
-4167
-5898
-9186
-12401
-12617
-10806
-9434
-10755
-11119
-9271
-5498
-3855
-5333
-1993
1711
3572
5906
5310
6931
9714
10254
9939
7248
6225
4832
2770
-1902
-6474
-5910
-6887
-9447
-12808
-12805
-10389
-9311
-9631
-7786
-3103
207
1831
2388
4072
5448
6089
4726
3216
2252
806
-335
-1939
-2801
-2101
-63
1076
1131
1519
2616
3054
1868
-204
-1437
-2001
-3582
-5178
-5695
-5667
-4621
-2891
-1909
-807
1199
2593
2570
2455
2437
2832
2033
440
-565
-1402
-1010
-1395
-1410
-45
903
1377
1545
2319
2820
3032
3242
2791
2663
3274
3310
3530
4654
5734
7378
8831
9643
10641
11387
11595
11211
9393
4733
-1104
-4015
-6521
-10195
-11910
-11956
-10142
-10317
-12288
-11270
-8764
-5956
-5737
-4420
885
3443
4777
5430
5804
8338
8417
8690
7679
5788
4762
2082
550
-2879
-3958
-3765
-5716
-8773
-11263
-10439
-9757
-10048
-10301
-7349
-3632
-1676
-924
1019
3786
5144
4996
3839
3858
2956
1520
-57
-1078
-635
280
1122
1172
1395
2272
2606
1655
728
-108
-990
-2250
-4460
-5554
-5882
-5944
-5139
-4162
-2795
-1177
993
2189
2537
3514
3868
3722
2593
859
253
-120
-888
-1624
-1415
-635
-70
346
738
2127
3078
3249
3609
3989
4392
4695
4932
5361
6015
6937
7577
7638
8223
8425
8864
9568
9415
8393
5006
89
-3220
-5120
-7806
-9807
-10309
-9747
-10422
-11805
-11446
-10316
-7365
-6092
-4609
-362
1554
3182
4492
4428
5978
6705
7143
6925
4724
3405
2306
1843
-389
-1726
-1904
-3577
-5839
-8998
-9579
-9253
-9611
-10108
-8822
-6211
-3991
-2384
-768
1503
3157
4000
3676
3572
3033
2196
1832
1226
869
1150
1956
2187
1606
1691
2102
1638
885
-356
-1490
-1990
-3538
-4882
-5275
-5450
-4700
-4117
-3330
-1998
-697
736
1569
2057
2871
3160
2948
1955
943
714
-242
-737
-1083
-1080
-183
-36
501
1611
2419
3668
4408
4855
5618
5703
6500
6519
6438
7112
6455
6523
6306
6303
7290
7608
8439
8366
7070
3384
-726
-2128
-4470
-6764
-9012
-9809
-9728
-11601
-11902
-12024
-9805
-6688
-6610
-3816
-772
355
2870
2946
3754
5621
5791
7436
5836
4491
4272
3483
2699
-66
-1082
-1589
-3500
-7040
-8673
-8701
-8819
-9539
-9995
-7539
-5353
-4238
-3226
-1138
848
1931
2384
3082
3730
3032
2877
2796
2547
2359
2176
2566
1881
1165
1344
1107
711
-269
-1488
-2172
-2900
-3886
-4227
-4208
-3535
-2965
-2958
-2218
-1476
-665
23
302
816
1586
1940
1753
1230
1491
1696
569
257
48
-34
296
342
1407
2563
3556
4206
4995
6021
6113
6525
6513
6199
6341
6083
5629
5699
6032
6492
7341
7809
8572
8261
6086
2185
-1594
-2974
-5256
-8002
-9308
-9397
-9697
-10763
-11168
-10854
-8577
-7486
-7590
-4752
-2624
-1298
1061
1603
3722
5548
6124
8299
6647
5777
5292
4015
2762
-776
-1778
-2633
-5054
-7836
-8651
-8012
-7818
-8592
-8308
-5696
-4582
-3810
-3000
-1385
594
1463
1999
2685
3346
3280
3335
2853
2329
2122
2170
2008
1006
1280
1533
958
339
-879
-1164
-1390
-2329
-2645
-3159
-3269
-2905
-3002
-3013
-2931
-2100
-1347
-1296
-756
-47
916
1758
1501
1675
2107
2035
1464
745
940
908
1108
1390
1706
2587
3510
4339
4365
4468
5296
5517
5210
5303
5169
5610
5738
5471
6521
7699
8306
8323
8114
7540
5960
2946
-1189
-3655
-4769
-6826
-8413
-8780
-7977
-8443
-9427
-9798
-9902
-8525
-9512
-8591
-5198
-3783
-1006
816
2465
5132
5787
8291
8351
6240
5378
3513
2982
-307
-2326
-1808
-3044
-4872
-6296
-5897
-5043
-6059
-7043
-5425
-4484
-4088
-3965
-3140
-1112
-223
533
1404
1677
2107
2137
1588
1246
969
1458
1796
1130
1255
2302
2399
2015
1247
825
784
-152
-1404
-2474
-3089
-3358
-3674
-4088
-4045
-3629
-2584
-2329
-2452
-1451
-326
922
1153
1326
2427
2766
2567
1936
1832
2392
2066
1950
1657
1762
2643
2788
3100
3282
4198
5253
5200
5601
6069
6866
7400
7099
7232
7330
7491
7241
6539
6256
5481
4396
2013
-1977
-3804
-4167
-5455
-6665
-6949
-6806
-7791
-9082
-10986
-10916
-9748
-10453
-8308
-5460
-3145
-67
1111
2909
4459
5091
7481
5680
4405
3511
1893
2757
-365
-575
129
-1378
-2395
-4102
-4118
-3892
-5314
-5937
-5575
-5032
-4309
-4403
-3283
-2117
-1088
88
98
399
912
611
693
254
439
1550
1973
2093
2328
3072
3094
2632
1872
1258
592
-348
-1536
-2617
-3042
-3266
-3349
-3214
-3467
-3236
-2325
-2382
-2260
-1770
-824
413
597
1230
2563
3006
3067
2623
1840
1680
1015
558
658
718
1885
2508
3112
4426
5480
6597
7147
7527
7675
7532
6813
6109
6136
5568
5221
5346
4976
4953
4737
4208
3388
499
-2370
-3611
-4460
-5959
-7485
-7202
-8136
-9403
-10622
-11348
-9466
-9830
-8890
-6291
-4741
-2399
-1767
-404
1648
2238
4731
5254
4683
5112
3435
4720
3146
1736
2710
682
75
-2066
-2831
-2841
-4586
-4997
-5443
-5261
-4726
-5343
-4395
-3147
-2478
-1409
-1526
-1006
-267
-197
243
437
1063
1601
1952
2343
2264
3030
3103
2919
2479
2233
2116
1142
552
-276
-855
-1111
-1793
-2358
-2461
-2542
-2210
-2350
-2122
-1681
-1393
-571
-115
250
1129
1563
1110
791
543
95
-92
254
365
1487
2616
3798
4717
5748
6839
7234
7642
7289
7282
6735
6009
5079
5108
4757
4614
4758
4903
5238
4599
4824
3613
2244
-917
-3778
-4485
-5736
-6674
-7481
-6676
-7465
-8526
-9047
-10242
-9299
-10409
-9632
-7077
-6356
-3972
-2691
-732
1718
2569
5468
6491
5600
6284
4351
5354
3973
1921
2910
411
314
-1388
-2639
-2938
-4631
-4821
-5456
-5687
-5043
-5620
-5040
-3806
-3059
-1597
-1463
-711
-149
-335
-132
-259
246
753
869
1506
1706
2840
3402
3508
3897
3624
3581
2191
974
373
-458
-1002
-1529
-1880
-1939
-2220
-2047
-2369
-2434
-2418
-2590
-1895
-1997
-1563
-728
-593
-282
-262
248
585
694
1645
1957
3390
4296
5092
5590
5642
6536
6469
6796
6754
6669
6750
6259
5476
5630
5188
4989
4834
4202
4346
3653
3460
2609
1390
-769
-3302
-4189
-4847
-5796
-6925
-6774
-7684
-8671
-9447
-10736
-9713
-10269
-9352
-7134
-6067
-3635
-2040
-275
2010
2826
5387
6864
5496
6361
4619
5430
4749
2560
3286
1102
797
-1055
-2513
-2776
-4285
-4659
-4859
-5315
-4507
-4565
-4111
-2991
-2897
-2023
-2316
-2038
-1817
-2058
-1585
-1243
-727
58
706
1980
2826
3831
4349
4347
4792
4282
4014
2968
2040
1554
828
225
-467
-873
-1567
-2451
-2834
-3708
-4073
-4456
-4856
-3958
-3470
-2790
-1693
-893
-364
245
926
1586
1998
2882
3213
3880
4467
4703
5349
5524
6577
6800
7250
6989
6656
6642
5790
5436
4842
4524
3931
3709
3291
3117
3032
2395
2401
1261
-1184
-3718
-5248
-5414
-6640
-7597
-6886
-7548
-7923
-8843
-9937
-8692
-9246
-8276
-6127
-5131
-2772
-1578
-35
1997
2701
5532
6584
5308
6115
4131
4941
3949
1812
2629
260
237
-1111
-2006
-1768
-2951
-2951
-3182
-3863
-3258
-3914
-4275
-3812
-3948
-3217
-3604
-2922
-2362
-1978
-1202
-701
229
749
1239
2444
2811
3726
4377
4448
4841
4411
4556
3431
2492
1947
995
189
-782
-1495
-2279
-3423
-3857
-4495
-4942
-4755
-4735
-3570
-3004
-2357
-1292
-685
-227
346
837
1338
1758
2390
3109
3714
4408
4837
5325
5746
6561
6583
6907
6701
6219
6260
5494
5170
4606
4162
3619
3447
3364
2957
2845
2336
1902
914
-1277
-3812
-4868
-4806
-5894
-6300
-6161
-6628
-7024
-8187
-8667
-8270
-8385
-7612
-5870
-4873
-3276
-1853
-110
1478
2307
4634
5356
4355
4334
3441
3988
3819
2639
3214
2091
2231
1141
13
-169
-1473
-2128
-3424
-4497
-4473
-5040
-5541
-4984
-4615
-3670
-3668
-3114
-2597
-2314
-1274
-819
-153
556
1425
2516
3145
3907
4672
4824
5008
4555
4256
3113
1816
1137
229
-466
-1299
-1431
-1817
-2888
-3234
-3700
-4259
-4397
-4607
-3975
-3365
-2750
-2139
-1672
-896
-378
41
753
735
1587
2675
2653
4120
4593
5371
5875
6307
7134
6811
7288
6683
5810
5736
4712
3934
3956
3133
3059
2635
2534
2249
1789
2141
1422
725
-1288
-3493
-3752
-3868
-5004
-5131
-4892
-5580
-6067
-7188
-8196
-7896
-8118
-7098
-6121
-4852
-3420
-2335
-823
167
1776
4044
5044
3997
5074
4129
5290
4891
3828
4332
2628
2681
618
-418
-1098
-2140
-3251
-3978
-4946
-4317
-4708
-5020
-4315
-4408
-3320
-3222
-2518
-2337
-1814
-1066
-243
116
970
1730
2549
3177
3507
3724
3582
3830
3403
2965
1987
1580
991
273
-755
-1027
-1201
-1819
-2666
-3227
-3444
-4074
-4083
-4488
-3850
-3042
-2595
-2175
-1667
-1181
-543
-235
142
928
1608
2521
3310
4327
4898
5616
6024
6381
6366
6218
6140
5802
5025
4540
4441
3786
3713
3142
2951
3024
2902
2697
2538
2672
2537
1502
-350
-2156
-3015
-3241
-4698
-5326
-5434
-6330
-7021
-8167
-9031
-8736
-8636
-7558
-6521
-5120
-3120
-1859
-89
1466
2856
4857
5757
5061
5504
4714
5240
4690
3539
3401
1981
1918
713
-655
-1168
-1750
-2637
-3350
-4385
-3889
-4330
-4479
-3971
-3956
-3197
-3120
-2339
-2061
-2040
-1464
-616
-551
76
756
1738
2287
2689
3208
3029
3381
3356
2933
1987
1478
1061
552
-423
-921
-869
-1341
-2006
-2113
-2606
-3340
-3415
-3974
-3757
-3596
-3021
-2005
-1773
-1552
-714
-185
-14
751
1143
2034
2775
3677
4108
4431
5473
5712
5958
5873
5779
5537
5319
4504
4624
4719
4287
4472
4049
4096
3737
4012
3524
2767
2695
1694
103
-2134
-3958
-4762
-5283
-6294
-6556
-6745
-7466
-7539
-8236
-8124
-7541
-6815
-5383
-4411
-3035
-1625
44
1452
2348
3126
4874
4733
4379
4035
3708
4388
3605
3447
2437
2031
1718
638
-519
-1266
-2072
-2682
-3732
-4340
-4108
-4628
-4303
-4154
-3944
-3655
-3113
-2375
-2202
-2268
-1277
-462
64
495
1180
2036
2524
2806
2666
2462
2361
2494
1911
1118
648
743
223
-282
-609
-458
-632
-1305
-1408
-2084
-2680
-2983
-3255
-3536
-3339
-2537
-2000
-2058
-1487
-1134
-851
-29
347
784
1836
2576
3517
4234
4512
5058
5499
5993
5630
6135
6463
5898
6122
5927
5245
5140
4625
3926
3515
3193
3232
2617
2245
1626
646
-569
-2568
-4121
-4782
-5295
-5899
-5860
-6107
-6478
-6446
-6791
-6782
-6336
-5714
-4706
-3772
-3075
-1724
-234
1192
2180
2886
4468
4617
4479
4217
3884
4228
3654
3168
2517
1599
1236
571
-687
-1379
-2520
-3189
-3876
-4547
-4387
-4628
-4217
-3818
-3605
-3184
-2647
-2139
-1916
-2035
-1669
-979
-764
-503
-145
265
877
1349
1909
1989
2002
2441
2225
2019
1542
1154
1046
589
257
91
-270
-694
-1141
-1829
-2846
-3363
-3556
-3987
-3926
-3551
-2892
-2638
-2127
-1454
-1051
-191
774
1607
2418
3340
4348
5171
5572
6147
6200
6576
6622
6188
6188
5444
5137
4896
4362
4167
3876
3612
3708
3567
3399
2992
2259
1652
741
-829
-2941
-4619
-5092
-5428
-5993
-5756
-5510
-5510
-5410
-5694
-6000
-5242
-4757
-3915
-3107
-2456
-1104
-111
1198
1705
2120
3199
3566
3436
2988
2601
3053
2926
2570
2096
1438
1148
414
-633
-1375
-2328
-2974
-3280
-3800
-3434
-3572
-3236
-2995
-3316
-3224
-3373
-3312
-3420
-3736
-3544
-3024
-2353
-1437
-797
257
1268
2106
2588
2819
3020
2952
2846
2504
2236
1690
1274
1036
527
125
-182
-671
-1442
-2206
-2919
-3874
-4283
-4078
-3625
-2970
-2255
-1633
-1188
-570
15
344
674
1612
2349
3054
3624
4091
4517
4927
5110
4966
5500
5408
5461
5319
5344
5361
5539
5612
5036
4821
4300
3996
2927
1891
1219
664
-70
-510
-1374
-2967
-4114
-4359
-4096
-4354
-4131
-3632
-3972
-4031
-4002
-4556
-4510
-4448
-3592
-3280
-3026
-2278
-1244
-586
384
920
1627
2337
2585
3194
2327
2941
2888
3270
2570
1909
1704
912
-8
-941
-1580
-2801
-2799
-3500
-3723
-4518
-4528
-4262
-4469
-4781
-4581
-4395
-4112
-3492
-3074
-2262
-1618
-221
517
1016
1571
2414
2484
2553
2448
2481
2186
1718
1859
1314
818
703
757
142
-25
-139
-743
-1451
-1659
-2574
-3187
-3166
-2756
-2094
-1754
-1281
-1004
-551
-129
244
44
964
1499
2398
2888
3196
3978
4503
5412
5355
5914
5849
6284
6074
5814
5309
4842
4823
4169
3847
3098
2870
2173
1800
1462
1166
975
830
563
-448
-2345
-3110
-2997
-3373
-3860
-4140
-4490
-5119
-4976
-5509
-5709
-6161
-4992
-3913
-3268
-2798
-2016
-628
147
1492
1767
2836
3024
3996
3557
3120
3027
2720
2527
1392
945
-467
-1245
-2236
-2275
-3175
-3745
-3792
-3612
-3790
-4185
-3968
-4029
-4148
-4163
-3664
-3755
-3319
-2806
-1827
-1493
-672
168
746
1155
1721
1953
1797
2080
2282
2412
1931
2197
1971
1850
1724
1794
1201
610
43
-742
-1424
-2471
-2700
-2955
-2616
-2113
-1584
-1209
-1052
-964
-586
-566
-242
234
803
1319
1923
2675
2937
3730
4068
4940
4920
5460
5441
5356
5442
5209
5501
4740
5018
4375
4277
3814
3423
3153
2742
2632
2191
2020
1210
838
-295
-2045
-4103
-4965
-4775
-4863
-4711
-4118
-4372
-4093
-3898
-4248
-4687
-5096
-4227
-3580
-2834
-2220
-1029
-661
466
1417
2285
2488
2259
2638
1722
1497
973
787
-180
-237
-169
-272
-631
-795
-870
-1864
-2190
-2636
-3087
-4004
-4232
-4260
-4235
-4253
-3698
-3632
-3367
-2726
-2111
-1676
-1463
-716
-392
-82
423
1181
1285
1550
1978
2461
2405
2295
2273
2017
1562
1388
1450
1054
604
611
635
69
383
458
249
82
18
-313
-699
-1046
-1423
-1718
-1618
-1173
-898
-384
54
789
1203
1877
2233
2500
2522
2787
3205
3386
3906
4227
4827
4866
5111
4888
4583
4147
3693
3396
2798
2587
2341
2273
2150
2219
1954
1763
1205
99
-820
-967
-863
-1363
-991
-1400
-2356
-2544
-2940
-3200
-3777
-4091
-4039
-3923
-4108
-3673
-3555
-4030
-3043
-2918
-2046
-2197
-2147
-1751
-2357
-1580
-1228
-781
-911
-537
-577
-488
-701
-420
-445
-1289
-956
-1176
-1286
-1724
-1695
-1554
-1759
-1569
-933
-1144
-1096
-1025
-899
-776
-632
-137
-361
-580
-211
313
419
978
1134
1460
1133
1261
1646
1213
1004
1020
819
340
426
220
87
-43
305
236
-66
178
-303
-275
-113
158
716
852
1128
1464
1963
1810
2277
2553
2575
2689
2748
2844
2415
3019
2696
2831
2936
2850
2884
2520
2678
2690
2848
2885
3120
3107
3303
3122
3010
2912
2251
1564
251
-800
-422
-512
-827
-351
-1300
-2068
-2488
-3131
-3664
-4337
-4433
-4187
-4195
-4474
-3683
-3933
-3721
-3282
-3110
-2472
-3004
-2468
-2859
-2532
-1887
-1004
-816
-967
-445
-635
-423
-911
-309
-922
-1185
-1160
-1105
-961
-1261
-866
-1202
-1367
-1085
-864
-1215
-1338
-1193
-1221
-1328
-845
-211
4
-94
645
653
410
845
1036
839
547
910
756
635
602
760
469
482
711
311
586
699
659
861
792
1249
1479
1474
1466
1611
1927
1734
2016
1988
1807
1701
1906
1873
1776
1915
1750
2075
1903
2216
2467
2299
2439
2520
2853
2819
3143
3337
3270
3212
3277
3248
2798
2740
2720
2478
2134
1685
576
-443
-628
-393
-571
-371
-539
-1616
-2264
-2895
-3256
-3830
-4155
-4434
-4352
-4572
-4540
-3992
-4430
-4034
-3723
-3399
-3401
-3249
-2965
-3026
-2533
-1816
-1047
-1190
-835
-883
-1047
-844
-692
-660
-1252
-1360
-1173
-1115
-1270
-1095
-1085
-1310
-1401
-1191
-1049
-1100
-989
-905
-891
-471
171
345
338
500
610
448
484
514
537
450
510
623
715
887
918
897
913
1187
1287
1407
1434
1374
1742
1843
2012
2248
2089
2081
1928
1915
1591
1425
1261
1034
984
936
1325
1277
1455
1415
1625
1614
1773
2139
1939
2186
2251
2532
2485
2718
2905
2909
2968
2932
3066
2828
2781
2647
2509
2420
2443
1937
719
-43
-173
-234
-167
-80
-1022
-2120
-2770
-3378
-3982
-4474
-4720
-4706
-4650
-4628
-4002
-3858
-3935
-3863
-3781
-3679
-3359
-3163
-3430
-2954
-2461
-1541
-1203
-1020
-686
-1008
-1195
-1277
-1126
-1402
-1503
-1511
-1368
-1096
-805
-504
-681
-685
-479
-464
-509
-449
-380
-334
-165
184
429
501
485
464
339
305
405
312
246
312
572
767
929
1165
1258
1419
1442
1612
1620
1527
1714
1625
1506
1617
1830
1732
1720
1614
1355
1476
1201
1030
1070
947
1013
1081
1254
1299
1484
1630
1735
2103
2340
2338
2237
2312
2203
2267
2438
2471
2545
2505
2703
2940
2980
2869
2722
2586
2259
2058
1754
902
-205
-1015
-1262
-1312
-941
-930
-1585
-2304
-2941
-3380
-3851
-4162
-4573
-4653
-4695
-4535
-4203
-4042
-3734
-3616
-3245
-3165
-2799
-2667
-2790
-2676
-2510
-1834
-1598
-1273
-1243
-1433
-1488
-1356
-1182
-1229
-1125
-1197
-1047
-846
-639
-479
-479
-465
-388
-266
-103
-14
5
40
19
222
444
474
510
485
335
437
573
616
698
765
957
1217
1461
1630
1744
1727
1823
1999
2003
2014
1922
1758
1754
1796
1859
1882
1716
1502
1279
1158
1070
1118
1142
1102
1103
1267
1483
1475
1670
1657
1713
1810
1874
1888
1923
2120
2110
2300
2476
2784
2787
2690
2669
2463
2398
2117
1919
1619
1418
1288
1009
564
-114
-509
-1037
-1309
-1108
-1273
-1712
-2289
-3027
-3573
-3782
-3939
-4087
-4106
-4155
-3846
-3656
-3630
-3344
-3505
-3601
-3599
-3597
-3494
-3313
-3292
-3120
-2594
-2271
-1771
-1704
-1794
-1704
-1673
-1488
-1347
-1175
-892
-636
-392
-19
270
451
475
394
406
394
355
292
286
299
339
391
383
419
316
249
197
370
593
733
949
1072
1358
1564
1794
1822
1705
1663
1522
1422
1265
1239
1209
1335
1501
1584
1715
1714
1612
1444
1439
1436
1435
1434
1339
1268
1361
1374
1360
1428
1517
1665
1653
1659
1664
1636
1447
1529
1620
1684
2013
1935
1945
1888
1721
1671
1657
1516
1324
1250
828
612
218
-136
-354
-525
-647
-774
-894
-1155
-1039
-1329
-1270
-1457
-1912
-2276
-2720
-2964
-3348
-3384
-3593
-3571
-3599
-3686
-3552
-3683
-3567
-3577
-3525
-3403
-3418
-3086
-2914
-2416
-2002
-1532
-1131
-989
-735
-728
-293
-19
230
348
390
445
352
420
380
398
372
228
187
139
93
75
173
334
454
652
712
803
924
1007
1036
984
937
938
847
809
863
998
1162
1364
1508
1645
1860
1934
2019
1996
2080
1964
1903
1754
1655
1621
1538
1605
1434
1442
1252
1143
935
834
891
942
1215
1267
1446
1502
1547
1563
1523
1644
1605
1411
1142
895
843
817
881
804
633
580
390
378
164
53
-157
-326
-110
-337
-606
-1324
-1777
-2115
-2254
-2039
-2539
-2744
-3377
-3635
-3838
-3783
-3431
-3574
-3065
-3186
-2669
-2539
-2500
-2379
-2596
-2121
-2011
-1357
-1327
-1171
-1075
-1053
-527
-374
-10
-215
-362
-390
-359
-93
-40
113
2
31
180
178
381
245
164
87
37
113
49
26
-65
-10
140
290
515
565
629
674
799
1104
1092
1253
1310
1540
1722
1935
2090
1920
2020
1886
1953
1970
1971
1854
1618
1543
1349
1342
1304
1243
1208
1055
1060
1069
1181
1203
1203
1254
1171
1178
1011
1039
974
881
789
674
669
679
780
797
1026
1111
1148
1114
1104
1144
1099
1078
859
569
197
-113
-397
-618
-783
-1175
-1453
-1689
-2007
-2217
-2457
-2679
-2929
-2953
-3031
-3005
-2945
-2968
-2965
-2997
-2978
-2946
-2880
-2938
-2881
-2913
-2736
-2592
-2313
-2123
-1873
-1568
-1323
-975
-829
-427
-249
60
228
309
412
380
424
361
368
350
300
222
81
82
42
73
152
215
329
410
588
660
864
992
1054
1105
1141
1162
1284
1379
1386
1371
1447
1534
1598
1752
1674
1739
1632
1596
1496
1552
1579
1515
1529
1377
1457
1274
1183
1068
968
1000
914
870
760
740
701
693
832
911
1097
1103
1094
1144
1094
1191
1161
1116
1074
1026
1016
947
954
856
722
612
341
154
-217
-414
-575
-747
-723
-862
-957
-1297
-1528
-1686
-1780
-1684
-1819
-1896
-2129
-2331
-2500
-2708
-2653
-2802
-2847
-2931
-2983
-2941
-2988
-2844
-2753
-2493
-2161
-1850
-1512
-1285
-938
-749
-523
-260
-180
-14
-53
9
-1
70
151
31
34
-43
53
64
80
100
38
146
171
309
429
494
590
582
655
645
751
762
781
866
870
1075
1168
1230
1309
1469
1646
1717
1774
1708
1685
1673
1625
1633
1626
1629
1458
1235
1091
965
901
790
738
762
811
903
952
1005
1034
1047
1027
946
1049
1026
955
899
821
812
771
821
749
738
682
531
450
332
230
54
-50
-149
-268
-302
-372
-383
-419
-509
-625
-840
-1095
-1376
-1505
-1583
-1653
-1709
-1934
-2196
-2498
-2754
-2920
-3014
-3040
-3159
-3123
-3032
-2873
-2621
-2418
-2128
-1933
-1584
-1366
-1146
-895
-773
-558
-489
-267
-187
-89
-124
-198
-132
-137
-14
-46
-25
17
106
237
323
487
573
631
660
617
629
573
564
518
550
685
793
934
978
1105
1223
1362
1449
1511
1574
1637
1693
1709
1672
1667
1575
1434
1336
1228
1214
1161
1167
1076
1112
1147
1153
1169
1188
1324
1358
1422
1380
1371
1378
1305
1224
1087
1043
912
758
672
588
569
429
345
224
165
145
70
43
4
31
-14
-6
-35
-105
-193
-306
-404
-436
-490
-549
-737
-953
-1172
-1393
-1564
-1804
-1936
-2139
-2229
-2408
-2474
-2483
-2510
-2462
-2493
-2411
-2320
-2155
-2059
-1943
-1790
-1708
-1610
-1599
-1569
-1484
-1400
-1289
-1270
-1119
-1001
-803
-659
-492
-308
-186
-54
-31
105
209
375
427
434
416
431
399
430
465
556
643
704
733
761
953
1061
1226
1271
1372
1354
1351
1281
1206
1209
1167
1097
991
921
858
844
826
897
982
1160
1252
1363
1416
1505
1609
1658
1693
1674
1670
1588
1513
1398
1280
1143
954
755
579
505
441
379
385
375
414
353
364
272
257
201
126
93
-4
13
-69
-21
-132
-169
-333
-495
-651
-796
-861
-982
-1066
-1216
-1197
-1192
-1135
-1155
-1201
-1318
-1446
-1531
-1625
-1649
-1737
-1823
-1893
-1894
-1842
-1847
-1874
-1999
-2015
-2013
-1882
-1720
-1553
-1357
-1270
-1103
-1062
-897
-881
-801
-799
-718
-631
-572
-444
-407
-199
-102
123
185
316
376
494
648
792
972
1004
1106
1121
1181
1200
1218
1193
1094
990
900
815
741
672
671
713
788
841
894
950
1018
1091
1212
1339
1438
1505
1554
1623
1642
1679
1586
1515
1374
1298
1208
1144
1092
1019
1012
924
931
853
809
655
540
400
297
237
127
114
51
50
-36
-84
-186
-287
-375
-465
-506
-539
-549
-559
-522
-483
-413
-358
-314
-338
-318
-331
-348
-428
-577
-677
-805
-900
-1035
-1152
-1249
-1336
-1361
-1379
-1308
-1253
-1271
-1346
-1461
-1442
-1424
-1337
-1301
-1273
-1262
-1307
-1350
-1402
-1343
-1273
-1190
-1142
-1046
-875
-688
-491
-277
-67
123
189
265
294
394
493
587
679
712
786
738
744
648
628
552
485
409
345
393
407
477
499
568
623
636
651
652
719
798
842
908
943
1020
1006
1024
1035
1068
1093
1068
1040
1006
1026
1001
965
881
816
725
656
542
503
440
373
248
143
100
35
-18
-171
-227
-341
-388
-459
-469
-468
-479
-463
-495
-432
-401
-297
-256
-193
-174
-172
-164
-247
-266
-310
-249
-235
-230
-237
-270
-278
-368
-393
-446
-446
-516
-598
-651
-680
-681
-721
-741
-790
-793
-860
-926
-1024
-1063
-1034
-996
-915
-846
-733
-677
-644
-604
-508
-389
-331
-266
-202
-84
40
177
309
420
464
460
426
382
373
371
383
329
273
204
186
172
188
231
255
241
174
159
203
307
415
491
531
560
570
599
652
719
759
764
753
729
711
711
692
694
690
703
682
624
562
498
500
468
442
390
330
251
157
92
30
-63
-124
-220
-283
-354
-423
-427
-457
-418
-433
-376
-406
-422
-374
-272
-76
45
158
143
123
32
-62
-69
-44
29
43
63
13
-43
-126
-226
-272
-332
-328
-363
-363
-418
-428
-437
-464
-475
-545
-580
-688
-751
-834
-792
-721
-603
-481
-392
-329
-284
-232
-166
-66
17
163
201
271
247
281
221
139
86
-4
-3
-125
-157
-215
-176
-154
-151
-102
-145
-119
-183
-163
-110
-22
103
171
258
229
246
213
223
244
303
386
435
470
467
542
571
606
601
615
605
567
505
518
566
604
560
437
300
186
128
26
-15
-101
-124
-201
-261
-339
-458
-510
-576
-475
-362
-214
-120
-99
-1
54
157
151
172
207
238
319
273
249
149
174
181
225
233
200
200
158
172
139
147
77
17
-59
-116
-211
-340
-433
-464
-438
-404
-381
-358
-288
-207
-105
-33
58
127
231
298
315
302
233
200
135
106
68
62
64
-8
-53
-177
-255
-370
-368
-321
-274
-241
-286
-245
-278
-231
-280
-308
-408
-494
-543
-613
-632
-691
-637
-593
-474
-382
-254
-133
-27
70
125
174
157
145
123
150
171
167
125
65
33
14
-15
-44
-39
-29
-16
-26
-32
-45
-92
-170
-234
-236
-272
-274
-295
-261
-201
-141
-39
37
129
113
156
175
232
260
316
402
433
447
424
528
570
629
661
732
726
661
588
500
439
300
215
181
166
136
109
142
195
227
228
218
252
264
325
398
443
425
376
375
370
363
357
364
358
264
177
112
38
24
39
157
191
198
133
104
87
48
42
-60
-167
-340
-452
-605
-716
-799
-863
-929
-1025
-1052
-1040
-952
-862
-716
-562
-427
-317
-260
-163
-108
-100
-133
-171
-207
-304
-375
-423
-399
-393
-353
-294
-259
-243
-209
-164
-167
-191
-227
-206
-235
-275
-331
-328
-329
-318
-307
-252
-212
-233
-225
-164
-39
16
103
168
267
292
325
386
464
570
613
659
648
597
541
531
550
514
503
498
481
461
392
425
430
434
399
383
359
294
308
358
479
529
490
447
418
404
399
402
450
440
445
400
370
319
253
245
223
197
138
106
76
42
27
12
7
-42
-140
-173
-224
-312
-417
-485
-534
-601
-706
-782
-802
-761
-741
-662
-575
-566
-550
-575
-536
-559
-545
-532
-504
-521
-590
-576
-543
-523
-471
-373
-328
-350
-408
-371
-284
-182
-147
-90
-40
-69
-112
-150
-125
-150
-189
-225
-209
-250
-307
-243
-135
-44
-9
52
70
52
64
160
276
307
335
384
429
411
376
427
489
532
511
531
574
564
582
616
676
658
612
604
594
563
515
509
528
493
464
457
456
410
353
403
451
455
410
435
479
450
393
355
379
354
316
308
321
284
222
217
243
216
122
38
-9
-67
-151
-193
-225
-277
-349
-420
-468
-565
-682
-733
-714
-691
-760
-788
-769
-770
-806
-826
-737
-701
-710
-731
-675
-617
-644
-624
-546
-452
-416
-397
-346
-316
-302
-292
-230
-174
-211
-248
-264
-241
-280
-301
-229
-156
-169
-254
-244
-216
-215
-208
-120
-17
3
-2
57
165
181
178
219
296
321
291
319
383
433
423
463
530
527
482
496
572
601
545
502
498
465
420
440
537
542
505
482
522
540
478
439
468
518
471
435
469
495
460
434
451
448
340
264
289
331
333
338
400
423
391
313
269
260
203
125
95
54
-15
-123
-163
-205
-302
-399
-470
-455
-520
-590
-625
-638
-668
-759
-756
-765
-782
-830
-832
-736
-714
-685
-696
-655
-641
-658
-632
-603
-553
-525
-467
-390
-346
-340
-320
-264
-234
-246
-252
-239
-219
-244
-239
-211
-199
-242
-278
-311
-325
-311
-291
-217
-153
-81
-56
29
91
139
196
238
294
291
291
288
325
349
380
440
461
460
436
434
455
481
508
552
626
620
584
551
527
500
449
442
429
406
346
320
315
265
246
253
274
257
249
317
402
486
534
622
676
640
572
530
519
484
420
386
375
295
182
85
34
-64
-152
-192
-216
-297
-396
-408
-411
-450
-563
-598
-613
-683
-743
-746
-675
-670
-689
-673
-638
-627
-676
-614
-530
-483
-471
-425
-342
-337
-324
-297
-218
-219
-225
-201
-179
-199
-243
-231
-231
-252
-325
-317
-286
-282
-301
-279
-199
-168
-144
-99
-23
26
32
82
115
141
127
124
139
114
145
163
236
263
285
324
343
374
364
420
474
503
479
458
447
389
326
259
233
196
149
121
94
98
101
138
165
193
215
232
287
342
416
441
478
496
461
431
396
389
352
341
350
351
323
273
273
236
177
109
76
40
-10
-67
-132
-174
-236
-288
-350
-358
-385
-423
-446
-459
-471
-502
-476
-426
-417
-428
-424
-433
-472
-499
-462
-428
-415
-415
-383
-349
-327
-303
-250
-191
-167
-171
-201
-210
-214
-228
-229
-202
-208
-220
-248
-258
-262
-237
-194
-147
-105
-87
-48
-36
-41
-22
18
48
63
111
147
181
209
245
290
308
384
413
409
389
415
432
394
359
323
293
222
147
105
112
128
145
163
208
220
212
207
249
269
262
262
275
259
213
208
222
205
173
218
242
255
259
329
401
403
383
366
355
292
224
177
146
90
23
-40
-72
-119
-172
-189
-180
-160
-178
-162
-139
-125
-129
-142
-157
-230
-293
-336
-377
-466
-530
-541
-542
-543
-541
-484
-423
-371
-332
-283
-231
-201
-199
-215
-228
-240
-281
-312
-338
-341
-367
-385
-382
-389
-356
-316
-251
-230
-166
-98
-60
-51
-35
31
62
88
93
140
178
209
229
243
295
314
317
307
319
314
291
285
258
237
203
201
196
176
205
248
294
278
303
345
348
293
245
266
246
200
152
158
160
148
133
135
161
181
199
237
281
303
303
327
328
294
256
243
218
135
101
89
82
14
-2
26
32
2
-13
38
64
60
23
20
2
-50
-123
-183
-240
-307
-359
-382
-396
-409
-400
-347
-316
-314
-297
-237
-192
-196
-185
-164
-181
-265
-324
-337
-370
-431
-471
-473
-482
-505
-504
-484
-430
-385
-327
-284
-239
-211
-190
-168
-149
-134
-128
-81
-62
-38
-24
47
100
116
139
174
199
175
183
191
203
190
183
194
199
195
200
207
237
256
275
284
289
275
247
243
227
220
214
242
245
230
196
206
203
192
197
218
248
231
238
237
239
222
206
212
199
190
167
172
173
154
154
142
147
123
130
151
163
138
111
120
91
31
-13
-23
-47
-92
-132
-122
-129
-147
-156
-134
-129
-142
-140
-103
-79
-91
-99
-107
-127
-189
-234
-271
-305
-379
-415
-416
-435
-491
-506
-462
-450
-456
-445
-381
-355
-349
-334
-293
-283
-305
-285
-241
-216
-218
-185
-137
-121
-139
-116
-59
-29
-33
-6
37
47
34
51
110
123
113
124
161
166
149
166
211
224
196
205
230
226
201
238
285
283
253
253
271
241
205
206
242
240
225
242
280
268
241
254
275
258
230
256
280
267
234
234
249
206
165
177
196
166
142
167
196
162
117
126
127
84
32
39
52
26
-5
2
0
-37
-68
-55
-32
-54
-73
-50
-45
-82
-125
-134
-145
-204
-262
-275
-288
-331
-362
-350
-349
-398
-437
-441
-423
-433
-437
-410
-377
-379
-392
-370
-341
-341
-344
-314
-291
-307
-322
-288
-268
-251
-244
-196
-143
-124
-98
-54
-5
-1
-5
19
56
40
42
66
94
89
83
105
131
150
150
193
212
222
220
238
250
237
220
211
234
231
240
272
316
320
315
336
357
347
345
374
404
399
384
389
385
358
322
310
295
266
241
234
230
200
179
182
165
129
111
117
121
94
77
83
79
57
33
39
43
22
4
18
26
-1
-16
-9
-12
-57
-88
-92
-117
-168
-200
-226
-265
-330
-363
-371
-402
-431
-451
-427
-437
-455
-449
-418
-419
-447
-449
-439
-443
-466
-453
-421
-404
-416
-383
-330
-297
-280
-231
-183
-170
-173
-151
-111
-113
-110
-87
-49
-47
-61
-47
-9
-12
-26
-5
27
17
6
32
52
47
40
71
103
107
121
166
213
236
257
313
358
363
376
413
442
448
451
501
524
518
497
502
493
451
422
417
408
376
350
331
315
266
244
237
223
191
169
158
145
129
116
119
118
89
69
76
70
62
63
88
85
69
61
59
29
-7
-31
-60
-97
-143
-172
-187
-210
-237
-246
-259
-280
-305
-317
-327
-348
-382
-411
-445
-478
-510
-521
-515
-513
-501
-484
-451
-427
-401
-369
-336
-313
-295
-259
-223
-196
-173
-142
-120
-105
-89
-70
-62
-55
-52
-49
-60
-58
-64
-63
-61
-67
-63
-76
-64
-58
-38
-29
-7
12
23
48
71
104
133
184
209
245
275
317
354
392
432
464
488
497
515
502
507
507
493
472
459
433
417
383
355
332
289
261
218
200
174
158
146
142
132
112
110
104
105
94
100
97
94
81
78
73
41
13
-8
-27
-55
-58
-56
-54
-69
-79
-98
-114
-147
-187
-211
-267
-328
-383
-427
-479
-514
-553
-575
-597
-620
-629
-616
-600
-575
-539
-511
-478
-461
-417
-376
-328
-288
-250
-210
-184
-155
-130
-98
-84
-73
-65
-62
-60
-54
-34
-22
-24
-23
-15
-16
-12
0
16
18
23
35
40
55
62
79
98
123
146
177
224
262
316
358
404
445
480
519
557
585
602
605
601
593
577
556
540
519
475
438
403
368
336
315
291
273
244
224
213
200
191
177
166
143
117
95
85
68
56
44
37
22
10
9
12
11
0
-13
-32
-49
-85
-104
-136
-186
-231
-286
-326
-375
-410
-442
-468
-512
-550
-570
-591
-610
-613
-611
-623
-623
-626
-609
-596
-579
-549
-522
-496
-470
-427
-387
-334
-297
-261
-224
-204
-172
-146
-114
-93
-81
-69
-55
-44
-25
-7
10
15
20
33
47
66
78
104
121
124
129
149
174
194
229
272
294
320
353
395
432
472
500
518
537
544
554
561
571
566
561
556
540
516
511
505
502
475
453
435
407
376
351
334
291
257
216
189
150
126
103
91
54
34
25
16
12
0
3
-7
-27
-54
-64
-87
-119
-148
-171
-211
-244
-277
-288
-298
-325
-344
-361
-373
-397
-407
-415
-432
-463
-494
-517
-534
-557
-570
-568
-584
-593
-595
-576
-553
-528
-491
-449
-417
-393
-349
-309
-275
-256
-219
-191
-180
-161
-133
-96
-76
-62
-34
-10
-4
20
46
72
88
98
114
128
132
140
163
176
180
184
202
210
228
241
278
296
301
321
349
372
382
407
433
452
443
456
475
477
466
467
462
436
420
417
415
386
359
347
337
295
270
263
249
225
192
191
161
126
100
83
76
38
28
9
-1
-29
-43
-48
-63
-82
-103
-102
-113
-127
-144
-143
-167
-188
-208
-203
-228
-251
-271
-289
-320
-357
-373
-385
-405
-443
-453
-470
-485
-506
-488
-478
-481
-489
-470
-451
-446
-426
-388
-350
-351
-327
-291
-258
-244
-214
-180
-154
-140
-125
-87
-66
-47
-27
11
32
38
60
89
106
108
124
139
131
121
133
154
158
151
176
206
218
234
271
320
338
357
395
427
433
442
476
475
456
449
456
449
429
427
430
421
401
386
401
392
364
364
355
327
284
266
243
197
147
111
79
25
-20
-34
-44
-69
-91
-83
-87
-98
-99
-87
-82
-107
-123
-130
-131
-168
-181
-196
-212
-253
-278
-284
-292
-316
-334
-322
-345
-365
-377
-372
-395
-409
-426
-426
-448
-461
-461
-457
-458
-471
-450
-435
-414
-404
-355
-319
-295
-270
-221
-187
-166
-139
-97
-66
-60
-32
-13
13
17
38
61
64
60
77
94
99
106
116
136
132
135
158
180
195
209
233
250
268
278
303
328
341
344
355
368
365
375
384
404
398
408
412
424
420
424
429
424
408
380
369
340
315
273
254
212
173
133
106
71
41
24
4
-6
-29
-30
-36
-41
-55
-65
-75
-88
-108
-114
-133
-152
-168
-179
-197
-211
-203
-214
-212
-226
-223
-232
-230
-232
-240
-249
-268
-282
-310
-335
-351
-364
-382
-395
-412
-411
-411
-410
-394
-371
-342
-329
-302
-264
-242
-212
-196
-162
-146
-132
-120
-88
-70
-67
-45
-31
-16
-8
20
48
66
64
83
100
111
106
125
137
138
121
130
145
131
139
156
171
161
179
196
224
226
248
270
282
278
285
310
323
320
318
343
332
322
314
329
322
291
282
280
259
224
208
199
174
141
122
110
86
60
56
54
31
0
-16
-17
-42
-66
-70
-79
-98
-117
-111
-108
-114
-128
-124
-114
-124
-126
-113
-105
-119
-129
-127
-129
-158
-170
-179
-189
-221
-237
-243
-257
-273
-279
-268
-274
-276
-276
-253
-242
-247
-233
-218
-214
-206
-196
-175
-163
-162
-149
-124
-111
-96
-72
-40
-21
-4
27
49
65
73
93
95
105
93
91
89
80
76
77
75
68
78
88
108
107
127
136
158
164
180
196
208
221
218
227
212
218
207
217
213
215
206
205
200
203
207
197
200
191
190
176
171
153
146
124
104
84
60
45
28
13
-4
-14
-30
-38
-45
-43
-61
-66
-75
-82
-86
-103
-96
-114
-118
-126
-135
-139
-144
-149
-158
-148
-160
-155
-156
-154
-152
-148
-144
-145
-152
-155
-151
-162
-162
-171
-170
-178
-178
-181
-174
-173
-166
-157
-155
-136
-128
-111
-91
-77
-69
-47
-39
-21
-6
5
13
22
25
25
38
37
47
47
62
62
63
70
83
92
96
107
111
120
120
125
132
133
126
134
136
136
135
137
143
137
136
140
145
143
146
149
148
151
140
142
136
124
105
101
92
77
55
56
56
34
32
23
26
18
21
26
25
16
17
12
3
-8
-19
-28
-49
-57
-75
-75
-88
-97
-99
-92
-99
-98
-95
-94
-84
-85
-76
-73
-78
-82
-82
-87
-93
-100
-104
-101
-114
-114
-104
-101
-100
-91
-79
-72
-75
-70
-60
-59
-52
-54
-52
-51
-51
-53
-40
-48
-54
-47
-48
-36
-41
-30
-24
-16
-14
0
10
16
17
18
25
18
20
20
24
11
9
7
16
15
14
19
20
25
27
35
41
40
48
52
56
51
53
44
40
44
36
42
35
36
31
44
37
39
39
44
45
44
53
58
60
49
60
54
50
35
32
23
14
4
1
-5
-13
-4
-9
-6
-7
4
6
16
18
21
25
24
25
20
15
3
4
-5
-8
-15
-16
-22
-19
-16
-13
-9
-5
-4
-9
1
0
-7
-4
-6
-9
-12
-11
-9
-19
-28
-33
-38
-45
-48
-47
-44
-43
-35
-30
-26
-21
-13
-15
-7
-12
-19
-27
-35
-44
-50
-44
-56
-51
-54
-42
-45
-36
-33
-23
-19
-14
-6
5
8
10
11
9
5
-9
-1
-17
-10
-22
-14
-13
-13
-16
-6
0
-2
16
16
27
25
35
29
37
35
38
36
27
26
22
29
28
26
23
31
26
26
29
35
35
41
46
44
48
37
35
28
25
26
10
11
3
5
4
12
9
13
22
21
28
26
35
32
40
29
28
23
28
19
20
20
10
7
-9
-7
-11
-4
-15
-7
-16
-10
-9
-7
-6
-9
-8
-8
-3
-14
-6
-26
-26
-38
-42
-42
-43
-44
-44
-38
-41
-33
-29
-19
-19
-10
-12
-12
-12
-16
-18
-21
-22
-23
-25
-28
-29
-30
-21
-25
-13
-6
-6
3
9
15
17
19
15
19
22
19
16
13
15
7
3
0
4
5
9
15
13
21
22
22
22
25
28
37
29
32
30
28
22
14
16
7
6
4
12
9
11
16
18
22
22
25
26
23
24
24
19
16
10
0
4
8
-1
-3
-3
-4
-6
-4
-3
3
0
5
10
6
10
4
2
4
0
-9
-11
-19
-29
-33
-32
-31
-28
-35
-28
-32
-32
-27
-28
-34
-29
-23
-22
-20
-22
-15
-22
-17
-24
-21
-34
-39
-42
-48
-35
-32
-21
-22
-12
-10
-3
-7
-4
0
2
-1
-1
1
-12
-9
-14
-6
-11
-6
-9
-8
-3
-4
7
4
13
6
19
17
15
23
21
22
18
18
9
10
10
8
3
5
-1
-1
3
-3
4
7
15
10
13
10
12
16
9
9
9
3
4
5
0
5
-6
1
0
5
11
13
25
22
22
18
20
14
15
11
16
7
-1
-3
-6
-6
-7
-9
-19
-19
-19
-9
-6
1
1
7
12
4
6
-2
-4
-10
-5
-15
-22
-25
-29
-30
-35
-28
-25
-26
-26
-22
-16
-7
-4
6
8
6
11
14
7
6
3
-3
-6
-9
-12
-13
-13
-13
-10
-6
0
1
7
10
12
16
18
18
16
23
19
15
13
15
11
11
11
10
16
14
21
20
31
28
32
40
36
40
35
37
26
26
19
18
14
4
-3
-10
-12
-13
-9
-4
4
10
18
23
29
27
29
25
20
15
12
2
-10
-11
-19
-21
-19
-19
-16
-10
-4
7
12
13
15
13
11
7
8
3
0
-6
-15
-20
-28
-38
-43
-51
-51
-46
-39
-34
-30
-19
-18
-8
-6
-1
-2
-1
-11
-12
-16
-23
-26
-31
-32
-34
-32
-28
-20
-16
-8
-7
10
0
11
14
13
15
6
3
-16
-12
-28
-26
-27
-27
-27
-23
-20
-6
4
9
17
21
31
33
38
35
37
27
30
25
14
7
-1
-2
-10
-14
-17
-14
-9
-2
0
4
10
15
23
25
26
29
33
24
23
15
6
3
-11
-11
-16
-12
-13
-15
-11
-4
-7
1
10
13
15
12
12
-3
-1
-8
-7
-17
-16
-15
-14
-18
-14
-3
-2
3
1
12
7
20
16
12
17
11
7
10
0
-10
-16
-27
-21
-28
-27
-22
-16
-17
-10
0
7
9
10
22
22
23
24
20
18
14
11
3
-1
-4
-12
-9
-6
-12
-4
-3
-3
6
13
23
24
28
31
32
24
24
25
17
15
1
-4
-4
-9
-4
-3
0
0
1
6
0
9
4
8
6
5
3
-6
-8
-16
-16
-25
-23
-31
-22
-22
-18
-13
-13
-4
-10
0
-1
6
0
-1
-3
-9
-13
-18
-25
-28
-30
-34
-33
-37
-35
-32
-22
-21
-11
-2
0
6
10
13
10
17
10
9
7
0
-6
-16
-15
-23
-25
-25
-24
-20
-17
-12
-7
-3
-2
1
-2
7
5
3
5
5
0
-5
-7
-10
-10
-8
-5
3
7
4
11
9
10
15
23
25
27
29
29
25
15
13
16
4
3
10
7
6
10
14
19
27
23
33
31
34
32
34
30
32
33
23
26
23
19
14
10
1
7
2
11
6
11
13
16
22
30
40
32
45
37
43
27
23
17
7
-1
-3
-8
-13
-7
-19
-14
-9
-2
-14
-5
0
5
3
2
0
-3
5
3
8
-2
-1
-4
-9
-9
-6
-4
-5
5
3
7
-4
8
-4
-1
3
8
14
9
13
2
10
1
6
4
8
4
7
6
3
4
8
11
1
10
5
11
4
7
0
-3
-10
-10
-19
-20
-17
-20
-19
-22
-16
-19
-6
-8
-1
-3
2
6
6
4
1
3
5
3
-3
-7
-12
-13
-22
-23
-27
-26
-22
-28
-26
-20
-21
-21
-22
-16
-10
-10
-10
-10
-16
-11
-17
-18
-24
-31
-35
-43
-39
-43
-30
-38
-28
-25
-17
-18
-18
-10
-8
-3
-5
4
-9
-4
-16
-8
-20
-11
-10
-14
-7
-3
-3
1
9
6
12
8
22
10
12
7
8
4
5
6
-1
-3
0
-2
-7
-5
-10
-3
2
8
11
18
28
28
35
33
38
36
29
33
27
27
14
15
6
2
-2
-2
2
1
6
8
12
15
24
22
30
19
26
19
15
7
10
12
-6
-3
-8
-10
-10
-8
-10
-7
-9
-7
-6
-1
-1
2
-4
-10
-6
-15
-17
-13
-19
-28
-22
-25
-27
-27
-22
-27
-21
-19
-12
-12
-12
-10
-13
-15
-15
-19
-27
-30
-34
-36
-37
-32
-44
-41
-37
-33
-28
-22
-14
-9
-4
0
4
7
12
10
17
17
18
12
14
3
5
-3
0
-1
-6
0
-5
9
5
16
14
23
15
22
26
25
27
22
30
20
22
10
11
5
8
8
10
14
10
17
15
18
19
19
13
19
20
15
17
13
11
4
3
1
0
-2
-1
-4
-6
-4
-2
2
-4
3
0
2
-6
-6
-6
-3
-7
-14
-16
-22
-18
-23
-18
-25
-22
-21
-16
-16
-11
-10
-2
-2
0
-1
-13
-4
-13
-12
-14
-9
-16
-17
-18
-19
-22
-22
-15
-16
-15
-10
-1
1
8
4
6
3
12
14
11
13
9
8
6
7
3
5
-5
-2
8
7
12
13
17
22
24
25
26
27
26
30
27
27
21
29
22
12
10
16
6
3
7
12
16
6
17
7
19
16
12
9
12
7
-1
6
7
0
-5
-4
-13
-4
-10
-4
-13
-3
-6
-7
-6
-7
-6
-10
-4
-10
-5
-13
-9
-16
-21
-30
-32
-31
-41
-31
-29
-27
-24
-23
-16
-12
-6
-2
-6
-6
-8
2
-3
-6
-2
-3
-7
-17
-12
-19
-22
-23
-19
-14
-11
-10
-8
-6
-7
-6
-6
2
-3
1
2
1
-1
0
6
-6
1
2
1
5
3
7
2
10
12
10
16
13
8
16
20
20
18
17
20
15
18
20
26
29
30
38
35
38
42
33
38
32
31
26
26
25
17
18
15
9
6
0
4
-1
-5
-8
-14
0
-10
0
-5
-1
-5
-4
1
-6
-1
-15
-10
-19
-17
-19
-18
-27
-26
-27
-31
-26
-28
-28
-32
-23
-32
-28
-33
-32
-35
-34
-34
-38
-29
-29
-25
-25
-24
-28
-26
-25
-19
-16
-16
-9
-10
-7
-6
1
-6
1
0
-1
-4
-3
9
4
3
9
18
16
26
27
29
33
40
38
45
45
48
51
42
53
43
52
45
47
58
53
51
52
57
57
58
64
64
62
67
62
66
62
58
55
50
48
46
40
31
32
26
26
17
19
22
12
9
6
13
10
2
-1
-7
-13
-9
-18
-31
-35
-34
-34
-41
-37
-43
-44
-48
-45
-46
-51
-52
-53
-58
-49
-53
-59
-54
-60
-59
-69
-58
-64
-58
-56
-60
-60
-61
-48
-56
-49
-48
-46
-43
-38
-42
-39
-34
-33
-28
-22
-20
-20
-19
-18
-10
-9
-2
-4
7
10
13
18
22
27
35
42
36
39
39
37
38
39
43
46
49
47
47
51
52
48
48
52
51
61
58
56
61
57
58
56
53
48
44
46
47
48
40
32
31
21
19
15
8
1
1
-8
-12
-19
-22
-22
-24
-25
-32
-34
-44
-49
-56
-55
-55
-60
-59
-63
-66
-61
-64
-70
-69
-69
-72
-73
-73
-79
-80
-84
-85
-84
-87
-87
-85
-86
-76
-80
-70
-68
-66
-63
-64
-50
-43
-38
-44
-29
-27
-23
-24
-22
-19
-15
-9
-7
3
2
12
10
24
20
29
36
37
39
45
50
54
59
57
74
67
75
76
81
81
88
87
89
85
82
85
82
89
80
86
79
85
81
85
88
87
85
83
85
75
79
67
70
60
60
53
56
55
45
44
26
35
18
21
16
11
0
-8
-12
-26
-32
-36
-37
-55
-49
-56
-55
-64
-54
-54
-56
-52
-51
-47
-54
-48
-46
-44
-54
-57
-60
-59
-59
-72
-71
-74
-77
-73
-73
-74
-69
-64
-63
-64
-59
-56
-53
-49
-40
-37
-40
-30
-26
-16
-13
-7
-8
-6
0
5
4
6
15
9
15
13
17
13
18
29
30
47
48
54
53
63
65
66
75
77
82
84
86
83
86
83
82
79
78
78
69
64
70
71
66
62
62
61
57
54
46
46
39
38
34
33
30
30
31
26
22
15
18
17
8
3
3
-10
-11
-12
-22
-26
-37
-38
-42
-49
-56
-51
-53
-57
-60
-63
-59
-64
-63
-66
-61
-70
-73
-69
-70
-68
-70
-69
-74
-76
-72
-72
-67
-71
-72
-64
-65
-64
-53
-56
-56
-47
-40
-44
-42
-28
-24
-20
-8
-3
-1
9
7
13
14
17
17
17
19
19
21
19
26
29
31
35
37
41
37
42
41
34
43
47
50
52
56
53
54
50
52
49
52
54
52
51
48
49
38
43
39
38
36
34
26
30
27
18
18
21
21
11
19
17
12
7
15
9
4
6
1
-9
-6
-12
-20
-20
-26
-28
-31
-25
-34
-35
-48
-42
-39
-44
-36
-38
-38
-37
-33
-38
-38
-39
-37
-38
-29
-36
-41
-35
-42
-38
-43
-35
-39
-35
-38
-36
-29
-32
-23
-21
-12
-13
-3
-15
-7
-7
-4
-3
-5
6
10
9
12
18
10
21
17
16
13
22
20
21
17
19
26
18
29
27
34
30
32
28
26
26
25
23
26
26
26
30
24
25
22
21
13
18
19
13
9
10
8
7
3
-1
8
7
0
-2
0
-12
-3
-3
-4
1
0
4
-1
-1
-3
-7
-6
-9
-7
-8
-3
-13
-22
-25
-24
-22
-24
-20
-26
-22
-28
-24
-25
-20
-22
-22
-20
-16
-19
-20
-16
-21
-18
-18
-14
-22
-18
-25
-26
-29
-20
-25
-18
-17
-19
-18
-27
-22
-24
-19
-25
-9
-12
-7
-3
-6
-4
-7
-1
2
9
10
10
7
9
7
11
14
15
14
13
19
15
12
16
15
13
16
20
14
14
13
18
18
16
24
25
19
22
24
18
25
23
22
18
19
16
19
12
12
8
6
9
9
15
5
10
0
7
-4
-9
-3
-4
-3
-1
0
-3
-5
-5
-4
-3
-1
-3
-5
-6
-10
-13
-10
-19
-13
-14
-10
-15
-17
-18
-16
-17
-16
-10
-13
-10
-10
-5
1
-4
-4
3
-10
1
-9
-3
-8
-9
-6
-13
-15
-18
-11
-17
-13
-15
-8
-15
-9
-10
-7
-10
-5
-4
-12
-4
-8
1
-9
1
-3
-4
-1
-5
-2
-3
-4
-9
-4
-9
-7
-5
-10
-5
-6
-7
-3
0
-5
2
-2
1
-3
3
4
7
12
9
15
5
13
7
9
10
13
7
7
6
3
5
4
9
3
12
10
10
10
11
12
12
9
16
14
14
9
7
12
9
7
0
9
6
3
4
13
6
2
8
5
4
1
2
3
1
1
6
6
3
8
10
13
9
7
5
-1
2
2
-3
-1
0
-9
-10
-12
-15
-17
-19
-16
-12
-7
-6
-2
-4
-2
-4
0
3
2
1
2
0
-3
1
1
6
11
12
7
7
6
9
3
9
2
3
3
-2
-1
-7
-3
-7
-3
-2
5
3
7
10
10
7
8
10
6
6
7
9
1
0
-4
3
4
3
0
-1
-7
-9
-10
-11
-10
-12
-10
-10
-9
-16
-15
-20
-21
-17
-14
-14
-20
-13
-18
-19
-20
-21
-16
-15
-8
-15
-11
-8
-8
-7
-16
-13
-13
-9
-10
-7
-10
-8
-8
-9
-1
1
6
7
3
4
2
3
1
0
3
2
-1
5
4
-1
0
-6
-3
-9
-5
-6
-9
-3
-5
-6
-3
-5
-4
-3
2
4
0
6
6
5
-1
6
0
1
2
-3
1
5
3
-1
3
-1
3
2
5
3
10
12
12
10
13
14
10
14
7
18
16
18
16
18
18
19
22
24
22
26
22
22
26
20
31
20
26
22
22
25
23
29
27
25
26
32
27
30
21
22
23
23
27
22
25
22
34
25
32
26
26
28
25
29
22
28
19
19
13
19
13
12
13
10
8
6
3
-1
0
-3
4
-4
-3
-5
-5
-2
-5
-8
-5
-1
-7
0
2
-6
-10
-9
-10
-7
-8
-8
-5
-6
-6
-9
-14
-25
-19
-17
-22
-23
-21
-22
-25
-19
-17
-15
-14
-8
-8
-6
-7
-6
-12
-9
-9
-9
-1
-17
-6
-6
-11
-13
-16
-10
-8
-6
-10
-10
-8
-4
-8
-10
-12
-3
0
0
-1
3
-1
-1
7
8
15
16
16
13
12
4
9
7
3
7
4
5
0
-1
-9
-7
-7
-3
-4
-5
-2
-2
1
-5
-2
0
3
1
2
2
1
3
0
-1
-4
-4
-9
-3
-9
-15
-19
-18
-26
-26
-28
-31
-26
-31
-33
-34
-28
-31
-19
-32
-27
-23
-24
-21
-22
-14
-19
-16
-20
-17
-25
-28
-29
-26
-25
-22
-25
-22
-18
-26
-25
-28
-22
-27
-26
-14
-12
-11
-7
-13
-12
-7
-6
-6
-1
4
9
3
2
0
-4
0
-3
5
4
12
4
7
12
10
12
12
22
12
19
19
18
20
17
13
17
19
25
24
25
19
17
26
23
31
26
31
25
29
28
29
25
22
24
20
21
11
12
10
17
16
23
18
21
21
21
21
21
19
13
21
14
11
8
6
7
8
4
5
10
6
5
-1
-1
3
-2
-4
0
1
-7
1
0
-4
-5
4
-7
-3
0
-2
4
-3
2
-13
-8
-16
-13
-16
-14
-20
-14
-9
-12
-9
-9
-2
-10
-2
-8
0
-4
4
3
2
4
0
-2
-1
-10
-18
-8
-15
-13
-16
-9
-6
-8
-4
-3
-9
-7
-7
0
2
-4
0
0
3
4
12
11
4
8
13
9
9
5
0
6
4
3
2
-4
-3
-7
-4
-7
-1
-3
-2
2
-1
6
4
4
4
6
4
8
0
-2
-2
-4
-7
-3
-11
-18
-18
-23
-23
-27
-26
-28
-21
-24
-16
-23
-23
-20
-23
-24
-20
-16
-12
-8
-17
-10
-8
-8
-18
-9
-13
-16
-13
-13
-16
-19
-8
-18
-19
-16
-21
-26
-21
-22
-19
-16
-16
-13
-15
-9
-11
-6
-5
-6
1
3
3
7
3
-2
5
0
-4
-2
3
4
4
6
7
2
6
5
7
12
7
15
19
23
21
25
24
24
34
36
38
37
37
29
24
27
25
23
29
26
28
24
24
24
20
23
22
25
25
25
29
22
17
20
14
16
20
19
10
17
13
6
4
2
7
4
8
1
2
-3
-10
-8
-3
-6
-6
-8
-3
-6
-15
-2
-12
-7
-10
-3
-3
-6
-5
-4
-10
-11
-10
-12
-7
-15
-10
-16
-11
-13
-10
-9
-6
0
-1
3
-6
-4
-3
0
-4
-4
0
-3
-1
0
-2
-3
-7
-5
-4
-5
0
-6
3
-5
-6
-4
-13
-7
-12
-4
-12
-1
1
-2
1
9
8
10
20
19
25
26
32
28
34
32
31
30
29
24
22
19
16
16
12
12
8
9
12
7
0
10
6
1
7
8
7
-1
3
3
-3
-4
-4
-12
-10
-8
-7
-12
-13
-14
-16
-15
-16
-20
-24
-31
-31
-36
-41
-33
-38
-42
-39
-43
-35
-35
-34
-32
-31
-24
-28
-26
-32
-25
-25
-26
-19
-19
-15
-17
-25
-24
-14
-15
-16
-18
-19
-22
-19
-22
-22
-29
-26
-19
-22
-15
-15
-7
-6
-4
-4
-1
-9
-7
-1
3
9
5
11
9
6
9
9
10
8
8
12
14
20
22
22
16
22
24
15
25
23
20
17
16
16
14
13
16
16
12
13
10
10
13
12
11
4
6
2
9
7
2
7
0
6
3
6
4
6
6
7
5
5
0
-6
-10
-6
-5
-13
-13
-10
-11
-16
-20
-24
-21
-28
-25
-22
-19
-15
-17
-18
-21
-18
-20
-19
-19
-23
-25
-23
-24
-25
-21
-15
-16
-16
-22
-16
-19
-16
-17
-14
-11
-8
0
1
15
11
13
12
18
16
25
17
17
13
10
11
5
15
8
16
9
19
16
18
17
21
19
22
23
20
22
20
21
19
24
21
32
22
27
26
22
24
24
29
22
22
22
20
15
16
12
19
13
12
19
10
9
10
15
8
13
6
13
14
10
16
12
12
7
14
7
12
9
-3
-2
-6
-6
-2
-4
-5
-4
-9
-5
-13
-12
-9
-16
-12
-11
-18
-19
-19
-19
-22
-21
-16
-23
-18
-24
-18
-18
-18
-16
-15
-15
-19
-20
-21
-16
-24
-16
-17
-9
-13
-9
-6
-10
-2
-6
3
-3
2
6
10
3
5
5
1
2
-1
2
2
10
-1
8
11
10
16
16
16
14
19
14
10
9
19
12
12
9
9
13
6
13
12
12
7
17
9
13
9
1
6
3
-1
-1
-1
-6
-4
-8
0
-7
-8
-8
-9
-3
1
0
-2
4
0
0
-1
2
1
4
2
1
3
-3
6
4
4
4
7
1
1
0
-2
-6
-3
-1
-6
0
-3
1
-6
0
-4
-3
-3
-6
-3
-12
0
-7
-9
-12
-6
-6
-9
-6
-3
4
3
7
5
0
3
6
4
6
7
6
3
10
3
1
7
6
9
13
16
9
13
14
7
4
11
12
10
15
16
11
11
19
18
16
19
17
14
12
18
18
21
18
13
14
8
6
4
3
1
1
-6
0
0
-2
0
-2
-3
-9
3
-3
-3
-5
-6
-13
-12
-8
-12
-11
-14
-13
-19
-12
-18
-18
-24
-13
-12
-18
-13
-14
-12
-16
-13
-16
-16
-18
-11
-16
-13
-6
-6
-7
-3
2
-1
1
-2
-5
-12
-9
-10
-17
-16
-19
-18
-19
-10
-16
-15
-13
-12
-4
-6
1
-4
2
3
5
3
9
8
11
9
13
13
7
13
10
9
10
14
10
12
10
14
15
15
9
8
8
9
16
10
12
9
13
10
10
12
9
15
15
12
16
15
9
13
9
1
2
-2
-6
-8
-13
-13
-14
-16
-16
-13
-12
-10
-9
-6
-4
-5
-6
0
-4
-3
-3
-2
-1
-7
-6
-4
-2
-7
1
-3
-4
-9
-2
-3
-12
-10
-7
-7
-7
-3
-9
-11
-16
-10
-10
-3
1
10
12
12
14
13
10
12
7
1
1
-6
3
-15
-8
-9
-3
-7
-3
7
-2
0
-3
9
2
3
11
13
9
15
13
11
13
15
16
9
15
14
13
11
12
16
3
6
2
-1
4
8
6
8
12
7
9
13
25
18
22
26
26
29
29
26
27
25
22
19
13
11
8
9
3
9
4
6
3
1
3
5
2
-7
-5
-10
-5
1
3
1
6
3
7
1
5
5
1
3
0
-2
-9
-10
-15
-19
-16
-20
-20
-14
-21
-21
-20
-16
-20
-23
-12
-12
-14
-15
-8
-9
-12
-5
-6
-14
-11
-19
-14
-20
-16
-19
-23
-18
-21
-17
-22
-14
-20
-11
-5
-4
-11
-4
-10
-9
-7
-5
-7
-5
6
1
3
3
9
-2
-1
3
3
3
8
2
-2
-2
-8
-3
-11
2
-1
1
6
4
3
-1
12
3
9
11
9
3
1
4
-4
3
-2
0
-5
-3
-1
-4
-9
-6
-7
-1
-3
-4
1
-4
-3
0
2
1
8
3
5
4
6
8
4
3
3
-3
3
-3
-8
-4
-10
-10
-12
-3
-7
-10
-8
-3
-4
-7
-2
2
0
3
9
7
3
6
13
7
7
8
4
2
0
3
-3
-1
-3
-10
-6
-12
-14
-18
-13
-10
-12
-8
-5
-3
-4
-3
-6
2
-2
6
4
6
12
8
3
6
6
0
4
1
7
-4
-1
2
-3
-3
-3
-3
-3
1
-2
-6
-7
-4
-10
-6
-4
-1
4
0
4
-4
-5
-5
-9
-12
-9
-7
-7
-11
-12
-10
-13
-12
-11
-9
-14
-10
-12
-14
-12
-3
-1
-3
-4
2
5
0
8
0
6
-1
5
11
10
10
9
9
-2
4
1
10
6
11
9
8
9
7
8
8
9
5
7
6
7
3
6
3
8
7
9
7
6
7
0
3
6
13
12
7
13
15
3
9
4
8
5
9
12
10
13
13
18
14
18
12
18
16
19
16
13
14
13
13
13
7
4
5
4
4
-2
9
6
8
7
16
7
4
4
0
2
1
5
3
0
1
0
-5
0
-7
-1
-10
-9
-12
-8
-3
-9
0
0
3
2
6
5
6
5
3
10
4
4
6
8
3
-3
-1
-3
-13
-7
-8
-15
-9
-13
-7
-17
-8
-12
-9
-8
-5
-3
-12
-2
-9
-7
-12
3
3
9
4
2
4
-4
-3
-9
-3
-6
-4
-9
-4
-9
-3
-9
-9
-7
-3
1
-8
-4
-16
-10
-9
-4
-5
-4
-6
-6
-12
-14
-16
-16
-13
-19
-14
-19
-25
-22
-18
-22
-18
-17
-12
-15
-13
-7
-13
-5
-4
0
-1
7
6
1
7
1
6
1
3
6
5
2
4
4
-1
-1
-2
3
-4
2
-5
-1
0
7
3
14
17
13
16
12
19
6
15
16
20
14
19
19
17
19
13
18
13
8
6
14
10
10
8
12
7
5
4
7
14
10
14
12
17
13
18
19
21
23
21
14
14
10
7
10
-3
3
0
1
-3
-5
-3
-10
-10
-16
-15
-11
-4
-9
-3
0
1
1
3
10
6
4
3
3
-1
-2
-7
-9
-6
-7
-7
-11
-10
-13
-12
-15
-17
-16
-16
-21
-22
-25
-21
-21
-23
-19
-22
-13
-18
-16
-16
-19
-15
-12
-14
-9
-14
-5
-10
-12
-13
-15
-15
-13
-9
-18
-13
-18
-10
-15
-10
-13
-15
-13
-12
-9
1
-1
-3
-1
-10
-3
-11
-4
-12
-8
-10
-2
-5
-3
-2
-5
0
-5
3
-2
-5
-7
-3
-2
4
-4
-3
-3
0
1
-4
0
-3
-5
-6
1
-1
3
6
1
-1
-7
-5
-4
-12
