SAMPLES:	21392
BITSPERSAMPLE:	16
CHANNELS:	1
SAMPLERATE:	16000
NORMALIZED:	FALSE
6
5
2
7
7
6
2
2
2
-3
7
9
6
8
8
4
5
2
12
9
9
12
11
9
3
3
-5
-1
-8
-10
-16
-10
-4
-3
-9
-3
-9
-6
-5
-4
-3
1
6
6
15
6
17
11
15
10
10
16
13
15
13
20
13
15
11
11
10
6
8
3
2
-4
-1
-1
-3
3
7
10
10
13
8
5
7
12
12
16
13
14
14
13
12
13
16
5
5
6
9
7
6
3
-5
-6
-2
-3
-3
-3
-2
-2
2
6
7
6
6
14
16
16
15
9
4
4
1
-1
-6
-13
-13
-10
-8
-15
-6
-6
-5
-5
-3
-1
-8
-6
0
-1
-2
6
4
6
-3
4
0
-3
8
3
6
13
11
9
5
6
7
-3
7
4
-3
-12
-3
-4
-9
-3
-3
2
-4
0
2
2
-5
0
2
0
-2
-1
1
-2
-4
-1
-1
-7
-2
6
10
2
6
2
0
0
3
1
-6
-7
-5
-4
-9
0
-4
-7
-9
2
-2
-13
-4
-3
-3
-5
2
0
-2
2
4
1
1
3
4
6
2
6
7
6
5
9
8
5
6
6
8
1
5
5
3
1
1
1
2
0
3
0
-6
1
0
9
3
0
-2
1
-1
3
4
0
10
4
5
3
3
-7
-10
-8
-7
-10
-9
-11
-12
-12
-12
-9
-4
-5
-4
6
3
9
12
6
6
11
13
16
14
5
9
6
8
9
3
0
-3
4
1
5
1
0
-1
1
1
0
-3
-2
-4
-6
4
-6
-7
-5
0
0
10
4
2
0
-6
-4
-5
-1
-2
0
-10
-6
-9
-10
-9
-5
-9
-3
3
4
-1
0
4
-6
1
0
3
-1
3
4
-1
4
-1
1
-4
-6
-8
-10
-13
-16
-16
-18
-15
-20
-22
-21
-13
-16
-19
-16
-19
-17
-11
-4
-5
-4
-3
3
4
4
1
2
7
3
4
-3
-5
-7
-5
-10
-12
-13
-12
-10
-10
-9
-7
-3
-4
-8
-5
4
1
0
1
-3
-7
0
1
-5
-9
-9
-13
-10
-11
-10
-4
-2
-3
-6
-8
-8
-3
-8
-3
-5
-10
-9
-7
-13
-4
-5
7
0
1
5
-3
8
2
4
-5
4
1
4
-2
-1
-6
-4
-2
-2
3
0
3
-4
6
0
6
4
9
2
5
8
8
4
3
12
15
12
9
16
13
11
12
22
17
19
17
18
16
9
15
11
6
5
11
12
10
16
13
20
16
18
16
13
18
10
10
4
5
0
0
-3
3
-4
0
0
-4
-10
-12
-9
-12
-6
-5
5
-6
0
-4
-4
-2
-8
-6
-5
-7
-12
-5
-10
-8
-12
-9
-13
-8
-12
-16
-20
-20
-19
-19
-20
-16
-13
-18
-12
-8
-11
-13
-7
-12
-9
-9
-13
-8
-14
-12
-19
-15
-12
-19
-10
-20
-16
-16
-7
-3
-9
-5
-7
-4
-3
-1
-2
8
5
15
10
12
12
8
4
1
6
-3
-1
-2
0
-1
1
0
3
8
10
6
10
2
6
6
0
1
-2
3
-4
8
3
7
8
9
9
9
12
9
8
1
5
7
4
5
7
4
1
-6
-2
-1
-4
1
4
6
8
13
12
13
13
15
13
13
16
12
13
9
6
5
0
3
1
1
2
2
-1
1
4
4
1
0
1
1
7
4
5
4
5
11
11
9
10
9
6
2
0
1
-4
-10
-9
-10
-12
-16
-15
-15
-20
-14
-6
-10
-6
0
1
-1
-4
1
-6
-4
-4
4
3
-7
-7
-12
-11
-4
-6
-13
-8
-10
-4
-13
-9
-13
-12
-6
-13
-6
-6
-6
-12
-8
-6
-6
-4
0
-7
-6
-3
2
2
1
-3
-9
-3
-10
2
-7
-7
-7
-7
-3
-10
-7
-12
-11
-9
-11
-10
-3
-4
1
-1
6
6
1
13
10
16
9
15
16
14
18
17
22
13
16
10
6
6
9
7
7
8
7
10
7
6
3
3
4
12
16
20
13
15
16
19
12
12
14
14
14
14
13
5
11
8
7
11
12
9
13
6
10
13
12
12
17
14
17
25
10
15
15
12
11
18
17
19
19
16
19
13
16
8
13
13
6
6
-3
3
0
0
1
-3
0
-3
5
6
8
5
2
-4
-2
-1
2
1
2
1
-3
2
-4
3
-1
2
-2
2
-3
-4
-5
-13
-10
-9
-13
-19
-19
-16
-14
-17
-9
-21
-13
-11
-10
-7
-12
-7
-12
-6
-9
-7
-12
-9
-8
-11
-9
-6
-9
-11
-6
-11
-6
-6
-6
-10
-8
-6
1
-1
-6
-5
-7
-3
-8
0
2
-2
2
-4
-3
0
2
-4
-1
-4
-6
-6
-13
-7
-9
-10
-10
-10
-10
-8
-6
-11
-11
-9
-10
-12
-9
-10
-5
-2
-4
-7
-3
-1
2
6
2
-2
0
-3
0
2
-3
1
-3
1
-6
-3
-1
-6
-6
-5
1
-3
-2
4
0
0
0
1
3
5
10
9
11
13
11
9
7
2
12
5
7
6
6
6
0
2
1
1
-6
2
-1
-3
-4
2
1
1
-1
3
6
4
3
0
7
7
13
9
13
8
15
10
12
6
2
1
-4
-2
-5
3
4
7
2
9
8
8
12
12
10
11
13
13
18
17
26
19
19
22
15
16
16
19
14
13
8
6
-1
-2
-1
-3
-4
-7
-3
-10
-2
-9
-7
-7
-4
-5
-3
0
3
6
5
4
-4
3
-3
2
-7
-3
-10
-9
-9
-13
-10
-18
-11
-15
-16
-26
-19
-21
-18
-17
-17
-18
-16
-5
-11
-12
-10
-4
-8
-1
-6
-10
-12
-15
-16
-23
-12
-20
-21
-25
-19
-27
-27
-19
-26
-23
-22
-11
-15
-14
-13
-7
-7
-3
-2
0
4
1
8
7
12
4
7
-2
1
1
-6
-10
-11
-8
-12
-12
-9
-1
-2
0
-2
5
4
8
5
15
15
13
17
9
12
0
1
-3
-1
-5
-6
-2
-4
-5
-11
-7
-6
-7
-7
-2
-6
-4
-4
0
-5
-3
10
9
13
10
13
12
14
13
10
14
8
7
2
0
0
0
-2
-2
-5
-10
-10
-6
-2
-6
-3
-4
-5
-12
-6
-2
-6
-4
-8
5
-1
0
2
1
3
3
4
0
3
-5
0
1
2
-2
-6
0
0
0
-4
-3
-6
0
2
1
3
-6
3
-3
4
3
0
-4
-8
-5
-9
-11
-12
-14
-13
-12
-15
-10
-17
-9
-12
-7
-3
-2
1
1
2
2
10
7
9
3
17
11
13
12
9
7
9
10
5
9
6
6
-1
3
7
8
3
8
7
12
14
13
16
15
20
16
17
19
19
18
11
15
12
5
4
12
3
9
8
1
5
5
8
6
14
4
9
6
11
10
12
16
13
10
9
18
9
12
12
16
10
10
3
1
3
0
-2
2
0
-3
-4
0
7
3
3
2
3
-2
1
3
-1
0
2
8
10
13
12
6
2
9
7
6
14
10
11
12
9
5
6
10
8
3
4
3
-8
4
3
2
3
7
9
12
15
15
18
17
19
14
19
13
16
12
12
10
6
-3
1
0
-10
1
-8
-6
-4
-9
-14
-18
-16
-8
-12
-13
-9
-10
-4
-5
-10
-10
-9
-6
-12
-12
-6
-12
-9
-6
-9
-11
-13
-13
-21
-17
-19
-15
-12
-10
-4
-14
-6
-4
-9
-8
-3
-6
-3
-6
0
-3
-7
-2
-6
-8
-9
3
-3
4
0
-3
-2
-3
1
-4
1
-3
-3
-6
5
0
-1
1
-3
-4
-5
-4
-7
-10
-6
2
-3
-3
-3
-4
-11
-7
-4
-7
-9
-13
-9
-14
-9
-9
-17
-11
-14
-18
-14
-11
-15
-17
-13
-22
-21
-19
-16
-19
-23
-10
-12
-12
-8
-6
-9
-6
-2
1
-1
-6
0
5
-5
4
-2
-3
3
0
6
-2
2
-3
0
2
-3
-7
-9
-6
-9
-12
-8
-8
-13
-7
-6
-1
0
5
7
9
8
11
14
10
9
6
9
-1
0
6
-6
-4
-6
0
2
-5
-9
-8
-7
-5
-6
-5
-7
-16
-7
-8
-1
1
9
2
6
7
9
8
10
8
0
11
3
3
2
7
1
6
5
8
8
8
11
14
16
18
22
16
21
20
28
24
23
27
30
24
27
22
19
19
14
15
8
12
7
6
6
8
10
9
7
8
8
2
-1
3
1
3
7
6
2
0
5
4
-3
2
-4
-6
-7
-6
-4
-15
-12
-17
-4
-8
-4
-9
-10
-5
-12
-8
-14
-4
-7
-3
-6
-4
-16
-7
-11
-11
-6
-7
-5
-7
-6
-7
0
-11
-3
-8
-9
-16
-14
-13
-7
-13
-12
-10
-9
-7
-13
-1
-5
3
-3
-1
0
0
-7
-6
0
2
5
3
-1
-3
-4
3
9
0
-10
-18
-17
-13
-9
-6
-4
-9
-9
-4
-2
-9
-9
-6
-4
-6
-3
-6
-9
-8
-7
-2
-5
3
0
0
-4
-8
-13
-6
-9
-3
-7
-5
-6
2
3
-2
9
3
7
-2
13
7
9
10
10
10
6
11
9
8
2
2
8
11
10
17
17
17
11
20
16
12
19
18
11
16
16
10
15
16
22
13
18
17
18
17
17
16
13
2
8
6
7
9
3
9
3
8
4
7
2
8
6
13
12
12
15
14
15
10
22
17
12
11
16
11
9
5
7
4
6
4
-3
-2
-3
-4
-1
6
1
-3
-5
-7
-6
-5
-7
-5
-2
-6
-1
-2
-1
-4
-10
0
-10
-7
-10
-9
-6
-10
-4
-13
-15
-11
-12
-16
-16
-16
-10
-17
-21
-17
-12
-16
-17
-16
-17
-19
-16
-16
-22
-18
-19
-15
-15
-15
-21
-17
-13
-14
-12
-13
-13
-9
-4
-7
-5
-5
0
4
5
2
8
7
8
7
9
7
0
5
-1
-1
1
7
-1
3
5
4
9
-1
7
-3
-4
0
1
4
-6
-2
-2
-3
-11
0
-3
-3
-3
-6
-4
-9
-11
-11
-6
-3
-1
-5
1
-5
-5
-3
-2
-8
-5
-7
-6
-6
-9
-8
-13
-8
-8
0
0
-1
-2
3
-2
-3
-2
2
-4
-6
0
-2
4
6
6
7
7
7
4
5
3
-2
3
1
7
-3
-2
-2
2
0
-1
4
-6
-9
-4
-3
3
0
-10
-5
-5
2
-2
-2
-9
-3
0
3
0
3
-1
0
6
4
7
4
9
3
6
1
6
2
6
7
3
0
2
0
-2
1
-7
0
-4
3
1
1
6
1
3
2
-2
6
4
5
8
6
3
3
-2
-9
-3
-10
0
-1
3
-3
0
1
-3
5
6
2
2
6
7
11
9
21
11
22
20
18
22
16
16
10
17
13
16
14
11
7
5
3
2
-4
-6
-7
-7
-4
-4
4
2
10
5
6
12
5
9
12
14
8
12
9
-6
0
2
-4
0
-3
-5
0
-3
1
-9
-4
-3
0
-2
-2
0
-3
4
4
9
9
14
6
11
9
6
0
-1
-4
-3
0
-2
0
-17
-14
-16
-14
-21
-9
-14
-19
-16
-18
-18
-16
-14
-16
-10
-6
-3
-7
6
-5
-2
0
1
-2
0
4
1
4
-1
-3
-12
-6
-3
0
-6
-1
-3
-6
0
-8
-3
-1
2
-1
6
11
10
15
8
14
7
7
5
3
7
7
10
6
3
-2
6
2
8
0
3
-3
-2
-2
2
4
-3
2
-1
2
-3
6
-2
-1
-2
3
2
-3
0
1
0
-2
3
-1
-2
-6
3
1
8
12
7
5
4
10
7
6
7
9
4
5
7
8
3
-2
0
-4
0
-1
1
-2
0
-1
-6
-7
-6
-6
-5
2
0
-1
-9
0
-4
-3
-2
-1
2
-2
3
-4
0
-6
4
-5
-3
0
-6
-2
0
2
6
8
7
8
6
10
5
11
3
5
7
12
13
7
9
2
7
3
9
6
0
-1
1
-2
-3
0
-4
-4
2
3
5
5
2
-2
-1
9
4
3
1
2
1
-3
-3
-7
-4
0
-4
-3
-6
-5
-10
-11
-7
-9
-3
-8
-9
-15
-10
-8
-10
-9
-10
-9
-9
-6
-2
0
1
2
0
4
-3
-6
-6
-3
-3
-16
-14
-16
-19
-20
-22
-23
-29
-28
-26
-21
-19
-17
-19
-21
-16
-6
-12
-9
-10
-12
-7
-13
-7
-9
-3
-9
-6
-6
0
-3
-6
2
-4
-3
0
5
0
4
1
12
5
11
4
8
14
14
20
17
25
17
24
17
20
13
15
9
10
13
9
7
3
10
1
7
5
13
6
9
13
12
7
6
10
10
12
11
19
16
16
16
17
3
3
4
-1
1
2
9
3
7
7
3
3
0
5
-7
-2
2
-1
-1
-2
-1
-5
2
-4
0
-2
-4
-6
-4
-5
-1
-3
-1
-5
-4
-5
-2
3
-2
8
-3
9
-3
2
0
-1
-2
0
4
-1
6
0
10
8
9
2
6
3
0
-1
3
-3
-3
2
-1
-6
-13
-3
-11
-7
-5
-7
-6
-2
3
5
5
3
4
3
8
10
8
5
8
-1
-6
-1
-8
-6
-7
-3
-6
-3
-1
-3
-4
-4
7
-3
-2
-2
-4
0
1
7
11
8
11
11
9
10
6
3
-1
4
-4
-4
-1
-4
-9
-9
-6
-10
-3
-6
-2
-2
2
1
4
10
16
17
14
21
16
19
13
14
13
5
10
11
7
15
11
14
11
7
3
3
7
2
1
0
-1
-4
-6
-5
-5
-9
-1
-5
2
-2
3
-5
-6
-1
-4
-7
-10
-2
-4
-4
-8
-1
-12
-8
-7
-5
-17
-13
-13
-16
-9
-12
-8
-16
-9
-12
-4
-5
-3
-4
3
1
3
5
1
4
-2
-3
-1
1
-2
-3
-3
-6
-5
-5
-12
-19
-15
-13
-10
-7
-12
-5
-12
-7
-8
-6
-8
-12
-5
-4
-6
-9
-6
-12
-5
-5
-3
-9
-10
-8
-10
-9
-9
-9
-9
-5
-2
-4
-1
2
-3
-2
-1
-1
-6
0
-6
-10
-7
-12
-5
-11
-13
-11
-5
-12
-5
1
-3
-3
-3
4
0
3
1
-1
3
3
-6
0
0
-1
-1
1
2
0
6
2
9
8
6
4
7
10
9
13
15
10
6
13
5
10
4
10
6
3
8
12
9
7
9
7
9
2
6
3
9
7
9
12
9
8
7
10
6
4
3
6
-2
4
5
3
6
3
4
0
1
-1
0
-3
-3
-6
1
1
-2
2
2
7
0
6
3
-2
3
4
9
4
0
8
4
1
3
-2
1
3
5
7
6
9
10
10
13
8
0
-2
-3
3
-1
3
6
3
6
6
3
9
3
-4
-1
4
7
3
7
8
4
3
4
2
-1
-4
1
-3
-9
-5
-10
-7
-9
-3
-7
1
-3
-5
-3
-6
-3
0
2
0
10
1
10
2
3
3
2
3
6
3
4
3
2
5
-2
5
-2
10
2
11
3
9
7
2
9
7
13
14
18
4
15
14
13
11
15
13
18
11
9
6
0
7
1
0
-1
-6
-6
-10
-5
-9
-13
-10
-19
-13
-13
-10
-17
-15
-12
-9
-7
-12
-12
-13
-15
-6
-8
-10
-16
-16
-19
-21
-20
-26
-23
-26
-20
-30
-23
-28
-23
-26
-16
-18
-13
-9
-10
-3
-6
-1
-5
-1
-9
-7
-13
-2
-8
-10
-16
-17
-13
-13
-11
-12
-12
-19
-11
-13
-11
-13
-9
-9
-4
-6
-1
-3
-2
0
6
3
-4
-4
-6
-10
-12
-7
-15
-10
-9
-10
-6
-7
-3
-2
-11
-4
-12
-5
-5
-4
-3
5
0
-3
0
-1
0
-3
1
-7
2
-9
0
-8
-4
-12
-13
-12
-12
-13
-14
-3
-13
-15
-14
-7
-13
-1
-3
2
-2
6
5
2
4
7
15
8
12
0
7
7
3
7
7
11
15
14
12
10
7
10
3
6
9
10
4
3
16
19
17
16
18
17
9
16
16
9
17
16
9
10
9
14
13
14
11
13
19
15
12
19
20
15
16
16
19
17
25
22
19
19
20
12
7
9
7
10
11
11
6
12
8
6
4
3
1
4
-1
3
0
3
13
6
9
5
13
9
15
17
15
15
16
9
12
10
4
4
3
0
-3
4
-5
1
0
3
-2
0
0
2
-2
7
10
6
6
4
3
-3
3
-5
1
-3
-1
-3
-9
-10
-8
-10
-12
-12
-15
-13
-11
-7
-14
-12
-14
-8
-7
-4
-3
-1
2
0
6
4
3
1
1
0
-4
-5
-9
-5
-9
-1
-6
-4
-7
-7
-6
-12
-9
-13
-9
-10
-4
-14
-10
-8
-9
-7
-8
-6
-4
1
-2
-1
-7
-2
-11
-10
-8
-10
-9
-13
-14
-13
-5
-11
-11
-4
0
-1
2
7
5
1
1
4
1
4
10
6
5
7
2
3
-3
-1
-2
-2
-2
-4
-2
-7
-7
-9
-3
1
4
-1
-3
1
1
3
1
4
0
6
1
7
6
2
10
6
10
6
10
5
15
12
11
6
7
5
-3
5
8
10
10
19
6
15
8
14
7
10
18
15
16
10
15
10
12
3
9
7
3
2
1
0
2
4
0
4
4
9
-1
11
13
10
15
10
9
6
5
5
10
4
7
9
6
7
9
9
5
2
0
3
0
1
-3
-3
-7
-4
-8
-7
-14
-19
-13
-19
-9
-9
-10
-14
-14
-9
-9
-11
-13
-12
-13
-9
-6
-2
-3
4
-3
0
1
-4
4
-1
2
3
7
10
9
9
11
13
9
6
10
9
10
8
6
3
-3
-3
-3
-3
-2
-5
-12
-2
-8
-6
-10
-6
-14
-12
-8
-8
-10
-7
-2
-4
-1
-6
-3
-10
-4
-12
-7
-18
-4
-7
-10
-7
-10
-6
-10
-4
-9
1
-2
-2
-6
-1
-11
-7
-4
-3
-1
-4
3
-3
-4
-9
-5
-6
-3
-6
-6
-9
-7
-7
-10
-9
-9
-8
-12
-6
-6
3
-1
2
-3
-2
12
7
8
2
7
-1
3
-2
-3
-3
-13
0
-6
-4
-6
-4
-3
-6
-7
1
0
-6
0
-1
0
2
0
-3
-4
-6
0
-3
-1
0
-2
-3
-3
-6
0
0
-3
4
1
1
0
-3
-3
-6
-6
3
2
4
6
13
13
12
12
16
15
16
23
20
15
7
9
8
9
11
7
2
0
-1
-9
-6
-7
-5
-2
-3
2
3
3
2
6
3
6
10
6
12
12
15
11
9
7
16
17
18
17
13
12
7
10
9
9
7
10
9
12
13
14
10
11
13
16
23
22
18
15
19
16
19
17
15
19
17
20
13
12
9
1
0
1
-2
-2
0
-6
-3
-5
-9
-10
-10
-12
-9
-2
-5
-7
0
3
-6
-5
-6
-8
-16
-9
-13
-15
-12
-14
-11
-14
-5
-12
-7
-10
-16
-7
-7
-3
-1
-2
3
2
0
2
-1
-4
1
-2
-6
-6
-15
-14
-12
-13
-10
-9
-14
-13
-7
-10
-9
-6
-10
-5
-1
-8
-10
-6
-12
-14
-10
-9
-5
-14
-11
-15
-19
-13
-13
-13
-16
-10
-10
-9
-13
-7
-9
-7
-6
-3
-1
-3
3
-6
4
-5
1
0
3
3
0
3
2
9
2
3
0
5
1
4
3
-1
-3
-1
-5
0
0
0
4
-1
4
-1
4
-3
-3
-6
1
1
-4
-3
-6
-7
-3
3
-1
3
1
-3
-2
-9
-8
-6
-2
-6
-5
-7
-2
-5
-3
5
0
4
1
2
-4
2
-7
-7
-9
-4
-4
-8
-9
-11
-8
-16
-8
-17
-9
-10
-7
-8
-4
-1
-7
-9
-8
-7
-12
-4
-2
-2
0
10
4
10
2
2
0
3
6
-6
-1
0
-3
-12
-13
-16
-15
-10
-8
-6
-5
-3
-7
-5
-5
-6
-9
-3
0
-5
2
0
1
-6
-1
-3
-3
-2
-6
0
-9
2
-3
-6
-7
-6
-12
-4
1
-2
-5
-4
5
3
3
11
9
4
10
7
7
5
3
3
4
-1
6
7
5
3
-1
6
2
10
12
10
13
13
18
23
21
17
24
22
23
20
25
23
20
22
23
25
19
22
20
24
21
22
13
18
16
15
18
13
17
18
21
16
20
22
22
17
22
15
16
13
10
8
10
9
-1
3
-4
-3
-5
-10
-10
-7
-8
-4
-5
-4
-6
-6
-8
-5
3
-3
2
0
5
8
12
7
10
6
4
7
12
5
4
10
1
1
-1
-4
-5
-3
-7
-2
-4
-4
-4
-7
-2
-5
-5
-5
-2
-3
0
0
0
-8
-2
-6
-9
-13
-9
-10
-19
-12
-18
-13
-16
-15
-15
-16
-16
-19
-15
-18
-21
-14
-12
-14
-9
-14
-14
-12
-12
-13
-9
-12
-19
-13
-18
-18
-22
-21
-24
-20
-19
-20
-19
-16
-14
-18
-15
-19
-10
-18
-9
-13
-9
-9
-13
-7
-16
-9
-12
-3
-9
0
-2
-1
-1
-1
0
-10
-6
-4
5
0
1
3
7
3
6
3
-2
1
5
10
13
21
13
17
19
11
10
12
2
6
6
8
7
5
5
4
9
3
5
6
7
4
3
3
3
-3
-1
3
3
1
6
9
7
10
6
9
4
5
4
0
3
3
0
1
3
3
-4
-2
0
-3
-4
0
2
-2
3
3
2
0
-1
-8
-9
-15
-16
-16
-12
-19
-11
-14
-15
-9
-13
-7
-15
-1
-3
3
1
3
0
7
6
6
7
7
16
12
14
13
18
6
12
0
4
3
1
-4
-9
-3
-11
-4
-3
-5
0
4
3
3
2
-1
-3
6
4
7
9
7
9
6
8
8
3
-2
-4
-7
-4
-1
0
0
0
1
-1
-3
1
0
1
-3
0
-3
-4
0
3
6
12
10
10
6
6
10
0
3
3
9
1
8
6
4
6
4
8
8
10
9
6
7
12
8
13
7
12
16
16
16
20
17
14
16
19
10
9
15
13
8
1
12
1
4
1
10
3
13
12
12
10
11
15
7
16
7
14
10
17
13
18
14
12
12
16
14
16
13
13
15
6
12
9
9
5
11
2
3
6
3
0
2
4
0
1
7
3
1
1
-7
-2
-8
-5
-9
-20
-8
-16
-10
-10
-8
-8
-12
-1
-16
-2
-4
0
-12
-9
-9
-14
-15
-10
-11
-17
-5
-6
0
-12
-2
-8
-4
-9
-9
-8
-13
-15
-13
-8
-12
-7
-14
-12
-18
-12
-19
-18
-13
-17
-12
-15
-19
-19
-21
-22
-22
-20
-19
-18
-17
-17
-7
-12
-9
-7
-7
-4
-1
1
-3
-7
-5
-3
-4
0
0
-5
0
-4
3
0
3
4
1
6
1
4
2
8
-3
4
4
-1
-4
0
6
7
4
8
7
0
8
5
9
9
15
7
13
9
10
10
7
10
2
9
6
6
4
8
5
8
3
8
3
3
9
5
8
2
9
5
4
8
12
11
13
19
15
18
7
7
5
3
1
-1
4
0
-4
-3
-4
-7
-5
-6
-2
-6
1
1
-3
2
-6
3
-4
-2
-2
-1
1
3
1
6
8
6
4
1
3
-5
6
0
3
-4
0
0
-9
-4
-7
0
-3
2
3
5
6
9
5
6
7
6
-4
-3
-3
-6
-3
-12
-4
-7
-7
-6
-5
-12
-11
-7
-6
-8
-8
-7
-12
-12
-6
-11
-14
-10
-9
-7
-5
-4
-7
-3
-9
-5
-14
-9
-9
-10
-14
-16
-14
-22
-13
-22
-16
-21
-15
-19
-13
-13
-4
-4
-7
-3
-9
1
1
6
-11
-6
-9
-13
-13
-9
-12
-11
-10
-8
-11
-7
-6
-13
1
-5
3
0
-1
-1
0
9
6
12
10
14
13
16
18
20
19
12
13
12
14
9
13
6
4
5
6
9
5
9
2
10
8
9
4
9
13
14
12
16
8
7
14
3
7
7
3
-2
4
-1
8
6
9
11
12
13
10
15
4
10
5
6
2
2
-6
-1
3
-3
-1
-4
-5
-5
-3
-5
1
-5
0
-2
1
1
-7
2
3
5
6
10
12
7
3
4
1
-3
1
0
0
-1
3
1
-1
0
1
-6
-9
-7
-5
-6
-13
-3
-12
-11
-11
-6
-6
-6
3
-5
-1
1
5
-2
4
-4
-4
-7
3
4
0
4
0
7
-7
4
1
-1
-3
-4
2
-2
-6
-4
-3
-7
-1
-3
2
-3
1
2
2
0
-4
5
-2
2
2
7
0
-2
-6
-9
-6
-3
-2
-6
-4
-2
-3
-9
-6
-9
-10
-10
-7
-7
-10
-10
-9
-4
-9
-7
-7
-9
-8
-9
-9
-8
-8
-9
-3
-4
-3
-6
-5
-7
-13
-10
-13
-10
-7
-12
-5
-3
0
-5
0
1
1
5
5
3
0
6
-2
8
-3
0
-9
-11
-6
-7
-1
-3
0
-1
6
8
14
10
15
7
9
2
3
5
6
7
2
10
3
11
8
5
-2
8
3
3
4
2
1
1
4
4
7
6
12
4
8
5
11
13
12
12
9
6
11
12
10
13
0
3
-1
-2
-5
-5
-5
-3
1
1
4
4
12
3
8
2
4
7
1
8
7
13
8
15
10
16
17
17
16
15
19
12
20
13
15
10
17
15
16
19
19
16
16
19
17
22
19
25
13
18
17
16
12
12
10
7
12
5
6
-1
5
4
0
-1
-6
-7
-3
-5
-7
-2
-1
-6
0
3
1
6
3
10
7
5
11
9
14
5
6
9
7
3
-9
-4
-12
-9
-9
-16
-16
-15
-17
-10
-4
-8
-10
-7
-3
-5
0
-3
-4
-7
2
-3
-6
-2
-3
-3
-3
-3
-8
-10
-9
-8
-7
-3
-11
-12
-8
-6
-9
-5
-7
-12
-9
-11
-6
-8
-3
-5
1
1
-4
-1
-6
-7
-14
-13
-15
-9
-8
-13
-15
-19
-19
-19
-19
-21
-18
-21
-17
-16
-16
-17
-16
-6
-7
-6
-7
0
2
0
2
3
0
-4
1
-3
-6
-2
-6
-10
-8
-7
-4
-4
-1
-1
-8
-5
-3
-9
-8
-6
-10
-6
-8
-7
-6
-3
-3
-10
-9
-9
-3
-10
-2
0
-6
1
0
0
-1
6
0
-4
-5
-7
-8
-12
-5
-6
-6
-7
-9
-10
-8
-3
-4
-8
-8
-5
-13
-12
-18
-12
-13
-13
-14
-13
-11
-11
-8
-9
-2
-9
-1
0
3
-4
-4
-7
-8
-9
-6
-9
-13
-9
-25
-21
-21
-15
-17
-10
-12
-8
-10
-9
-7
-10
3
4
14
9
13
5
10
16
19
13
14
22
16
19
12
16
2
3
-3
-4
-5
-6
-10
-15
-10
-12
-10
-13
-5
-6
6
3
1
3
9
12
10
18
12
18
19
21
20
21
19
12
12
6
9
1
3
3
7
3
6
12
15
16
20
24
19
22
18
26
26
28
32
38
36
34
33
32
34
28
28
17
17
15
16
8
4
3
-3
3
-1
9
4
6
6
12
12
16
18
18
22
14
23
26
25
23
19
18
18
9
7
8
9
13
13
9
7
9
6
10
4
4
3
6
6
8
7
5
10
5
10
7
12
9
9
12
17
17
10
12
6
10
6
7
-3
-5
-1
-8
-6
-6
-5
-7
-3
-4
-3
-3
4
6
9
14
16
13
10
10
2
4
1
3
-7
-7
-6
-5
-5
-15
-16
-19
-21
-24
-17
-20
-22
-19
-12
-12
-15
-13
-21
-19
-19
-16
-25
-22
-19
-20
-25
-18
-19
-22
-18
-23
-15
-15
-20
-16
-16
-13
-14
-13
-10
-18
-22
-16
-9
-18
-7
-10
-6
-12
-12
-10
-19
-12
-15
-9
-13
-10
-13
-9
-9
-8
-14
-10
-12
-14
-14
-14
-11
-15
-10
-13
-11
-18
-6
-14
-8
0
-4
-7
-8
-5
-10
-11
-6
-1
-8
-2
-5
-7
-9
-6
-11
-14
-9
-10
-9
-8
-3
-8
-12
-8
-6
-4
-2
-3
-3
-1
-4
0
-8
-3
-5
-2
0
-4
0
-4
-1
-11
-4
-7
2
-2
-4
3
8
9
13
12
4
17
9
16
9
8
4
7
7
5
7
3
3
0
7
3
3
2
4
2
6
8
8
7
9
11
13
19
14
21
25
31
26
19
22
20
14
13
14
10
6
6
2
-2
-3
-5
-1
1
0
4
3
5
-3
0
2
3
10
6
9
7
6
4
12
9
8
4
3
-1
0
2
1
4
0
8
-2
-3
-6
-7
-10
-7
-10
-8
1
2
2
0
4
3
3
-4
2
3
6
4
8
10
10
6
1
3
4
6
3
3
-4
3
2
10
10
6
4
-2
-1
0
6
7
12
9
9
7
13
7
7
7
6
4
-4
0
2
-3
-7
-4
-3
-7
-6
-4
-9
-7
0
-6
-6
-2
0
1
7
3
0
1
-1
2
-4
0
0
3
4
3
6
0
3
0
2
7
6
1
1
3
4
9
12
12
9
13
8
4
9
6
3
9
7
5
12
2
0
3
2
2
-2
4
-4
-4
1
-2
-1
-2
1
-1
-3
-3
1
-5
-7
-11
-9
-12
-10
-16
-18
-10
-17
-11
-13
-13
-13
-7
-3
-3
-7
-6
-10
-10
-7
-12
-6
-12
-9
-10
-4
-5
-4
0
-6
2
-3
-4
-2
-5
-6
-2
-3
-2
-4
-3
-6
0
0
-4
0
-6
-3
-6
-7
-9
3
-2
2
7
-1
3
0
8
6
12
10
12
10
9
8
7
9
6
7
3
10
4
6
9
6
5
9
7
5
5
6
12
5
9
5
4
6
6
1
2
-1
-2
0
2
0
-1
3
-4
-1
-8
1
0
-3
-2
2
-3
-5
1
-3
0
-1
0
-3
0
-5
-4
0
2
1
-8
0
-11
-7
-4
-12
-14
-9
-3
-14
-4
-3
-3
-7
-4
-9
-6
-8
-6
-3
-6
2
-4
0
-2
3
-3
4
-1
-4
-7
-6
-7
-17
-14
-17
-10
-10
-6
-7
-4
-8
-6
-11
-7
-4
-6
-3
-2
-6
-9
-4
-13
-12
-13
-9
-12
-10
-4
-10
-7
-7
-3
-7
-6
-8
-6
-3
-7
-5
-9
-9
-9
-2
-8
-3
-6
-3
0
-1
1
-6
5
-5
-1
-2
1
0
-1
1
-5
-2
3
5
-5
4
2
2
1
1
-3
0
2
1
4
3
1
1
1
0
8
6
9
6
3
6
3
3
7
4
10
11
8
8
3
8
5
7
7
13
14
11
10
9
7
6
-1
1
2
2
6
2
3
4
5
9
12
8
13
9
19
10
15
20
14
19
12
15
11
16
9
13
7
13
14
9
5
9
15
13
9
11
12
1
12
7
8
5
9
10
10
16
15
22
13
13
12
12
12
13
8
1
-3
-4
-8
-9
-6
-6
0
0
8
0
2
12
4
7
1
0
4
2
0
0
-6
-10
-7
2
-6
-9
-3
-12
-10
-11
-6
-15
-12
-15
-13
-18
-22
-22
-29
-25
-24
-19
-21
-16
-17
-12
-8
-3
-4
-6
-4
-8
1
-1
-3
-3
3
0
-5
-1
1
-2
-3
0
-4
-2
1
3
0
0
-2
-3
-6
-4
0
-6
3
-6
1
7
3
5
9
13
0
2
-1
4
-4
-6
-9
-8
-8
-6
-7
-8
-8
-12
-7
-8
-8
-12
-8
-13
-3
-4
-4
-3
1
-5
-3
0
-2
-1
-4
4
-1
4
2
7
0
3
1
3
4
2
8
0
7
3
9
7
7
1
2
5
3
2
0
4
0
-1
-5
2
2
1
4
4
-1
-2
6
1
8
6
4
6
6
3
-1
-1
-7
-7
-6
-6
-9
-10
-10
-10
-16
-8
-1
-5
1
-3
-2
-4
0
-1
2
-1
4
2
-3
6
4
7
7
6
4
5
-1
8
9
8
13
7
6
6
7
8
3
6
7
9
7
11
15
9
10
10
13
8
3
2
1
3
4
-1
2
-3
-4
0
3
6
-5
-1
-10
-10
-12
-11
-17
-19
-10
-13
-9
-13
-7
-6
-4
-1
2
-5
-1
-3
3
1
3
9
10
12
8
11
-5
-2
-9
-3
-11
-9
-5
-9
-9
-10
-13
-13
-3
-3
0
-3
6
4
4
6
11
12
12
15
13
12
10
10
6
7
3
0
-1
-4
-2
-9
-2
-3
-4
-3
1
-1
-2
5
-1
4
2
12
7
10
6
8
11
4
9
1
5
2
-1
-6
-3
0
0
1
7
-3
-3
-1
-3
0
2
6
-1
6
5
9
7
8
8
9
13
15
15
7
5
-2
-4
-8
-10
-12
-6
-3
-10
-4
-3
-5
-10
-4
-6
-6
-4
-9
-5
-12
-6
-5
-5
-2
-1
0
2
2
4
1
-2
-1
-5
-1
-3
-13
-19
-13
-14
-12
-16
-11
-14
-10
-4
-5
-4
-5
-2
-8
-1
-6
-1
-8
-6
-5
-8
-3
-8
-7
-9
-3
-3
-3
-6
-10
-16
-12
-6
-9
-3
-1
4
1
4
4
0
5
7
6
7
11
10
14
13
13
9
12
7
7
3
1
2
-1
1
-3
3
4
9
6
9
9
11
2
1
3
-5
0
1
3
0
2
-2
-3
-7
-9
-15
-19
-15
-19
-18
-16
-13
-13
-11
-8
-4
-5
-3
-4
2
-6
-1
-2
-2
-1
-2
0
-3
2
0
0
-5
0
-4
4
-2
3
2
2
-4
-6
-4
-7
-3
-7
1
-12
-1
-6
2
0
6
6
6
7
7
11
4
7
-1
0
-6
-7
-12
-5
-15
-14
-16
-16
-18
-23
-15
-19
-16
-12
-9
-6
-7
-4
-3
-6
1
-4
-4
-5
-6
1
-7
-6
-6
-5
-4
-7
-4
-11
-4
-13
-7
-13
-12
-10
-12
-10
-11
-9
-10
-4
-13
-6
-3
5
5
14
12
13
10
6
9
3
6
8
9
3
7
1
-1
0
5
5
12
8
13
18
16
19
14
19
14
21
19
22
21
21
21
24
20
21
22
19
26
22
20
13
9
4
4
0
-3
1
-4
5
2
3
9
4
13
8
9
7
12
7
10
11
11
11
13
12
3
6
1
8
4
10
1
9
-1
3
3
-1
3
6
7
7
17
10
15
7
12
8
9
8
4
3
5
4
1
0
-4
-1
-6
3
-3
0
0
3
0
3
11
8
10
7
13
8
7
7
7
3
6
9
-1
3
-3
2
-3
-1
0
-7
-5
-6
0
-3
-3
-5
0
1
-2
0
-4
-1
0
3
4
3
0
-2
-2
3
2
0
-2
0
-2
-2
3
-1
6
7
6
9
10
6
9
9
13
18
17
14
15
15
14
16
20
22
13
16
11
6
6
7
4
6
6
8
3
0
3
2
4
1
13
5
8
6
5
3
6
6
4
5
14
13
4
8
-3
7
-5
1
-11
-10
-12
-11
-8
-12
-10
-12
-7
-9
-7
-15
-9
-10
-10
-18
-11
-22
-11
-10
-13
-15
-17
-11
-23
-18
-22
-20
-26
-21
-23
-19
-24
-23
-17
-20
-15
-19
-10
-11
-9
-17
-13
-11
-20
-10
-13
-15
-24
-18
-16
-22
-17
-19
-18
-24
-17
-18
-18
-19
-19
-22
-20
-21
-16
-20
-19
-14
-17
-14
-19
-10
-10
-4
-6
-1
-3
-1
-7
-6
-8
-16
-17
-18
-18
-24
-14
-17
-15
-16
-7
-13
-4
-3
-9
-12
-10
-6
-3
-1
-4
3
6
13
6
12
14
22
13
11
20
12
9
12
14
13
9
13
8
9
4
5
0
-2
3
2
6
7
9
12
13
6
15
12
16
12
15
9
11
12
12
14
13
13
9
12
5
13
4
11
10
6
14
18
9
9
8
0
3
3
2
0
8
0
5
1
1
3
0
4
0
3
-1
1
2
-2
-3
0
3
1
0
-3
-7
-7
-4
-2
-1
0
0
-3
-5
-2
-6
-2
-8
-6
-3
-6
-3
-2
-3
-5
1
-1
0
-3
-1
0
0
1
4
-1
-6
-1
3
3
5
7
2
0
6
5
1
-2
-5
-5
2
3
0
3
3
3
3
3
9
7
8
9
5
6
4
-3
-1
0
0
0
0
-1
-2
0
0
5
3
7
6
10
3
8
-3
0
-2
-1
6
2
14
9
14
10
15
7
15
14
10
10
12
12
9
4
0
5
3
9
7
9
1
5
4
9
9
10
6
7
9
-4
2
-2
2
-1
0
-6
-4
-7
-8
-7
-7
0
-8
-5
-9
2
-3
-5
0
-2
3
-5
6
-4
2
0
-2
0
0
2
-2
3
0
4
0
5
1
2
-3
-2
-7
-12
-10
-6
-2
-8
-2
-7
-1
-2
3
1
-1
1
6
4
3
5
5
6
7
12
6
10
7
9
5
0
-1
0
-6
-9
-3
-3
-3
0
-4
-4
-3
-3
2
4
3
7
10
5
3
6
6
5
7
10
8
3
6
5
4
2
3
-3
-2
-6
-3
0
-5
-1
1
2
-2
13
6
5
4
13
8
4
4
3
10
3
7
0
-1
-11
-7
-12
-14
-16
-17
-16
-19
-14
-16
-14
-13
-10
-14
-6
-10
0
0
-2
-1
-2
0
-4
-4
-6
-2
-4
-2
-3
-10
-7
-3
-5
-7
-6
-11
-13
-13
-11
-10
-13
-7
-6
-1
-4
-6
-3
-2
0
-7
-2
1
-2
0
3
1
1
4
0
-6
-5
-5
-7
-11
-8
-12
-14
-10
-7
-7
-10
-6
-9
-4
-4
-1
-5
2
5
3
3
0
3
1
6
2
3
3
4
6
3
4
7
3
6
0
3
-1
2
9
5
3
0
3
-6
-7
-5
-1
-4
7
1
6
0
1
3
1
-1
-9
-5
-12
-13
-19
-16
-22
-14
-14
-10
-6
-1
-6
-6
0
-5
-1
-2
4
-3
-4
-12
-8
-14
-13
-11
-12
-11
-13
-14
-14
-13
-10
-3
-12
-7
-12
-7
-3
-6
-2
0
2
7
14
16
17
19
19
19
16
19
19
14
16
14
10
10
5
4
5
0
5
7
6
3
9
4
7
8
10
12
10
16
13
14
13
15
14
18
15
22
19
21
16
11
15
10
10
6
5
7
7
0
6
8
8
13
20
16
19
23
22
21
26
26
19
26
15
15
10
5
9
1
4
-1
2
0
-2
-1
-8
-4
-9
-8
-4
-3
-3
7
7
3
2
7
8
9
17
11
13
10
10
3
2
-6
-7
-13
-10
-10
-12
-16
-22
-17
-22
-22
-29
-22
-34
-25
-20
-19
-19
-17
-10
-10
-4
-11
-6
-21
-19
-25
-21
-20
-21
-27
-31
-25
-28
-26
-31
-25
-23
-17
-18
-15
-15
-13
-7
-9
-3
-4
-3
-2
3
2
0
-3
-5
0
-6
-3
-4
-10
-6
-5
-6
-9
-7
-3
-3
-10
0
-2
-1
-2
-5
-3
-3
-3
0
6
4
9
10
19
14
14
16
17
19
15
13
12
7
10
8
8
10
12
15
15
17
12
13
13
9
7
16
13
13
3
10
8
6
4
4
-1
3
3
2
3
0
7
5
14
5
9
8
8
8
15
13
12
18
14
15
13
19
15
18
12
19
12
10
6
5
4
6
7
-4
-2
-4
0
-4
-5
-5
-6
-4
-7
0
-1
-3
1
7
2
8
3
1
-3
-9
-1
-9
-5
-10
-4
-7
-1
-3
-7
-5
-9
-4
-9
-7
-15
-11
-9
-9
-9
-3
-10
-6
-4
-1
-4
-4
-3
-9
-10
-12
-9
-12
-16
-25
-19
-25
-22
-13
-11
-13
-14
-9
-13
-7
-6
-5
-2
-3
-6
-6
-7
-11
-9
-12
-10
-13
-19
-15
-10
-10
-5
-2
-5
-4
-3
-3
-5
-7
-7
-6
-6
-5
-2
-2
1
0
12
7
13
4
3
4
-3
6
-2
-6
-10
0
-9
-2
-2
-1
-5
1
5
6
12
10
12
7
13
13
13
12
13
10
11
13
13
8
8
10
11
12
11
20
14
18
21
18
23
16
14
15
14
19
23
22
20
23
22
22
16
14
14
21
19
17
16
8
3
7
6
0
2
2
2
-2
6
1
0
-2
0
-3
-1
4
1
4
4
3
3
5
4
4
4
6
-7
-3
-4
-6
-3
-1
0
-1
2
3
-4
0
2
0
-1
2
2
6
9
7
10
5
9
4
8
3
3
6
-1
0
-6
-3
-4
0
-11
-6
-9
-15
-9
-9
-12
-19
-13
-15
-16
-15
-8
-14
-4
-4
-3
-3
1
10
10
11
-1
5
-3
1
-7
-8
-12
-15
-16
-20
-15
-16
-15
-15
-16
-18
-13
-16
-6
-11
-10
-8
-9
-11
-9
-6
-6
2
0
1
-5
-3
-6
-7
-7
-8
-3
-9
-10
-17
-10
-16
-15
-12
-11
-10
-13
-4
-3
-1
-1
12
4
10
13
14
13
9
10
7
11
7
9
2
4
2
2
0
2
3
3
1
2
3
2
8
5
5
7
10
5
12
11
13
15
13
10
7
13
7
5
9
12
1
6
9
6
10
5
-1
3
3
-4
-3
-6
-9
0
3
1
5
-1
1
0
-7
-3
-7
0
-7
-5
3
-6
-3
-3
1
-3
1
-3
2
-5
-10
-7
-8
-3
-9
3
0
4
1
6
2
-1
-1
0
6
0
3
6
7
-3
2
-2
-3
-7
-2
-2
-4
3
0
-1
-3
3
-2
2
3
8
4
0
0
0
-3
-9
-6
-7
-8
-11
-9
-11
-13
-10
-6
-11
-14
-6
-4
0
3
3
0
1
3
-1
0
-1
1
0
5
2
0
10
8
6
7
9
4
6
0
-1
4
-3
4
5
1
7
6
7
0
3
2
-2
3
3
3
5
7
1
3
1
-3
-3
-8
-10
-4
-4
-6
-3
-3
-2
-4
0
0
2
4
4
0
2
0
-4
-1
3
1
-2
4
4
11
7
4
2
3
2
0
4
2
-3
-3
-6
-3
-2
0
3
-1
3
1
7
-5
1
-3
-3
3
3
-4
-2
2
-5
4
-1
5
-2
0
-4
3
-2
-3
4
3
-2
-4
6
-3
-1
0
0
-4
4
-6
-1
1
0
10
0
5
0
1
-2
-3
-10
-12
-6
-9
-5
-5
-8
-12
-13
-17
-10
-15
-13
-10
-15
-9
-13
-6
-15
-9
-13
-12
-7
-11
-12
-17
-10
-12
-7
-7
-5
-4
-7
-6
-6
-3
-7
-10
-10
-7
-2
-3
-2
1
-4
-3
-5
1
-4
-4
-5
-2
-8
-15
-10
-15
-6
-9
-7
-7
-4
-9
-5
-6
-5
-6
-8
3
-8
4
1
3
4
0
8
6
7
9
9
3
4
1
3
0
4
1
-5
-3
-3
0
-3
-3
-1
0
0
-1
-4
-1
0
-1
3
6
5
2
10
9
6
6
3
1
0
0
-4
-7
-7
-7
-4
-2
0
3
-2
-2
6
5
2
0
-1
2
6
6
7
6
9
2
2
3
0
2
6
2
-5
1
-3
0
1
3
10
0
4
13
9
13
15
18
17
18
19
18
18
13
18
10
19
22
16
18
7
8
7
6
4
8
2
7
9
9
16
15
14
12
14
8
10
4
5
7
9
6
3
6
6
2
6
4
2
0
-3
4
-3
1
1
0
-1
1
-2
-2
0
3
1
2
3
4
0
2
5
-3
6
-3
0
-2
-2
-4
-8
-3
-11
-1
-3
-4
-6
-4
-4
-3
-9
-7
-5
-3
0
-6
1
-2
2
0
5
4
7
8
7
5
1
5
0
3
3
2
-1
9
2
5
3
-2
-1
3
9
4
15
6
13
9
9
8
11
10
10
13
10
16
9
12
-1
3
1
0
-5
-5
-4
-5
-5
-8
-4
-6
3
2
5
-1
4
2
1
3
5
6
5
9
6
8
3
9
4
0
-3
-10
-7
-11
-9
-2
-12
-13
-7
-15
-10
-11
-3
0
1
3
5
9
13
17
10
15
10
6
8
1
4
6
7
5
7
3
4
3
1
8
1
7
5
6
6
10
3
2
1
3
6
4
13
11
15
11
11
14
18
12
18
13
15
12
11
10
6
7
-4
0
-3
5
-3
1
7
4
5
6
6
4
10
6
9
4
6
14
11
9
7
4
0
-2
-4
-2
-5
-3
-9
-12
-7
-6
-6
-6
-3
-6
-2
-8
-9
-11
-6
-4
0
2
-2
-1
-5
-6
-12
-13
-13
-15
-22
-20
-19
-18
-24
-23
-21
-29
-20
-20
-16
-19
-16
-10
-7
-9
-7
0
1
-2
-3
-3
-6
-5
-14
-9
-9
-13
-7
-17
-19
-16
-24
-22
-24
-23
-24
-23
-22
-23
-23
-24
-17
-15
-13
-11
-9
-11
-9
-13
-7
-13
-13
-11
-12
-13
-13
-7
-20
-12
-22
-15
-24
-20
-26
-18
-18
-22
-11
-22
-15
-18
-9
-14
-6
-5
-4
-9
-3
-1
0
3
3
4
-3
8
1
5
2
2
3
5
7
7
10
11
12
14
17
19
22
22
26
23
18
17
16
18
11
15
5
9
13
14
20
19
25
19
28
22
32
32
34
37
45
47
57
70
70
76
79
85
85
93
85
97
85
93
92
81
84
75
74
59
56
41
33
16
12
-3
-14
-26
-37
-51
-62
-76
-100
-112
-135
-146
-166
-180
-192
-210
-226
-237
-250
-263
-266
-275
-285
-287
-287
-285
-273
-269
-262
-249
-238
-217
-209
-185
-167
-139
-108
-75
-43
-15
25
54
96
124
167
187
228
260
290
319
345
376
394
418
435
461
464
490
490
497
491
489
479
464
448
432
409
383
354
321
286
241
208
156
113
65
34
-10
-46
-87
-130
-170
-211
-237
-275
-303
-334
-346
-367
-379
-394
-413
-421
-432
-436
-432
-426
-427
-416
-411
-410
-407
-405
-406
-405
-394
-380
-361
-354
-339
-333
-328
-317
-301
-285
-276
-249
-220
-200
-186
-161
-152
-123
-101
-72
-37
-6
29
61
101
126
167
200
240
278
324
371
410
446
487
528
563
598
631
666
694
725
749
766
774
785
776
767
752
729
699
664
628
583
532
471
411
339
263
180
101
32
-34
-102
-164
-228
-294
-365
-426
-486
-535
-567
-595
-610
-630
-635
-654
-665
-683
-681
-673
-652
-621
-588
-556
-534
-511
-503
-481
-464
-423
-385
-335
-297
-262
-234
-218
-211
-197
-169
-145
-109
-73
-39
-23
-12
-22
-26
-21
-12
3
29
58
69
66
57
45
24
21
38
62
93
121
140
146
149
139
149
176
216
266
324
379
411
435
449
473
495
534
581
642
674
696
702
683
663
632
623
604
598
578
549
491
423
340
254
177
108
60
18
-21
-85
-151
-233
-304
-366
-407
-429
-433
-429
-423
-439
-456
-482
-505
-512
-499
-461
-422
-379
-359
-349
-353
-362
-376
-377
-355
-321
-284
-259
-249
-264
-288
-301
-311
-298
-279
-247
-221
-205
-202
-215
-229
-253
-251
-240
-215
-182
-165
-175
-176
-205
-223
-238
-239
-230
-206
-177
-165
-149
-155
-146
-142
-111
-77
-17
45
119
181
240
303
361
429
497
585
671
756
832
897
948
992
1018
1049
1063
1074
1069
1056
1036
993
945
875
804
717
628
538
439
342
255
166
80
-4
-95
-177
-262
-331
-390
-437
-469
-500
-525
-548
-565
-590
-608
-633
-648
-644
-635
-623
-608
-600
-606
-616
-626
-632
-635
-615
-593
-563
-538
-519
-518
-524
-520
-511
-487
-459
-412
-373
-332
-313
-302
-299
-304
-293
-272
-236
-211
-186
-176
-180
-195
-215
-231
-236
-228
-212
-183
-161
-149
-135
-123
-107
-77
-29
34
108
194
277
358
429
511
587
674
775
879
981
1067
1142
1208
1259
1294
1324
1343
1366
1360
1357
1333
1292
1226
1156
1069
977
889
787
699
592
484
367
262
145
44
-56
-149
-244
-320
-395
-465
-514
-570
-618
-665
-699
-739
-764
-794
-826
-834
-848
-859
-860
-870
-876
-884
-895
-900
-902
-891
-875
-857
-842
-823
-797
-790
-767
-750
-717
-684
-640
-595
-553
-516
-482
-445
-423
-377
-351
-312
-282
-237
-215
-193
-174
-164
-155
-142
-119
-107
-76
-53
-26
-6
30
60
91
131
176
235
298
372
440
508
584
659
735
816
893
974
1049
1128
1200
1264
1318
1360
1385
1404
1416
1405
1394
1370
1334
1286
1223
1138
1045
943
830
728
616
505
384
264
152
26
-89
-211
-316
-420
-498
-579
-639
-700
-763
-819
-878
-913
-958
-969
-986
-988
-991
-990
-996
-1000
-1011
-1008
-1001
-982
-961
-933
-902
-894
-870
-857
-830
-802
-756
-714
-659
-613
-566
-534
-499
-462
-431
-376
-329
-270
-230
-184
-153
-124
-108
-87
-58
-29
12
42
66
76
85
84
87
98
120
154
180
214
241
261
287
308
341
397
454
517
596
659
718
766
826
878
942
1021
1097
1170
1233
1287
1305
1321
1327
1334
1330
1332
1321
1289
1236
1160
1065
955
848
736
633
524
424
311
183
46
-89
-218
-332
-428
-507
-580
-637
-706
-768
-829
-886
-926
-958
-964
-970
-960
-965
-964
-974
-983
-987
-981
-980
-956
-936
-913
-897
-889
-879
-886
-860
-850
-811
-778
-735
-703
-665
-644
-610
-587
-549
-507
-462
-409
-364
-317
-295
-247
-236
-198
-176
-125
-92
-61
-21
7
24
47
76
94
120
149
185
202
249
277
310
344
391
437
492
557
613
678
751
809
878
951
1019
1087
1154
1223
1281
1333
1385
1422
1445
1467
1471
1469
1450
1420
1366
1318
1238
1163
1066
963
857
735
617
488
365
231
114
-17
-129
-246
-341
-448
-534
-623
-696
-762
-821
-874
-935
-968
-1008
-1032
-1063
-1079
-1105
-1117
-1143
-1155
-1169
-1172
-1179
-1179
-1179
-1179
-1167
-1163
-1147
-1133
-1104
-1083
-1044
-1010
-965
-917
-861
-812
-755
-705
-651
-591
-526
-458
-396
-323
-268
-201
-154
-104
-56
-13
38
84
125
169
200
237
252
281
307
340
375
415
456
491
530
560
603
634
690
735
806
857
924
984
1039
1091
1152
1205
1253
1314
1362
1412
1445
1481
1484
1487
1473
1465
1433
1405
1359
1303
1230
1134
1036
911
793
674
555
420
303
174
47
-82
-211
-339
-449
-555
-645
-725
-799
-868
-936
-997
-1065
-1108
-1151
-1177
-1200
-1212
-1226
-1242
-1255
-1268
-1280
-1287
-1283
-1271
-1254
-1237
-1220
-1200
-1176
-1156
-1129
-1093
-1043
-996
-933
-870
-819
-767
-709
-649
-588
-519
-448
-381
-316
-253
-198
-155
-113
-72
-31
22
60
104
140
176
193
221
240
266
306
334
372
406
444
472
511
543
594
637
701
759
817
884
941
1000
1056
1119
1186
1253
1312
1378
1433
1482
1511
1541
1553
1564
1559
1551
1531
1494
1445
1388
1306
1217
1119
1009
896
770
647
510
386
247
120
-12
-136
-265
-377
-487
-590
-679
-758
-841
-912
-977
-1043
-1094
-1146
-1177
-1220
-1235
-1267
-1288
-1310
-1330
-1349
-1362
-1372
-1370
-1365
-1357
-1343
-1334
-1307
-1295
-1267
-1242
-1204
-1159
-1105
-1053
-1002
-949
-909
-857
-807
-751
-689
-628
-565
-505
-442
-392
-339
-288
-237
-180
-125
-70
-10
48
95
141
183
237
285
343
401
461
518
571
626
674
723
782
845
903
976
1040
1112
1172
1232
1292
1356
1419
1485
1555
1611
1659
1698
1718
1728
1742
1738
1728
1701
1666
1609
1550
1467
1361
1254
1131
998
867
730
582
448
303
163
24
-113
-239
-367
-483
-589
-680
-765
-846
-923
-995
-1055
-1122
-1176
-1229
-1268
-1307
-1333
-1362
-1391
-1421
-1450
-1476
-1491
-1489
-1498
-1485
-1472
-1447
-1439
-1417
-1393
-1355
-1315
-1263
-1191
-1136
-1072
-1011
-952
-894
-838
-772
-693
-625
-547
-486
-419
-366
-310
-264
-208
-143
-81
-7
52
120
168
219
260
312
362
423
486
552
612
659
706
740
788
836
894
951
1007
1065
1108
1161
1203
1252
1296
1352
1413
1463
1524
1554
1589
1605
1625
1636
1640
1646
1620
1600
1561
1511
1445
1365
1275
1175
1071
957
831
703
568
432
297
170
39
-95
-222
-342
-460
-575
-668
-761
-846
-925
-999
-1077
-1147
-1215
-1270
-1329
-1365
-1394
-1428
-1463
-1498
-1537
-1575
-1599
-1611
-1603
-1603
-1581
-1570
-1552
-1539
-1520
-1486
-1434
-1366
-1294
-1227
-1157
-1095
-1040
-977
-919
-842
-760
-658
-582
-490
-426
-371
-318
-261
-185
-117
-36
46
118
172
232
273
319
370
445
511
588
652
710
747
776
821
866
927
981
1048
1107
1155
1196
1232
1269
1309
1363
1434
1495
1553
1599
1631
1661
1676
1702
1726
1744
1759
1744
1729
1677
1617
1546
1471
1388
1292
1193
1074
945
795
651
497
355
219
84
-68
-199
-340
-478
-614
-733
-833
-934
-1018
-1111
-1192
-1286
-1368
-1440
-1494
-1541
-1572
-1600
-1634
-1668
-1709
-1741
-1761
-1764
-1756
-1723
-1701
-1672
-1647
-1628
-1601
-1560
-1501
-1425
-1340
-1254
-1165
-1093
-1022
-958
-887
-799
-701
-598
-484
-389
-315
-247
-189
-119
-47
46
140
231
307
360
411
443
481
535
601
673
744
800
838
869
885
909
945
997
1050
1113
1159
1194
1222
1247
1271
1312
1370
1430
1501
1549
1588
1610
1627
1650
1672
1694
1719
1729
1723
1685
1637
1567
1489
1416
1334
1254
1157
1036
894
750
590
441
299
166
42
-92
-228
-383
-525
-666
-784
-889
-980
-1056
-1133
-1219
-1311
-1401
-1491
-1554
-1599
-1620
-1646
-1663
-1694
-1744
-1784
-1820
-1828
-1819
-1782
-1747
-1711
-1679
-1664
-1643
-1615
-1564
-1486
-1389
-1284
-1186
-1102
-1031
-970
-897
-803
-700
-578
-453
-349
-262
-191
-132
-71
10
104
209
307
390
458
500
534
571
619
675
745
816
867
897
911
925
928
956
998
1049
1102
1146
1175
1188
1204
1227
1258
1309
1372
1431
1488
1522
1540
1536
1546
1563
1590
1616
1634
1621
1590
1528
1455
1384
1311
1244
1159
1081
958
825
671
512
357
218
104
-22
-146
-279
-430
-585
-718
-852
-949
-1029
-1102
-1181
-1266
-1354
-1454
-1544
-1609
-1650
-1673
-1685
-1702
-1727
-1767
-1801
-1824
-1831
-1816
-1776
-1729
-1680
-1637
-1615
-1587
-1559
-1506
-1428
-1329
-1227
-1123
-1037
-968
-899
-833
-738
-639
-514
-393
-285
-191
-119
-55
0
86
174
273
368
457
516
564
596
635
680
741
816
871
923
949
969
966
985
999
1040
1081
1125
1158
1176
1193
1194
1212
1248
1295
1350
1403
1439
1467
1473
1489
1496
1520
1549
1582
1597
1593
1567
1513
1454
1391
1335
1275
1208
1119
1013
875
725
569
417
283
158
38
-92
-240
-391
-549
-698
-829
-929
-1021
-1094
-1167
-1253
-1347
-1442
-1524
-1597
-1633
-1659
-1678
-1697
-1720
-1757
-1792
-1823
-1836
-1824
-1789
-1746
-1701
-1661
-1630
-1597
-1561
-1501
-1428
-1330
-1231
-1123
-1030
-944
-868
-791
-707
-606
-498
-390
-275
-186
-106
-44
25
87
161
244
321
397
453
504
540
576
615
658
709
761
806
838
862
882
903
926
958
988
1025
1056
1085
1110
1124
1154
1180
1214
1261
1310
1350
1388
1416
1453
1485
1520
1557
1587
1613
1625
1624
1600
1562
1515
1471
1417
1359
1274
1166
1049
913
766
617
471
325
188
49
-101
-262
-417
-576
-722
-848
-961
-1061
-1149
-1247
-1343
-1429
-1524
-1593
-1651
-1687
-1712
-1726
-1747
-1772
-1795
-1818
-1831
-1830
-1806
-1781
-1727
-1688
-1646
-1605
-1562
-1512
-1448
-1371
-1283
-1189
-1081
-985
-887
-803
-721
-626
-533
-421
-328
-226
-145
-54
11
79
139
199
268
328
394
448
497
535
569
600
637
662
705
730
758
780
800
822
834
854
875
907
935
964
1002
1028
1062
1100
1140
1179
1227
1281
1324
1374
1420
1452
1494
1529
1565
1593
1599
1603
1585
1569
1524
1483
1416
1348
1273
1173
1058
922
786
626
479
332
187
32
-114
-273
-433
-579
-723
-852
-967
-1065
-1158
-1234
-1319
-1400
-1475
-1544
-1596
-1630
-1661
-1675
-1687
-1701
-1716
-1736
-1744
-1745
-1735
-1716
-1675
-1630
-1583
-1540
-1492
-1448
-1394
-1325
-1236
-1141
-1041
-943
-858
-759
-684
-600
-508
-401
-307
-205
-104
-33
34
88
152
207
272
334
388
449
490
528
553
581
611
642
679
711
742
765
783
799
814
831
861
889
931
962
998
1024
1054
1090
1132
1180
1225
1285
1327
1378
1411
1449
1482
1520
1551
1578
1589
1586
1574
1541
1495
1433
1368
1296
1211
1112
1002
861
715
562
406
261
112
-36
-181
-323
-468
-614
-751
-881
-993
-1081
-1156
-1232
-1310
-1381
-1447
-1514
-1555
-1592
-1619
-1635
-1647
-1650
-1662
-1678
-1698
-1693
-1682
-1655
-1618
-1581
-1543
-1500
-1463
-1422
-1368
-1308
-1230
-1153
-1060
-968
-885
-809
-728
-654
-563
-470
-374
-275
-190
-105
-30
37
106
173
233
302
373
434
486
529
564
594
623
660
701
746
783
816
835
862
884
903
933
960
998
1031
1072
1107
1141
1174
1218
1262
1312
1358
1402
1438
1474
1508
1526
1549
1557
1574
1560
1558
1530
1486
1432
1359
1291
1201
1119
1006
900
766
639
496
357
215
66
-72
-210
-338
-471
-604
-742
-861
-977
-1075
-1163
-1242
-1325
-1400
-1472
-1535
-1588
-1636
-1666
-1689
-1705
-1720
-1719
-1724
-1726
-1715
-1699
-1674
-1647
-1600
-1557
-1508
-1462
-1404
-1350
-1294
-1225
-1159
-1075
-999
-907
-833
-747
-672
-590
-506
-421
-331
-244
-149
-66
21
91
167
231
300
369
451
510
578
631
677
724
756
797
831
876
904
951
982
1010
1038
1069
1091
1121
1160
1198
1244
1280
1319
1352
1396
1436
1478
1513
1542
1582
1606
1626
1637
1629
1616
1597
1568
1527
1484
1423
1345
1261
1165
1055
939
808
680
539
402
262
107
-43
-208
-348
-493
-627
-758
-884
-1012
-1122
-1231
-1334
-1428
-1517
-1589
-1658
-1702
-1752
-1787
-1827
-1841
-1864
-1859
-1861
-1852
-1844
-1823
-1787
-1753
-1704
-1658
-1599
-1545
-1474
-1404
-1321
-1251
-1170
-1092
-1004
-908
-808
-717
-639
-546
-453
-360
-269
-177
-89
-4
82
175
247
314
379
446
506
572
636
689
740
778
820
860
897
931
966
1001
1043
1085
1110
1140
1160
1182
1213
1248
1292
1329
1366
1404
1450
1476
1512
1540
1572
1600
1624
1653
1663
1659
1639
1612
1575
1525
1470
1412
1333
1246
1154
1043
916
775
631
489
348
205
61
-88
-243
-394
-538
-682
-825
-951
-1053
-1158
-1245
-1331
-1417
-1506
-1586
-1650
-1710
-1750
-1791
-1812
-1836
-1847
-1860
-1872
-1874
-1871
-1856
-1830
-1784
-1739
-1691
-1644
-1593
-1532
-1461
-1396
-1309
-1224
-1123
-1033
-930
-836
-749
-661
-579
-484
-399
-297
-203
-105
-24
65
137
211
280
347
422
500
577
651
718
768
823
857
909
958
1007
1054
1103
1145
1181
1213
1235
1256
1279
1300
1334
1378
1404
1441
1465
1485
1501
1521
1542
1556
1588
1610
1627
1626
1618
1596
1560
1522
1463
1412
1343
1277
1184
1093
973
837
686
537
399
247
111
-30
-167
-319
-462
-605
-743
-877
-986
-1085
-1164
-1243
-1322
-1398
-1470
-1539
-1597
-1636
-1674
-1690
-1710
-1714
-1726
-1730
-1748
-1757
-1763
-1758
-1731
-1690
-1641
-1592
-1546
-1501
-1448
-1396
-1329
-1259
-1176
-1090
-989
-891
-795
-717
-641
-560
-481
-386
-284
-184
-85
-4
81
151
224
291
349
429
500
593
665
746
799
844
872
919
966
1020
1078
1120
1159
1193
1227
1238
1262
1266
1286
1303
1345
1379
1413
1427
1430
1431
1435
1446
1462
1477
1482
1489
1483
1473
1432
1393
1328
1273
1206
1152
1085
1001
902
770
636
496
369
231
94
-40
-173
-289
-415
-543
-677
-812
-928
-1034
-1108
-1174
-1236
-1305
-1383
-1453
-1513
-1567
-1612
-1652
-1678
-1699
-1699
-1694
-1702
-1709
-1725
-1729
-1719
-1680
-1630
-1585
-1536
-1491
-1444
-1384
-1322
-1249
-1178
-1098
-1001
-893
-779
-685
-591
-516
-439
-345
-244
-135
-32
60
141
230
307
389
458
521
585
647
732
807
870
921
947
984
1018
1067
1114
1154
1184
1207
1240
1266
1296
1302
1305
1310
1335
1360
1404
1428
1435
1424
1425
1429
1440
1451
1444
1427
1398
1387
1356
1316
1246
1172
1072
1004
931
860
763
639
509
366
243
121
6
-135
-257
-388
-488
-598
-706
-827
-945
-1053
-1134
-1188
-1243
-1299
-1379
-1443
-1511
-1550
-1590
-1625
-1655
-1686
-1704
-1700
-1691
-1689
-1690
-1700
-1697
-1664
-1619
-1555
-1497
-1447
-1394
-1331
-1252
-1165
-1091
-1012
-930
-833
-721
-606
-497
-422
-340
-269
-169
-69
40
131
208
280
354
445
522
594
645
706
770
850
918
982
1019
1049
1081
1118
1166
1209
1236
1251
1271
1288
1314
1331
1339
1340
1342
1350
1375
1398
1403
1397
1393
1378
1375
1380
1374
1364
1340
1311
1265
1222
1164
1092
1015
941
857
774
693
584
462
320
194
72
-57
-167
-290
-402
-509
-612
-712
-819
-920
-1026
-1101
-1166
-1222
-1274
-1334
-1394
-1441
-1499
-1543
-1577
-1609
-1628
-1645
-1643
-1640
-1634
-1648
-1647
-1638
-1608
-1565
-1511
-1453
-1394
-1324
-1258
-1182
-1100
-1023
-952
-865
-772
-662
-560
-470
-383
-298
-219
-136
-42
44
126
192
274
356
436
506
568
622
680
737
801
874
925
978
1015
1055
1091
1131
1153
1173
1197
1225
1255
1272
1283
1283
1296
1298
1318
1327
1336
1325
1325
1350
1361
1369
1346
1333
1312
1296
1268
1221
1164
1087
1018
942
879
807
724
614
487
361
233
107
-16
-120
-227
-332
-440
-543
-632
-726
-835
-946
-1035
-1117
-1182
-1224
-1261
-1319
-1387
-1455
-1486
-1504
-1549
-1602
-1658
-1672
-1644
-1628
-1630
-1647
-1662
-1649
-1613
-1536
-1476
-1435
-1378
-1312
-1207
-1114
-1023
-956
-887
-813
-735
-624
-536
-427
-345
-249
-164
-86
6
73
139
196
306
429
537
603
680
748
796
846
926
1009
1072
1137
1164
1195
1182
1210
1256
1292
1313
1292
1276
1230
1221
1249
1281
1312
1305
1300
1307
1318
1346
1316
1325
1261
1240
1242
1265
1265
1146
1084
978
937
839
763
680
551
409
279
193
54
-101
-218
-341
-458
-528
-556
-590
-697
-764
-844
-924
-1074
-1175
-1191
-1156
-1183
-1250
-1319
-1336
-1340
-1268
-1243
-1545
-2145
-2674
-2418
-1698
-1083
-952
-1252
-1874
-2436
-2430
-1816
-1283
-1155
-1457
-1762
-1838
-1580
-677
-132
-105
-789
-1111
-785
-141
733
522
-17
-876
-543
876
1781
1935
497
-109
-151
1116
2250
2223
1566
136
399
1272
2763
2648
1506
492
395
1652
2585
3217
2485
1651
1335
2032
3007
3091
2516
1794
1818
2409
3022
3087
2469
1678
1163
603
-400
-1339
-1585
-955
-408
-486
-1368
-2683
-3787
-4523
-4209
-4138
-4438
-4671
-3714
-1669
-535
-330
-955
-1085
-723
-98
1356
2770
3693
3942
4424
5094
4880
4102
3023
2434
2018
1517
1363
1250
795
-437
-1885
-3164
-4463
-5348
-5939
-6142
-5957
-5817
-5457
-5359
-5210
-5291
-5431
-4888
-4054
-2571
-1090
116
1119
1837
2418
2454
2678
2793
2886
3450
3703
4024
3866
3333
2340
1274
494
-547
-803
-993
-1084
-1012
-1284
-1531
-1717
-1638
-1751
-1527
-825
-178
1179
2475
3394
4255
4541
4893
5160
5594
5990
6170
6443
6001
5778
5369
4564
3858
2391
342
-2466
-4361
-4633
-4373
-3848
-4512
-5630
-6417
-7601
-7878
-7686
-7539
-6989
-5807
-3067
-535
1494
2697
3054
3912
4030
4821
6258
7531
8534
8662
8604
7269
5608
3957
1812
123
-1979
-3404
-4000
-4804
-5460
-6617
-7653
-8917
-9831
-9476
-8912
-7442
-5786
-4256
-2484
-1304
16
1152
2143
2925
3299
4584
5581
6167
6547
5892
4997
3229
1041
-898
-2314
-2618
-3449
-3442
-4199
-6011
-6265
-7462
-7170
-6744
-6677
-5234
-3961
-1179
364
2171
3312
3108
4664
5002
6428
8085
8808
9861
9419
8858
7654
6644
5789
4157
3491
2556
1950
1666
762
-42
-976
-1563
-2074
-2213
-2040
-1712
-823
-399
-541
-1881
-3603
-3661
-2933
-1246
39
-335
-12
-720
-1372
-1212
-2167
-2684
-3054
-2314
-832
547
1623
1824
1954
1347
348
238
367
734
1630
1992
2006
1592
924
-26
-1117
-2381
-3451
-3633
-3773
-3518
-3118
-2616
-2414
-2520
-2707
-3129
-2995
-2529
-1724
-557
143
753
1330
1556
1671
1246
840
247
-31
76
12
133
-91
-704
-1917
-3523
-4784
-4946
-4374
-3659
-2783
-2059
-1526
-1031
-532
-453
-274
325
862
2395
4086
4886
5678
5771
5250
4661
4009
3524
3581
3882
3543
3429
3089
2115
1665
926
253
42
342
1039
1581
2579
3078
3291
3877
3595
3308
3162
2755
3128
2504
810
-2217
-4127
-3972
-4259
-2900
-3500
-4239
-4234
-6104
-5970
-6479
-6806
-6492
-5763
-2749
-640
1694
3224
4338
5094
4114
4003
3988
4254
3364
4429
5957
3627
2442
664
-512
-2821
-6426
-6122
-6862
-7434
-8008
-5713
-4786
-5230
-3243
-3786
-3002
-3344
-1138
487
708
2068
4559
4734
4010
5072
4136
3249
787
950
521
-558
-1345
-1028
-1739
-3488
-3912
-5318
-6868
-7600
-5263
-4390
-2740
-323
-306
1553
1561
376
2510
1848
2259
4160
5326
5726
6114
6808
4087
4087
2926
1067
2312
1181
1335
2552
1752
1527
1115
1597
690
1087
2278
1922
4110
4965
5643
6285
5870
5092
4765
3927
2845
1742
-2269
-5799
-6468
-6541
-5393
-4099
-4800
-4400
-5966
-7218
-7076
-8285
-8077
-7302
-4259
-982
1851
4713
6556
7749
7056
5525
4269
3523
3009
3447
3833
3550
2754
983
-1106
-3921
-6767
-8942
-10043
-10435
-9949
-8132
-5904
-3342
-1749
-892
-385
53
745
1402
2495
3641
5216
6340
6971
6742
5418
3653
1206
-1051
-2893
-4181
-4875
-4946
-4869
-4908
-5289
-5707
-6347
-7085
-6819
-6370
-4595
-1425
821
3029
5063
5021
5721
5531
4151
4576
4204
4527
5070
5548
4926
3834
3580
961
255
-340
-1345
-317
-207
828
1590
2261
3169
2938
3816
4014
4576
6128
6372
7348
7730
7672
7181
5873
4903
2468
591
-3057
-7771
-8903
-9541
-8351
-6506
-6223
-4976
-5931
-7375
-7675
-8472
-8335
-7659
-4631
-691
2945
5924
8228
9955
9497
7623
5115
3537
2156
1417
1490
1386
922
-356
-2221
-4608
-7350
-9963
-11468
-11804
-11064
-9140
-6420
-3184
-230
1681
2827
3245
3333
3010
3000
3175
3909
5009
5394
5468
4397
2649
390
-2127
-4512
-6390
-7296
-7320
-6951
-5881
-4785
-4021
-3129
-3138
-3338
-2821
-1640
-459
1639
3864
5072
6859
7573
6662
5803
4444
2653
1924
1597
509
1008
1240
515
880
307
-501
-299
-99
-179
857
2223
3303
4642
5692
6173
6723
7101
7032
7062
7304
7057
6499
6115
5175
3922
1797
263
-3088
-7602
-10257
-11170
-9743
-8074
-6708
-5451
-4272
-5571
-6180
-5953
-7127
-6851
-4902
-1417
2253
5577
7806
9865
10420
8593
6289
3884
1628
-206
-1085
-1456
-1434
-1601
-2457
-3891
-5774
-8118
-9746
-10183
-10143
-8845
-6371
-3417
50
2825
4509
5786
5936
5165
3871
2673
2180
2074
2152
2337
2114
1295
-95
-1922
-3688
-5706
-7146
-7630
-7571
-6785
-5349
-3507
-1541
-134
451
519
305
729
1534
1898
2854
3741
4370
5353
4695
3937
2808
923
-482
-1434
-1651
-2143
-923
-114
641
2068
1832
2714
3048
2772
3465
3982
4884
5760
6651
7103
7644
8102
7418
7565
6542
5595
5284
3616
2836
1217
-445
-2234
-6054
-9791
-10526
-9044
-7805
-5632
-4545
-3898
-4127
-6213
-5782
-5784
-6665
-5172
-2138
1227
4278
6553
8070
9277
8310
5884
3601
1262
-571
-1603
-2036
-2313
-2484
-2871
-4038
-5307
-6804
-8406
-8642
-8384
-7726
-5878
-3395
-373
2577
4374
5634
6359
5915
4728
3143
1795
909
330
-102
-287
-669
-1700
-2718
-3628
-4734
-5909
-6663
-6648
-6304
-5485
-4061
-1911
192
1357
2265
2831
2766
2792
3161
2627
2276
2728
2962
3072
3130
2473
1691
912
-513
-1078
-1504
-2038
-1414
179
1132
2399
3816
4630
5414
5354
6001
6029
6008
6253
6186
6478
6853
7297
7117
7314
6280
5341
4544
2582
1008
-479
-2817
-6545
-10568
-11510
-9431
-8367
-5458
-3584
-2999
-2608
-5687
-6380
-6187
-7944
-7173
-3211
-469
3194
6664
7785
10064
9389
6597
4163
1018
-1702
-2931
-3438
-3391
-2564
-2542
-2873
-3853
-5275
-6885
-8026
-7809
-7499
-6367
-3899
-1014
2249
4994
6424
7703
7319
5257
3219
979
-472
-1313
-2066
-2056
-1815
-2309
-2693
-3083
-3853
-4756
-5774
-6274
-6182
-5787
-4320
-1937
248
2152
3334
4075
3802
3220
3225
2295
1648
900
923
1601
991
1844
1555
805
349
-954
-1205
-2129
-1640
-743
603
2437
3614
5736
6218
6559
7349
6794
6610
6206
5547
5719
5721
6053
6405
6489
6423
5767
4910
3385
1553
-110
-2340
-6536
-11150
-12073
-10466
-8711
-5328
-3139
-1560
-787
-4140
-5530
-5932
-8088
-7726
-4737
-1841
2004
6088
7970
10496
10927
8178
5565
1835
-2027
-3920
-5000
-5204
-3959
-3029
-2583
-2704
-3623
-4872
-6047
-6561
-6941
-6502
-4631
-2128
1169
4440
6654
8494
8825
6818
4123
1179
-1403
-3006
-4339
-4735
-4022
-3690
-3441
-2933
-2724
-2803
-3769
-4711
-5075
-5552
-4708
-2678
-339
2104
3874
5261
5460
4748
4241
3197
1832
-174
-1535
-724
-1216
-830
1134
825
829
843
-302
-1105
-1134
-1246
-234
1909
2851
5149
7340
7196
8193
8818
7605
6596
5816
4765
4050
4236
4478
4936
5853
5983
5423
4905
2947
375
-1393
-5612
-11139
-12504
-11213
-10057
-6729
-3294
-1386
426
-1795
-4480
-4762
-7637
-9001
-6192
-4033
-851
4386
7174
9737
11778
10128
7615
4199
-667
-3782
-5772
-7075
-6122
-4609
-3353
-2500
-2443
-2976
-4113
-5065
-5736
-6390
-5443
-3446
-983
2568
5487
7891
9766
8745
6198
3489
41
-2615
-4672
-6111
-5885
-5213
-4707
-3479
-2099
-1400
-1441
-2202
-3016
-3884
-4432
-3819
-2153
151
2422
4354
5787
5532
4694
4045
2287
274
-1405
-2086
-2175
-2421
-1213
261
728
1035
1400
1006
128
-2
165
977
2168
3729
5929
7032
7723
8715
8447
7445
6162
4980
3935
2719
2815
3534
4173
5140
5695
5496
4797
2796
72
-3151
-8943
-12820
-11984
-11223
-9316
-5224
-2448
-221
-90
-2739
-3449
-5053
-8360
-7130
-4807
-3176
1593
5504
8118
11318
11382
9570
7209
2193
-1998
-4755
-7746
-8135
-6961
-5767
-4162
-3105
-2409
-2335
-3092
-3561
-4422
-4825
-3799
-2480
91
3136
5637
8333
9187
7455
5319
2361
-955
-3718
-6411
-7415
-7256
-6893
-5659
-3566
-1468
-122
89
-528
-1028
-2389
-3025
-2338
-1450
-59
1665
3407
4011
4341
4350
3394
1782
-278
-2092
-2797
-3214
-3037
-1217
43
638
1950
2615
1880
1939
1837
1210
1794
2636
3727
5358
6541
7313
8024
7653
6393
5271
4159
2648
2017
2533
3291
4292
5500
6393
6464
5783
3609
716
-3987
-10471
-12668
-11815
-11504
-8577
-5078
-2566
88
-808
-2355
-1991
-5038
-6894
-4561
-4213
-2039
2869
5177
8090
10762
9667
8326
5180
0
-2788
-6006
-9064
-8812
-8087
-7009
-4812
-3014
-1275
-399
-485
-458
-1204
-1780
-1241
-239
1389
3054
4533
6244
6017
4150
2572
-86
-3044
-5513
-7871
-8416
-7808
-6987
-4759
-2093
204
2026
2585
2756
2374
1165
337
-135
-347
-304
307
1260
1082
995
1427
299
-998
-1528
-2530
-2823
-2652
-2443
-736
536
1395
3321
4184
3753
3965
3994
3056
3201
3776
4017
4636
5143
5332
5411
4823
3727
3230
2485
1815
2257
3561
4875
6247
7710
8226
7340
5367
2844
-2266
-9226
-12647
-12834
-12878
-10799
-7200
-4014
-748
-312
-1076
-346
-2764
-5519
-4262
-4046
-3279
885
3475
5906
9222
9487
8200
6125
1675
-1970
-4912
-8970
-10089
-9364
-8664
-6518
-3675
-1148
716
1524
1644
1218
205
-106
-117
446
1434
2672
4243
4798
3874
2726
910
-2054
-4660
-7201
-8579
-8486
-7784
-6188
-3402
-401
2134
3741
4533
4676
3535
2060
625
-484
-1255
-1503
-1096
-372
-400
442
1475
68
-271
-174
-1514
-2200
-1577
-1300
-362
1424
2116
3821
4472
3842
4069
3923
2659
2494
3186
2176
2833
3982
4097
4090
4324
3821
3462
3804
3305
4705
6121
6927
8014
8872
8237
6440
4196
211
-6349
-12438
-13586
-13897
-13279
-9884
-6439
-3174
-595
-783
-608
-776
-4025
-4351
-3244
-3638
-1161
2426
4083
7059
9095
8303
7258
4142
132
-2572
-6424
-9338
-9414
-9042
-7770
-5216
-2377
-88
1344
2121
2306
1456
657
113
-356
-132
377
1517
2914
2918
2191
1476
-404
-2513
-4640
-6431
-6968
-6725
-5974
-4029
-1355
1272
3524
4842
5554
5019
3482
1709
88
-1618
-2883
-3164
-2925
-2716
-2150
-241
310
103
793
-18
-922
-1552
-1461
-1034
-442
959
2231
3696
3664
4428
4649
3994
3417
3413
3164
2168
3078
3170
3572
3552
4103
4368
4288
4920
5240
6445
6669
7338
7402
6918
5484
2860
-342
-6744
-12335
-13399
-13083
-12687
-9536
-6014
-3048
-260
-226
479
304
-2516
-3502
-2643
-3119
-1524
1996
3332
6349
8233
7677
6599
4008
536
-2309
-5918
-9197
-9499
-9272
-7998
-5643
-2464
118
1734
2866
3194
2736
1894
1177
166
-140
-44
647
1947
2256
1845
1614
236
-1677
-3420
-5260
-6002
-6119
-5933
-4459
-1995
489
2775
4570
5381
5165
3907
2184
436
-1312
-2708
-3947
-4366
-3832
-3240
-1595
554
362
1120
2215
422
-280
-146
-811
-1121
117
729
1825
3454
3396
4443
4748
3703
3420
3457
1961
1799
2882
2334
2466
3481
4112
4320
5428
6049
6510
7377
7414
7300
6874
5357
2589
-331
-5304
-11274
-13120
-12856
-12603
-10173
-6334
-3488
-517
689
716
1095
-1324
-3073
-2942
-3195
-2639
342
2288
4264
6978
7140
6755
5071
2232
-536
-3835
-7326
-8685
-8762
-8157
-6192
-3608
-834
1110
2579
3652
3601
2943
2037
726
-225
-663
-527
185
900
781
824
590
-539
-1708
-3067
-4323
-4942
-5378
-4914
-3114
-1090
1292
3303
4751
5238
4825
3672
2035
37
-2206
-3912
-4582
-4856
-4732
-3065
-1331
-297
1016
2420
1804
1171
929
-393
-1078
-1256
-669
291
1449
2572
4018
4819
4293
4786
4429
2930
2275
2330
1516
1230
2519
2879
3804
5215
6099
6890
7888
7946
7580
7358
5045
2405
-256
-4897
-10903
-13326
-12663
-12427
-10087
-6519
-3596
-627
907
922
1183
-598
-2983
-2788
-3196
-3147
-343
1859
3599
6434
7644
6903
6045
3461
673
-2352
-6349
-8302
-8872
-8709
-7527
-4720
-1975
183
2241
3649
4213
3824
3227
1921
668
-269
-750
-454
146
152
243
553
-41
-678
-1653
-2868
-3673
-4307
-4584
-3824
-2188
-291
1464
2977
4141
4416
3883
2668
977
-1044
-2854
-4178
-4997
-5309
-4417
-2372
-1070
517
2310
2791
2432
2039
1116
-234
-870
-1343
-743
49
1097
2837
3973
4493
4962
5320
3860
3034
2604
1596
1016
1308
1987
2745
4513
5681
6861
8151
8461
8188
7969
5952
3257
391
-4842
-10996
-13648
-12976
-12837
-10271
-6687
-3331
67
1572
1831
1890
383
-2478
-2549
-3488
-3599
-1135
735
2825
5508
7424
6846
6606
4578
1878
-1102
-5332
-7710
-8870
-9060
-8435
-5925
-3332
-939
1588
3659
4739
4775
4518
2980
1461
273
-849
-1229
-1036
-1253
-1133
-534
-385
-142
-626
-1361
-2069
-3113
-3835
-3724
-2701
-1725
-282
1201
2467
3203
3458
3171
1868
263
-1593
-3248
-4784
-5547
-5399
-3804
-2572
-985
1479
2514
3083
2873
2452
770
-346
-972
-1462
-1010
-507
1389
2526
3922
4918
5616
5229
4212
3824
2390
1453
591
1187
1786
3019
5125
6904
8602
9551
9841
8924
7283
4187
29
-5598
-11403
-13602
-13523
-12982
-10352
-6670
-2792
407
1908
2562
2619
415
-1811
-2419
-4004
-3558
-1690
-42
2421
5296
6631
7040
6956
5027
2956
-546
-4373
-6959
-8503
-9165
-8659
-6533
-4266
-1855
846
3356
4779
5446
5290
3898
2543
1044
-453
-1149
-1722
-2368
-2300
-1835
-1344
-645
-556
-687
-885
-1704
-2321
-2288
-2092
-1772
-1048
-133
633
1402
2322
2445
1765
792
-327
-1698
-3370
-4764
-5040
-4521
-3879
-1954
53
1488
2787
3353
3102
1948
1141
69
-660
-1178
-985
181
976
2477
4017
5356
5226
5368
4881
3598
2567
1529
1471
1392
2747
4165
6253
8176
9394
10108
9540
7984
4319
-772
-7342
-11829
-13198
-14109
-13090
-10337
-6558
-2701
-37
1737
3068
3019
885
-116
-1831
-2859
-2045
-1252
322
2667
5225
5845
6677
6205
4962
2588
-903
-3971
-6636
-8026
-9242
-8559
-7106
-5218
-2763
153
2501
4182
5475
5303
4530
3441
2064
664
-617
-2383
-3405
-3737
-3692
-2934
-2500
-1876
-1069
-842
-1027
-904
-573
-810
-767
-758
-755
-255
302
857
1004
670
126
56
-847
-1964
-2146
-2546
-2628
-2222
-1504
-796
145
1160
1455
1818
1582
1509
1254
393
343
581
1017
1244
2615
3677
3937
4273
4412
4189
3560
3540
2852
2837
3463
4038
5294
6763
7718
8113
8223
6695
3370
-1641
-6371
-8874
-10974
-11754
-11370
-9446
-6313
-4028
-1787
176
1694
1559
1684
427
-453
68
-302
480
1775
3703
4526
5441
5236
4703
3616
909
-1649
-4255
-6065
-7629
-7868
-7698
-6606
-4676
-2661
-730
1131
2843
3906
4444
4100
3376
2773
2042
412
-1116
-2204
-2790
-2973
-3250
-3198
-2374
-1840
-1652
-1307
-871
-323
-34
37
-198
-345
-415
-610
-1095
-1336
-937
-661
-801
-1100
-1003
-694
-1109
-866
-696
-711
-392
-113
182
-146
933
1162
1324
1674
1742
2437
2539
2960
2788
3391
3286
2918
2834
2253
2320
2470
2845
3022
3938
5017
5811
6605
7044
7262
6457
4159
-114
-3859
-5584
-7789
-8929
-9086
-8100
-6530
-5113
-3957
-2727
-598
-326
548
233
17
766
783
1079
1966
3736
4120
5187
5261
5076
4245
2455
233
-2502
-4477
-6799
-8003
-8596
-8286
-6917
-4616
-2390
-247
2012
3678
4887
5355
4861
4034
2983
1191
-539
-1773
-2418
-2668
-2874
-2858
-2035
-1369
-956
-805
-634
-867
-1103
-1208
-1646
-1684
-1666
-1543
-1475
-1312
-1045
-104
0
-11
420
230
40
-221
-335
-1157
-927
-365
-575
33
408
1101
1571
1735
2211
2760
3227
2946
3191
3108
2567
2672
2473
1940
2083
2468
2457
2853
4030
5038
5997
6768
6976
6821
5693
2677
-1485
-3787
-5743
-7183
-7603
-7705
-6581
-5423
-4301
-3995
-2650
-1807
-1745
-971
-1232
-346
437
1113
1842
3286
4366
4483
5480
5430
4934
3819
2390
251
-1683
-3596
-5737
-6927
-8042
-8637
-8082
-6605
-5120
-2940
-535
1517
3629
5065
5335
5432
4700
3003
1266
-421
-1801
-2740
-3288
-3283
-2442
-1446
-658
36
694
719
427
-115
-973
-1984
-3034
-3907
-4429
-4370
-3467
-2270
-1298
-128
779
1692
2003
1858
1347
269
-212
-1042
-1500
-1395
-1012
107
430
1488
2471
3212
3787
3899
4339
3581
3362
2881
1999
1600
1409
1480
1599
2241
3057
4075
5337
6550
7328
8016
7758
5769
1922
-2104
-4329
-6477
-7699
-8474
-8259
-6543
-5680
-4722
-3606
-1551
-1192
-716
-681
-960
457
588
1327
2198
3664
3820
4411
5024
4983
5020
3724
2308
381
-1177
-3272
-4792
-6171
-7475
-7978
-7740
-7222
-6164
-4264
-2182
245
2698
4335
5418
6136
5365
4104
2463
965
-579
-2263
-3866
-4082
-3497
-3040
-1958
-602
538
1051
1386
903
20
-955
-2126
-3721
-4747
-5097
-4425
-3415
-2228
-388
1193
2570
3110
3490
2910
2382
1858
580
-439
-1349
-1462
-1518
-1191
-285
801
2080
2748
3463
3747
3857
3997
3419
2907
2571
2487
2299
2375
2811
3381
4143
4635
5342
5936
6263
5638
3244
489
-1766
-3554
-5244
-6639
-7276
-6901
-6361
-6137
-5311
-3659
-2533
-1719
-819
-744
425
1084
1459
1932
2506
3163
3295
4026
4058
4221
3934
3238
1938
721
-726
-2339
-3565
-5239
-6531
-6960
-7006
-7243
-6418
-5187
-3469
-1228
649
2256
3923
4814
4831
4243
3448
2533
1175
-449
-1646
-2179
-2640
-2816
-2265
-1315
-548
430
670
560
-168
-1130
-2293
-3432
-4313
-4719
-4649
-4582
-3183
-1663
240
1666
2889
3735
3763
4243
3456
3034
2026
887
512
-896
-551
-746
145
999
1377
2818
2579
3523
3451
3359
3389
3411
3691
3381
3800
3958
4390
4809
5191
5162
4798
2535
-322
-2274
-3862
-4533
-5351
-5512
-5370
-5069
-5242
-5560
-4564
-3767
-3470
-2651
-1957
-729
534
1357
2496
3389
4155
3876
4367
4444
3844
3332
2452
1784
985
-39
-1757
-2846
-4163
-5434
-6132
-6474
-6797
-6567
-5688
-4349
-2458
-610
748
2022
2904
2909
3387
3238
2861
1974
1121
487
-24
-212
-675
-799
-660
-676
-668
-298
-501
-956
-1828
-2642
-3220
-3602
-3802
-4115
-4065
-3710
-3131
-1851
-887
254
1844
2712
3910
4246
4859
4654
4035
3669
2432
2007
1015
548
69
-44
349
593
1378
1859
2534
3030
3463
3766
4027
4304
4223
4350
4568
4614
4655
4011
2233
-253
-1695
-3063
-3995
-4477
-5344
-4621
-4967
-5071
-5414
-4809
-3994
-4300
-3137
-3027
-1057
-49
865
2080
3082
4460
4279
5050
4782
4368
3296
2380
1508
740
-75
-1731
-2707
-4026
-4871
-5300
-5670
-6143
-6337
-5796
-4883
-3373
-1747
-482
1203
2129
2529
2819
3097
2931
2141
1435
897
653
305
-118
-532
-143
-27
310
396
191
-371
-1246
-2066
-3138
-3633
-3922
-4141
-4345
-3962
-3607
-2269
-1332
-486
522
1570
2980
3113
4383
4104
4532
4695
3501
3729
2593
2627
1508
1494
1421
736
1611
777
1219
1579
2211
2774
3288
3937
4085
4686
4832
4873
4816
4393
2497
336
-1603
-2956
-3308
-3937
-4411
-4185
-4157
-4856
-5681
-5419
-4923
-4839
-4077
-3835
-2298
-842
94
1600
2560
3974
4087
4769
4830
4146
3726
2598
2119
1382
474
-886
-2066
-3450
-4732
-5212
-5609
-6170
-6628
-6423
-5685
-4147
-2709
-1469
90
1172
1795
2288
2731
2878
2428
1767
1345
1209
1013
648
281
352
303
467
439
288
-32
-872
-1401
-2146
-2572
-3111
-3457
-3740
-3715
-3469
-2857
-2176
-1456
-316
359
2036
2626
3618
4065
4144
4906
4189
4600
3751
3690
3172
2373
2767
1619
2039
1734
1553
1740
1783
2255
2071
2726
3012
3584
4270
4444
4506
3877
2278
-242
-1461
-2735
-3414
-3637
-4416
-3648
-4174
-4058
-4819
-4363
-3656
-4824
-3845
-4222
-2474
-1764
-800
588
1369
3136
3043
4585
4669
4324
3741
3047
2640
1818
1063
-528
-1496
-2912
-4146
-4823
-5410
-6250
-6976
-6771
-6165
-4804
-3449
-2322
-706
397
1081
1760
2488
2573
2349
1921
1787
1757
1479
1160
753
1048
892
1107
899
547
1
-871
-1577
-2330
-2511
-2917
-3077
-3278
-3158
-3019
-2551
-2080
-1794
-859
-98
989
1878
2770
3722
4202
4764
4803
4859
4590
4127
3879
3201
2796
2336
1940
1829
1814
1881
2048
2360
2505
2609
2979
3169
3348
3585
3410
2808
1283
-798
-2139
-3002
-3430
-3812
-3719
-3043
-3612
-3691
-4422
-3751
-3605
-4102
-3388
-3651
-1783
-1899
-644
404
1161
2540
2354
3940
3647
3562
2870
2510
2598
1912
1136
-120
-1095
-2595
-3686
-4440
-4931
-5906
-6701
-6646
-6195
-5106
-4208
-3110
-1682
-600
319
1134
1922
2151
1984
1789
2027
1946
1907
1559
1351
1563
1293
1498
1065
666
-32
-525
-950
-1660
-2236
-2841
-3364
-3599
-3619
-3377
-2533
-2244
-1364
-785
420
1460
1918
2884
3100
4153
4388
4651
4932
4465
4540
3985
3911
3509
3049
2788
2156
2081
1922
1984
2084
2313
2489
2973
3517
4100
4419
4057
2991
589
-1322
-2954
-3805
-4485
-5115
-4693
-4718
-4595
-4685
-4142
-2897
-3167
-2741
-2623
-1910
-852
-1016
268
633
1732
1940
2307
3466
3003
2877
2094
2176
2095
1438
404
-526
-1464
-2813
-3677
-4460
-5038
-6112
-6576
-6350
-5607
-4555
-3905
-2745
-1695
-961
-403
342
921
1106
1142
1185
1834
1834
1860
1712
1847
2021
1804
1876
1415
1106
643
78
-436
-914
-1629
-2184
-2744
-3098
-3250
-3355
-3134
-2985
-2238
-1420
-244
944
1938
3017
3913
4833
5215
5412
5337
4975
4688
4264
3937
3479
3107
2910
2723
2690
2679
2448
2404
2329
2434
2897
3052
3699
3729
3596
2517
508
-739
-2203
-2796
-4100
-4797
-4729
-5414
-5472
-6266
-5268
-4389
-4531
-3424
-3037
-923
-105
475
1653
1787
2999
2423
3206
3474
2754
2396
1550
1722
1518
862
-252
-892
-2036
-3083
-3842
-4623
-5547
-6820
-6975
-6771
-5875
-4953
-4356
-2879
-1803
-1027
-111
614
1078
1033
864
1187
1364
1386
1150
737
1209
1242
1589
1569
1354
1304
979
930
429
52
-725
-1456
-2174
-2573
-2612
-2815
-2676
-2811
-2417
-1499
-714
489
1076
2335
3306
4131
5124
5171
5864
5444
5408
5072
4508
4361
3549
3322
2834
2757
2744
2483
2647
2562
2726
3200
3351
3666
3528
2985
1521
-467
-1429
-2244
-2620
-3303
-3794
-3678
-4620
-5157
-5959
-5229
-5042
-5429
-4404
-4049
-1656
-1097
315
1696
2653
3995
3594
4891
4255
3547
2627
2009
2025
1241
286
-792
-1363
-2645
-3383
-4107
-4858
-6009
-7160
-7102
-6788
-6006
-5632
-4908
-3557
-2701
-1616
-685
320
862
993
1283
1777
1989
1718
1196
967
892
796
958
696
747
433
569
539
438
324
-311
-564
-1116
-1560
-1818
-2265
-2377
-2516
-2417
-1342
-980
170
753
1751
3051
3457
4578
4570
5254
5280
5206
5386
4954
4961
4398
4161
3962
3673
3503
3033
2710
2647
2610
2863
3189
3366
3351
2302
645
-890
-1667
-1919
-2603
-3145
-3269
-3625
-4378
-5080
-5208
-4400
-5185
-5124
-4698
-3720
-1860
-2024
-83
593
2081
2948
3249
4884
4089
3956
3359
3484
3358
2335
937
-180
-1305
-2747
-3411
-4432
-5331
-6833
-7379
-7078
-6727
-6068
-5929
-5025
-4036
-3357
-2473
-1599
-838
-388
101
794
1727
1984
2141
1900
1964
2075
1725
1439
616
177
-202
-190
-339
-406
-483
-696
-627
-814
-834
-833
-1143
-1283
-1676
-1246
-831
-591
137
459
1930
2499
3483
3977
4366
4945
4816
5373
4850
5035
4685
4492
4564
4369
4599
4213
4098
3803
3675
3673
3571
3438
3213
2500
592
-975
-2082
-2236
-2565
-3140
-2782
-3277
-3504
-4714
-5113
-4175
-5042
-5145
-4948
-3926
-2036
-1953
-634
426
1609
2742
2643
4185
3956
3235
2887
2819
3345
3063
2010
1185
494
-768
-1597
-2652
-3860
-5598
-6749
-7032
-7123
-6911
-6927
-6510
-5489
-4823
-3970
-3005
-2374
-1841
-1467
-664
336
969
1193
1347
1819
2442
2678
2758
2203
1527
1012
580
89
-552
-978
-1602
-1725
-1782
-1768
-1513
-1455
-1422
-1449
-929
-412
55
370
695
1571
2241
3111
3458
4190
4550
4825
5284
5014
5150
4642
4489
4230
4127
4352
4121
4079
4064
4026
4366
4334
4389
4177
2795
1069
-1148
-1756
-2351
-3099
-3447
-3600
-3549
-4200
-4827
-5038
-3908
-5047
-5103
-4553
-3533
-1350
-1945
-46
527
2153
3193
3124
5136
4033
3939
3202
3354
3610
2796
1830
553
33
-1331
-1765
-2700
-3570
-5051
-5866
-5804
-6089
-5859
-6387
-5924
-5372
-5018
-4710
-4118
-3486
-3298
-2686
-1927
-824
-258
108
348
1050
1888
2325
2530
2238
2062
1891
1830
1392
1023
373
-195
-810
-1323
-1721
-2286
-2357
-3065
-2682
-2258
-1630
-754
-585
728
1337
2476
3332
3537
4361
4359
5026
5174
5275
5441
5092
5275
4867
4856
4927
4490
4373
3920
3851
4071
3935
4124
3451
2678
793
-928
-1165
-1898
-2363
-3113
-3068
-3715
-4235
-5290
-5326
-4551
-6119
-5433
-5333
-3182
-1886
-1757
254
583
3069
3334
4235
5461
4555
4323
3693
4057
3977
3391
1914
1017
-143
-1198
-2095
-3407
-4413
-6245
-6479
-6618
-6402
-6069
-6009
-5210
-4592
-4062
-3899
-3293
-3110
-3232
-3021
-2400
-1868
-1629
-1422
-1014
111
969
1662
1841
1936
2003
2002
2224
1830
1675
1271
743
528
203
-57
-730
-1462
-2068
-2383
-2315
-2277
-2113
-1717
-950
36
1125
2141
2805
3421
4215
4933
5524
5970
5933
5882
5825
5709
5843
5798
5417
5126
4703
4563
4426
4122
3865
2521
1039
-980
-2119
-1887
-2691
-3111
-3041
-3339
-3348
-4274
-4873
-3951
-4943
-5347
-5315
-4576
-2396
-2572
-1163
-307
1056
3113
3335
5217
5373
5006
4951
4888
5194
4840
3729
2366
1349
-245
-1238
-2618
-3875
-5502
-6877
-6849
-7090
-6832
-6900
-6557
-5591
-4890
-4371
-3737
-2893
-2549
-2371
-1786
-1149
-1152
-1176
-1280
-870
-267
-49
236
183
354
573
1100
1525
1473
1609
1603
1452
1350
1094
404
7
-708
-1022
-1167
-1385
-1197
-1659
-1066
-712
89
885
873
1575
1983
2886
3537
4204
4754
5049
5500
5877
6473
6768
6542
6282
6023
5692
5451
4905
4378
3157
1206
-790
-1873
-2225
-3017
-3943
-4037
-4194
-4559
-4874
-5716
-4337
-4840
-5423
-4436
-4064
-1456
-1638
-449
520
1197
3147
2834
4773
4792
4595
4673
4827
5283
5201
4807
3544
2932
1333
426
-1297
-2707
-4631
-6385
-6619
-7424
-7208
-7631
-7293
-6498
-5821
-5097
-4538
-3474
-2909
-2629
-2012
-1195
-966
-540
-504
-25
628
644
845
507
439
483
503
458
247
-1
288
343
414
654
446
534
-39
-150
-424
-674
-571
-940
-752
-289
363
826
1081
1400
1941
2605
3045
3229
3592
3787
3993
4390
4996
5512
5695
6080
5935
6312
6330
5991
5535
3885
1846
-446
-1308
-1944
-3235
-3887
-4119
-4700
-5034
-5787
-6257
-5168
-6183
-6097
-5453
-4135
-1860
-1727
282
842
2488
3890
3966
5868
5490
5326
5016
5154
5193
4967
4440
3491
2750
1530
825
-908
-1970
-3961
-5335
-5683
-6656
-6662
-7395
-7188
-6685
-6336
-5855
-5322
-4407
-3768
-3442
-2565
-1461
-1248
-551
-231
412
1042
1216
1440
1081
1150
1136
1107
941
660
267
328
287
-9
-16
-520
-775
-1184
-1333
-1285
-1165
-898
-883
-408
326
1000
1424
1774
2001
2386
3054
3317
3483
3913
4026
4131
4333
4720
5123
4915
5114
4967
4983
5345
4945
4717
3645
1682
214
-579
-890
-2182
-3061
-3210
-4608
-4723
-5949
-6509
-5545
-6938
-6346
-5995
-4268
-2391
-2134
193
459
2453
3834
4360
6156
5951
6001
5716
6147
6018
5700
4833
3628
2535
1257
532
-1467
-2383
-4138
-5361
-5498
-6122
-6050
-6497
-6221
-5907
-5604
-5258
-4872
-4349
-3892
-3833
-3139
-2005
-2000
-1398
-880
-49
599
1089
1558
1271
1536
1498
1529
1455
1275
839
747
593
63
150
-307
-751
-1223
-1313
-1556
-1658
-1527
-1740
-1247
-447
225
807
1567
2050
2757
3628
4080
4286
4742
4761
4616
4906
5026
5097
4815
4808
4613
4504
4625
4216
3535
2227
77
-1070
-1399
-2136
-2775
-3247
-3186
-4190
-4138
-4946
-5470
-4637
-6422
-5607
-5553
-3976
-2521
-2344
167
101
2636
3265
4355
5943
5473
5904
5300
6280
5694
5787
4767
3675
2800
1332
706
-1454
-2330
-4317
-5220
-5696
-6178
-6061
-6458
-5726
-5561
-5040
-4728
-4160
-3623
-3449
-3299
-2674
-1827
-1801
-1523
-1045
-194
156
672
1004
1060
1255
1317
1362
1353
1395
935
1033
694
410
248
-189
-625
-1214
-1075
-1393
-1426
-1375
-1379
-897
-251
418
640
1173
1522
1926
2748
3258
3814
4420
4756
5000
5481
6055
5824
5590
5540
5226
4843
4576
4075
2784
1232
-1221
-2101
-2352
-3148
-3851
-4088
-4031
-5153
-4662
-5657
-5301
-4986
-5941
-4702
-4736
-2204
-1798
-659
1014
1002
3351
3070
4638
5235
5107
5132
4886
5726
5149
5266
4217
3639
2286
1453
353
-1458
-2436
-4439
-4876
-5717
-5815
-5882
-6157
-5577
-5411
-4982
-4545
-3993
-3516
-3229
-3147
-2335
-1756
-1379
-1041
-464
300
589
1016
1188
1176
1226
1444
1146
1279
929
576
449
-82
47
-391
-331
-1068
-1286
-1018
-1319
-882
-939
-364
-48
648
1066
1263
1782
1729
2331
2777
3165
3522
3974
4037
4186
4854
5426
5489
5420
5433
5341
5366
5073
4599
3517
1476
-1082
-2163
-3035
-3969
-4810
-5109
-5407
-6041
-5448
-6361
-5399
-5321
-5656
-4420
-4189
-1803
-1393
19
1158
1809
3814
3810
5401
5801
5680
5151
5235
5502
4795
4564
3241
2773
1217
594
-466
-1974
-2800
-4601
-4854
-5475
-5543
-5585
-5642
-5167
-5052
-4541
-4019
-3478
-2994
-2831
-2763
-2010
-1500
-1327
-943
-344
147
497
945
1118
1179
1211
1280
1324
1340
1077
663
477
-28
-366
-446
-848
-1240
-1590
-1585
-1470
-1250
-715
-134
663
1255
1806
2290
2569
2779
2921
3358
3402
3712
3848
3676
4105
4242
4831
4959
4989
5025
4828
4827
4314
4077
2764
422
-1363
-2256
-2902
-3897
-4385
-4634
-5453
-5514
-5808
-6064
-5279
-5850
-5448
-4783
-3870
-1981
-1182
424
908
2207
3403
3706
5403
5580
5454
5137
5808
5907
5648
5135
3845
3060
1215
415
-1369
-2724
-4147
-5775
-5889
-6401
-5917
-5722
-5412
-4905
-4514
-3938
-3325
-2840
-2380
-2398
-2385
-1684
-1532
-1180
-769
-225
182
546
949
1021
1069
1118
1158
1144
1357
920
660
599
-30
-202
-515
-846
-1352
-1585
-1457
-1612
-1102
-636
23
832
1409
1890
2317
2727
2796
3137
3516
3628
4044
4229
4232
4574
4890
5232
4918
4965
4780
4546
4377
3697
3620
1729
-540
-2408
-3114
-3482
-4757
-4412
-4762
-5016
-4932
-5096
-4861
-4441
-4402
-4420
-3849
-3250
-1863
-1389
-344
194
1204
2357
2778
4709
4994
5168
5134
5899
6138
5816
5437
4163
3109
1196
359
-1358
-2773
-4320
-5707
-6029
-6436
-5871
-5735
-5259
-4807
-4448
-3924
-3249
-2803
-2506
-2524
-2358
-1903
-1762
-1134
-807
-261
233
702
1133
1262
1453
1293
1155
1152
986
478
118
-154
-712
-783
-800
-943
-923
-910
-550
-414
117
514
836
1429
1396
1728
1758
1737
1926
2273
2832
2941
3717
4119
4448
5103
5588
6089
5905
6001
5627
5309
4803
3813
3023
956
-1774
-3804
-4225
-4854
-5487
-5055
-4778
-4703
-4241
-4091
-4236
-3392
-3690
-3391
-3239
-2815
-1630
-1523
-228
-171
1372
2136
2731
4529
4793
5149
4586
5630
5306
4981
4337
3188
2114
75
-553
-2238
-3108
-4272
-5026
-5117
-5107
-4432
-4141
-3602
-3582
-3626
-3672
-3528
-3632
-3746
-3939
-3707
-3208
-2559
-1382
-453
419
1297
1990
2151
2318
2107
1499
778
342
-164
-913
-1017
-1221
-1379
-1104
-697
-102
260
641
1051
1283
1696
1666
1899
1786
1287
1203
955
979
968
1594
2215
2752
3731
4237
4924
5569
5946
6135
5948
5573
5080
4378
3675
2783
1702
-133
-2682
-3408
-3490
-3795
-3984
-3724
-3342
-4062
-3851
-4701
-4963
-4733
-5693
-4633
-4776
-3523
-2097
-1112
794
1093
3262
3726
4601
5749
5440
5029
4216
4536
3613
3022
1850
1241
111
-923
-1149
-2159
-2231
-3204
-3188
-3312
-3428
-3242
-3503
-3330
-3952
-4509
-4483
-4477
-4322
-4086
-3754
-2833
-2032
-1120
-90
617
1052
1436
1545
994
532
474
81
-502
-372
-277
-638
-402
10
-143
106
439
529
566
451
549
447
685
872
1123
1626
1564
1704
1943
2263
2442
3101
3766
4004
4420
4518
4716
4688
4699
4523
4154
3960
3710
3504
3161
2754
1889
12
-1905
-2377
-2357
-3001
-3551
-3329
-3640
-3869
-4080
-4935
-4699
-5168
-5171
-4406
-4089
-3004
-2328
-825
168
1138
2679
3246
4489
5336
5313
4668
4483
4355
3880
2934
1781
1116
-150
-546
-1343
-1950
-2509
-3426
-3229
-3535
-3425
-3715
-3792
-3443
-4175
-4498
-4330
-4057
-3862
-3782
-3220
-2416
-1809
-939
-93
185
349
870
868
445
-87
-195
-410
-796
-31
-223
-165
301
373
527
450
867
663
602
429
-41
228
437
572
932
1309
1356
1751
2271
2354
2708
3270
3834
4219
4597
4583
4549
4907
4529
4395
4200
3643
3564
3398
3061
2381
1338
-771
-2446
-2396
-2514
-2953
-3039
-2885
-3132
-2957
-3291
-3922
-3942
-4847
-4734
-4126
-3557
-2996
-2404
-984
67
1335
2352
3171
4108
4717
4668
4083
3781
3446
3207
2393
1617
896
-60
-167
-622
-1082
-1968
-2808
-2865
-3089
-3336
-4112
-4331
-4218
-4664
-4808
-4528
-4153
-3722
-3132
-2167
-1690
-1446
-506
0
70
-20
-378
-476
-459
-440
-605
-597
-141
16
535
734
658
631
542
840
646
745
335
105
408
417
787
898
1254
1318
1517
1592
1681
2124
2280
2814
3142
3669
3714
3993
4479
4472
4645
4412
4371
4107
3898
3598
2968
2366
1015
-1006
-2528
-2646
-2428
-2478
-2195
-2329
-2579
-2369
-2992
-3360
-3962
-4969
-4877
-4148
-2812
-2320
-1737
-890
46
1712
2351
2647
2773
2848
2823
2808
2686
2158
2060
1793
2057
2045
1574
993
92
-279
-1133
-2040
-2764
-3408
-3580
-3869
-3867
-3855
-4350
-4438
-4186
-3609
-2887
-2793
-2684
-2482
-2329
-1659
-1160
-1104
-737
-709
-262
193
145
648
215
320
355
260
846
205
553
599
788
1394
1082
1459
1200
1249
1392
1392
1689
1193
1088
823
638
982
1108
1567
1818
2248
2506
2557
2911
2615
2746
2680
2446
2663
2608
2759
2842
3126
3086
2731
2050
696
-86
-181
-274
-222
89
-351
-351
-397
-695
-420
-1207
-1935
-2738
-2690
-2173
-2107
-1267
-1278
-903
-397
-230
113
-393
-1011
-1716
-1757
-1365
-906
-569
-543
-154
168
757
835
467
-36
-892
-1099
-911
-595
-585
-761
-670
-742
-703
-714
-1206
-1604
-2077
-2642
-2581
-2459
-2591
-2657
-2674
-2586
-2580
-2225
-2332
-2739
-2355
-2317
-1873
-1445
-1106
-652
-536
151
434
1168
1527
1345
1738
1666
1965
2111
2462
2817
2721
3044
2892
2795
2649
2448
2417
2117
2172
2031
1943
1948
1831
2171
2198
2317
2466
2538
2633
2530
2883
2718
2591
2213
1203
891
1195
1692
1793
2115
1387
649
305
-623
-428
-1198
-2087
-2694
-2725
-2046
-2409
-2014
-2536
-3076
-2940
-2899
-2204
-2341
-2554
-2674
-2367
-1551
-847
-525
-736
-727
-532
48
366
514
384
-55
96
419
881
655
34
-289
-690
-752
-869
-1126
-1312
-1783
-2010
-1722
-1807
-2102
-2355
-2828
-3067
-3109
-2746
-2757
-2901
-2420
-2155
-1370
-787
-539
-166
-210
144
507
943
1260
1246
1523
1603
1853
2123
2260
2295
2120
2177
2089
1962
1862
1782
1841
1967
2284
2446
2382
2299
2169
2229
2376
2264
2272
2320
2241
2606
2873
2965
2861
2079
1372
872
1360
1660
1544
1980
1154
825
463
-181
-63
-1125
-1893
-2598
-2610
-2151
-2418
-2137
-2671
-2823
-2658
-2444
-1837
-2025
-2105
-2399
-2077
-1257
-578
-85
-193
-16
173
535
722
545
136
-502
-639
-471
-108
-294
-630
-814
-1211
-1096
-1305
-1571
-1766
-2297
-2251
-2103
-1903
-1937
-2152
-2021
-2371
-2318
-1963
-2342
-2383
-2140
-2040
-1587
-1113
-863
-778
-530
-156
64
606
927
881
1132
1327
1406
1679
1890
1851
1878
1980
1859
1705
1620
1479
1486
1801
2129
2373
2478
2564
2594
2608
2892
2678
2596
2646
2338
2616
2791
2886
2915
2542
2010
1192
1251
1636
1499
1960
1744
1056
876
74
-217
-561
-1381
-1966
-2465
-2058
-2066
-1972
-1955
-2559
-2483
-2587
-2293
-2024
-2156
-2263
-2292
-1634
-832
-86
171
169
284
339
583
662
518
47
-397
-412
-227
-26
-228
-663
-996
-1372
-1642
-1783
-2030
-2210
-2580
-2557
-2256
-2239
-2197
-2254
-2259
-2430
-2109
-1873
-2159
-1906
-1849
-1821
-1381
-1085
-950
-863
-515
-318
52
795
969
1241
1531
1539
1766
1994
2135
2034
2048
2089
1835
1810
1801
1760
1879
2130
2369
2495
2570
2458
2320
2265
2247
2305
2364
2250
2254
2438
2672
2796
2839
2636
1912
1162
926
1187
1227
1452
1464
803
566
-60
-355
-507
-1367
-1894
-2478
-2216
-2135
-2253
-2168
-2705
-2687
-2611
-2228
-1946
-2038
-2095
-2194
-1478
-625
58
257
162
220
159
460
554
519
205
-195
-191
1
208
-97
-521
-876
-1225
-1671
-1989
-2185
-2706
-3017
-2742
-2586
-2393
-2173
-2333
-2236
-2302
-2102
-1881
-2064
-1732
-1786
-1442
-822
-541
-59
29
378
509
799
1340
1255
1506
1605
1657
1917
2178
2354
2236
2322
2290
2133
1891
1731
1563
1450
1663
1725
1925
1893
1824
1892
1743
2063
2065
2093
2132
1980
2239
2198
2468
2489
2400
2053
1176
937
1100
1433
1550
1781
1269
554
117
-557
-559
-1236
-1864
-2406
-2495
-2060
-2268
-1970
-2317
-2477
-2327
-2241
-1746
-1917
-2019
-2195
-1805
-876
-276
196
-9
-61
-92
24
323
318
209
-330
-537
-486
-376
-392
-785
-1117
-1546
-1876
-2077
-2241
-2463
-2670
-2572
-2575
-2219
-2200
-2393
-2254
-2548
-2212
-1930
-1701
-1490
-1480
-992
-836
-190
174
183
502
494
692
956
1248
1335
1487
1639
1788
2139
2131
2143
2086
2039
1976
1739
1687
1485
1441
1548
1681
1982
1934
1968
2016
1916
2187
2324
2403
2322
2345
2468
2342
2779
2812
2659
2418
1565
1144
1136
1384
1461
1710
1526
749
399
-217
-606
-1091
-1740
-2299
-2524
-2247
-2364
-2211
-2300
-2461
-2269
-2116
-1797
-1860
-1962
-2058
-1915
-1140
-488
-69
-171
-383
-374
-364
-30
156
9
-292
-614
-661
-523
-452
-654
-1138
-1516
-1912
-2257
-2358
-2472
-2747
-2773
-2449
-2367
-2113
-2047
-2253
-2187
-2141
-1802
-1564
-1354
-1246
-1194
-599
-189
274
530
566
674
630
958
1192
1224
1347
1364
1471
1700
1878
1805
1687
1703
1651
1618
1603
1509
1401
1545
1683
1867
2089
2026
1984
1989
2167
2277
2319
2526
2424
2517
2731
2950
3177
3142
3105
2440
1838
1198
1058
1427
1230
1598
1164
530
111
-631
-696
-1205
-1639
-2272
-2509
-2289
-2564
-2233
-2393
-2415
-2303
-2260
-1907
-1969
-1736
-1790
-1468
-682
-289
-3
-279
-443
-462
-432
-148
-182
-243
-602
-946
-765
-458
-322
-668
-989
-1468
-2014
-2199
-2355
-2456
-2594
-2720
-2619
-2301
-2225
-2109
-2023
-2088
-1823
-1669
-1262
-1147
-1038
-698
-571
148
278
511
660
417
727
765
1169
1184
1204
1410
1223
1562
1551
1609
1607
1496
1647
1499
1584
1454
1409
1582
1606
1855
2010
2042
2028
2089
2235
2352
2602
2661
2559
2685
2673
2788
3020
3032
2769
2196
1652
918
1002
1395
1161
1455
1034
317
-93
-710
-917
-1441
-1887
-2587
-2701
-2318
-2528
-2115
-2126
-2125
-1980
-1943
-1516
-1576
-1538
-1617
-1403
-816
-547
-258
-438
-476
-416
-326
-44
-123
-314
-746
-1022
-966
-803
-682
-1073
-1466
-1719
-2096
-2153
-2186
-2252
-2282
-2557
-2359
-2008
-2049
-1891
-1891
-1937
-1729
-1500
-1095
-921
-721
-464
-212
323
452
606
659
413
556
781
1037
1112
1162
1193
1187
1369
1365
1450
1417
1249
1236
1251
1274
1211
1290
1441
1626
1970
2146
2214
2215
2248
2348
2348
2513
2497
2367
2358
2419
2582
2869
2988
2723
2469
1936
1083
857
1298
1123
1225
1346
320
1
-562
-1145
-1136
-1623
-2103
-2553
-2156
-2175
-1956
-1572
-1942
-1726
-1925
-1638
-1460
-1598
-1424
-1568
-1059
-679
-254
-144
-519
-497
-620
-448
-482
-633
-938
-1378
-1436
-1303
-966
-1120
-1502
-1778
-2163
-2275
-2289
-2321
-2214
-2447
-2220
-1713
-1629
-1371
-1307
-1422
-1437
-1273
-978
-944
-775
-570
-340
244
521
654
735
656
573
687
1058
984
887
954
865
1041
1213
1361
1421
1382
1389
1389
1500
1415
1427
1575
1666
1914
2139
2167
2207
2245
2332
2411
2437
2574
2495
2423
2557
2599
2862
2922
2787
2488
1880
1203
364
988
1142
1109
1795
712
323
-271
-1018
-927
-1430
-1824
-2699
-2367
-2195
-2160
-1378
-1812
-1635
-1862
-1719
-1483
-1763
-1481
-1910
-1445
-921
-528
-132
-642
-698
-827
-693
-629
-851
-1032
-1675
-1744
-1566
-1225
-1121
-1555
-1665
-2038
-2175
-2121
-2336
-2334
-2435
-2121
-1691
-1245
-1126
-1347
-1108
-1213
-975
-584
-519
-618
-587
-145
8
500
584
359
470
441
698
935
1085
888
868
1049
1062
1322
1277
1274
1141
1177
1495
1478
1605
1511
1620
1769
2027
2340
2155
2282
2091
2138
2301
2319
2574
2444
2518
2567
2679
2912
2928
2778
2449
2037
1225
401
757
1043
996
1617
1010
386
16
-835
-786
-1077
-1532
-2284
-2281
-1942
-2016
-1258
-1597
-1576
-1670
-1798
-1466
-1779
-1530
-1910
-1707
-1191
-823
-362
-822
-856
-1068
-913
-743
-944
-952
-1595
-1851
-1848
-1533
-1333
-1640
-1823
-2169
-2424
-2380
-2202
-2077
-2010
-1914
-1624
-1366
-1288
-1136
-1110
-1068
-983
-841
-510
-475
-279
-103
95
419
490
631
577
538
452
561
690
708
999
1027
1078
1253
1313
1413
1456
1506
1472
1499
1487
1310
1529
1686
1811
2131
2127
2159
2163
2194
2370
2323
2397
2359
2307
2317
2499
2720
2703
2763
2641
2355
1828
986
336
659
850
1040
1506
902
328
-280
-620
-605
-889
-1359
-2118
-1959
-1859
-1489
-1054
-1410
-1452
-1846
-1735
-1683
-1692
-1665
-2137
-1840
-1532
-1015
-841
-1231
-1353
-1550
-1344
-1259
-1242
-1507
-2166
-2125
-1910
-1491
-1251
-1633
-2010
-2395
-2346
-2092
-1874
-1662
-1973
-1801
-1299
-1159
-742
-767
-841
-863
-780
-342
-330
-189
-381
-313
169
449
844
704
666
482
548
924
975
1203
946
961
1044
1271
1714
1661
1681
1551
1502
1560
1543
1583
1545
1627
1804
1873
2029
2015
1946
2029
2054
2167
2190
2247
2223
2130
2393
2428
2445
2529
2407
2126
1456
758
427
675
890
1172
1253
688
169
-363
-544
-615
-974
-1471
-1893
-1825
-1637
-1386
-1271
-1495
-1752
-1927
-1928
-1950
-1953
-2087
-2204
-1959
-1518
-1143
-1170
-1364
-1625
-1710
-1595
-1510
-1484
-1776
-1959
-1976
-1761
-1367
-1372
-1500
-1782
-1905
-1805
-1708
-1489
-1659
-1743
-1449
-1301
-991
-634
-566
-595
-419
-197
-128
103
23
-98
146
452
641
823
991
757
852
1017
1074
1250
1188
1159
1112
1311
1481
1533
1646
1507
1541
1544
1565
1543
1496
1530
1533
1761
1839
1895
1829
1765
1788
1880
2139
2119
2211
2178
2026
2222
2304
2373
2364
2062
1442
823
696
639
902
1319
1175
925
629
110
-329
-579
-1131
-1722
-1758
-1840
-1732
-1468
-1557
-1663
-1763
-1652
-1674
-1815
-1902
-2246
-2269
-2049
-1691
-1284
-1362
-1422
-1634
-1745
-1559
-1615
-1710
-1921
-2056
-2131
-1870
-1475
-1463
-1393
-1511
-1819
-1739
-1658
-1798
-1782
-1657
-1532
-1261
-859
-679
-484
-329
-324
-70
59
114
125
142
326
477
796
876
976
1008
949
1105
1039
1187
1238
1258
1356
1334
1517
1530
1475
1426
1413
1405
1264
1358
1360
1473
1755
1766
1972
2044
1946
1855
1824
1881
1840
1946
1855
1854
1966
1972
2079
2098
2141
1847
1436
1093
800
788
800
1006
1053
898
573
101
-314
-742
-1097
-1400
-1438
-1518
-1497
-1442
-1501
-1485
-1542
-1522
-1609
-1814
-2023
-2120
-2077
-1946
-1621
-1486
-1450
-1523
-1688
-1757
-1760
-1742
-1885
-1874
-2004
-2121
-1977
-1799
-1608
-1578
-1516
-1729
-1842
-1672
-1741
-1544
-1318
-1184
-1023
-803
-605
-594
-424
-428
-329
-133
4
68
184
393
346
665
842
875
1040
942
1004
1027
1152
1273
1316
1447
1387
1455
1490
1557
1574
1468
1567
1564
1672
1812
1813
1906
1907
1946
1973
2008
1890
1731
1836
1770
1889
2001
1914
1884
1796
1810
1745
1705
1448
1067
886
605
545
644
635
595
439
149
-154
-483
-857
-1106
-1246
-1317
-1346
-1399
-1482
-1536
-1564
-1560
-1555
-1649
-1760
-1911
-1932
-1762
-1549
-1402
-1400
-1444
-1564
-1707
-1801
-1851
-1891
-1916
-1969
-1950
-1915
-1959
-1888
-1720
-1620
-1537
-1470
-1544
-1591
-1477
-1343
-1128
-863
-766
-656
-576
-502
-394
-234
-68
-48
167
291
370
544
588
701
793
960
1062
1161
1246
1169
1333
1437
1546
1675
1632
1601
1579
1624
1716
1811
1830
1815
1839
1817
1815
1842
1802
1763
1748
1736
1704
1679
1701
1701
1767
1773
1757
1750
1553
1496
1375
1165
1073
952
795
711
639
434
366
229
30
-122
-353
-592
-839
-987
-1144
-1248
-1323
-1523
-1599
-1651
-1616
-1596
-1596
-1580
-1720
-1703
-1688
-1562
-1496
-1524
-1489
-1645
-1644
-1664
-1776
-1822
-1863
-1850
-1878
-1771
-1822
-1914
-1860
-1838
-1625
-1451
-1299
-1392
-1438
-1332
-1315
-1069
-874
-768
-708
-598
-450
-247
-10
57
139
225
329
447
560
678
692
805
1010
1188
1335
1432
1467
1461
1606
1710
1754
1780
1697
1711
1768
1856
1899
1906
1873
1770
1824
1808
1745
1678
1562
1461
1384
1353
1234
1231
1271
1309
1454
1439
1308
1075
750
549
432
443
515
526
570
554
455
294
130
-66
-338
-420
-533
-617
-609
-723
-800
-835
-868
-1067
-1179
-1254
-1453
-1403
-1408
-1428
-1427
-1509
-1584
-1645
-1606
-1737
-1833
-1897
-2005
-1966
-1970
-1908
-1880
-1911
-1892
-1931
-1840
-1837
-1802
-1705
-1630
-1453
-1344
-1175
-1086
-889
-704
-540
-314
-283
-169
-149
-40
139
278
457
497
626
717
787
835
831
879
869
1015
1183
1291
1395
1437
1556
1623
1753
1801
1745
1795
1745
1803
1928
1981
2040
2078
2104
2055
2039
1971
1850
1811
1723
1671
1576
1463
1400
1374
1383
1291
1173
928
645
494
398
342
227
55
-223
-455
-545
-654
-694
-787
-951
-1058
-1122
-1168
-1242
-1282
-1374
-1431
-1347
-1270
-1254
-1306
-1335
-1411
-1382
-1324
-1383
-1393
-1473
-1496
-1466
-1407
-1396
-1473
-1558
-1627
-1690
-1707
-1693
-1728
-1670
-1619
-1600
-1560
-1568
-1553
-1518
-1403
-1249
-1125
-979
-872
-686
-509
-297
-115
-41
79
164
348
506
653
780
809
931
989
1095
1177
1192
1283
1315
1425
1468
1505
1540
1537
1692
1752
1833
1865
1795
1782
1773
1811
1848
1914
1858
1733
1700
1607
1523
1515
1482
1443
1411
1391
1323
1292
1282
1123
1052
923
727
612
490
406
302
235
80
-158
-322
-551
-724
-847
-914
-1001
-1102
-1110
-1215
-1238
-1317
-1361
-1356
-1371
-1322
-1372
-1348
-1383
-1416
-1376
-1397
-1375
-1438
-1481
-1522
-1560
-1539
-1564
-1530
-1579
-1603
-1612
-1644
-1588
-1567
-1507
-1504
-1495
-1477
-1476
-1339
-1250
-1088
-964
-863
-759
-678
-501
-382
-198
-39
107
266
389
512
619
738
831
923
1005
1040
1114
1156
1224
1338
1420
1520
1529
1579
1583
1608
1666
1666
1713
1731
1774
1785
1839
1890
1822
1775
1638
1451
1276
1190
1160
1152
1292
1224
1131
1075
869
750
661
574
455
482
503
415
471
321
143
20
-136
-245
-351
-400
-587
-614
-625
-709
-664
-779
-873
-985
-1045
-1007
-1027
-951
-1029
-1071
-1118
-1188
-1145
-1243
-1255
-1373
-1467
-1514
-1613
-1609
-1660
-1662
-1660
-1614
-1584
-1622
-1580
-1611
-1570
-1489
-1461
-1376
-1330
-1198
-1082
-887
-701
-651
-554
-522
-440
-315
-137
-14
74
210
304
419
544
648
686
726
826
865
954
1037
1012
1052
1107
1192
1270
1377
1439
1451
1549
1607
1675
1723
1708
1659
1646
1710
1748
1812
1810
1703
1611
1491
1414
1356
1283
1175
1093
1066
979
916
822
650
553
493
449
388
293
158
13
-56
-111
-183
-297
-453
-606
-678
-702
-734
-777
-844
-912
-974
-958
-959
-1013
-1052
-1094
-1148
-1168
-1153
-1245
-1289
-1331
-1389
-1406
-1489
-1568
-1672
-1703
-1727
-1731
-1690
-1740
-1744
-1723
-1640
-1526
-1453
-1358
-1321
-1220
-1093
-955
-807
-734
-625
-543
-402
-241
-117
8
66
161
259
357
444
506
578
630
737
854
928
1023
1046
1081
1175
1250
1318
1362
1423
1411
1449
1525
1551
1616
1679
1697
1681
1684
1662
1618
1626
1612
1557
1511
1414
1327
1267
1202
1131
1039
959
847
746
652
548
437
336
256
153
60
-8
-114
-185
-233
-304
-344
-425
-478
-546
-567
-610
-653
-645
-723
-712
-727
-751
-747
-772
-803
-870
-894
-987
-1058
-1090
-1193
-1233
-1306
-1377
-1432
-1492
-1498
-1565
-1574
-1594
-1617
-1603
-1574
-1504
-1498
-1433
-1377
-1315
-1178
-1055
-933
-823
-720
-636
-549
-436
-370
-291
-212
-156
-44
58
159
225
278
327
365
437
479
561
619
683
780
851
947
1011
1092
1149
1204
1262
1316
1369
1409
1447
1468
1471
1463
1463
1474
1497
1486
1475
1419
1362
1303
1270
1215
1125
1046
974
888
853
797
700
605
506
446
362
331
239
145
71
17
-15
-66
-97
-179
-219
-228
-263
-268
-324
-403
-472
-503
-513
-557
-578
-670
-732
-790
-846
-893
-979
-1059
-1160
-1199
-1241
-1282
-1281
-1345
-1391
-1423
-1425
-1433
-1412
-1350
-1362
-1300
-1274
-1260
-1213
-1164
-1095
-1042
-972
-932
-877
-762
-686
-575
-464
-436
-398
-322
-238
-168
-54
-9
29
123
204
304
400
475
515
601
707
778
869
924
943
1008
1097
1163
1235
1284
1281
1308
1334
1353
1350
1329
1276
1235
1246
1243
1238
1190
1159
1096
1052
1049
962
906
819
734
704
670
653
558
492
410
326
321
251
217
133
57
-25
-80
-79
-158
-159
-202
-258
-281
-327
-363
-442
-491
-547
-639
-656
-712
-746
-794
-830
-904
-1004
-1021
-1114
-1120
-1121
-1147
-1135
-1151
-1137
-1139
-1106
-1090
-1115
-1082
-1107
-1070
-989
-942
-887
-881
-868
-894
-838
-763
-728
-617
-583
-540
-462
-386
-308
-253
-158
-112
-27
92
168
239
299
351
401
485
562
594
667
723
796
887
921
950
921
922
936
982
1050
1050
1059
1043
1017
1012
986
949
878
862
848
836
886
825
799
752
708
705
671
649
566
533
481
413
398
328
279
250
237
199
163
142
51
40
0
-57
-69
-126
-139
-156
-146
-171
-249
-288
-387
-423
-455
-496
-535
-608
-623
-672
-665
-702
-766
-795
-852
-846
-807
-790
-777
-802
-795
-785
-763
-731
-745
-731
-739
-731
-730
-708
-729
-740
-707
-692
-639
-585
-556
-516
-467
-407
-338
-273
-192
-149
-66
7
82
138
177
225
238
271
306
355
408
475
553
595
615
637
616
639
653
642
656
628
634
629
646
663
649
654
634
640
636
633
593
549
536
503
522
506
468
439
395
375
359
344
303
259
243
220
241
245
237
212
172
154
101
91
42
-19
-36
-82
-85
-90
-116
-144
-184
-210
-249
-282
-314
-358
-399
-435
-478
-518
-538
-569
-575
-570
-581
-601
-599
-601
-594
-576
-564
-585
-600
-610
-625
-617
-620
-626
-641
-616
-591
-542
-469
-436
-395
-326
-288
-231
-175
-162
-142
-123
-64
-13
51
98
123
164
208
249
296
326
328
354
391
417
443
468
443
447
441
435
431
424
404
389
405
416
434
441
451
423
419
411
379
358
326
293
263
256
241
235
244
262
265
277
286
263
271
263
245
227
196
161
142
128
120
94
63
19
-3
-3
-26
-27
-76
-108
-156
-177
-190
-243
-274
-336
-386
-397
-402
-408
-420
-429
-439
-442
-427
-444
-443
-467
-470
-470
-459
-436
-457
-443
-451
-427
-406
-382
-348
-335
-291
-276
-244
-208
-195
-154
-139
-104
-72
-58
-28
-22
16
29
57
97
123
190
209
241
246
239
236
221
234
187
191
174
171
198
223
251
241
266
279
296
333
350
351
344
326
327
324
343
323
328
319
298
312
296
300
275
268
249
239
248
250
257
256
231
208
189
179
164
152
117
80
69
40
37
4
-32
-84
-126
-142
-166
-165
-197
-231
-244
-239
-226
-224
-217
-240
-254
-235
-233
-227
-255
-288
-309
-324
-312
-313
-308
-313
-314
-296
-278
-242
-240
-220
-199
-185
-156
-146
-140
-159
-153
-160
-175
-168
-177
-155
-139
-105
-80
-87
-68
-67
-45
-28
-25
-22
-39
-19
4
30
38
20
11
12
47
69
92
95
73
99
123
168
184
184
193
193
240
253
272
252
228
229
228
255
242
221
202
162
168
166
149
129
104
118
119
162
163
156
148
142
143
126
122
76
43
18
-4
-30
-52
-78
-83
-95
-79
-76
-73
-65
-51
-25
-31
-11
-33
-35
-39
-15
-25
-53
-65
-102
-96
-92
-89
-104
-117
-117
-122
-95
-79
-102
-125
-136
-126
-115
-83
-82
-101
-89
-89
-71
-60
-59
-73
-86
-63
-70
-48
-46
-53
-58
-49
-25
-19
1
7
28
32
47
58
59
51
57
47
45
40
32
26
17
25
20
37
42
66
78
89
83
71
65
48
36
24
-2
-31
-38
-42
-38
-33
-24
-29
-28
-8
18
30
36
33
19
19
29
39
42
19
8
-1
-2
0
0
-9
-25
-20
-10
3
13
20
9
5
8
16
22
22
18
26
28
32
37
35
16
3
-1
-34
-39
-55
-75
-82
-76
-81
-72
-53
-41
-25
0
21
39
57
70
66
52
50
29
23
10
21
9
7
10
6
26
33
41
36
31
25
22
25
26
14
0
-13
-6
3
22
22
11
2
-4
0
0
-1
-17
-29
-39
-39
-35
-45
-49
-60
-68
-55
-51
-28
-15
3
5
25
41
36
38
38
36
32
31
24
15
6
7
-2
8
-6
-4
0
-1
-3
-3
1
-26
-31
-38
-32
-31
-29
-15
-5
9
22
25
24
22
34
36
30
19
-1
-6
-19
-14
-16
-22
-28
-30
-12
6
22
25
16
19
25
37
46
50
41
31
44
45
51
42
31
14
12
15
9
-3
-18
-34
-46
-58
-67
-75
-88
-79
-74
-59
-60
-43
-47
-35
-9
3
4
2
18
5
8
17
4
-31
-26
-24
-29
-25
-24
-24
-26
-16
12
10
13
24
25
38
35
41
21
17
15
13
19
7
-9
-15
-11
-18
-32
-38
-54
-63
-70
-62
-44
-37
-27
-19
-4
1
6
18
18
23
34
37
41
29
36
25
26
23
13
22
17
35
37
41
32
29
29
22
28
25
15
4
3
1
-5
-5
-16
-26
-21
-23
-14
-25
-26
-32
-29
-23
-29
-26
-38
-40
-38
-45
-51
-59
-60
-61
-51
-27
-23
-13
4
8
19
23
28
21
16
29
33
29
22
25
15
12
7
7
-4
-10
-5
-14
-13
-20
-14
-22
-13
-5
1
0
-6
0
6
16
19
8
0
-6
-20
-15
-31
-34
-45
-50
-47
-35
-26
-31
-23
-11
3
8
20
23
22
23
32
36
28
15
13
1
7
7
-12
-13
-29
-20
-20
-8
-5
-13
-13
-19
-14
-22
-16
-10
-15
-14
-3
-2
-5
-3
0
-4
-5
-6
-20
-26
-22
-13
-12
-11
-10
-13
-8
-3
5
6
12
18
25
29
33
41
33
22
24
22
13
12
10
8
14
21
27
19
13
10
1
3
6
9
7
15
23
19
14
20
9
3
3
13
22
16
32
36
38
39
47
29
11
14
4
-4
-11
-12
-13
-21
-16
-7
-6
-3
-4
6
-4
12
16
9
25
24
38
35
40
29
27
25
25
33
32
26
25
29
22
23
15
-1
-15
-1
4
19
33
41
35
40
53
51
44
37
28
17
15
3
-6
-22
-23
-12
-19
-28
-35
-37
-47
-30
-13
2
5
7
16
2
5
6
-3
-20
-18
-16
-8
-1
-4
4
-1
12
12
0
1
9
7
9
24
25
18
16
19
10
9
3
-2
-4
-2
6
13
8
9
6
-6
-18
-25
-30
-45
-38
-42
-33
-25
-20
-11
-7
-2
1
-7
-17
-18
-30
-20
-13
-3
1
15
17
24
35
39
47
41
54
55
56
59
58
60
40
29
17
4
-10
-10
1
6
2
16
22
12
12
14
17
2
-6
-19
-28
-41
-35
-35
-35
-38
-41
-38
-46
-45
-46
-40
-38
-24
-27
-25
-22
-16
-9
-8
-3
-1
0
8
25
22
31
25
22
11
6
11
4
3
1
-5
-14
-7
-6
-1
-4
6
16
7
1
-4
-14
-27
-35
-53
-49
-56
-63
-54
-56
-57
-52
-50
-50
-44
-38
-30
-32
-26
-21
-26
-25
-25
-18
-16
-8
-2
6
12
14
22
29
38
38
43
43
35
27
31
29
25
24
28
26
19
19
9
1
-15
-26
-38
-49
-55
-57
-52
-49
-46
-51
-59
-63
-64
-59
-49
-43
-40
-38
-34
-29
-25
-25
-26
-32
-33
-30
-32
-28
-12
-1
19
25
38
44
41
40
50
50
41
47
34
32
34
39
33
35
23
16
7
2
2
8
15
8
8
-2
-3
-14
-23
-21
-20
-22
-18
-21
-20
-21
-16
-12
-19
-16
-29
-26
-29
-18
-13
-4
6
6
25
31
39
47
47
48
52
52
51
49
48
44
42
41
24
19
8
10
13
16
21
19
25
25
31
22
15
12
2
-20
-17
-23
-26
-21
-20
-18
-23
-20
-26
-17
-18
-12
-6
2
4
0
13
18
19
20
18
18
13
12
22
21
22
20
23
21
11
10
11
10
15
20
17
15
17
25
22
23
29
25
18
8
3
3
0
-3
-3
-4
-10
-7
-6
-1
3
6
2
1
-2
-6
-4
-5
-3
-5
-13
-19
-20
-26
-23
-21
-15
-16
-8
-10
-6
-2
12
18
13
22
21
21
18
32
25
29
27
29
24
13
23
16
17
19
22
18
13
14
15
17
22
17
12
6
1
-2
-12
-14
-25
-26
-27
-31
-29
-34
-26
-31
-29
-31
-32
-35
-31
-18
-19
-11
-19
-19
-21
-20
-11
-13
-6
-13
-19
-19
-20
-7
-3
8
12
16
22
19
23
29
35
32
32
25
19
20
11
7
9
0
-9
-19
-18
-25
-24
-24
-29
-31
-42
-47
-51
-42
-38
-28
-32
-44
-44
-49
-53
-53
-47
-48
-46
-45
-36
-23
-18
-9
8
14
22
28
36
43
40
55
52
52
44
45
38
38
35
25
32
21
18
15
19
12
7
6
-1
-22
-27
-25
-25
-22
-22
-28
-34
-44
-51
-42
-45
-42
-39
-35
-44
-37
-31
-29
-23
-25
-16
-17
-7
-12
3
9
3
15
12
21
14
27
35
40
38
33
34
29
32
38
44
48
44
38
40
30
25
16
17
9
-7
-20
-30
-37
-42
-37
-42
-45
-54
-57
-58
-54
-49
-46
-44
-41
-35
-31
-22
-13
-6
-9
0
-3
-6
2
9
15
24
32
29
33
32
41
40
44
48
36
35
38
35
34
32
25
28
17
9
6
4
5
-4
0
-15
-17
-26
-28
-30
-39
-35
-35
-37
-37
-35
-38
-24
-27
-16
-25
-24
-19
-12
-2
6
16
19
22
20
31
35
41
39
47
39
38
26
34
41
38
35
32
35
29
35
29
31
