SAMPLES:	15183
BITSPERSAMPLE:	16
CHANNELS:	1
SAMPLERATE:	16000
NORMALIZED:	FALSE
5
0
0
-4
-2
-7
-4
-5
-6
-5
-9
-7
-9
-4
-7
-2
1
1
6
8
1
3
4
0
3
-1
4
-1
3
0
-4
-7
-12
-16
-19
-11
-16
-9
-8
-10
-19
-12
-8
-9
-13
-13
-8
-21
-9
-10
-9
-20
-19
-19
-26
-16
-15
-9
-16
-9
-8
-14
-8
-6
-5
0
-1
2
3
0
-4
4
9
7
9
11
13
11
19
16
13
16
18
12
7
11
13
3
2
2
1
0
-3
6
0
-5
0
3
4
6
4
3
0
7
9
7
12
4
3
-1
-1
2
-1
1
7
1
6
4
-2
-6
-5
-1
-6
2
-9
0
2
1
0
0
5
3
5
5
11
0
-3
-3
-4
-10
-6
-4
-6
-8
-13
-12
-16
-14
-16
-15
-20
-18
-19
-18
-19
-17
-18
-16
-9
-10
-6
-10
-5
-9
-7
-7
-3
-6
-5
1
-10
-4
-3
-1
-3
0
3
0
4
7
6
2
1
7
7
0
10
10
13
12
11
10
2
4
5
9
6
13
6
4
3
2
3
0
-1
-3
-4
-6
0
4
6
6
12
8
9
15
16
15
18
20
20
19
19
16
9
10
14
6
1
5
-2
0
-3
1
7
2
11
15
13
21
15
17
14
20
15
19
21
21
18
15
25
15
17
11
11
4
6
0
8
6
2
0
-1
2
2
6
1
3
4
9
3
10
1
5
1
0
-1
3
-1
-7
0
-8
-6
-5
-3
-15
-7
-12
-6
-7
-10
-3
-1
-2
-2
5
6
16
15
21
16
13
12
12
10
3
9
11
13
12
16
9
8
13
11
7
7
11
9
14
13
15
15
15
18
19
17
18
28
22
19
20
15
16
15
17
13
11
14
10
3
4
-2
-1
8
9
9
6
10
6
10
10
8
5
-3
5
-2
-3
-5
-8
-12
-12
-16
-19
-16
-21
-14
-27
-21
-25
-25
-26
-32
-25
-28
-19
-29
-28
-22
-20
-18
-16
-24
-19
-22
-18
-21
-26
-22
-28
-21
-27
-25
-34
-26
-34
-31
-29
-29
-28
-26
-25
-25
-16
-22
-19
-25
-13
-15
-10
-13
-12
-13
-17
-11
-12
-12
-23
-16
-18
-10
-4
-7
-6
-8
-10
-7
-3
-5
-9
-12
-8
-16
-9
-8
-7
-9
-6
0
-3
-1
-6
-1
-2
0
-2
-2
-1
-3
-1
-3
3
-2
4
-3
4
-2
-6
-5
-4
-2
-5
3
3
9
6
18
13
15
10
12
14
13
16
17
18
14
16
12
12
6
11
1
-2
0
-1
-3
-2
-1
-6
-3
-3
-1
-3
-1
6
10
6
9
7
8
14
12
13
10
10
9
7
14
8
8
8
7
4
9
6
6
3
-1
6
1
3
3
5
4
0
1
7
1
2
1
4
8
6
5
1
4
3
4
-1
0
-5
-1
-4
3
-1
-1
-3
-2
6
1
7
2
6
-3
7
4
1
3
1
3
0
-1
-2
0
-2
2
0
3
-6
0
-4
-1
8
3
3
4
8
5
8
8
6
7
5
3
7
4
6
7
4
7
1
-2
-7
-5
-6
-8
-5
-4
-5
-6
-5
-2
-6
-7
-4
-6
0
-6
-3
0
-6
-1
-3
2
-1
0
5
9
9
9
10
7
3
7
10
2
8
8
10
3
9
2
7
6
6
8
4
9
8
12
6
11
7
9
6
5
7
7
4
6
6
7
0
3
8
13
14
9
15
2
7
3
11
8
9
7
-1
-1
-2
-1
-9
-9
-8
-8
-15
-8
-9
-9
-9
-9
-12
-14
-10
-6
-8
-7
-6
-3
-1
-7
-2
-5
-4
-7
-6
-8
-15
-15
-17
-13
-16
-16
-19
-15
-13
-20
-17
-13
-6
-8
-11
-13
-10
-4
-2
-7
3
4
0
8
3
6
1
3
0
3
-5
-7
-4
-2
1
-4
-1
0
-2
-2
0
0
0
3
5
-10
-7
-7
-5
-10
-6
-1
-2
0
-3
1
-7
0
2
1
3
2
3
1
0
3
7
1
6
9
7
2
3
7
3
14
12
9
7
7
9
7
13
8
9
4
5
4
4
0
1
2
0
-4
-8
-10
-15
-10
-18
-15
-18
-5
-6
-4
3
6
7
1
7
2
5
3
6
6
7
2
-2
-6
-7
-12
-13
-11
-13
-15
-12
-9
-9
-3
-5
-3
-2
3
7
3
1
-1
-6
-4
-7
-9
-3
-6
-5
-1
6
6
-3
7
-1
1
0
-3
-2
-6
-7
-11
-9
-14
-10
-14
-10
-12
-5
1
1
3
1
3
5
6
5
8
4
9
6
10
4
7
7
4
7
0
0
-3
2
0
-6
-4
-3
-2
2
1
6
1
6
8
6
5
9
11
10
12
10
9
7
7
2
7
0
0
-3
-3
-5
-3
-6
-4
-8
-8
0
-3
-2
0
8
-1
9
12
16
14
18
16
10
12
9
14
14
16
9
19
16
11
4
9
6
4
9
10
10
5
13
10
19
16
22
23
15
19
14
18
19
21
19
21
22
17
20
23
17
17
18
14
15
6
12
6
7
12
12
12
7
11
2
5
1
3
0
3
-3
0
1
3
9
1
9
6
10
10
18
14
13
8
9
2
0
3
0
11
4
8
3
-1
-6
-11
-13
-11
-11
-11
-11
-16
-16
-20
-15
-18
-21
-19
-18
-16
-14
-13
-15
-10
-13
-15
-8
-11
-11
-10
-10
-9
-10
-13
-19
-19
-18
-20
-15
-16
-10
-13
-19
-19
-12
-7
-14
-8
-12
-7
-10
1
1
2
-3
-3
2
0
3
-4
5
-6
-5
-5
-9
-20
-19
-22
-19
-19
-14
-20
-19
-9
-15
-10
-16
-7
-14
-3
-3
0
-2
0
1
0
5
-4
1
-6
-1
-4
-6
-8
-10
-14
-21
-18
-19
-19
-18
-14
-13
-12
-11
-8
-10
-12
-5
-3
0
-3
3
2
7
9
-1
4
0
-5
-6
-6
-9
-15
-11
-9
-9
-4
-7
-9
-9
-4
-4
-6
-1
1
7
1
5
5
1
1
-4
0
-6
-4
-5
-6
-4
-7
-8
-7
-7
-9
-15
-12
-9
-10
-13
-12
-11
-10
-7
-10
-17
-14
-5
-10
2
-5
4
-1
-3
-4
-8
-3
-2
-6
-9
-7
-5
-9
-11
-4
-15
-11
-13
-7
-11
-4
-5
-3
-3
-6
6
-1
6
7
15
11
20
25
25
17
22
15
12
14
10
17
18
14
15
16
9
14
13
11
10
19
19
19
16
14
15
13
16
12
10
6
3
2
0
4
2
9
3
10
8
3
8
0
9
9
13
15
16
12
19
17
29
23
23
31
27
28
24
32
15
17
13
15
9
11
9
9
14
14
17
12
18
13
10
11
13
8
5
4
13
10
11
15
13
16
20
22
18
16
19
15
11
10
11
17
14
15
16
11
7
6
9
6
0
9
6
9
8
12
9
14
9
3
3
-4
-6
-12
-10
-17
-13
-13
-17
-19
-13
-14
-11
-11
-10
-8
-8
-4
-6
-3
-6
-5
-7
-7
-9
-1
-3
7
2
7
6
7
5
-2
1
-9
-4
-10
-6
-7
-11
-16
-20
-21
-19
-21
-22
-16
-14
-14
-12
-18
-22
-14
-13
-11
-5
-5
-7
-6
0
-7
-15
-11
-17
-12
-18
-14
-18
-18
-25
-24
-26
-28
-26
-23
-10
-15
-13
-9
-7
-12
-1
-2
-3
-7
-4
-7
-7
-8
-3
-6
-12
-9
-9
-3
-15
-9
-9
-11
-10
-9
-14
-12
-13
-9
2
-2
-5
-3
2
4
8
4
14
13
18
13
10
9
12
7
7
7
3
18
9
15
11
13
6
9
11
15
13
13
15
21
24
15
27
24
37
28
37
29
24
18
17
14
10
17
7
3
-6
15
18
4
10
3
-2
-3
-10
6
-3
3
16
12
3
-6
-2
-16
-13
-9
1
-12
-6
0
-9
-10
-26
-5
-18
-3
-11
-1
-6
-14
-1
-16
-1
-13
7
-3
7
11
7
13
6
12
4
7
7
10
7
15
11
9
9
10
1
9
13
11
15
9
10
5
12
10
10
10
11
12
20
12
19
9
3
6
3
7
3
-1
-3
0
-10
-12
-22
-21
-21
-21
-16
-18
-18
-27
-22
-24
-27
-25
-19
-21
-19
-8
-22
-18
-21
-21
-19
-34
-22
-29
-21
-26
-27
-27
-28
-28
-26
-18
-19
-16
-13
-6
-11
-2
5
7
7
20
23
29
27
32
38
29
31
31
36
37
35
38
34
31
29
30
31
25
29
22
23
25
23
25
22
28
29
26
26
24
22
16
15
9
2
-3
-7
-14
-21
-27
-30
-33
-48
-46
-56
-60
-71
-75
-86
-93
-96
-106
-105
-110
-104
-116
-110
-115
-120
-117
-124
-127
-130
-135
-136
-130
-137
-136
-136
-126
-122
-109
-99
-100
-89
-77
-66
-57
-42
-24
-12
-3
11
22
32
41
64
80
82
99
108
129
146
161
173
180
199
211
217
233
246
252
262
262
266
267
267
271
272
272
264
263
252
236
223
213
199
177
158
133
111
79
51
19
-8
-35
-64
-90
-125
-154
-192
-222
-258
-288
-316
-346
-376
-393
-410
-432
-458
-471
-485
-502
-509
-513
-512
-512
-504
-507
-501
-491
-479
-458
-442
-414
-383
-353
-316
-280
-242
-202
-161
-113
-70
-7
45
98
149
200
255
296
345
388
437
475
509
553
588
619
645
673
695
716
741
759
767
777
782
778
768
761
749
722
707
684
661
625
588
541
494
435
378
321
268
223
161
100
25
-40
-113
-180
-243
-299
-349
-402
-458
-515
-566
-627
-676
-711
-743
-759
-771
-791
-811
-831
-841
-853
-855
-838
-819
-793
-769
-746
-725
-709
-689
-665
-626
-586
-534
-492
-437
-408
-379
-351
-322
-277
-241
-175
-128
-70
-35
-6
20
41
73
114
167
208
251
285
321
337
359
378
420
462
508
551
578
602
621
646
667
699
730
766
806
834
851
869
876
878
890
904
917
922
925
911
892
862
829
793
768
735
686
647
591
531
455
388
318
251
175
101
28
-49
-127
-214
-290
-368
-427
-499
-566
-631
-679
-734
-776
-808
-846
-872
-894
-903
-932
-945
-953
-951
-947
-932
-920
-910
-904
-899
-895
-878
-859
-833
-791
-763
-737
-725
-709
-699
-679
-654
-611
-576
-539
-506
-492
-475
-454
-432
-396
-349
-302
-255
-212
-179
-161
-128
-97
-42
20
100
167
231
285
335
383
430
498
575
674
757
840
901
960
1004
1066
1126
1204
1284
1365
1434
1471
1507
1505
1513
1524
1546
1559
1571
1568
1533
1473
1396
1319
1241
1170
1104
1034
955
839
712
573
424
287
169
70
-37
-140
-261
-400
-535
-673
-793
-883
-958
-1012
-1067
-1128
-1213
-1295
-1374
-1433
-1479
-1491
-1483
-1476
-1468
-1488
-1504
-1535
-1547
-1548
-1511
-1480
-1419
-1377
-1344
-1325
-1318
-1300
-1275
-1212
-1157
-1077
-1007
-948
-908
-867
-839
-783
-728
-646
-553
-472
-386
-316
-252
-202
-127
-57
38
146
246
341
429
499
574
649
730
822
927
1033
1125
1216
1296
1368
1431
1505
1578
1668
1745
1823
1888
1928
1958
1985
1990
2003
2019
2020
2012
1995
1952
1885
1801
1698
1603
1502
1407
1292
1170
1030
875
699
519
338
190
36
-103
-226
-367
-507
-671
-807
-957
-1064
-1159
-1236
-1298
-1357
-1423
-1488
-1552
-1612
-1648
-1673
-1675
-1663
-1641
-1646
-1648
-1671
-1688
-1696
-1672
-1652
-1603
-1555
-1508
-1472
-1461
-1447
-1434
-1401
-1362
-1283
-1216
-1133
-1076
-1013
-978
-933
-878
-811
-716
-617
-508
-408
-313
-242
-185
-126
-47
59
172
277
406
501
587
664
740
802
896
998
1118
1236
1339
1422
1489
1558
1617
1689
1774
1873
1948
2031
2071
2104
2113
2113
2119
2119
2113
2108
2088
2033
1950
1846
1735
1619
1523
1404
1291
1151
1004
819
635
452
277
127
-22
-152
-289
-440
-596
-750
-902
-1018
-1118
-1186
-1251
-1301
-1375
-1436
-1505
-1577
-1631
-1652
-1658
-1654
-1635
-1641
-1644
-1677
-1691
-1713
-1710
-1702
-1664
-1628
-1591
-1558
-1542
-1538
-1530
-1509
-1473
-1404
-1326
-1231
-1156
-1061
-1002
-936
-878
-798
-708
-588
-452
-328
-205
-113
-26
28
107
190
290
402
524
637
734
801
859
892
946
1006
1092
1198
1293
1387
1452
1515
1559
1602
1654
1724
1798
1882
1947
1995
2028
2044
2033
2027
2020
2010
1999
1967
1911
1838
1741
1638
1532
1413
1286
1148
1005
839
676
501
343
181
32
-116
-252
-401
-553
-690
-818
-931
-1025
-1090
-1153
-1204
-1279
-1345
-1417
-1477
-1534
-1564
-1582
-1592
-1601
-1618
-1643
-1678
-1717
-1761
-1788
-1800
-1783
-1763
-1722
-1697
-1676
-1680
-1688
-1681
-1676
-1629
-1555
-1463
-1366
-1267
-1201
-1139
-1093
-1051
-968
-861
-723
-568
-417
-287
-184
-111
-45
29
127
236
365
521
651
767
842
907
948
1000
1077
1186
1317
1432
1544
1629
1698
1742
1788
1832
1892
1961
2045
2128
2197
2241
2251
2242
2214
2200
2182
2159
2128
2083
2010
1923
1821
1707
1568
1418
1251
1074
917
753
598
438
275
106
-56
-225
-407
-570
-727
-850
-960
-1024
-1096
-1170
-1256
-1364
-1448
-1533
-1601
-1651
-1671
-1697
-1703
-1718
-1743
-1770
-1822
-1863
-1915
-1959
-1952
-1940
-1893
-1852
-1825
-1846
-1865
-1876
-1874
-1841
-1781
-1684
-1582
-1470
-1378
-1282
-1224
-1158
-1119
-990
-852
-667
-493
-336
-203
-122
-6
58
160
252
378
516
676
821
947
1023
1057
1075
1136
1226
1358
1484
1591
1688
1753
1818
1841
1898
1911
1977
2043
2130
2218
2239
2257
2219
2203
2174
2157
2142
2085
2035
1947
1859
1751
1642
1520
1357
1213
1022
854
680
515
362
200
38
-121
-275
-436
-581
-729
-874
-1008
-1117
-1185
-1235
-1287
-1352
-1437
-1526
-1608
-1641
-1678
-1697
-1726
-1760
-1751
-1731
-1722
-1765
-1833
-1893
-1928
-1890
-1831
-1783
-1771
-1794
-1798
-1784
-1703
-1681
-1623
-1605
-1546
-1431
-1323
-1162
-1085
-971
-921
-791
-673
-544
-412
-308
-133
-30
120
212
307
394
470
601
689
840
950
1073
1145
1189
1251
1297
1419
1505
1632
1695
1738
1776
1824
1903
1982
2052
2058
2071
2096
2138
2188
2218
2208
2191
2156
2153
2087
1985
1843
1687
1611
1525
1454
1287
1075
800
541
380
189
82
-142
-372
-584
-724
-730
-756
-791
-1065
-1296
-1552
-1583
-1451
-1293
-1151
-1203
-1300
-1539
-1616
-1697
-1616
-1495
-1454
-1477
-1652
-1759
-1812
-1676
-1501
-1452
-1600
-1954
-2286
-2349
-2186
-1749
-1377
-1148
-1155
-1373
-1496
-1715
-1585
-1408
-955
-466
-259
-55
-413
-390
-540
-238
25
127
303
20
285
97
485
427
600
665
578
772
637
1024
954
1388
1394
1534
1627
1755
2118
2441
2920
3127
3279
2966
2657
2472
2795
3563
4419
4485
3843
2813
1981
1922
2042
2069
1261
292
-355
-643
-517
-1188
-2000
-3364
-3774
-3453
-3150
-3127
-4543
-5014
-5240
-3509
-1824
-1053
-1646
-3280
-3422
-2693
-124
1471
2215
1707
1296
1830
2824
3942
3766
2962
1888
1576
1914
2502
2298
1764
797
-48
-758
-1661
-2780
-3992
-4286
-4343
-3685
-3476
-4002
-4527
-5073
-4802
-4131
-3388
-2996
-2516
-1557
-492
914
1746
1855
1950
1969
2344
3091
3539
3946
4159
4393
4197
3782
3266
2323
2031
1442
1195
1034
725
587
380
404
-27
-380
-852
-1059
-717
-280
331
542
499
816
1699
2579
1876
141
-2429
-3568
-2642
-854
1031
757
32
-1832
-2727
-3407
-4143
-4120
-4112
-2346
-757
1132
2105
2558
2671
2422
2305
2035
1991
2830
4176
5618
6419
5892
4663
2260
516
-1442
-2342
-2679
-2425
-1689
-1748
-2200
-3465
-4249
-5256
-5847
-5950
-5601
-4858
-3239
-1966
-813
102
222
-7
-678
-866
-927
413
1392
2416
2735
1918
1281
179
-786
-1452
-1417
-1542
-1454
-1250
-1384
-1456
-1519
-1882
-1875
-1988
-1798
-1239
-510
711
1498
2335
2601
2774
2837
2951
3287
3954
4360
4486
4814
4716
4993
5060
4902
3175
1334
599
581
1569
2279
3047
2450
2233
2161
605
-997
-4488
-7967
-7325
-4944
-3200
-597
-571
-1383
-1185
-4685
-6754
-7181
-8107
-4941
-113
2652
5462
6311
5854
5919
3963
2991
2625
3030
2719
3488
6009
6405
4483
2214
-696
-5952
-7663
-9410
-8584
-5801
-5415
-3080
-2456
-3391
-3881
-3753
-4164
-4044
-2684
-1465
969
3438
4270
4993
4320
2057
651
-659
-2091
-2573
-2430
-1598
-482
-1165
-1973
-2600
-4311
-4130
-4427
-4471
-2813
-2219
387
2221
2921
3904
4157
2781
1996
2641
2044
3723
4740
4512
4653
4153
3039
2456
1238
767
1165
1026
1353
2304
3380
2894
5691
4146
3403
3498
-412
2175
2735
2741
5876
5620
4775
4610
-1446
-9543
-10177
-10639
-9199
-3084
-4576
-2651
-1191
-6092
-6114
-8214
-11296
-8283
-3017
-1649
4078
8817
8627
12576
11527
8207
8031
4939
1414
1390
2035
1629
3661
1471
-1606
-3662
-10037
-13523
-13082
-12515
-11878
-6362
-4400
-1683
1041
1760
3356
2903
3501
2259
4388
2413
5192
6825
6171
6624
3001
776
-4641
-5794
-10187
-9798
-9803
-9604
-6443
-5763
-4376
-4381
-3539
-3559
-1461
-1678
1024
3347
5789
7592
10570
10202
9474
9136
4782
4036
964
804
-22
-72
-913
-509
-475
-1288
-911
-1632
-1252
-597
-87
602
3128
4804
8911
8947
9981
9517
6828
7005
5059
5128
4782
5001
3809
500
-5296
-12826
-11667
-11719
-11665
-6616
-8974
-6618
-5030
-8806
-7419
-8113
-8425
-1964
2926
3764
9891
12759
12490
15921
12933
11511
11170
4975
1424
-1488
-4089
-4656
-5178
-6567
-8239
-10304
-13394
-15562
-14526
-13254
-9839
-4644
-1499
2425
6148
8064
9273
9767
7822
7686
6862
3734
3873
2691
419
362
-2938
-5342
-7870
-11993
-12446
-13964
-14416
-11189
-8467
-5732
-853
370
1783
3878
3876
5146
6841
7035
7679
9417
7942
9270
7802
4821
3329
1
-3157
-5072
-5608
-6987
-5135
-4035
-2465
241
1360
2703
3998
4318
4942
6537
7291
8805
11651
11116
12084
12054
7936
9205
5464
3468
3394
-508
-2800
-10048
-17072
-16234
-11761
-12460
-5807
-3710
-5988
-307
-5648
-5697
-6482
-8166
-222
4544
6505
11494
16857
13857
17140
13371
9019
7776
-389
-4670
-8194
-9996
-9836
-7692
-9635
-8552
-10217
-11920
-12659
-12557
-9404
-6294
-929
2226
6948
10442
13261
13134
12799
9390
5621
3536
-383
-3599
-4366
-5619
-7442
-6657
-9463
-9101
-10715
-13572
-11187
-10118
-8997
-5614
-2099
-746
3819
6898
7104
9847
7968
7476
6958
3224
2933
2608
2244
1605
1393
-490
-1912
-2172
-4790
-4585
-4695
-4407
-2226
-251
2452
5641
8642
8875
9779
9407
8356
8456
7955
7764
8003
8207
7497
7136
6117
5514
4527
3014
643
-2437
-8711
-17712
-16810
-13703
-11971
-4431
-3135
-1777
1646
-3155
-3318
-4814
-7836
-1492
2591
2632
7337
12240
12032
17449
15036
10362
9012
-231
-6788
-10091
-12429
-12784
-8915
-11132
-9323
-6394
-8907
-7322
-5571
-6043
-2910
-120
-634
4848
7136
10482
13300
12373
10080
7368
1717
-3268
-4825
-9049
-9116
-9400
-11650
-10106
-8946
-8227
-6173
-6671
-3346
-2443
-2379
-1101
410
2283
4345
7481
6670
7894
6767
5783
2959
885
-1218
-2686
-3271
-5017
-3495
-3857
-2235
-1030
-600
-458
1201
787
1965
3957
4879
7745
8085
8521
8371
8619
7571
6981
6142
4885
4493
4291
3377
3704
4749
5460
5481
4780
2603
-2699
-9855
-15250
-12282
-11753
-7891
-3980
-3988
-343
-1857
-2398
-3219
-5262
-3071
509
722
1805
6744
9293
13194
15222
12421
10989
6279
-606
-5645
-9299
-11913
-11961
-12140
-12827
-9165
-7801
-7021
-2807
-1348
-531
2015
860
1807
4355
5588
8394
8921
7424
6587
4022
-861
-2131
-4832
-8341
-9448
-12771
-13723
-11163
-9926
-6100
-3591
-2152
1626
1837
1910
3194
3356
1977
3429
2546
1928
3842
3784
3238
2384
746
-1967
-2861
-6062
-5983
-4850
-3787
-1484
396
1673
3557
6135
5404
7036
6576
6338
6001
5074
4962
4211
4851
3743
3663
3358
2859
4832
3729
4279
6297
5876
6907
5225
4627
3001
-1595
-9465
-12042
-9880
-9953
-4811
-3829
-3519
-865
-2547
-4652
-4652
-6353
-3727
1016
516
2370
8176
9907
13022
16331
12046
10960
6579
-1107
-6130
-8599
-12232
-12187
-12142
-14888
-10388
-8861
-8138
-3434
-292
-26
3196
2254
2080
5573
5929
6742
7640
5715
3420
2625
-1511
-2729
-4352
-7181
-9822
-11583
-12683
-11247
-8065
-6456
-3100
-297
2163
3698
4437
3921
4395
3227
1670
1060
500
891
1824
1298
551
289
-2445
-2773
-4424
-4122
-2889
-1770
-299
453
2982
3833
6797
7110
7232
8124
6404
5156
3733
2746
1912
2251
1741
1773
3416
4344
5939
7137
7836
8771
7737
5760
3942
1292
-5565
-11592
-11328
-10572
-8818
-3819
-4157
-2945
-560
-4701
-2611
-5876
-7079
-1838
-571
565
4768
9888
10961
17405
15234
12974
11538
4022
-2050
-7297
-11297
-15207
-13804
-16727
-15212
-10995
-10113
-5872
-649
584
3445
5777
2849
5395
6158
6041
7725
7378
4393
3718
714
-2777
-2306
-5898
-8265
-10352
-13387
-13204
-10756
-8318
-4804
-909
2948
5031
6378
6903
6296
5705
3643
1943
276
-907
-311
-91
-721
-277
-2114
-3271
-4123
-4493
-4205
-2865
-1102
-179
2162
2503
5826
6832
7815
9142
7728
7074
4786
3374
1643
470
-391
333
277
1014
3888
4433
7359
9327
8956
9930
5860
2395
-2900
-9997
-10645
-11109
-10184
-8059
-4090
-3751
-1651
-1142
-2950
-2703
-5287
-3043
-2276
50
2288
7353
11479
14194
17407
15145
13473
8740
2720
-4339
-8806
-14532
-17005
-17755
-18594
-14699
-11642
-7177
-2181
2210
4012
6584
6089
5576
5934
5386
5770
5070
4425
2478
1606
-158
-1969
-3943
-6258
-9533
-11549
-12573
-13104
-10226
-7907
-3540
1406
4344
6442
8254
7335
6388
6222
2361
1391
-259
-1919
-1113
-1989
-1265
-2068
-2502
-3007
-3218
-2974
-3108
-884
-511
1605
2571
4328
6334
7086
9177
7776
7780
5917
4059
2529
274
-30
120
315
819
3524
3903
7309
8840
7497
8668
5024
596
-6132
-10826
-10505
-11230
-10884
-9440
-6860
-4783
-2814
-1699
-968
-1040
-205
1435
391
2528
5728
8921
12323
13743
14479
14441
11243
6407
1476
-4318
-9073
-14564
-18628
-20477
-19040
-16139
-12472
-6190
-422
4570
7469
9219
9847
9844
8667
6602
5005
2839
1336
-348
-2390
-2670
-3010
-5377
-6863
-9351
-11505
-11478
-12099
-10104
-7360
-3328
1938
4080
7278
9012
8667
8817
6441
4297
2834
-259
-1593
-3029
-4217
-3260
-3955
-3776
-3486
-2391
-2179
-1017
246
821
3034
3238
5325
5712
7797
8297
8149
8123
5496
4389
1241
500
-911
-784
310
399
1941
4892
5911
6220
6415
3343
309
-6319
-9039
-8941
-9690
-9638
-8672
-7306
-7044
-4902
-3585
-2028
-964
1340
3152
3570
5270
7481
10750
12735
13279
13596
12489
9162
5861
913
-3687
-7763
-12671
-16371
-18621
-18281
-16175
-12519
-7779
-1983
2679
6679
9590
10792
11584
10754
9263
6742
3389
889
-1216
-3545
-4639
-5361
-6620
-7935
-9356
-10253
-10023
-9918
-8789
-6448
-4423
-593
2792
4356
7879
9301
8872
9356
6153
4671
2996
-606
-2183
-4119
-5271
-5751
-5271
-5003
-3278
-1666
-1208
775
1187
2594
3524
4166
5881
6276
8162
7741
7066
6713
4874
3833
1838
596
-294
144
224
908
3825
4341
4581
4498
1002
-3252
-6875
-8535
-7807
-8446
-8478
-8269
-7435
-6681
-5919
-3148
-2991
-535
2161
2997
5107
7509
10656
12861
15001
14036
13341
11907
7417
4285
-467
-5076
-9247
-13947
-17897
-18436
-16704
-14954
-10758
-6230
-1559
3131
6300
9156
12006
12500
11364
9944
7000
3720
1189
-1719
-4534
-5534
-7427
-9062
-9651
-10970
-10601
-9466
-9699
-8898
-6680
-4451
-1268
2077
4413
6730
9815
9296
9313
8432
5833
5110
915
-988
-3493
-5243
-6170
-6968
-5531
-5489
-2443
-1743
-191
1364
2668
3972
3789
6017
5899
7734
7682
6944
7409
6064
4858
3592
2472
1042
1838
1031
1969
3386
2508
1798
-1060
-6288
-9629
-8372
-9485
-8454
-7461
-7948
-5110
-5066
-5118
-2737
-1747
-1845
1297
1973
2305
6973
9440
12577
16028
15664
14964
14140
9510
5163
2076
-3142
-8470
-12986
-17945
-19318
-17298
-16467
-12000
-5622
-1668
2927
6916
8711
11575
12831
11059
9991
7477
3881
1844
-548
-3822
-4620
-5522
-7997
-9263
-10000
-10710
-10285
-9429
-9183
-7050
-5296
-3011
59
2353
5374
7472
9185
8378
8468
7765
4661
3237
79
-1911
-3826
-5369
-6239
-6392
-5147
-4813
-2230
-1354
590
3028
3437
4930
5409
6961
7553
7636
7767
7249
6547
5052
3938
3061
2717
2565
2190
2188
2458
1034
33
-3405
-8755
-10310
-10486
-9914
-8912
-8535
-7228
-4485
-4876
-4472
-2043
-2103
-545
1506
1873
3536
6837
9438
12582
14842
14828
15047
14078
9874
6015
2813
-2312
-7066
-12318
-16854
-18004
-17778
-17041
-12814
-7207
-2705
2382
6108
9088
11990
12571
11398
10572
7765
4637
2768
-489
-2733
-4002
-5845
-7435
-8343
-9390
-9636
-10603
-11255
-10123
-9717
-7640
-4932
-2553
678
4421
6996
8728
9855
9800
9585
7134
4573
2136
-666
-2631
-4196
-5089
-5652
-5064
-4456
-3775
-2515
-683
827
1947
3480
4994
6569
7826
8872
9021
9590
8942
7442
6229
4127
4075
4398
3793
4131
3823
231
-6317
-14165
-15156
-13251
-14899
-12118
-10292
-7776
-4157
-4741
-2783
399
770
1993
3955
939
2396
5662
7149
12834
13651
14396
16205
14379
9682
6974
5383
-160
-5378
-12939
-17590
-18744
-20942
-19867
-13627
-7458
-4269
1454
6464
9796
13511
14203
13799
12693
7843
4303
2440
-1291
-3536
-3719
-5521
-7904
-8127
-8699
-8145
-7930
-9411
-9112
-8223
-8890
-8610
-5817
-3299
599
4025
5558
8843
10341
9817
9837
8329
5356
1957
-570
-3738
-5308
-5697
-5859
-4190
-4073
-2561
-774
725
1469
2978
5273
5092
6464
6930
7726
8735
8135
7912
7770
7764
6673
6606
6352
5220
4292
-120
-6829
-14205
-15664
-15059
-16241
-13888
-13566
-8885
-6261
-6537
-2928
-259
1585
2680
5065
2240
4489
6513
7362
13293
12362
14247
15956
14736
10917
8505
7233
1182
-4367
-12949
-17342
-18930
-22995
-21949
-16439
-10711
-6072
95
6481
11614
15967
16563
16695
14932
9448
6019
2773
-1277
-4015
-4597
-6079
-8093
-8251
-8138
-6909
-6873
-8697
-8876
-8321
-9485
-9849
-8178
-5566
-2455
332
2883
6605
9336
10182
11200
10826
7912
5275
2805
-1018
-3298
-5266
-5460
-5717
-5827
-4792
-2755
-68
148
2990
4552
6205
6830
6632
7855
7232
8031
7033
7538
8458
8012
9006
8999
7478
6232
1548
-7510
-13508
-14794
-16518
-17479
-16297
-16329
-10304
-9402
-8894
-3483
-1908
1779
3224
5382
3563
6358
8057
9309
14400
11874
15710
16192
14110
10717
8902
7853
1359
-4144
-12387
-15478
-19201
-24114
-22355
-17529
-13386
-9013
-2555
4157
10190
15034
18039
19656
18235
13095
10128
5190
-393
-3560
-5259
-7189
-9968
-9723
-8672
-7116
-6888
-7889
-7432
-7493
-10270
-11377
-10214
-8002
-6004
-3380
616
4354
8198
9900
13001
13056
10873
9476
5739
1890
-2006
-3639
-4546
-6021
-6477
-5969
-3648
-2451
-1393
1745
3581
5486
5621
6743
8079
8136
9141
8190
9262
9063
10445
10843
9572
7863
837
-3934
-10174
-12388
-14432
-17028
-15609
-16319
-13672
-14599
-10530
-6886
-4951
304
1352
5630
5022
6700
9198
12104
13303
11822
14859
13616
12941
9857
8929
7753
2693
-3034
-8161
-11815
-16991
-19391
-19012
-16725
-14447
-10678
-5662
599
4973
10099
15126
16549
16306
14209
12345
7890
3484
-414
-3300
-6615
-9773
-10017
-9247
-8075
-7254
-6412
-5395
-5427
-6528
-6802
-6978
-7093
-7399
-5951
-3857
-1557
1323
5011
8181
9003
9888
9609
8372
5382
2820
1003
-1317
-3546
-5087
-4719
-4247
-2770
-466
1672
3438
4729
5952
6803
7097
6881
7508
8213
7137
6485
8063
8568
6491
2803
-3369
-5759
-6978
-10895
-11206
-11947
-11715
-10544
-11769
-10959
-7373
-5502
-4116
-1150
-603
2351
4573
6112
9805
10719
12132
11995
11970
10860
9628
9475
6023
3204
-964
-4367
-7835
-12133
-14051
-14117
-12940
-12521
-9773
-6155
-2067
1888
4883
8619
11124
12217
11800
10646
8654
6051
3455
-36
-3001
-4861
-6204
-6902
-7624
-6885
-5324
-4923
-5033
-5430
-5207
-5454
-6653
-7025
-6641
-5159
-3869
-2183
539
2688
4818
5703
7141
7245
7191
6563
4309
3220
514
157
-1412
-2259
-1992
-1644
107
-321
1677
2821
4835
5423
5930
7356
7133
8703
6723
7195
7490
3552
-118
-4521
-6086
-6546
-7653
-8441
-8255
-7484
-8691
-9095
-8793
-7766
-6385
-5377
-3797
-3184
77
2239
5636
8960
9174
12149
11880
11720
10513
9442
9155
6019
3370
-684
-2685
-6438
-9816
-11085
-12030
-11345
-10921
-8821
-6479
-2815
193
3236
5747
6705
8557
8749
8388
7752
7062
5761
3085
399
-1546
-2200
-3328
-4775
-5072
-5142
-5434
-6421
-6705
-6427
-6535
-6748
-7460
-6834
-5978
-4488
-2186
-541
1361
3208
4559
5147
5751
6532
6717
5645
3887
2535
1603
327
-831
-758
-410
-134
64
368
1837
3544
4809
6033
7058
7974
8444
7611
5810
4589
1814
-2473
-4597
-6201
-7400
-7331
-8950
-8517
-7201
-9045
-7994
-6721
-6324
-4664
-4162
-3149
-1016
290
2042
5435
7020
8845
9957
10933
11195
9981
9754
7437
5701
1929
-1204
-3454
-7137
-8736
-9989
-10055
-10133
-8921
-7333
-4828
-2459
-636
2424
3448
4184
4866
5270
5518
6024
6133
5574
4771
2829
1715
964
-429
-993
-1811
-3436
-4920
-6862
-7686
-8072
-8906
-9076
-8696
-7480
-6568
-4684
-2105
-185
1991
3251
4455
5374
6002
6454
6472
6415
5481
5182
3865
2493
1621
889
441
-501
-124
-178
1045
1751
2444
4640
5683
7536
8165
8082
6512
2964
-764
-4055
-5603
-7617
-8447
-9081
-9730
-8747
-9252
-8116
-6285
-5447
-4028
-2930
-1940
-690
1280
2203
4510
5756
6672
8558
8764
9566
8577
8476
7224
5352
3356
-140
-2148
-5634
-7893
-9131
-9439
-8960
-8132
-6831
-5121
-2250
-497
1956
3774
4542
4591
3763
3115
2858
2690
1951
2157
2029
1674
1961
1932
2263
2379
1027
-752
-2472
-4438
-6392
-7815
-9019
-9418
-8830
-8555
-7051
-4954
-2716
-48
1947
3639
5036
6335
6973
7003
7123
6642
6148
5403
4335
3827
3205
2679
2158
1713
1316
1396
1279
1335
2002
2818
4543
5015
5532
3650
-1297
-4608
-5386
-5594
-6513
-6729
-7442
-6032
-7450
-9157
-6348
-5600
-4220
-3980
-3411
-1396
564
1823
3898
6388
6119
7505
7131
7701
6884
5144
5533
3727
3428
1379
-332
-2991
-6191
-7452
-8255
-7471
-7248
-6679
-5899
-3609
-1796
539
2568
3708
5053
3830
2924
2726
3233
2465
1463
1089
792
1114
467
469
1246
1383
260
-629
-2092
-3469
-4599
-6275
-6487
-6918
-6804
-5696
-4900
-3686
-2328
77
2145
3177
4197
5186
6019
5578
5539
5359
5622
5121
3962
3964
3816
4557
3671
3641
3615
3850
4288
2993
3453
3329
4038
3180
353
-4105
-6862
-7112
-9710
-8882
-9411
-8278
-6257
-8670
-7158
-5800
-4396
-2447
-2099
-984
1725
2795
3420
6142
5688
7963
7563
6939
8291
4894
5033
2658
2107
1751
-532
-1300
-4861
-6608
-8834
-9092
-8004
-7209
-7304
-5819
-3441
-1692
1358
2314
5175
5769
4341
3493
3308
3479
1977
1282
305
506
416
-121
725
1383
1016
420
-550
-2123
-3301
-4882
-6358
-7379
-7945
-7520
-5946
-4773
-3512
-817
1616
3850
5471
6636
7746
8019
7761
7060
6966
6109
5010
4129
2609
2609
2657
2886
3222
3761
4609
5037
5285
4726
5050
4384
1853
-2322
-6139
-7423
-9151
-9876
-10495
-10783
-8827
-9797
-9332
-7697
-6801
-3829
-3149
-2260
377
3198
4336
6576
7005
8412
10661
8741
9978
7559
6237
4373
1433
1030
-1659
-2241
-5378
-7232
-8880
-9807
-8809
-8539
-8177
-7505
-5179
-4290
-1673
-140
2647
5040
4622
5176
4630
4834
3677
2728
2025
1313
980
-334
-380
-409
-413
-77
-550
-1491
-2450
-3488
-4623
-5817
-7107
-7217
-7003
-7145
-6403
-4957
-2231
208
2806
5572
8094
10132
10783
11257
10715
10350
9057
7515
5571
3701
3049
2017
2313
2158
3330
4232
4194
4825
4862
5113
1993
-2424
-4939
-6541
-8479
-9451
-10950
-10350
-9294
-11508
-8974
-8172
-6262
-4071
-4198
-1078
819
2903
3865
5735
5972
7674
8578
8988
10719
8019
8102
5641
4803
3311
404
-617
-4710
-6179
-8640
-9235
-8457
-9061
-9588
-8136
-6560
-5543
-3407
-2731
359
1486
1723
2714
3446
3961
3261
3502
3196
3596
3161
2028
1593
1367
738
-344
-1459
-2954
-3613
-4760
-5558
-5878
-6457
-6379
-7082
-7310
-6720
-5502
-3941
-2491
-343
2002
4596
6700
8859
10289
11572
12211
11495
11047
9410
8416
7111
5377
4920
4306
3694
3042
2695
2749
3307
2696
-212
-3679
-5249
-6177
-7923
-8436
-10109
-9479
-9449
-11909
-9551
-8391
-6039
-4259
-3881
-291
2934
4683
5401
7460
7225
8981
8110
8153
9640
5843
5841
3577
4062
2994
334
-329
-3693
-4198
-6879
-7332
-6594
-7946
-8891
-7692
-6428
-4880
-3320
-3063
-146
5
590
1228
1761
2334
1605
2273
2060
2784
2614
2032
1930
1630
1472
747
-602
-2105
-3334
-4793
-5836
-6871
-7563
-7478
-7735
-7868
-6828
-5310
-3550
-1788
-75
2027
4504
6258
7795
8940
9910
10862
10489
10428
9568
9471
8746
7279
7198
6335
5734
4567
3796
3129
2744
1073
-2277
-4985
-7014
-8115
-8785
-9097
-9911
-8701
-10018
-10174
-9182
-9357
-6296
-6440
-4067
-598
2339
5468
7569
9365
10372
12122
11109
11963
9841
6963
5128
2515
2178
-404
-1302
-3519
-5079
-5938
-7869
-7151
-6692
-7330
-7159
-6313
-5526
-3092
-3023
-1751
247
711
1734
1531
1943
2024
2185
1799
2020
2335
1773
1331
911
808
639
427
-807
-1792
-3211
-4476
-5422
-6683
-7941
-8036
-8054
-8591
-7297
-6916
-4552
-2240
-795
2112
4228
6630
7880
9367
10258
11459
11861
11017
10794
9558
9310
8136
7617
6530
5433
5296
3321
2784
577
-2598
-4827
-7388
-8978
-9247
-10500
-10389
-9978
-11657
-9912
-9950
-8581
-6851
-6745
-3375
-995
1798
3844
6689
8417
9772
10654
11360
12857
10865
9849
7514
6973
5397
2241
1068
-2733
-4525
-6622
-8419
-8275
-8733
-8865
-7798
-7247
-5901
-3540
-2651
-846
-536
1013
1897
1505
2097
1638
3043
2961
2985
3397
2939
2695
2347
2204
1478
926
-905
-2229
-3586
-5103
-5673
-6905
-8116
-8940
-9037
-8575
-7509
-6792
-5160
-3133
-1299
854
2899
5449
6665
8489
9411
10042
11055
10485
10509
9789
9586
9241
8903
7753
6564
6483
5003
3803
476
-3052
-5330
-7802
-9234
-10521
-11720
-11606
-12609
-13451
-12106
-11507
-8887
-8055
-7021
-2765
225
2741
4529
6609
9240
11083
11070
12779
12657
11085
9867
7475
7920
5166
2500
260
-3394
-4690
-6678
-7629
-8029
-9257
-9063
-7790
-7401
-5687
-4605
-2549
-750
-762
1296
1603
2531
2568
2545
3799
3987
4231
3500
3387
3444
3671
3233
2248
1333
236
-1091
-2612
-3715
-5124
-6189
-8222
-9373
-9517
-9378
-8434
-8207
-6294
-4205
-1824
265
2614
5142
6731
9067
9525
10779
10911
10998
10895
9861
10217
9173
9147
7245
6367
6001
4372
2494
-1803
-3922
-5790
-7661
-8867
-10400
-10927
-10987
-12687
-12394
-11375
-11257
-9458
-9831
-7205
-3315
-768
1865
3976
6862
9113
10656
11683
13051
11658
10654
9666
8659
8042
4821
3352
498
-2383
-3968
-6379
-7761
-9311
-10540
-9697
-9279
-8752
-7042
-5861
-3522
-2241
-265
1586
1740
2783
3109
4243
4732
4627
4893
4457
4135
4112
4282
3734
2823
1674
591
-198
-1794
-3462
-4693
-6320
-7324
-8367
-8804
-8511
-8656
-7982
-6537
-4250
-2434
-58
2103
3671
6170
7788
9441
10441
10939
11407
11320
11203
10699
10631
9794
8468
7614
6374
4493
596
-3031
-5052
-6964
-8419
-10752
-12300
-12107
-13574
-13708
-12627
-12168
-10322
-10353
-8872
-4270
-1111
1216
3340
5725
8885
10175
10767
12495
11279
10304
9232
8252
8374
5405
3723
1860
-646
-2021
-4009
-5674
-7538
-9212
-8759
-8332
-8616
-7885
-7602
-5378
-4361
-3092
-919
-928
401
697
2209
3789
4095
4710
4477
4769
5261
5663
5184
4250
3426
2469
1460
343
-1364
-2627
-4157
-5812
-6637
-7705
-8080
-8954
-8947
-7643
-5939
-4065
-2457
-227
1473
4155
6595
8493
10115
10447
10946
11139
11377
10915
11000
10382
9140
8931
7902
6542
3161
-595
-2910
-4697
-6496
-9079
-11452
-11978
-13624
-14595
-13521
-14028
-12307
-12589
-11732
-6855
-3458
-562
1418
4441
7867
10389
11546
13407
13030
11707
10964
9686
9947
6563
4245
2265
-336
-1670
-3973
-5600
-7421
-8976
-9127
-8246
-8618
-8055
-7808
-6360
-4365
-3379
-1293
-1315
-299
185
1358
3030
3104
3821
3209
3441
4158
4471
4369
3645
3175
2850
2145
1179
146
-1093
-2249
-3794
-4650
-5443
-6484
-7362
-7963
-6710
-5648
-4745
-3049
-1825
221
2301
4332
6546
7867
8679
9513
10417
10807
11111
11360
11138
10555
10028
9586
8075
4459
566
-1802
-3359
-5422
-8023
-10129
-10980
-12417
-13703
-13294
-13450
-12859
-13419
-12995
-8937
-5492
-3247
-1131
1825
5538
8518
10089
12358
12580
12113
11817
11117
11496
8588
6388
4203
1465
-55
-2496
-4616
-6903
-8542
-8912
-8229
-8485
-8331
-7957
-6708
-4997
-4288
-2840
-2649
-1763
-1080
-252
1460
2121
2712
2901
3314
4565
5077
4621
4301
3779
3658
2947
2084
746
-758
-1692
-3138
-3940
-5098
-5881
-6516
-7174
-6770
-5737
-4505
-3555
-2509
-716
1647
3401
5144
6401
7701
9126
9749
10670
10906
11328
11418
10893
10912
10297
8643
5028
1237
-895
-2378
-4249
-6974
-9253
-10154
-12151
-13280
-13565
-14057
-13314
-14494
-13177
-9216
-6220
-4020
-1812
1711
5431
8212
9893
11741
11356
11151
10937
10700
10530
7397
6037
4364
2231
1152
-1122
-3133
-5278
-7306
-7401
-7680
-8332
-8418
-8566
-6523
-5402
-4299
-3022
-3117
-1465
-843
213
1586
1553
1934
1818
2222
3395
3533
3348
3239
3232
3816
3652
3135
2110
657
-139
-1518
-2711
-3875
-5373
-5976
-6911
-6715
-5739
-5267
-4044
-2778
-970
1194
3054
4493
5817
6885
8119
9098
9383
9776
10194
10597
10662
10660
9864
7864
4335
1971
601
-1235
-2945
-6028
-7508
-9230
-11353
-11847
-13086
-13527
-14310
-14632
-12146
-8992
-7262
-4982
-2023
1236
5057
7019
9868
10578
10304
11393
11033
11565
9790
7526
6310
4082
2460
748
-1636
-3881
-6061
-7207
-7242
-8029
-8025
-8432
-7574
-5694
-5072
-3768
-3588
-2632
-1443
-919
201
1175
1477
1458
2017
2907
3773
3309
3222
3191
3415
3417
2825
2414
1017
489
-138
-1008
-1778
-2902
-3700
-4357
-4810
-4723
-4245
-4010
-3385
-2300
-676
1331
2682
3936
5141
6642
8065
8530
9000
9591
10037
10221
10225
9441
7590
4398
1809
597
-1149
-2690
-4583
-5981
-7366
-8881
-9466
-10349
-11114
-12528
-12624
-10759
-8776
-7423
-5994
-3236
-512
2021
4239
6739
7712
7766
8859
9773
10276
9069
7472
6647
5393
3761
2257
-45
-2074
-3829
-5212
-5650
-6607
-6959
-7793
-7604
-6443
-5752
-4940
-5234
-4449
-3277
-2449
-1532
-383
579
1092
2052
3021
3908
4079
4314
4431
4244
3844
3434
2416
1028
438
-57
-895
-2154
-2690
-3083
-3517
-3812
-3722
-3419
-3129
-2314
-1438
-118
827
2001
3203
4026
5268
6488
7541
8041
8976
9845
10444
10573
9619
7393
4508
2634
1110
-614
-2896
-4191
-5078
-6901
-8334
-9392
-9381
-10490
-12259
-11817
-10047
-7682
-7215
-5885
-2622
242
2247
3879
6431
7045
7637
7917
8766
9281
7394
6673
5105
4212
2971
1063
-403
-2536
-3416
-4127
-4959
-5632
-6165
-6647
-6278
-5713
-4991
-4921
-5239
-4289
-3723
-2715
-2412
-1632
-738
-528
470
1704
2845
3185
4060
4627
4950
4987
4512
3780
2472
1701
1050
-407
-2064
-2885
-3600
-4489
-5092
-4987
-4560
-4334
-3208
-1805
-603
960
2057
3568
4750
5814
7309
7853
8463
9018
9948
10468
10484
9816
7622
4863
2688
1694
-454
-2427
-4214
-5217
-6422
-8362
-8596
-9489
-10171
-11765
-11797
-9298
-7442
-6402
-5158
-2423
683
2907
4199
6206
6088
6596
7136
7515
8359
6646
6248
4750
4083
3465
1751
-29
-2363
-3314
-4187
-4822
-6300
-6602
-7200
-6817
-5656
-5247
-4322
-5017
-3855
-3137
-2505
-1639
-1761
-830
-722
-161
1171
1771
2277
2928
3325
4359
4277
4277
3691
2425
2571
1624
686
-991
-1889
-2168
-3350
-3873
-4129
-3814
-3771
-3207
-2092
-903
286
1366
2224
3216
4704
5624
6466
7202
8075
9151
9801
10009
9866
8315
5631
3973
2863
1555
48
-1478
-2928
-5353
-7496
-8564
-9553
-10486
-12115
-12297
-10619
-8923
-7408
-5782
-3242
-446
2297
4727
7345
7870
7938
8662
8433
9353
8153
6796
5408
3321
2684
908
-704
-2467
-4099
-4966
-5718
-6085
-6428
-7316
-7175
-6210
-5605
-4998
-5356
-4690
-4229
-3712
-2517
-1764
-871
-715
-22
1307
2276
2962
3789
3943
4152
4334
4153
3861
2531
2010
1603
550
-818
-1810
-2383
-3332
-3930
-3999
-3924
-4133
-3556
-3012
-1686
-176
848
2170
2852
4558
6079
7021
7900
8643
9306
9642
9821
9447
7987
4995
3180
2242
774
-493
-1764
-2753
-4232
-5657
-6159
-6706
-8108
-10048
-10665
-9427
-7809
-6964
-5786
-4097
-1912
372
2104
4744
5588
5721
6930
7381
8538
8400
7563
6865
5554
5285
3831
1522
-480
-2353
-3480
-4606
-5611
-6281
-7436
-8002
-7300
-6764
-6418
-6647
-6283
-5502
-5175
-3816
-2753
-2052
-1228
-619
1280
2477
2933
4184
4535
4962
5026
4969
4506
2908
2252
1426
208
-1160
-2354
-2880
-3664
-4125
-3676
-3498
-3713
-3221
-2456
-1440
-409
562
1371
2118
3218
4461
5574
6261
7363
8378
9160
9889
10340
9777
6966
4490
3763
2328
681
-808
-2590
-3942
-6075
-7706
-8304
-9013
-10229
-10876
-9642
-7551
-5856
-4736
-3026
-1299
1251
2589
4241
5863
5061
6265
6597
7105
7311
6439
6242
4682
4090
3612
1750
-134
-1226
-2415
-3123
-4280
-4814
-5291
-6634
-5794
-5409
-5134
-5870
-6334
-5357
-5668
-5153
-4078
-3291
-2880
-2318
-821
757
1274
2556
3578
3874
4549
4603
5054
3722
2860
2612
1262
26
-1420
-1986
-2967
-3897
-4070
-3504
-3852
-3638
-2542
-2036
-583
7
1479
2006
2400
4031
4442
5514
6017
7262
8187
8328
9216
9557
8537
5680
4403
3788
2486
1283
-265
-1686
-3566
-5569
-7229
-8310
-9495
-10802
-11258
-10005
-7628
-6163
-4340
-2760
-668
2204
3097
5400
6170
5503
6625
6672
7442
6878
6543
6289
4224
4445
3640
1717
368
-1110
-1785
-2808
-3926
-4314
-5605
-6726
-6592
-6387
-6217
-7226
-6787
-5792
-5881
-4524
-2988
-1840
-1416
-781
1072
2103
2423
3289
3442
3554
3444
3070
3116
1597
677
284
-604
-1352
-2083
-1998
-2894
-3496
-2734
-2437
-2549
-2215
-1474
-882
-49
394
1260
1731
1655
2973
3691
4477
5362
6439
7696
8193
9594
9863
8507
6047
4618
4001
2505
1378
-372
-1861
-4181
-5912
-7487
-8837
-9244
-10941
-10521
-8957
-6721
-5122
-3411
-1638
-7
2641
3292
5320
5412
4573
5377
5865
6332
5745
6285
5476
4297
4189
3833
2329
1089
485
-876
-1504
-2717
-3261
-4704
-6013
-6092
-6370
-6730
-8158
-7859
-7176
-6923
-5552
-3504
-2118
-1477
-153
1720
2865
3357
4187
4228
3887
3383
3098
2597
1067
-6
-583
-1588
-2400
-2723
-3084
-3324
-3615
-2895
-2347
-2218
-1766
-1163
-572
-501
647
1448
1541
2010
3380
4456
4930
6403
7133
8220
8961
9301
9875
8658
6217
3628
2898
1510
-490
-1545
-3271
-4944
-6200
-7121
-8578
-8207
-8781
-9336
-7582
-6068
-3941
-3218
-1374
-143
1382
3070
3651
4920
4065
4738
5257
6348
6214
5693
6547
4849
4672
3884
2944
911
-365
-779
-2471
-2995
-3802
-4209
-5623
-5552
-5319
-5250
-5758
-6655
-5500
-5194
-4203
-3307
-2178
-1646
-1546
-141
948
1215
1393
2227
2028
1938
2104
2469
1652
502
570
-141
-56
-1433
-1991
-1811
-2882
-2878
-2494
-1976
-3103
-2469
-1709
-1667
-714
-53
1116
1048
2817
4078
5101
6787
7338
9381
9618
10014
10554
9730
7198
3585
2749
1405
-680
-2139
-3332
-4843
-6266
-6754
-8111
-8185
-7878
-8911
-8249
-6648
-5285
-3962
-2488
-1438
131
2044
2969
4571
4659
4979
5844
6459
7265
6552
6950
5851
4326
4113
2908
1217
-374
-1105
-2214
-3356
-3386
-3622
-4678
-4885
-4862
-4688
-4908
-5547
-5066
-4549
-3881
-3126
-2049
-1040
-822
-155
1072
1432
1373
1786
1889
1366
1051
1330
825
-526
-795
-769
-1441
-1507
-1841
-1874
-1909
-2246
-1584
-980
-1204
-1419
-284
-308
-558
205
768
877
1114
2844
3316
4350
5953
7227
8250
8685
9826
9779
8739
5564
2973
2307
1146
-631
-2036
-3079
-5269
-6143
-6681
-7784
-7820
-7566
-8248
-8407
-6494
-5222
-4385
-3358
-2509
-378
1110
2802
4804
4917
5498
6339
7820
8822
7718
7429
6186
3963
3202
2026
220
-1419
-2217
-2688
-3846
-3479
-3020
-3959
-4393
-4201
-3942
-4557
-5360
-5343
-4720
-4150
-3367
-2072
-968
-668
-125
1841
2469
2187
2777
2608
1688
1190
1385
388
-1055
-1286
-2189
-2770
-2574
-3157
-2928
-2383
-2604
-1694
-434
-843
-918
168
481
472
1384
2270
1899
2587
3980
4518
5923
6854
7477
8188
8390
8583
8478
6898
2690
396
865
-479
-2062
-2062
-3035
-4916
-5215
-5058
-6639
-7325
-7052
-8315
-8252
-6629
-5799
-4870
-4258
-2790
-67
1654
3857
5487
5905
5716
6111
8266
7981
6371
6124
4404
2664
2123
1596
361
-995
-815
-1287
-2202
-1960
-2310
-3452
-4171
-4620
-4574
-5244
-6180
-5808
-4833
-3574
-2453
-869
383
70
510
2014
2137
1491
1308
1363
785
303
855
605
-395
-618
-663
-1038
-1717
-2172
-2131
-2385
-3074
-2572
-1468
-2034
-1915
-428
820
1232
2108
3510
3482
4074
5498
6069
6481
6872
7105
7267
7412
7527
7221
5250
1791
307
772
371
-1144
-1689
-2594
-4797
-5591
-6366
-8151
-9398
-9568
-9335
-8238
-7006
-5690
-3915
-2952
-1346
980
2908
3982
4748
5275
4841
4978
6509
7230
5693
4480
4072
3109
2480
1578
961
207
-754
-809
-1507
-2424
-3479
-3896
-3872
-4677
-4980
-4802
-4822
-4840
-3979
-2191
-1333
-1137
-487
-429
-780
-260
772
898
375
709
1704
1983
1902
1437
1245
502
-934
-1099
-1557
-3135
-3660
-2688
-2927
-2615
-1726
-873
-94
118
1651
2189
2700
3263
3214
4184
4203
4952
6235
6730
7251
7448
8560
8786
7939
6281
3030
360
-255
-540
-1704
-2662
-3758
-5012
-5632
-6592
-7777
-8733
-9456
-8793
-7896
-7112
-6162
-4507
-3534
-2082
153
1827
3636
4008
5429
5743
4643
6013
6680
6064
4580
3302
3438
2260
1562
1759
1109
245
-534
-753
-1532
-3537
-4308
-4102
-4897
-5503
-5468
-4740
-4333
-3732
-1932
-792
-832
-935
-544
-495
-1183
-854
277
507
281
994
1990
1796
1155
1139
676
-901
-1224
-1399
-1982
-2205
-2330
-1440
-969
-753
-250
283
856
1120
1713
2305
2194
2307
3364
4189
5212
6408
7106
8024
8446
8565
8627
8043
5848
2272
-35
-338
-898
-1517
-1344
-2872
-4534
-5065
-6421
-7281
-9199
-10839
-9780
-8646
-7314
-6482
-5179
-3785
-1993
929
2663
3624
3517
4366
4819
4061
4709
4773
4618
4046
3614
3894
3164
2505
2431
2442
1179
-297
-1100
-1821
-2897
-3765
-3731
-4141
-4393
-4213
-3745
-3393
-3502
-2838
-2315
-2745
-3027
-3179
-2478
-1862
-1263
431
1191
1243
1917
2554
2005
1237
526
-541
-1593
-1806
-1721
-1748
-853
-500
450
1206
862
1136
984
990
774
1049
1563
1214
2020
2994
4155
5472
6386
6853
6935
7154
6813
6923
6460
4698
2399
279
72
124
316
1301
-15
-1486
-2218
-3970
-4880
-6905
-9062
-8982
-8264
-6613
-5222
-4207
-3711
-3142
-1509
-283
554
114
164
665
1310
3248
4184
4285
3302
2428
2576
2215
1780
1264
1282
984
594
731
417
-424
-1236
-1405
-1667
-1865
-2275
-2568
-2788
-2849
-2114
-1792
-2076
-2694
-3203
-2850
-2289
-1636
-892
-680
-845
-1472
-917
-888
-1928
-1717
-2326
-2720
-2243
-1691
-1636
-1572
-825
-1121
-325
147
-105
621
813
1660
2400
3537
3954
3570
4831
5146
5666
6412
6632
6866
6527
7224
7371
7341
7527
6036
4348
3186
3153
2720
2069
2055
21
-1340
-2255
-3646
-3765
-4813
-5962
-5742
-5079
-4919
-5090
-4764
-5158
-5609
-4606
-3648
-3300
-3413
-3149
-2552
-1822
-262
798
937
697
634
995
1290
1434
1629
1847
1495
1110
1428
1170
456
-48
-144
-204
-991
-1485
-1668
-1875
-1887
-1770
-1678
-2160
-2414
-2222
-2153
-1539
-1626
-1672
-1181
-1864
-1531
-1151
-2149
-2329
-2175
-2344
-2572
-2194
-2004
-2049
-765
-297
135
1093
903
1089
1711
2435
2943
3666
4120
4048
4996
5803
6093
6400
6732
6799
6801
7071
6868
6911
6591
5263
3774
2568
2577
2495
1680
1057
-153
-1613
-2502
-3052
-3663
-4711
-5870
-5974
-5134
-4747
-4637
-4686
-4907
-4434
-3403
-2293
-1980
-2516
-2547
-2212
-1567
-512
124
-86
-624
-439
388
1003
1349
1623
1743
1900
1897
2001
1832
981
328
166
76
-388
-1131
-1469
-1642
-1932
-1667
-1787
-2477
-2811
-3023
-2911
-2330
-2390
-2621
-2301
-2507
-2622
-1860
-1913
-2326
-1688
-1625
-1818
-1389
-1135
-1098
-610
-166
-9
499
521
315
757
1623
2113
2792
3554
3666
4173
5078
5636
6004
6567
6589
6420
6713
6773
6845
7041
6138
4354
2535
2272
2523
1280
1422
752
-1066
-1389
-2307
-2388
-3091
-4563
-5142
-4820
-3808
-4635
-4304
-4486
-4760
-3685
-2755
-1494
-2332
-2288
-1967
-1662
-304
588
1041
140
-102
307
777
1391
963
1266
1246
824
978
968
1018
94
-118
236
-168
-610
-1016
-885
-1006
-1186
-737
-1492
-2113
-2494
-2805
-2238
-2694
-3078
-3304
-3354
-3458
-3119
-2430
-2872
-2772
-2405
-2472
-2184
-1641
-1355
-1136
-403
280
536
980
681
875
1714
2213
2728
2912
3250
3200
3753
4750
4981
5645
5990
5847
6253
6471
6624
6674
6553
5712
4039
2337
1822
2327
1767
1683
1373
-470
-1440
-2061
-2803
-3039
-4098
-5099
-4655
-3783
-3941
-3904
-3427
-3890
-3505
-2285
-1590
-1909
-2481
-2291
-1544
-430
693
958
413
72
11
484
1153
704
533
687
77
194
504
576
98
-432
-2
95
-516
-973
-825
-889
-1359
-1064
-1156
-2025
-2239
-2673
-2591
-2216
-2326
-2278
-2337
-2447
-2631
-1994
-1935
-2502
-2383
-2530
-2493
-2065
-1409
-1091
-846
-238
42
693
1216
1582
2154
2632
3114
3539
4069
3920
4009
4428
4700
5059
5288
5213
4929
4906
5014
5587
5709
5007
3598
1814
1744
2440
1987
2028
1695
-217
-1026
-1617
-2271
-2449
-3922
-4785
-4209
-3345
-3405
-3256
-3149
-3755
-3153
-2066
-1249
-1831
-2289
-1961
-1568
-422
514
702
-29
-747
-769
-262
260
-223
-115
98
-50
331
805
860
-42
-277
-37
-194
-663
-1039
-1234
-1462
-1480
-1096
-1014
-1561
-2062
-2254
-1926
-1794
-1711
-1682
-2044
-2255
-1920
-1556
-1826
-2168
-2368
-2544
-2209
-1532
-1218
-1052
-923
-562
180
893
1342
1784
2064
2306
3059
3493
3784
3817
3844
4349
4580
5083
5300
5022
4896
4846
5332
5389
5039
4456
2825
1206
1007
1581
1667
1764
1305
15
-842
-1561
-1858
-2301
-3454
-4185
-3833
-2910
-2646
-2276
-2459
-2654
-2534
-1726
-924
-1590
-2135
-2619
-2113
-1315
-529
29
-615
-1101
-1278
-862
-316
-445
-287
-248
-21
177
585
785
197
76
-35
60
-94
-657
-1142
-1140
-1217
-1200
-978
-1434
-2155
-2402
-2212
-2153
-1673
-1521
-1952
-2084
-1993
-2016
-1915
-1950
-2356
-2144
-1457
-981
-787
-257
-16
167
1001
1599
1822
2040
2118
2247
2802
3304
3576
3485
3676
3914
4216
4856
4905
4845
4979
4862
4781
4995
4777
3965
2896
1137
488
1217
703
914
1467
-257
-1420
-1644
-2423
-2806
-3033
-3879
-3539
-2175
-2228
-1794
-1376
-2152
-2360
-1691
-1344
-1914
-2349
-2558
-2633
-1997
-780
-236
-523
-951
-1257
-1273
-647
-626
-360
346
94
252
828
831
220
-16
285
148
-234
-571
-926
-1157
-1402
-1041
-1018
-1347
-1786
-2397
-2282
-2247
-2138
-1933
-2060
-2300
-2182
-1808
-1957
-2074
-1638
-1384
-1127
-522
-211
-38
320
900
1678
2198
2415
2592
2591
2740
2990
3110
3433
3323
3221
3588
3724
4004
4459
4528
4474
4593
4421
4119
3915
3782
2986
1445
828
944
865
1025
900
-356
-1224
-2083
-2231
-1671
-2449
-2833
-2682
-2236
-1961
-1642
-1518
-2225
-2736
-2739
-1805
-1793
-2566
-2619
-2862
-2503
-1520
-623
-491
-1311
-1434
-1355
-764
-359
64
513
59
254
535
910
712
231
338
61
-133
-444
-737
-865
-1535
-1325
-922
-1083
-1473
-1899
-1936
-2355
-1803
-1539
-1972
-2036
-2352
-2268
-1997
-1404
-1212
-978
-564
-562
62
555
817
1082
1519
1926
1864
2224
2158
2022
2356
2644
3108
3373
3591
3541
3753
4145
4524
4651
4411
4248
3432
2926
3037
2950
2400
1320
832
835
712
908
774
-10
-742
-1313
-1315
-1027
-1367
-2083
-2077
-1742
-2191
-1672
-1806
-2771
-3186
-3093
-2764
-2864
-2568
-3163
-3175
-2765
-2140
-1342
-1355
-1410
-1575
-1351
-848
-624
-97
19
-42
58
412
1079
691
749
683
292
378
73
-468
-661
-972
-996
-933
-825
-1240
-1695
-1649
-2066
-1728
-1735
-1890
-2148
-2083
-1702
-1468
-679
-528
-262
53
331
712
762
1207
1089
1355
1748
1601
1815
1745
1988
2353
2876
3361
3565
3776
3749
3938
4298
4361
4295
4085
3627
3258
3175
3006
2609
1782
786
816
941
921
1517
1099
-30
-300
-758
-881
-852
-1788
-2313
-2067
-2083
-2082
-1786
-2600
-3222
-3359
-3352
-3059
-3145
-3296
-3527
-3335
-2524
-1655
-1411
-1486
-1687
-1709
-1275
-958
-850
-524
-449
-324
91
442
544
191
49
264
305
200
13
-351
-536
-504
-541
-717
-939
-1591
-1951
-1813
-1816
-1797
-1822
-1942
-2004
-1590
-1177
-885
-482
-287
-32
254
657
829
836
1129
1250
1500
1893
1969
1977
2212
2518
2887
3307
3513
3469
3395
3558
3639
3803
3901
3649
3485
3281
3150
3097
3183
2778
1832
786
398
886
1053
1473
1514
578
86
-588
-1061
-1233
-2133
-2949
-3059
-2714
-2941
-2671
-2942
-3754
-3712
-3576
-3194
-3335
-3447
-3664
-3565
-2649
-1883
-1032
-948
-1312
-1330
-1079
-520
-409
2
239
113
385
708
821
617
558
397
306
366
-5
-309
-318
-601
-656
-591
-950
-1384
-1606
-1732
-1768
-1588
-1524
-1627
-1479
-1246
-1010
-560
-178
-14
206
505
641
852
1149
1157
1272
1617
1906
2256
2526
2834
3115
3418
3543
3503
3549
3325
3201
3230
3211
3291
3137
2839
2721
2581
2576
2440
1866
759
107
447
542
1098
1644
834
158
-458
-1126
-1313
-1850
-2939
-3293
-2822
-3099
-2668
-2551
-3347
-3506
-3537
-3157
-3175
-3220
-3353
-3606
-2992
-2160
-1220
-910
-1083
-1314
-1277
-495
-449
-38
281
-71
52
353
766
660
532
417
320
305
85
-89
-435
-709
-625
-608
-577
-976
-1490
-1517
-1552
-1465
-1169
-1054
-1322
-1235
-847
-520
12
344
466
564
714
908
1109
1382
1395
1629
2034
2171
2338
2582
2727
2769
3029
3261
3164
3086
3016
3020
3217
3409
3400
3316
3154
2765
2853
2843
2352
1590
720
413
467
956
1457
1197
645
-111
-829
-1236
-1688
-2428
-3084
-3028
-2954
-2740
-2545
-2834
-3169
-3286
-3113
-3021
-2914
-3028
-3330
-3002
-2429
-1802
-1294
-1203
-1266
-1265
-929
-824
-718
-454
-347
-192
106
481
566
415
300
268
272
-76
-571
-844
-980
-867
-799
-721
-899
-1231
-1189
-1168
-1132
-1127
-1290
-1512
-1430
-946
-541
-170
-35
82
405
719
1082
1324
1507
1486
1644
2088
2274
2463
2616
2618
2683
2921
3081
2970
2948
2860
2850
3041
3113
3080
2967
2778
2532
2603
2648
2409
2074
1458
960
711
927
1197
997
806
208
-517
-1087
-1583
-2151
-2682
-2834
-3024
-2747
-2658
-2841
-2999
-3358
-3378
-3333
-3122
-3094
-3277
-3138
-2752
-2098
-1458
-945
-922
-1150
-1173
-1265
-997
-672
-449
-247
-62
252
381
431
375
240
262
223
-33
-263
-449
-648
-735
-586
-616
-758
-863
-1108
-1154
-1058
-969
-957
-910
-738
-600
-402
-225
10
328
614
933
1201
1418
1400
1458
1666
1872
2174
2293
2315
2361
2430
2558
2622
2685
2650
2693
2811
2746
2885
2880
2703
2583
2471
2399
2226
1975
1484
1219
1041
746
690
506
394
132
-151
-420
-1086
-1649
-2218
-2506
-2705
-2743
-2730
-2926
-2970
-3164
-3103
-3090
-3160
-3122
-3055
-2826
-2624
-2204
-1836
-1619
-1363
-1148
-916
-823
-601
-317
-201
19
172
265
351
325
272
281
286
176
101
58
-114
-185
-270
-322
-367
-392
-462
-726
-784
-916
-966
-880
-790
-642
-530
-341
-264
-49
265
470
708
905
1044
1053
1199
1300
1487
1855
2023
2167
2266
2405
2387
2439
2539
2466
2438
2526
2469
2374
2496
2371
2261
2271
2256
2266
2178
1892
1527
1394
1108
827
757
441
67
-265
-458
-888
-1245
-1597
-2142
-2451
-2780
-2877
-2959
-3072
-3099
-3055
-3018
-3064
-2932
-2877
-2844
-2667
-2429
-2077
-1929
-1738
-1563
-1462
-1258
-935
-430
-238
-47
83
220
414
603
855
772
600
371
208
149
1
-99
-268
-431
-571
-524
-482
-682
-659
-681
-681
-591
-541
-466
-458
-345
-103
163
370
462
575
777
989
1234
1418
1493
1531
1677
1940
2085
2254
2347
2345
2344
2384
2475
2360
2359
2243
2253
2339
2238
2146
1887
1844
1749
1773
1768
1485
1273
1046
973
864
832
599
123
-129
-443
-655
-898
-1297
-1713
-2057
-2183
-2339
-2408
-2556
-2788
-2877
-2878
-2788
-2765
-2808
-2903
-2919
-2738
-2456
-2254
-2116
-1982
-1808
-1546
-1141
-817
-665
-566
-503
-383
-154
92
97
81
41
-6
95
123
-6
-127
-138
-198
-198
-137
-294
-429
-482
-447
-330
-217
-157
-215
-112
78
299
488
508
544
682
924
1189
1372
1575
1604
1662
1848
1997
2079
2081
2032
1938
2029
2083
2100
2094
2034
2148
2259
2374
2478
2399
2343
2227
2163
2126
1945
1589
1171
858
552
467
324
65
-176
-494
-758
-1005
-1245
-1491
-1823
-2050
-2173
-2267
-2357
-2515
-2656
-2682
-2523
-2481
-2513
-2665
-2931
-2945
-2788
-2487
-2207
-1959
-1824
-1733
-1447
-1230
-1024
-890
-635
-345
-15
293
153
116
-57
-105
-10
-49
-10
-93
39
28
37
47
-202
-256
-348
-231
-117
-9
168
134
309
336
322
383
402
600
805
1043
1182
1254
1404
1487
1631
1791
1849
1867
1858
1878
1888
1938
1916
1843
1859
1886
1960
2024
2052
2056
2029
2032
2003
1937
1833
1663
1426
1187
961
630
323
-25
-304
-537
-796
-1019
-1215
-1311
-1443
-1591
-1847
-2074
-2275
-2436
-2466
-2441
-2351
-2194
-2129
-2155
-2124
-2137
-2128
-2076
-1965
-1828
-1705
-1543
-1442
-1241
-1032
-939
-797
-729
-576
-441
-266
-80
44
254
337
329
225
154
51
-45
-44
-146
-206
-296
-331
-274
-193
-77
-80
-20
24
63
182
271
370
486
643
763
877
1021
1086
1184
1269
1354
1404
1354
1365
1334
1409
1513
1532
1597
1663
1716
1768
1909
1950
2036
2109
2035
2027
1989
1987
1932
1829
1672
1457
1279
1053
830
594
383
102
-173
-382
-668
-813
-998
-1233
-1415
-1621
-1843
-2032
-2135
-2236
-2220
-2235
-2277
-2283
-2268
-2206
-2137
-2059
-1973
-1896
-1780
-1660
-1586
-1413
-1286
-1212
-1056
-999
-956
-922
-891
-781
-629
-416
-266
-132
-84
-69
-51
-52
-36
-79
-79
-121
-149
-66
-69
-41
-15
-32
-38
-21
42
98
293
430
549
742
852
967
1045
1085
1087
1173
1297
1280
1337
1342
1342
1481
1577
1643
1652
1686
1634
1674
1791
1827
1925
1969
1983
1950
1927
1845
1707
1661
1524
1365
1236
1021
759
545
294
-22
-259
-510
-722
-898
-1072
-1205
-1337
-1418
-1563
-1734
-1874
-2009
-2027
-2014
-2006
-2019
-2021
-1979
-1924
-1803
-1716
-1609
-1546
-1517
-1456
-1447
-1380
-1310
-1206
-1082
-957
-830
-753
-607
-495
-416
-316
-277
-310
-322
-303
-303
-203
-85
-57
-8
54
54
72
149
160
184
268
285
283
362
409
400
525
572
587
673
705
742
835
954
993
1084
1113
1119
1215
1314
1474
1545
1637
1637
1573
1602
1604
1671
1669
1660
1619
1606
1615
1517
1441
1245
1119
1024
895
813
599
461
307
140
-7
-201
-417
-699
-869
-1055
-1189
-1300
-1470
-1641
-1794
-1802
-1816
-1745
-1613
-1596
-1517
-1410
-1375
-1360
-1362
-1432
-1511
-1440
-1381
-1327
-1210
-1129
-1023
-886
-713
-683
-601
-499
-518
-417
-354
-335
-364
-355
-356
-347
-219
-197
-147
-94
-51
-2
53
108
50
84
107
108
179
213
250
260
333
379
431
470
454
504
570
727
882
994
1100
1169
1270
1403
1533
1609
1686
1769
1817
1870
1911
1888
1782
1709
1600
1496
1454
1315
1159
1050
927
774
681
518
278
131
-5
-127
-208
-272
-411
-551
-631
-786
-912
-1020
-1163
-1267
-1264
-1265
-1288
-1235
-1267
-1278
-1248
-1222
-1233
-1249
-1252
-1317
-1261
-1171
-1076
-976
-926
-877
-855
-787
-737
-693
-622
-587
-531
-537
-537
-554
-565
-486
-386
-282
-220
-172
-171
-106
22
97
178
220
209
235
315
360
365
381
309
209
181
133
92
125
179
248
397
564
670
809
962
1096
1238
1354
1372
1347
1383
1396
1465
1559
1554
1489
1432
1356
1278
1250
1188
1078
955
812
629
454
301
126
-8
-89
-192
-295
-383
-471
-545
-566
-594
-650
-724
-815
-876
-929
-930
-956
-1027
-1059
-1092
-1109
-1095
-1071
-1090
-1085
-1057
-1065
-1006
-945
-870
-797
-697
-624
-610
-556
-572
-550
-489
-424
-379
-325
-286
-310
-259
-232
-230
-212
-224
-231
-222
-161
-98
-47
24
63
121
189
255
286
310
327
284
293
264
266
313
370
483
563
676
764
833
871
889
898
907
954
1015
1112
1218
1280
1316
1311
1248
1167
1071
990
886
824
751
620
493
348
181
25
-76
-206
-286
-345
-424
-451
-458
-456
-448
-434
-436
-430
-406
-396
-423
-455
-522
-621
-730
-818
-886
-913
-911
-923
-919
-955
-996
-1027
-1015
-974
-898
-808
-734
-676
-635
-608
-603
-594
-565
-524
-448
-328
-217
-99
4
75
142
218
259
278
312
342
371
392
372
301
221
137
63
41
47
67
119
207
290
369
448
458
470
493
530
585
624
645
643
680
726
789
869
906
935
952
953
938
906
859
776
711
626
542
432
328
245
183
127
34
-82
-235
-350
-410
-436
-446
-459
-498
-548
-586
-602
-610
-601
-602
-598
-571
-562
-572
-585
-586
-595
-562
-542
-569
-625
-684
-742
-752
-716
-699
-698
-687
-677
-638
-577
-531
-484
-439
-367
-295
-187
-71
13
123
220
288
355
384
375
367
405
443
487
517
487
437
397
379
327
300
254
199
181
177
181
203
232
246
270
330
364
390
454
518
612
715
783
789
790
776
749
740
741
711
680
644
554
456
342
212
89
16
-19
-59
-93
-127
-194
-209
-203
-207
-211
-212
-257
-323
-362
-442
-535
-606
-710
-806
-845
-892
-915
-898
-846
-790
-704
-635
-602
-553
-496
-478
-446
-420
-451
-478
-499
-519
-526
-507
-482
-451
-388
-316
-251
-153
-59
42
152
226
274
301
316
341
367
413
461
479
494
500
488
459
424
403
348
347
342
307
327
321
313
326
328
266
231
212
203
261
369
449
531
626
664
701
718
676
617
587
545
508
467
412
313
240
175
99
73
17
-30
-74
-103
-136
-183
-240
-309
-354
-379
-414
-452
-500
-536
-548
-549
-545
-574
-638
-708
-759
-790
-786
-796
-829
-835
-826
-789
-725
-642
-573
-507
-405
-345
-282
-224
-201
-162
-123
-94
-88
-96
-107
-91
-3
99
181
265
301
337
399
451
469
477
466
458
460
468
459
456
458
458
503
527
522
524
514
497
514
471
397
299
213
165
168
211
232
275
314
356
423
479
491
485
465
420
380
337
272
223
195
165
120
70
-13
-79
-111
-126
-124
-123
-142
-170
-191
-206
-260
-350
-447
-575
-654
-706
-748
-800
-838
-870
-901
-904
-872
-854
-793
-720
-667
-613
-591
-586
-592
-545
-514
-468
-413
-388
-360
-278
-201
-120
-28
21
54
103
172
219
275
323
342
369
413
417
432
436
430
439
453
462
458
464
467
465
471
458
425
426
438
483
525
553
560
530
487
439
385
346
312
291
287
300
287
260
255
254
262
289
313
295
296
284
254
236
208
136
76
26
-42
-78
-93
-123
-129
-113
-110
-117
-139
-193
-283
-370
-468
-570
-654
-718
-802
-841
-870
-902
-904
-879
-845
-806
-743
-701
-658
-629
-595
-584
-535
-494
-461
-405
-335
-285
-228
-154
-117
-77
-29
16
41
115
172
248
321
374
395
417
430
422
455
458
458
467
476
448
450
453
427
412
410
399
395
408
402
412
451
457
452
450
418
355
328
297
258
239
215
196
181
180
172
177
207
214
216
233
202
175
143
114
78
49
-1
-60
-91
-113
-117
-120
-126
-172
-218
-260
-303
-353
-414
-477
-538
-580
-613
-657
-695
-734
-748
-743
-730
-706
-694
-682
-669
-642
-612
-600
-579
-557
-518
-456
-385
-312
-255
-188
-122
-50
36
82
136
186
239
304
369
439
455
476
486
470
486
477
480
494
506
518
513
518
490
484
504
493
499
512
485
480
507
534
519
524
500
427
416
381
332
316
288
245
230
238
206
189
207
171
157
156
100
45
3
-28
-23
-19
-26
-60
-89
-119
-132
-102
-122
-143
-192
-275
-334
-408
-442
-494
-531
-563
-622
-651
-716
-772
-798
-829
-811
-791
-778
-768
-764
-741
-735
-671
-632
-620
-579
-547
-501
-439
-348
-285
-223
-141
-81
-18
82
125
174
232
266
303
346
388
395
438
472
464
480
498
488
507
535
552
562
564
568
548
556
551
537
540
519
527
525
528
515
474
455
402
380
359
332
325
306
297
281
261
253
226
200
185
173
173
140
119
91
63
54
29
1
-56
-116
-174
-218
-240
-265
-303
-322
-368
-395
-412
-443
-448
-505
-534
-605
-657
-689
-755
-768
-802
-816
-794
-815
-800
-809
-799
-755
-736
-644
-622
-570
-504
-430
-308
-232
-141
-90
-57
-19
11
86
113
126
173
159
202
224
244
301
325
380
400
428
452
469
533
586
645
686
680
665
641
630
626
612
610
575
544
540
515
509
472
436
408
363
336
283
245
230
210
210
193
206
186
171
228
237
272
288
278
254
242
234
167
140
73
-36
-87
-162
-234
-270
-304
-339
-375
-375
-426
-462
-464
-523
-564
-579
-624
-658
-668
-683
-720
-752
-789
-861
-880
-885
-883
-838
-800
-747
-693
-607
-522
-429
-309
-232
-158
-86
-42
3
61
120
186
238
296
317
329
360
359
385
389
406
389
375
410
423
467
495
512
529
495
493
486
476
490
464
481
467
452
449
416
414
372
329
282
203
179
139
126
143
136
151
124
132
138
141
188
192
223
233
237
264
251
244
200
142
86
-17
-91
-151
-221
-255
-309
-353
-420
-477
-519
-582
-588
-621
-644
-646
-674
-685
-685
-698
-698
-701
-701
-730
-708
-670
-660
-594
-558
-518
-479
-432
-395
-355
-290
-252
-209
-141
-89
-15
64
133
202
247
302
318
337
373
375
408
437
433
449
454
479
490
507
510
466
457
442
437
449
446
454
419
399
402
349
351
326
293
267
225
190
135
124
111
96
130
127
114
119
104
121
138
187
192
190
221
190
221
217
188
167
102
54
-3
-35
-69
-140
-151
-213
-283
-324
-417
-472
-544
-568
-621
-667
-680
-742
-728
-743
-723
-695
-709
-676
-658
-610
-557
-518
-464
-440
-404
-385
-349
-287
-252
-204
-166
-120
-76
-26
13
73
137
189
237
267
312
308
356
388
412
452
444
481
487
500
522
506
526
486
471
474
452
485
451
436
397
362
336
271
286
244
227
214
193
227
202
224
231
259
273
249
270
247
248
234
239
249
213
196
160
154
142
108
79
39
19
-61
-81
-118
-154
-183
-257
-269
-347
-394
-463
-523
-529
-587
-607
-638
-638
-645
-667
-613
-612
-588
-596
-598
-546
-540
-485
-462
-402
-353
-348
-294
-287
-238
-215
-182
-111
-67
1
17
72
101
111
141
138
183
181
204
255
299
354
363
423
438
465
496
493
542
541
550
527
534
531
456
431
366
320
268
205
185
149
148
107
126
152
125
144
136
174
175
173
194
206
241
216
251
249
221
206
159
164
108
79
35
-2
-6
-80
-95
-138
-183
-229
-292
-300
-357
-376
-412
-439
-430
-471
-472
-517
-522
-544
-590
-562
-563
-547
-559
-539
-506
-498
-456
-452
-405
-363
-320
-263
-219
-147
-149
-99
-59
-31
11
5
38
47
82
98
115
180
168
198
237
260
305
312
369
398
461
483
490
536
500
496
465
456
421
379
345
290
277
223
165
126
73
36
6
13
18
33
55
54
101
87
111
123
155
199
220
274
279
296
282
248
225
174
106
26
-23
-54
-111
-128
-177
-209
-262
-323
-364
-404
-423
-461
-446
-439
-427
-443
-450
-451
-483
-490
-515
-528
-528
-534
-513
-489
-433
-427
-414
-357
-353
-310
-258
-197
-138
-89
-27
0
60
78
76
135
143
165
192
212
233
249
276
287
319
331
305
323
357
364
392
423
432
420
413
391
373
367
334
290
297
254
204
179
125
108
70
56
42
56
60
47
93
115
111
129
145
164
191
213
242
253
252
212
188
178
137
79
41
10
-38
-82
-119
-151
-187
-234
-270
-303
-309
-360
-376
-355
-351
-341
-366
-354
-376
-389
-395
-406
-368
-380
-400
-367
-371
-353
-358
-334
-302
-288
-241
-243
-168
-132
-134
-82
-36
-2
19
58
106
121
155
155
167
200
163
170
202
242
244
258
277
272
286
268
266
294
289
262
275
291
262
243
220
195
184
127
79
79
59
46
31
73
62
18
32
18
63
51
66
110
139
164
141
172
183
136
125
111
128
104
58
72
29
25
-49
-83
-84
-142
-165
-179
-154
-181
-218
-226
-255
-245
-266
-294
-262
-257
-272
-304
-250
-255
-294
-293
-287
-271
-281
-272
-243
-193
-186
-193
-149
-134
-136
-143
-111
-47
-24
22
43
95
102
72
113
136
149
138
180
240
268
273
268
298
292
257
271
304
319
312
315
340
319
266
217
199
181
157
133
135
129
91
57
36
48
4
-43
-26
-15
-10
-13
15
52
44
29
19
42
4
-48
-9
11
8
-1
3
7
-45
-82
-121
-108
-123
-163
-145
-135
-123
-164
-181
-209
-215
-260
-288
-253
-253
-269
-285
-243
-252
-289
-277
-284
-259
-271
-278
-225
-225
-206
-220
-164
-126
-133
-92
-104
-56
-49
-53
4
16
54
46
79
147
131
156
152
201
208
187
254
261
281
286
307
341
325
313
279
285
271
218
216
180
158
131
107
109
76
42
-5
1
-4
-72
-53
-54
-72
-74
-82
-58
-70
-68
-87
-64
-41
-92
-75
-48
-60
-49
-50
-17
-16
-16
-29
-58
-11
-75
-90
-57
-70
-64
-98
-75
-80
-120
-121
-170
-120
-169
-199
-134
-183
-144
-186
-162
-136
-179
-144
-191
-131
-113
-156
-89
-99
-48
-56
-38
33
-9
15
-21
31
66
15
94
108
164
161
153
221
175
196
190
234
275
244
297
275
312
312
255
277
244
232
180
186
201
120
120
73
82
51
-40
-23
-37
-58
-99
-62
-45
-94
-57
-78
-75
-58
-101
-94
-66
-35
-60
-46
2
-8
1
-16
-9
21
-16
-36
-1
10
-50
-45
-16
-43
-55
-57
-73
-80
-72
-126
-117
-116
-153
-146
-141
-113
-131
-120
-123
-136
-115
-164
-154
-109
-110
-89
-82
-48
-66
-73
-45
-56
-23
-46
-16
11
17
51
38
73
92
109
119
119
141
144
164
199
221
255
240
248
264
238
208
190
202
168
187
179
153
145
120
97
71
65
32
19
9
6
6
-6
-27
-4
4
-25
-16
-1
-30
-42
-1
-10
-5
0
2
-7
3
-19
-43
-21
-42
-42
-41
-41
-54
-61
-76
-99
-82
-108
-153
-134
-151
-178
-183
-180
-181
-200
-173
-180
-172
-185
-208
-185
-201
-202
-177
-155
-137
-116
-81
-69
-66
-53
-73
-76
-47
-38
-21
10
51
68
60
99
104
106
108
120
165
161
201
219
244
259
234
276
250
234
237
231
244
216
252
222
222
222
142
145
118
84
41
43
64
24
35
13
-18
-37
-111
-97
-95
-116
-137
-126
-85
-161
-160
-145
-164
-156
-180
-155
-157
-168
-181
-196
-145
-179
-186
-165
-168
-158
-203
-192
-180
-175
-203
-212
-161
-190
-223
-201
-165
-166
-181
-166
-149
-153
-161
-158
-119
-74
-70
-54
-6
-6
-20
-22
4
18
19
53
74
129
130
101
159
166
160
158
202
217
189
253
265
300
314
295
320
309
297
279
294
294
264
310
278
266
265
184
180
155
135
79
65
73
9
28
4
-34
-48
-105
-98
-118
-139
-165
-168
-129
-182
-155
-157
-200
-189
-207
-196
-206
-205
-202
-216
-171
-191
-193
-181
-193
-158
-173
-158
-158
-168
-172
-177
-144
-148
-154
-128
-121
-103
-111
-121
-111
-125
-105
-91
-76
-70
-61
-39
-22
-4
5
2
19
27
37
70
42
88
119
138
151
179
190
146
193
197
205
234
234
257
285
290
278
261
270
241
251
252
222
253
221
215
231
221
168
129
151
108
83
84
47
64
35
10
20
-5
-36
-73
-48
-66
-99
-98
-133
-117
-121
-151
-139
-139
-154
-187
-165
-167
-199
-193
-208
-185
-161
-196
-187
-174
-183
-200
-185
-166
-205
-191
-192
-190
-157
-178
-175
-143
-134
-135
-145
-120
-139
-140
-110
-104
-54
-63
-51
-15
-2
3
-15
19
27
29
70
89
124
131
143
177
177
189
169
186
198
196
228
222
249
238
235
257
246
250
224
234
235
222
232
223
235
225
209
222
187
174
164
138
141
127
128
95
95
78
41
38
3
-12
-31
-68
-80
-86
-110
-133
-118
-114
-157
-156
-168
-187
-199
-219
-217
-215
-230
-238
-211
-215
-248
-248
-232
-256
-252
-259
-259
-230
-243
-241
-206
-180
-205
-205
-162
-176
-168
-158
-138
-89
-89
-75
-36
2
-15
-18
44
37
29
55
73
102
102
120
144
177
162
149
199
198
183
205
231
243
246
254
258
270
265
226
265
263
226
231
253
259
237
250
247
237
216
170
186
180
127
107
116
123
80
77
76
60
16
-17
-19
-41
-77
-107
-83
-88
-121
-133
-126
-138
-187
-206
-206
-238
-247
-265
-253
-243
-263
-274
-271
-250
-304
-308
-301
-297
-304
-289
-251
-246
-234
-250
-222
-196
-207
-199
-173
-150
-140
-118
-83
-72
-48
-49
-22
14
-8
-2
18
51
45
71
107
108
148
140
167
187
180
168
179
224
202
218
250
253
277
264
268
274
255
243
234
278
244
241
264
249
257
218
214
197
190
164
135
174
139
124
129
113
114
64
56
36
20
3
-46
-26
-45
-67
-84
-91
-88
-136
-149
-161
-175
-192
-221
-218
-207
-215
-230
-232
-221
-247
-266
-263
-265
-284
-280
-267
-259
-230
-240
-239
-226
-205
-226
-224
-185
-195
-172
-152
-127
-89
-82
-70
-74
-25
-40
-62
-10
-9
21
18
51
92
78
94
88
139
135
102
152
155
193
180
202
250
234
238
202
259
240
192
231
231
261
221
228
269
250
247
206
254
226
162
173
177
190
132
147
161
156
120
67
107
80
8
-12
22
12
-41
-29
-18
-16
-62
-108
-76
-95
-140
-190
-132
-126
-192
-180
-180
-155
-227
-252
-217
-234
-250
-304
-239
-217
-270
-250
-244
-184
-249
-265
-218
-227
-214
-261
-177
-154
-168
-151
-139
-56
-113
-119
-82
-72
-58
-108
-32
-18
-16
-12
0
73
26
24
39
82
86
47
125
139
154
159
165
218
183
185
168
212
207
161
208
208
217
182
207
224
198
184
150
190
161
130
149
155
170
111
132
127
110
76
30
85
29
12
14
19
37
-10
3
-6
-23
-59
-112
-56
-100
-113
-120
-112
-102
-160
-134
-173
-154
-195
-229
-179
-205
-228
-234
-196
-200
-228
-189
-203
-197
-203
-216
-180
-177
-168
-183
-124
-116
-129
-100
-99
-70
-97
-79
-62
-42
-36
-51
13
16
23
16
41
71
35
62
88
120
101
107
171
157
167
166
186
209
171
182
180
220
178
171
238
213
217
192
212
203
169
174
171
202
167
148
193
172
159
130
143
134
76
88
69
88
41
31
51
32
7
-32
-8
-32
-64
-80
-76
-63
-109
-117
-94
-97
-119
-155
-139
-133
-171
-186
-171
-146
-184
-183
-153
-157
-181
-205
-170
-178
-174
-186
-158
-121
-147
-149
-112
-82
-120
-117
-80
-69
-72
-78
-52
-10
-27
-22
-2
36
5
-16
25
34
42
14
62
89
87
76
101
147
108
101
130
151
146
118
150
179
167
156
158
202
167
142
158
170
172
121
144
169
157
120
114
155
103
70
72
76
79
35
51
84
73
31
26
63
23
-18
-10
-6
-4
-38
-41
-25
-25
-72
-92
-59
-92
-133
-145
-123
-125
-144
-151
-127
-105
-145
-161
-132
-139
-170
-168
-128
-120
-123
-124
-103
-72
-115
-116
-95
-76
-101
-108
-63
-59
-55
-87
-57
-25
-75
-64
-52
-31
-46
-59
-8
-6
22
-7
30
70
37
38
46
84
57
54
94
106
117
96
105
145
103
93
90
116
94
82
100
99
110
75
86
98
97
46
65
79
55
42
43
64
64
57
45
60
54
0
11
29
3
-4
-12
24
1
-11
-28
-22
-24
-96
-70
-72
-87
-102
-121
-85
-100
-100
-104
-90
-90
-138
-99
-94
-105
-110
-107
-75
-74
-68
-66
-51
-44
-88
-60
-47
-66
-63
-47
-23
-39
-34
-48
-22
-29
-56
-32
-15
-20
-23
8
18
24
26
35
60
47
29
49
67
57
50
88
94
95
83
82
105
71
50
66
90
66
54
92
98
82
60
47
72
36
7
22
41
14
-19
35
34
12
7
10
44
-3
-32
-15
5
-20
-63
6
13
-10
-35
-26
0
-47
-97
-72
-38
-81
-109
-63
-41
-77
-102
-89
-54
-91
-121
-97
-44
-69
-99
-43
2
-24
-42
-18
9
-8
-68
-32
11
-15
-59
-1
38
-4
-33
-16
28
-8
-46
-14
34
13
-16
29
90
61
24
41
82
65
13
44
101
76
29
75
114
83
42
68
99
76
16
25
80
47
10
47
86
51
3
11
47
16
-38
-26
41
26
-23
19
57
31
-9
2
27
12
-40
-39
32
10
-34
-2
25
3
-42
-36
-24
-43
-80
-70
-16
-29
-69
-39
-13
-36
-67
-54
-32
-43
-59
-52
4
10
-34
-3
43
11
-9
-11
6
-13
-33
-27
1
12
-29
-1
23
4
-23
-15
4
0
-11
-1
29
48
19
42
66
39
27
32
53
33
40
39
72
72
50
75
86
65
38
46
51
28
24
34
48
50
28
46
47
40
13
32
41
12
17
27
56
34
23
36
42
22
-9
2
-3
-20
-15
-5
19
-7
-12
11
-2
-17
-48
-26
-26
-45
-37
-36
-16
-43
-51
-27
-31
-48
-67
-45
-48
-60
-61
-48
-29
-50
-54
-31
-35
-62
-73
-47
-45
-69
-66
-61
-42
-55
-55
-39
-43
-56
-64
-28
-29
-51
-43
-28
-13
-25
-29
-11
-4
-15
-22
2
-11
-22
-15
10
18
4
13
22
34
13
9
28
34
13
22
55
38
20
24
31
24
-1
6
22
21
14
18
41
23
0
21
34
23
4
13
27
19
13
7
23
13
-12
9
18
-6
-19
-9
12
0
-12
-12
1
3
-25
-14
-6
-17
-28
-19
-3
-13
-34
-28
-3
-7
-33
-24
-4
-22
-22
-11
0
-22
-37
-18
-4
-9
-38
-19
-3
-20
-29
-12
4
-15
-28
1
19
-13
-28
2
17
-6
-7
14
22
8
-2
16
30
14
-2
18
40
12
-2
27
41
13
11
37
39
19
6
38
43
15
0
24
44
16
12
25
35
22
-3
24
35
7
-12
16
35
-6
-22
-3
8
-12
-23
1
9
0
-29
6
27
-11
-15
9
35
10
-3
9
22
9
-19
10
29
-11
-16
15
25
-9
-7
4
6
3
-26
6
16
-1
-15
13
18
-7
-1
9
27
14
3
27
47
23
14
39
53
19
25
41
34
22
-1
30
28
9
-19
16
32
-3
6
19
25
5
3
26
37
12
1
32
43
7
7
23
31
7
4
29
5
-6
-24
6
6
-27
-25
-16
1
-26
-22
-10
-17
-22
-29
-6
-5
-21
-17
-7
11
-6
-12
9
15
9
-7
23
13
-6
-10
-1
9
-22
-21
-13
-12
-31
-43
-16
-22
-34
-26
-18
-11
-28
-19
-18
-6
-16
-25
7
-6
-11
-8
15
2
-6
6
3
6
-16
-11
6
-1
-19
-22
4
-12
-18
-4
1
-1
-17
-11
7
-10
-28
-16
7
-3
-20
5
-4
-9
-21
-9
-9
-24
-25
-32
-11
-29
-41
-29
-30
-37
-46
-36
-37
-54
-48
-48
-17
-35
-40
-17
-23
-26
-42
-16
-22
-23
-29
-16
2
-26
-21
-12
-15
-29
-29
0
-8
-20
-14
1
6
-21
-12
12
9
-10
-13
9
10
2
-3
16
28
3
14
32
45
19
12
43
46
26
17
43
37
15
16
38
47
24
19
47
35
19
13
38
46
15
20
36
44
14
10
26
16
-5
-13
10
12
-8
-3
13
13
-14
-12
6
-6
-16
-14
13
0
-23
-20
-4
-10
-39
-34
-22
-25
-34
-29
-6
-13
-33
-32
-18
-13
-38
-28
-9
-3
-20
-22
2
-7
-36
-25
-6
-10
-19
-12
24
22
6
-7
16
1
-16
-7
5
8
-9
-3
-3
4
-8
-20
0
13
8
13
26
31
26
18
26
31
16
12
29
39
40
34
48
54
32
30
33
37
34
40
44
43
35
20
16
7
5
-11
-7
-3
6
-1
3
11
4
10
9
9
10
3
7
21
3
-5
-21
-14
-25
-32
-20
-22
-15
-18
-10
-3
-2
-11
-12
-5
-6
-11
1
-3
-9
-17
-14
-10
-23
-12
-15
2
7
1
16
21
16
10
7
16
3
-5
1
1
6
-9
-6
-3
-3
-10
-4
13
19
25
28
49
44
44
34
27
34
16
15
16
28
18
10
16
15
13
19
22
29
36
23
31
23
20
7
4
0
-3
-10
-12
3
2
5
4
17
16
8
13
30
23
18
14
12
4
-8
-14
-23
-20
-28
-25
-28
-13
-21
-25
-23
-22
-14
-25
-20
-9
-13
-27
-14
-14
-28
-41
-33
-28
-35
-32
-23
-15
-18
-14
-13
-13
-22
-21
-18
-9
-13
-31
-19
-27
-34
-45
-36
-22
-35
-23
-6
0
-2
-12
-3
4
-11
-15
-3
-2
-13
-10
-4
5
-11
-18
-8
-9
-2
-5
16
22
26
25
22
25
11
6
5
8
0
-6
-2
-8
-8
-8
-7
0
-3
1
6
22
19
16
14
12
-1
-13
-14
-15
-23
-28
-13
-14
-25
-32
-23
-25
-17
-19
-2
-1
-10
-9
-8
-19
-35
-43
-47
-44
-51
-42
-38
-26
-31
-19
-8
0
-7
2
13
12
13
8
13
-2
-12
-17
-20
-29
-32
-31
-8
-6
-9
-5
5
1
-11
5
15
17
-6
-1
19
0
3
1
13
7
6
30
38
48
36
56
53
42
35
33
34
21
9
18
12
4
-2
-7
5
0
9
7
25
16
17
26
24
19
6
8
15
11
6
3
4
-6
-20
-18
-17
-15
-21
0
6
0
-2
-3
-6
-12
-15
-21
-21
-15
-23
-16
-10
-19
-20
-22
-10
-16
-13
-10
-4
7
-8
-4
-3
-11
-19
-23
-12
-12
-19
-17
1
1
-15
-3
0
4
-2
9
16
13
16
22
24
16
15
18
16
18
21
22
37
38
41
35
37
33
34
28
31
40
29
26
24
22
4
9
7
15
20
20
16
29
28
23
24
15
18
10
18
18
19
12
6
4
3
-1
-1
11
9
6
12
3
7
6
-6
-4
-8
-4
-14
-4
-7
-13
-9
-16
-5
-14
-12
-4
-5
0
0
13
4
-7
-4
-6
2
-7
1
3
5
1
4
10
1
3
9
9
15
12
2
9
8
0
-12
-9
-7
-15
-15
-9
-4
-16
-9
-6
-3
-3
-6
2
-6
0
-1
12
13
0
4
4
4
-8
-1
10
6
5
4
13
6
-3
11
1
4
5
8
15
3
18
4
13
11
8
13
10
23
8
18
17
15
4
2
6
-1
-11
-2
-2
3
-6
-3
3
-15
-6
-12
4
-10
-17
-2
2
-1
-7
6
4
-7
-14
-10
-7
-17
-21
-3
-9
-12
-16
-6
-5
-12
-6
-4
8
-22
-19
-12
-16
-18
-25
-8
-10
-13
-13
0
-8
-17
-8
-3
0
-9
-3
7
1
-9
-6
-4
-4
-23
-19
-5
-12
-21
-13
6
-6
-16
-9
-3
-12
-13
-3
0
0
0
5
11
7
-3
-4
5
3
-4
-2
4
6
-14
-5
7
-4
-9
-10
1
-4
-16
-8
-3
-7
-19
-9
-3
-5
-18
-8
10
-9
-12
-5
-4
-16
-22
-15
-6
-13
-20
-12
-2
-19
-16
-1
0
-5
-9
7
7
6
-6
2
8
4
-7
-3
0
-11
-18
1
4
-9
-19
-10
-4
-22
-10
-3
2
-5
-4
0
0
-2
-5
2
7
-6
-12
8
3
-1
2
21
13
3
3
9
10
1
14
12
13
3
5
12
6
13
11
22
23
19
16
19
25
12
12
23
23
10
7
28
20
8
13
14
9
-9
9
18
7
0
-3
9
-6
-12
-5
4
0
-8
0
7
-2
-6
3
9
3
-3
15
13
10
3
5
13
0
-10
-6
-3
-17
-24
-14
-9
-22
-25
-13
-14
-28
-26
-16
-9
-20
-19
-9
-7
-8
-9
4
7
2
-5
-5
-4
-16
-17
-4
-2
-4
-16
9
-6
-15
-16
-6
-7
-22
-9
-7
0
-12
-4
4
6
-3
3
11
16
-1
5
15
9
3
-3
9
-6
-13
-9
11
0
-9
-2
0
-2
-10
-2
5
6
-6
-2
7
-2
-3
17
14
5
9
12
15
11
19
13
16
15
11
11
3
7
-10
0
-9
0
-7
-8
7
-1
1
0
13
6
6
11
17
8
9
16
21
14
10
6
-3
3
-4
5
1
0
-6
-1
1
-9
-10
-7
-3
-3
-2
5
-1
-6
10
9
11
13
12
8
13
9
3
3
1
7
1
-3
-4
-3
-10
-14
-4
-10
-15
-19
-9
-9
-12
-8
-5
-6
-11
-4
9
14
0
-1
10
11
0
7
2
2
0
-1
10
6
6
0
6
6
7
6
12
6
-4
3
12
10
1
-1
8
14
7
9
17
19
6
6
11
7
-3
-6
-1
0
-3
-5
4
3
-13
-7
3
-10
-8
-6
-2
3
-6
-3
0
0
-6
-10
7
0
-6
-12
4
3
-14
3
5
1
-9
-6
-2
-9
-10
-15
0
-7
-20
-5
-9
-10
-22
-13
-3
-7
-3
-3
7
8
-6
3
14
6
2
16
26
11
7
7
16
8
3
8
16
12
6
13
20
13
10
22
26
19
16
27
25
12
15
23
16
12
12
10
20
16
8
16
19
5
-1
-3
7
1
-3
11
18
16
6
22
18
9
11
19
19
12
16
21
20
8
2
7
3
-11
-6
-11
-10
-12
-11
-10
-8
-17
-16
-13
-11
-13
-18
-7
-12
-15
-13
-8
-5
-12
-17
-10
-6
-20
-20
-15
-13
-26
-23
-13
-17
-22
-25
-12
-11
-14
-16
-13
-17
-19
-16
-10
-5
-9
-5
-6
1
-5
-4
-1
-1
-9
-1
3
-8
-8
-1
3
-1
1
0
-3
0
-1
0
10
6
4
6
6
7
11
10
8
14
10
7
9
2
0
-2
-3
-7
-12
-11
-10
-18
-14
-14
-18
-13
-12
-14
-9
-4
-9
-6
-7
0
-3
1
4
0
3
3
