SAMPLES:	20905
BITSPERSAMPLE:	16
CHANNELS:	1
SAMPLERATE:	16000
NORMALIZED:	FALSE
2
1
1
0
0
-2
1
-7
-1
6
-1
3
0
4
3
5
10
11
9
12
6
4
0
0
0
3
-4
-6
-4
-10
-4
-9
3
-2
4
6
10
11
16
18
17
18
14
13
15
16
11
12
5
16
5
14
9
9
14
17
16
6
13
5
8
3
6
-3
-1
-4
3
-2
0
1
-1
6
4
5
0
3
-6
-3
-7
-5
-13
-9
-4
-3
-4
-3
-4
-11
-7
-15
-4
-9
-2
-3
-13
-5
-5
0
-8
1
-3
1
-2
0
-3
-7
-3
-6
2
-6
5
-4
0
-5
-10
-14
-9
-11
-17
-11
-15
-10
-17
-10
-7
-5
-2
-1
-3
3
1
0
-3
-3
-6
-7
-2
-10
-6
-8
-2
-8
-8
-9
-10
-7
-15
-14
-15
-13
-12
-9
-5
0
-7
-2
-5
-4
0
1
1
-4
6
-7
2
-4
-6
2
-10
0
-8
-3
-8
-2
0
1
9
-3
2
-2
-1
-5
-2
0
3
4
13
6
4
-1
-1
3
-1
6
4
9
3
9
4
5
6
13
16
14
15
10
9
-4
4
1
2
6
7
4
4
6
3
11
5
3
-3
-3
-6
-4
-7
-6
-3
-10
-6
-10
-7
-9
-1
3
7
11
13
19
7
6
6
7
7
11
4
5
4
4
4
0
6
4
2
1
1
3
4
4
9
7
12
5
7
6
8
10
14
12
12
21
13
20
20
13
10
9
8
3
9
13
9
5
2
10
2
3
7
9
11
11
15
12
15
13
15
8
13
6
9
6
1
-3
-8
-3
-14
-10
-13
-9
-19
-16
-15
-15
-12
-12
-14
-9
-4
-17
-8
-13
-1
-6
-1
-3
0
-2
-6
-3
-6
-6
-12
-3
-10
-4
-16
-17
-20
-21
-23
-20
-15
-16
-14
-18
-8
-15
-12
-9
-10
-9
-6
-16
-16
-14
-12
-3
-9
1
-1
0
-6
-8
-7
-6
-3
0
15
8
17
15
14
13
10
9
7
14
10
18
19
23
18
22
22
19
16
12
14
16
17
12
16
6
12
5
7
8
10
13
14
16
16
12
8
9
3
11
9
13
11
17
13
7
6
2
3
-1
1
-4
2
1
-1
1
3
-1
-3
-1
0
-4
-7
-10
-14
-9
-12
0
-3
-7
2
-11
-7
-12
-10
-12
-9
-9
-8
-8
-6
-5
-15
-11
-18
-12
-20
-16
-15
-14
-15
-11
-10
-9
-10
-13
-4
-8
-5
-4
6
-9
-6
-16
-15
-20
-23
-22
-29
-19
-27
-17
-24
-20
-20
-12
-18
-18
-17
-22
-12
-16
-8
-15
-9
-9
-6
-1
-4
-3
-3
-3
3
9
2
7
2
-3
-7
-9
-10
-9
-2
2
3
3
-1
-8
-1
-4
-3
3
6
10
6
14
8
-5
0
1
2
7
1
0
-6
-4
-4
-4
3
-9
-3
-5
-2
-1
-2
-4
-5
3
0
10
2
5
13
9
10
6
9
8
-2
6
0
-3
-7
1
0
-1
6
7
9
11
14
14
16
7
15
12
14
10
18
22
20
22
19
13
10
6
6
12
7
16
11
18
13
11
9
12
10
14
13
18
25
26
24
22
28
21
25
20
29
18
23
21
27
22
16
22
4
12
1
3
-9
-1
-2
5
3
0
-1
-7
2
-9
0
-4
7
3
14
5
5
9
0
7
-2
-4
-17
-7
-13
-13
-15
-12
-14
-16
-13
-19
-13
-19
-6
-10
-12
-9
0
-8
-6
-2
-13
-11
-10
-1
-7
-1
-7
-7
-16
-16
-18
-21
-21
-25
-17
-15
-11
-15
-6
-12
-6
-13
-12
-9
-13
-5
3
8
8
16
9
12
10
3
0
3
0
-1
-4
-10
-11
-22
-16
-18
-10
-12
-15
-6
-11
-11
-9
-4
-6
-4
-4
-1
3
5
10
12
13
13
9
4
11
4
11
11
11
0
0
4
1
6
0
6
3
7
2
6
4
10
10
9
15
10
14
14
18
12
18
12
10
6
2
0
-3
-5
-6
-7
-10
-9
-11
-6
-9
-9
-15
-9
-10
-12
-9
-16
-15
-11
-10
-12
-4
-10
-1
3
2
3
-4
0
-6
-3
-4
0
-4
-6
-3
-4
-4
-6
-3
-7
0
1
1
0
4
0
3
7
8
9
11
10
8
12
6
11
8
9
17
21
21
28
29
24
25
25
24
23
18
17
23
27
28
22
25
22
22
13
21
14
10
17
15
14
10
11
3
0
5
-1
-5
2
-9
-7
-9
-6
-11
-7
-4
-6
-4
-4
-5
-14
-11
-17
-13
-21
-17
-19
-21
-23
-21
-18
-26
-16
-16
-13
-13
-3
-6
-6
-11
-6
-10
-14
-15
-10
-9
-11
-6
-14
-10
-18
-11
-15
-9
-13
-19
-10
-14
-10
-13
-14
-21
-15
-14
-15
-13
-15
-7
-8
-1
-6
0
-1
0
6
4
11
10
11
7
14
9
13
10
0
-2
-1
-3
4
4
-2
6
-6
-1
-4
-1
-2
-3
-5
-2
-5
-3
3
0
3
4
12
11
12
11
7
4
7
5
4
2
3
-5
-6
-5
-13
-9
-10
-7
-9
-2
-6
-5
-4
-6
1
-4
-3
0
-3
-3
-4
-4
-10
-11
-10
-11
-18
-18
-17
-22
-21
-26
-25
-27
-23
-17
-23
-19
-23
-26
-17
-15
-6
-14
-13
-10
-4
-6
-3
0
-5
3
-3
5
-6
2
-2
2
6
4
3
0
4
-3
7
-3
2
-4
1
0
7
12
12
17
15
22
13
15
13
21
17
19
20
19
20
13
20
15
18
19
25
13
17
19
13
15
12
13
9
15
12
15
16
19
15
13
15
11
16
13
11
6
8
8
8
10
4
5
4
0
4
-3
-1
3
-4
-1
-1
-4
-5
-4
-1
-1
-3
-1
-3
3
1
-1
4
5
6
7
7
7
9
6
7
2
10
3
7
8
10
10
8
11
7
13
11
13
10
14
8
12
7
8
4
3
3
0
6
1
9
1
6
7
7
11
12
4
7
3
-1
2
6
5
2
1
-3
6
-1
8
4
6
7
2
4
5
14
7
6
4
8
-1
2
-3
-5
-3
-6
-4
-13
-3
-14
-9
-11
-9
-6
-4
1
-9
0
-5
1
1
1
-7
-4
-5
0
-2
-7
0
-6
0
-6
-10
-17
-8
-8
-10
-17
-15
-12
-16
-12
-12
-9
-9
-10
-15
-14
-12
-13
-12
-3
-6
-5
-3
-10
-9
-9
-6
-10
-8
-7
-3
-3
2
-1
-5
1
-6
2
2
-4
0
4
-3
-7
-7
-13
-3
-5
4
-4
1
2
5
5
0
5
-2
6
5
3
-5
0
-6
2
-4
0
-1
-5
-3
-5
3
-4
0
-7
2
-7
-4
-9
-4
-7
-3
2
-5
3
-5
1
-4
0
-6
-4
-8
-4
-10
-9
-10
-18
-6
-13
-9
-9
-10
-15
-11
-15
-16
-12
-12
-8
-8
-6
-6
1
-7
-7
-7
-7
-16
-12
-4
-9
-3
-9
2
-3
4
1
-3
3
-5
1
-2
0
-5
6
10
7
10
9
5
4
11
13
13
14
13
6
12
14
18
17
12
13
10
9
9
9
9
10
16
11
13
16
13
12
13
9
7
19
16
25
19
23
22
25
26
24
22
16
19
7
10
0
5
0
-3
-2
-3
-5
0
-5
-8
0
3
5
-3
6
-3
3
-1
3
-3
-3
-4
-12
-7
-14
-13
-20
-17
-15
-13
-21
-13
-22
-22
-20
-16
-13
-12
-12
-15
-3
-15
-5
-9
-3
-3
0
0
0
-1
-10
-4
-16
-10
-13
-9
-21
-22
-18
-24
-18
-23
-16
-22
-18
-16
-11
-10
-6
-6
-7
4
1
-2
-4
5
-3
-6
-7
-1
-8
-1
-3
-7
-6
-15
-11
-16
-7
-15
-11
-10
-5
-12
-4
-1
0
2
-2
0
-6
2
-5
-1
-7
-4
-2
-1
0
4
5
6
9
4
5
3
5
4
9
8
11
8
9
16
13
13
20
23
20
29
28
22
23
19
23
18
25
22
30
25
16
11
4
11
4
11
3
8
6
10
11
15
12
17
12
13
22
17
22
22
20
12
24
16
20
12
18
14
15
18
15
18
13
11
3
7
3
5
-1
5
1
3
10
10
9
-1
3
3
4
5
-3
-9
-9
-9
-13
-18
-19
-22
-25
-20
-23
-25
-24
-18
-16
-10
-10
-8
-4
-9
0
-4
-3
-2
-1
5
-2
0
-3
-6
-3
-6
-6
-8
-11
-13
-13
-18
-22
-19
-21
-20
-14
-15
-10
-13
-11
-9
-8
-3
1
-3
-7
0
1
-8
-3
-1
-3
-6
-7
-12
-11
-14
-18
-6
-12
-8
-13
-6
-8
-7
-5
-6
-6
-10
-2
-4
1
0
6
8
7
7
2
-3
3
-5
0
-7
-15
-15
-23
-19
-21
-19
-21
-8
-16
-12
-7
-2
2
0
7
4
9
10
18
17
15
14
21
12
15
12
11
10
8
6
7
16
5
10
5
6
1
4
6
6
11
10
22
18
25
20
22
19
19
22
20
21
18
18
7
9
0
0
-3
-6
-13
-15
-15
-15
-10
-15
-12
-13
-9
-13
-5
-13
-2
0
-4
3
-2
9
2
12
5
11
10
7
12
9
6
0
-3
-6
-2
-10
4
-11
-7
0
0
-2
2
6
0
7
6
7
3
3
-1
-3
-4
-2
1
3
1
4
2
-8
-1
-7
1
0
3
5
1
6
7
14
3
6
2
2
1
3
0
0
2
0
15
7
11
2
3
-2
3
0
4
9
2
11
7
12
6
6
-3
-1
-9
2
-7
-6
-4
-6
2
-2
7
-3
14
2
9
-1
0
1
1
5
0
3
-2
7
2
8
3
2
2
5
3
11
9
6
8
6
13
9
8
-1
4
3
-4
3
4
-4
-7
6
0
-4
-1
0
5
0
7
0
1
3
6
10
9
12
17
13
14
15
13
15
5
12
5
6
10
9
1
3
-4
-4
-3
-4
0
-5
0
-1
0
3
7
4
11
7
5
6
9
6
3
-2
-3
-10
-8
-10
-12
-11
-15
-10
-18
-16
-15
-11
-16
-12
-18
-15
-16
-10
-7
-6
-4
-2
1
-6
2
-6
-1
-5
-4
-7
-7
-1
-10
-10
-12
-19
-13
-12
-20
-19
-20
-19
-23
-23
-22
-23
-23
-25
-19
-11
-9
-9
-5
-12
-8
0
-1
6
6
6
-6
-3
-6
-6
-13
-9
-17
-18
-17
-19
-16
-25
-10
-17
-10
-20
-16
-11
-10
-4
2
1
7
6
5
13
4
8
1
-1
-6
2
-6
-3
0
-4
-5
-4
1
-2
3
0
4
9
14
10
12
12
5
14
16
19
12
13
18
12
12
7
8
4
7
10
7
1
2
-7
-9
-12
-5
0
-2
3
0
5
0
7
-1
3
-1
4
6
1
2
3
7
-5
4
-2
9
8
12
7
4
4
5
7
6
7
3
5
-5
2
-1
6
1
3
3
-1
-3
-5
-2
-3
2
1
8
2
8
5
3
2
5
4
3
-2
0
3
-2
4
-3
1
-1
-2
-4
-2
1
1
-1
-4
-1
0
-1
-1
3
-4
-1
-3
-7
-9
-6
0
-7
-2
-4
4
-1
-4
-1
-5
4
-3
4
10
4
4
9
5
4
-1
-1
0
-6
-8
-7
-7
-9
-6
-16
-15
-14
-9
-2
-9
1
4
6
6
3
5
3
11
3
10
8
3
7
-7
0
-4
-6
-12
-6
-4
1
2
3
2
1
10
3
9
2
14
13
17
11
9
14
9
9
15
17
16
23
22
25
8
16
3
6
10
3
2
4
5
-4
5
-3
2
-3
0
0
4
-2
3
7
-1
2
-5
-1
-9
-8
-12
-6
-10
-9
-10
-14
-8
-8
-3
-3
-3
-4
-4
-7
-2
-3
-2
-1
-3
-3
-7
-1
0
6
5
10
6
5
3
-5
2
-5
-7
-9
-8
-15
-13
-18
-21
-17
-20
-22
-19
-16
-17
-15
-24
-13
-16
-13
-9
-9
-6
-5
-3
-2
-7
-12
-7
-6
-3
-4
2
-4
0
-2
-1
-1
-6
-6
-5
-5
-10
-4
-3
1
-4
1
0
7
7
1
3
-4
0
-2
2
-3
3
-3
-6
-7
-9
-4
-6
3
-3
6
7
6
13
12
11
11
19
15
22
18
22
20
22
20
21
17
18
15
11
18
9
14
7
8
7
13
7
17
13
6
9
5
11
3
9
0
6
8
6
3
5
3
-1
0
3
-1
3
6
3
2
2
3
-3
6
4
6
12
16
14
17
21
16
21
22
24
25
22
22
18
13
15
19
3
7
4
3
4
-5
0
-6
3
-2
0
-3
-3
-6
0
-7
-3
-3
-7
4
3
2
-2
1
-5
-2
-8
-4
-9
-8
-9
-8
-7
-9
-9
-12
-5
-7
-8
-9
-5
-7
-9
-11
-7
-12
-7
-8
-10
-10
-8
-11
-14
-13
-15
-14
-19
-14
-22
-16
-20
-20
-21
-25
-29
-25
-23
-25
-18
-18
-11
-13
-7
-16
-7
-10
-10
-8
-10
-4
-9
-5
-10
-7
-16
-14
-22
-19
-20
-18
-18
-20
-18
-28
-18
-22
-23
-27
-20
-26
-25
-20
-21
-15
-14
-8
-10
-5
-3
0
-5
-1
-2
-4
-6
-6
-10
-16
-5
-12
-2
-6
1
-3
-1
-4
-7
0
-8
-2
-4
2
3
4
2
4
2
1
-2
1
3
-1
-3
0
5
-1
4
-3
-3
2
5
6
8
9
11
8
4
12
13
12
11
15
10
10
3
6
2
2
9
2
8
2
11
3
3
3
1
0
-1
9
3
7
0
1
-4
0
-4
-5
0
7
12
8
12
3
4
3
8
-1
-1
-2
-3
0
-1
4
-9
3
-6
3
9
0
9
7
6
7
4
7
12
4
12
11
18
15
22
18
20
19
17
18
7
17
14
13
11
24
16
15
20
22
19
17
21
19
16
16
28
17
26
24
23
25
28
31
28
29
29
26
19
19
23
25
25
38
33
31
35
34
30
28
25
12
19
12
11
13
3
6
1
-4
-3
-5
-9
-4
-13
-17
-13
-13
-14
-15
-14
-18
-11
-13
-10
-12
-11
-11
-14
-13
-11
-15
-12
-6
-2
0
-9
-10
-9
-9
-6
-5
-5
-2
-2
8
0
5
2
0
-6
-1
3
1
2
1
4
-2
3
-4
5
0
2
0
1
2
3
2
3
3
-7
3
-5
3
3
8
-1
7
5
3
7
3
9
1
0
-1
2
-8
-1
-3
-1
0
2
-3
-6
-3
-7
-4
-10
-6
-14
-17
-12
-16
-12
-19
-25
-25
-22
-23
-17
-17
-15
-16
-12
-12
-10
-8
-10
-6
-17
-10
-15
-9
-16
-14
-18
-17
-12
-14
-11
-19
-10
-8
2
-4
4
6
13
9
13
13
22
29
28
32
31
42
38
45
36
41
36
35
31
32
32
28
36
31
28
29
32
32
34
35
37
39
40
42
39
39
46
42
37
45
35
34
27
23
21
9
12
5
10
0
-6
-12
-16
-16
-32
-24
-35
-37
-47
-49
-53
-62
-67
-69
-69
-78
-76
-76
-76
-81
-83
-88
-89
-95
-93
-100
-98
-98
-108
-106
-110
-105
-111
-106
-107
-102
-105
-92
-91
-83
-72
-70
-63
-53
-42
-34
-20
-13
4
3
14
23
31
41
55
62
62
75
78
88
94
100
108
116
124
133
136
142
155
158
164
173
174
176
182
182
180
181
183
182
171
172
161
157
151
138
132
117
110
99
88
70
61
48
37
19
1
-14
-27
-47
-64
-79
-92
-101
-120
-130
-152
-167
-184
-196
-211
-214
-222
-236
-244
-254
-256
-272
-274
-272
-282
-275
-276
-279
-270
-268
-257
-253
-244
-244
-224
-221
-212
-201
-192
-177
-160
-139
-126
-101
-85
-63
-47
-16
-2
29
48
74
89
113
133
155
177
188
218
228
264
270
293
297
314
318
332
349
352
363
371
382
377
387
380
384
377
383
371
372
363
345
337
323
313
285
273
251
229
203
180
152
120
90
58
23
-9
-31
-69
-103
-135
-165
-204
-237
-262
-295
-317
-340
-359
-385
-399
-413
-426
-436
-446
-453
-458
-464
-471
-465
-471
-454
-450
-446
-441
-431
-422
-407
-395
-382
-359
-346
-323
-302
-280
-266
-236
-217
-188
-169
-140
-117
-89
-64
-42
-9
11
44
64
97
115
136
148
171
191
209
234
244
266
282
300
320
336
351
366
382
401
410
436
448
455
471
481
491
496
509
523
529
541
537
545
540
539
534
530
528
521
508
486
475
452
429
395
374
334
304
256
209
162
118
64
10
-31
-81
-125
-176
-222
-279
-322
-376
-417
-463
-494
-526
-557
-584
-620
-641
-675
-694
-706
-713
-714
-708
-717
-711
-711
-711
-696
-690
-666
-643
-611
-586
-562
-539
-516
-493
-457
-424
-389
-342
-307
-266
-239
-204
-176
-138
-101
-58
-19
13
57
81
111
129
150
174
206
242
275
292
316
335
337
353
370
390
411
439
459
477
487
503
521
537
568
595
621
649
673
686
705
713
734
755
768
777
793
797
792
783
767
744
718
700
677
649
609
562
508
455
385
335
267
205
135
62
-12
-94
-168
-249
-314
-386
-449
-524
-586
-651
-705
-772
-822
-875
-917
-951
-986
-1010
-1042
-1052
-1072
-1072
-1071
-1060
-1059
-1039
-1023
-1000
-970
-935
-897
-854
-805
-767
-725
-683
-633
-591
-531
-482
-421
-359
-311
-258
-211
-161
-115
-66
-16
33
81
123
164
191
230
255
294
328
372
401
431
450
465
474
483
511
521
564
569
600
601
615
612
620
638
659
685
712
750
760
779
785
806
810
840
870
901
920
940
936
927
916
910
906
894
900
879
851
798
748
676
622
564
512
453
393
325
232
137
36
-60
-145
-215
-291
-355
-438
-526
-617
-707
-789
-861
-915
-951
-988
-1028
-1079
-1136
-1176
-1213
-1230
-1228
-1216
-1195
-1187
-1168
-1168
-1165
-1148
-1130
-1085
-1033
-970
-921
-870
-838
-797
-766
-710
-649
-573
-497
-437
-373
-341
-294
-264
-203
-151
-74
-9
64
110
150
179
210
249
292
354
400
455
477
504
503
518
518
542
568
604
632
641
648
633
635
627
647
667
704
731
748
756
762
765
773
804
834
876
917
949
959
958
957
951
961
970
984
991
983
951
906
841
774
723
660
625
570
502
414
319
202
82
-14
-99
-179
-253
-326
-417
-518
-630
-729
-821
-880
-935
-968
-1010
-1048
-1106
-1172
-1220
-1267
-1286
-1284
-1260
-1252
-1235
-1238
-1245
-1251
-1245
-1219
-1177
-1116
-1051
-992
-950
-918
-877
-842
-788
-709
-622
-534
-449
-373
-324
-279
-230
-174
-110
-29
57
139
196
236
262
295
324
363
418
480
549
576
603
596
595
587
600
629
660
704
719
728
708
697
687
686
702
740
776
806
822
821
814
802
812
830
870
907
951
964
976
957
935
925
920
931
948
958
937
907
847
780
696
639
583
535
487
417
332
218
96
-30
-132
-231
-310
-383
-466
-562
-671
-787
-906
-998
-1069
-1113
-1155
-1188
-1230
-1283
-1343
-1399
-1428
-1448
-1435
-1403
-1377
-1353
-1331
-1330
-1321
-1305
-1263
-1202
-1129
-1030
-964
-900
-859
-816
-778
-712
-632
-534
-432
-344
-267
-218
-170
-131
-74
-4
91
176
263
324
363
385
419
448
499
567
629
699
735
761
757
756
755
774
811
854
888
903
905
880
857
838
839
858
889
920
935
943
928
910
897
902
929
972
1008
1030
1042
1029
1005
982
975
974
995
989
986
951
894
818
737
662
595
549
489
424
328
215
76
-51
-182
-288
-381
-462
-550
-655
-766
-895
-1016
-1126
-1204
-1267
-1312
-1354
-1391
-1454
-1514
-1569
-1613
-1636
-1622
-1587
-1567
-1528
-1514
-1516
-1512
-1492
-1457
-1401
-1318
-1228
-1155
-1092
-1039
-999
-949
-885
-799
-698
-598
-496
-417
-342
-283
-225
-156
-76
20
125
221
291
350
402
446
483
550
622
695
758
814
838
845
859
867
887
927
970
996
1018
1020
1011
995
985
988
1009
1024
1056
1068
1071
1064
1056
1052
1056
1081
1105
1140
1160
1174
1154
1146
1125
1117
1114
1116
1103
1090
1057
1002
940
863
790
712
651
570
490
388
275
137
17
-122
-245
-364
-467
-575
-687
-795
-923
-1033
-1156
-1244
-1332
-1393
-1456
-1498
-1551
-1604
-1654
-1694
-1726
-1739
-1732
-1724
-1694
-1676
-1650
-1635
-1605
-1569
-1524
-1468
-1400
-1327
-1253
-1176
-1114
-1040
-979
-897
-813
-719
-616
-522
-423
-338
-249
-180
-91
-16
84
172
268
351
416
483
539
596
646
707
757
816
860
906
926
952
961
973
988
1001
1020
1029
1042
1037
1040
1030
1027
1027
1032
1047
1052
1056
1068
1072
1074
1081
1084
1096
1115
1136
1151
1160
1162
1159
1155
1135
1125
1109
1086
1059
1023
978
915
847
763
679
586
499
393
290
171
50
-82
-212
-346
-478
-601
-718
-818
-933
-1037
-1147
-1249
-1349
-1431
-1501
-1552
-1598
-1635
-1672
-1706
-1729
-1749
-1754
-1748
-1726
-1698
-1659
-1626
-1591
-1559
-1521
-1470
-1414
-1348
-1275
-1189
-1106
-1028
-964
-894
-817
-734
-649
-554
-454
-363
-274
-198
-122
-48
28
114
196
281
362
433
490
546
592
646
695
750
803
851
887
917
940
946
960
975
1003
1023
1049
1055
1064
1061
1059
1062
1074
1084
1096
1118
1126
1141
1135
1144
1148
1155
1167
1182
1194
1203
1204
1198
1187
1168
1153
1133
1113
1081
1049
1000
946
872
796
718
631
545
446
341
229
114
-17
-149
-278
-408
-530
-653
-771
-884
-996
-1101
-1214
-1308
-1397
-1476
-1543
-1596
-1636
-1673
-1706
-1736
-1750
-1761
-1755
-1745
-1717
-1686
-1647
-1606
-1570
-1518
-1476
-1419
-1359
-1290
-1206
-1126
-1046
-967
-898
-817
-731
-652
-557
-464
-371
-279
-185
-109
-31
44
127
203
292
382
457
527
582
643
686
744
784
840
888
938
975
1004
1030
1037
1053
1059
1079
1084
1102
1093
1091
1087
1073
1067
1056
1056
1048
1059
1049
1049
1033
1027
1018
1008
1009
1004
1015
1011
1018
1002
991
967
952
928
907
889
854
820
768
715
643
569
484
407
317
235
134
31
-82
-199
-313
-433
-543
-656
-748
-853
-946
-1055
-1149
-1250
-1337
-1410
-1467
-1511
-1551
-1576
-1606
-1626
-1650
-1656
-1660
-1640
-1610
-1572
-1528
-1486
-1453
-1416
-1381
-1333
-1272
-1204
-1119
-1049
-973
-900
-828
-768
-700
-622
-536
-443
-355
-269
-190
-114
-54
13
93
165
249
328
412
467
535
579
619
671
722
779
831
894
928
956
966
989
986
1008
1028
1049
1064
1076
1076
1063
1053
1035
1039
1031
1040
1041
1046
1024
1026
996
988
984
978
986
985
992
977
975
948
935
908
896
875
850
822
783
732
667
609
531
457
386
311
229
139
36
-70
-174
-294
-403
-513
-623
-724
-828
-926
-1020
-1123
-1211
-1285
-1364
-1423
-1479
-1511
-1552
-1582
-1605
-1628
-1635
-1638
-1622
-1601
-1571
-1539
-1494
-1460
-1417
-1374
-1325
-1268
-1196
-1124
-1050
-971
-903
-826
-762
-695
-619
-535
-455
-367
-283
-202
-128
-54
13
85
157
232
311
388
458
519
581
632
681
727
789
833
887
933
972
995
1022
1044
1061
1088
1107
1130
1140
1159
1153
1161
1150
1155
1150
1152
1150
1151
1145
1131
1127
1106
1099
1079
1079
1061
1064
1051
1036
1018
997
974
946
916
874
839
790
746
680
628
557
480
390
315
224
124
32
-76
-184
-303
-406
-529
-643
-750
-854
-961
-1056
-1154
-1244
-1340
-1418
-1492
-1565
-1611
-1661
-1691
-1724
-1745
-1759
-1767
-1770
-1759
-1737
-1711
-1671
-1627
-1581
-1534
-1476
-1416
-1344
-1268
-1187
-1102
-1019
-929
-850
-761
-680
-597
-505
-414
-320
-229
-138
-59
21
91
174
243
323
396
468
537
593
651
701
756
807
860
906
959
1000
1041
1069
1102
1134
1163
1189
1210
1227
1245
1257
1254
1256
1255
1252
1242
1242
1231
1225
1199
1194
1173
1153
1138
1112
1105
1078
1063
1032
1002
977
944
916
875
844
798
763
707
660
615
550
492
422
354
266
183
94
0
-103
-195
-299
-396
-508
-615
-724
-830
-926
-1024
-1113
-1214
-1287
-1379
-1449
-1522
-1577
-1620
-1657
-1688
-1710
-1720
-1735
-1728
-1723
-1700
-1679
-1644
-1601
-1553
-1507
-1454
-1394
-1339
-1270
-1207
-1124
-1052
-977
-903
-823
-749
-670
-594
-519
-437
-365
-289
-214
-132
-69
2
71
147
209
277
344
402
464
515
578
635
693
746
804
854
909
954
992
1032
1068
1101
1134
1164
1187
1209
1223
1245
1257
1261
1268
1267
1261
1253
1238
1219
1208
1185
1163
1143
1119
1094
1066
1042
1015
985
956
926
889
853
819
788
744
705
657
613
559
503
440
378
309
231
162
80
2
-80
-156
-252
-338
-431
-519
-607
-697
-784
-860
-944
-1025
-1095
-1168
-1230
-1290
-1342
-1391
-1426
-1466
-1483
-1504
-1511
-1520
-1513
-1504
-1489
-1462
-1430
-1405
-1369
-1317
-1273
-1217
-1160
-1093
-1039
-962
-896
-830
-759
-690
-617
-550
-474
-403
-330
-268
-193
-129
-58
3
65
138
188
256
312
378
430
489
543
595
651
699
755
787
843
885
929
960
997
1026
1047
1072
1089
1103
1116
1118
1116
1115
1093
1085
1057
1046
1025
1002
977
947
922
898
869
834
807
780
745
704
680
648
619
582
556
521
480
446
405
372
331
294
252
200
149
101
46
-14
-69
-133
-196
-262
-319
-390
-457
-522
-585
-654
-718
-781
-835
-891
-950
-986
-1038
-1074
-1112
-1141
-1169
-1193
-1213
-1221
-1226
-1231
-1216
-1214
-1192
-1178
-1146
-1119
-1083
-1043
-999
-956
-908
-850
-803
-748
-696
-630
-578
-516
-461
-395
-336
-276
-215
-159
-91
-28
28
85
155
202
272
326
382
442
494
553
599
652
694
739
779
826
860
895
929
952
981
1001
1014
1022
1032
1043
1041
1032
1031
1019
1005
986
973
951
928
907
873
852
811
784
748
712
676
644
609
577
549
511
483
443
410
372
335
296
259
217
187
140
89
41
-4
-50
-105
-150
-211
-256
-311
-362
-419
-475
-530
-582
-631
-682
-733
-783
-828
-870
-914
-960
-995
-1032
-1053
-1084
-1105
-1123
-1139
-1153
-1157
-1157
-1154
-1137
-1127
-1115
-1097
-1074
-1055
-1014
-985
-942
-901
-856
-805
-763
-712
-649
-597
-543
-486
-431
-364
-312
-238
-180
-110
-47
17
79
149
216
276
349
413
471
530
594
646
709
752
809
857
899
939
970
1002
1023
1045
1066
1085
1085
1100
1093
1084
1077
1064
1058
1032
1021
991
969
943
909
876
850
814
772
740
705
671
617
589
532
506
465
417
376
321
287
232
195
146
94
40
3
-45
-78
-133
-178
-229
-285
-312
-360
-395
-444
-490
-532
-570
-606
-650
-695
-722
-768
-791
-819
-842
-881
-907
-920
-947
-950
-974
-974
-990
-987
-991
-995
-983
-986
-964
-941
-920
-886
-860
-824
-803
-771
-721
-690
-639
-602
-537
-489
-443
-385
-356
-294
-243
-176
-121
-69
-11
31
113
160
225
274
315
379
423
483
532
557
603
634
671
720
740
786
797
841
864
875
892
890
909
908
910
914
912
904
886
856
841
809
799
783
758
704
644
623
589
554
521
493
454
424
395
371
348
285
263
240
200
146
90
63
29
13
-16
-43
-79
-122
-173
-219
-284
-319
-366
-423
-466
-519
-572
-603
-626
-647
-670
-701
-722
-769
-794
-851
-861
-876
-889
-895
-903
-913
-943
-914
-899
-874
-875
-883
-848
-842
-837
-799
-781
-735
-706
-663
-610
-563
-516
-496
-434
-376
-348
-277
-218
-195
-101
-62
3
74
120
192
209
286
325
395
509
544
611
616
637
687
717
804
834
873
933
971
983
1014
1011
968
1048
1035
1031
1067
1004
1005
1000
968
933
872
864
844
844
859
804
749
673
616
589
566
530
464
374
326
238
190
217
159
128
67
-1
-11
-93
-169
-179
-294
-348
-363
-438
-454
-483
-527
-569
-594
-597
-696
-751
-722
-656
-713
-776
-778
-965
-1327
-1500
-1245
-1130
-1023
-919
-849
-468
-803
-1748
-1787
-1229
-960
-1293
-911
-1123
-2465
-2478
-1702
-748
-333
-770
-1623
-940
-250
-1772
-1652
-997
-1549
-1301
610
2426
389
-353
-1123
-504
3228
2048
1988
1994
2162
2588
1588
3250
1071
710
2002
1819
3899
2006
1461
1147
1074
1796
-870
-409
-114
331
749
-243
127
-157
-43
-378
-522
224
88
984
1986
2453
2201
1325
1879
2490
2487
2160
2154
2992
2973
2095
1867
1701
1615
658
-339
-374
-686
-1246
-2370
-2836
-2585
-2978
-3605
-3876
-4057
-3968
-4195
-4286
-3678
-3186
-3152
-3063
-2075
-912
-607
-459
89
926
1575
1448
1760
2651
2843
2382
2271
2400
2190
1217
487
210
-346
-767
-1408
-1807
-2637
-4369
-5214
-5301
-5787
-5511
-4536
-4046
-3258
-3846
-4376
-3241
-3104
-2625
-1540
396
1858
2238
4313
3981
4048
4843
2941
5163
6004
5163
6538
5788
5506
4208
3324
3028
1245
1969
1087
598
2043
859
1030
802
-806
-1168
-1001
-450
-386
552
1995
1980
2677
2705
1745
2285
1960
-1362
-4517
-2911
403
1857
803
-1368
978
693
-5812
-8573
-6018
-3503
-6981
-6393
1764
2928
-701
-4162
-2107
2962
-2709
-4431
3511
7385
5898
2683
6706
9019
1706
177
1776
2057
816
-1431
3788
3718
-2417
-3217
-2737
-4171
-9124
-9274
-3403
-4485
-6072
-4018
-2194
-1998
-5792
-5427
-1526
-2317
-3108
10
3533
4202
2651
4431
4622
1675
1019
1093
1416
1500
873
1694
1970
-196
-2184
-2112
-2889
-6148
-5902
-4307
-4409
-3570
-1568
-1166
-1791
-1109
-1976
-1594
312
112
2485
5399
5806
6114
6796
7319
4683
4606
5799
4604
6204
6585
5924
6205
4831
3102
1788
1865
587
-398
1987
960
496
1803
109
-16
-472
-774
-138
-290
733
-231
-1559
-4111
-6078
-2838
-2841
-3431
-2505
-1688
-570
-4113
-5605
-4007
-4110
-5526
-5181
-341
1526
46
149
2134
3917
491
-537
2295
2930
2451
1358
3944
4901
1327
651
181
-1620
-3933
-4882
-2432
-3197
-4597
-3716
-3138
-3705
-6156
-5383
-3485
-4471
-4406
-2807
-1170
-1435
-1737
1305
2227
1004
1037
1395
2497
1647
1197
3109
2973
1825
511
1803
1659
-1882
-448
-733
-2515
-2537
-3413
-2166
-2314
-1208
-872
-716
1288
-1417
-591
1055
-654
780
3200
4252
3542
5382
5523
3705
5155
3499
3304
4833
3975
3887
4410
4649
2960
3008
3029
713
1389
1742
866
1941
2678
2743
2769
2974
2312
1193
1331
725
759
2174
1840
2142
2399
62
-5403
-9789
-7745
-7762
-7540
-5013
-4317
-24
-1781
-6473
-6343
-6826
-6933
-10085
-5319
1360
253
3316
3721
6866
8490
1437
2317
3519
2353
1757
628
5155
4639
1463
2008
-1063
-3851
-6606
-8720
-6513
-7736
-8050
-4602
-3906
-3175
-3773
-2363
-319
-3458
-3038
-1222
-668
2056
2573
5689
7710
5228
5245
3268
1808
1001
-933
612
-681
-1239
424
-1561
-1472
-2738
-3651
-3502
-6356
-5173
-4226
-3192
-601
-343
2772
2911
1809
2715
1639
2903
2307
3876
5642
4466
6371
5303
5056
4585
2783
3058
1820
2076
1198
1650
2633
1439
2654
2232
2121
2244
1944
2508
2323
3645
4230
3797
3974
3799
3541
3101
1955
1067
1263
668
592
1020
248
-3604
-10769
-11503
-8699
-9847
-8466
-7439
-3417
8
-6796
-7095
-5702
-5737
-7449
-9719
1646
3223
728
4870
5978
12554
6525
827
6958
3807
1073
-2092
-178
4641
-922
-1563
375
-3455
-5849
-9196
-8447
-6539
-10840
-7151
-3734
-4413
-2797
-1717
3228
2296
-1204
2149
1283
737
852
2205
7651
5712
3870
5464
3259
764
-1962
-2416
-1530
-4356
-3504
-2678
-2415
-976
-1356
409
-615
-2243
-1492
-1792
-1474
-501
2002
4223
3924
4439
4872
4439
3333
2573
3086
3249
2391
2539
3436
3427
3026
2713
2836
1509
788
345
246
1569
2047
3241
3992
4268
4238
3739
3932
3038
3682
3717
3075
3258
2814
3185
1484
1246
678
-273
308
-1005
-856
-3357
-9716
-13246
-10300
-8804
-9613
-6915
-3946
940
-3013
-7759
-5553
-5060
-5628
-10506
-1284
5774
906
4027
4852
11168
9407
-509
4396
4377
53
-3334
-3449
3064
-227
-3486
8
-2241
-5292
-8132
-8513
-5117
-9169
-7312
-1646
-2171
-955
-564
3928
5141
587
3036
3100
1131
705
480
5859
4801
2124
4138
2086
-115
-2459
-2883
-2274
-3971
-2977
-1514
-825
-1709
-1238
1884
-52
-1475
264
56
-476
686
1143
3721
4866
2761
3694
4667
2876
991
3563
2269
874
3127
1010
1858
2593
1868
2483
2349
2339
765
2396
1595
789
3773
2677
3420
4037
4194
4235
3534
3974
2941
2587
2292
1452
1198
1221
332
189
1185
371
484
341
-5472
-12350
-12409
-9664
-10628
-9139
-5980
-296
2947
-4476
-6184
-3137
-3979
-10019
-9690
1806
2406
554
2473
7425
13853
4729
476
5953
3114
-2817
-6890
-1977
1608
-2912
-1931
605
-1106
-4570
-7600
-5252
-6321
-10136
-5092
-2274
-2632
-2052
1596
7076
3532
1221
4406
2694
-906
-2920
85
4770
1483
1174
4343
2768
366
-2820
-847
-736
-4581
-2216
-1945
-1363
-423
-97
2974
1533
691
1500
537
-940
-1280
1315
2697
2035
2713
4589
3260
2259
2190
2219
3005
541
1136
2113
1662
2359
2997
4716
3663
3109
2893
1725
1794
1423
2386
2938
3115
3607
4210
3938
2847
3809
3026
2140
1381
912
1178
668
603
406
1350
621
262
678
-2406
-8742
-12502
-9416
-9871
-10066
-7270
-4088
3117
-1086
-5249
-2507
-3239
-5976
-11408
-4033
1537
-1705
681
3264
10276
9127
1204
5093
5747
-498
-5153
-5709
-1191
-2624
-4378
-111
-38
-1899
-3955
-4473
-3303
-8240
-7893
-3186
-4179
-3920
-1236
4129
5935
3190
5047
5660
1941
-994
-1968
1777
1780
-687
2950
3550
1991
597
632
1489
-1801
-2245
-2024
-3224
-2739
-1885
542
1937
1564
2116
3066
575
-1204
-316
283
-417
-239
2295
2246
2667
3111
3990
3667
2685
796
993
1498
-1078
2232
3134
4118
3971
4775
4364
2420
2964
1734
2836
2062
2523
2888
3679
3059
3272
4434
3618
2494
1949
1593
30
-319
-242
646
287
1415
1382
-584
-7092
-12499
-10176
-10695
-12871
-10201
-4370
1652
-694
-4515
-1421
-606
-4586
-11311
-4675
1885
-2622
-1648
3478
10440
9895
3513
6440
9044
2325
-5440
-5659
-2056
-5122
-7423
-3002
-422
-2330
-3096
-2377
-808
-4786
-6602
-2600
-3404
-5649
-3413
2995
5497
4021
5825
8391
4921
271
-1418
596
-276
-3630
-1499
1129
-154
-807
491
1894
712
-1242
-1146
-2258
-3632
-4037
-1108
502
898
2960
5218
3828
1211
2365
1302
456
-375
-653
1333
903
1830
3286
4962
4524
1775
3495
1666
-731
787
1032
2130
3154
3870
4085
4595
4412
3312
4092
3111
1838
2224
2369
1444
2320
4093
3242
3373
3119
1537
819
-425
-1505
-588
-85
-295
-2314
-7487
-12068
-10817
-9561
-11508
-9937
-6269
-1153
-1276
-4369
-3108
-306
-1985
-7709
-3976
1580
-1474
-1660
1829
7183
10497
4963
4937
7484
3962
-2899
-5576
-3322
-4706
-6894
-6158
-3913
-3885
-2685
-3022
-1249
-1678
-3442
-1296
-2129
-3834
-2417
1600
3910
3875
4524
7008
5558
2722
793
1098
776
-2368
-3337
-1817
-2236
-1879
-500
461
1918
1056
880
73
-1625
-2349
-1212
-492
-259
969
3836
3655
2276
3263
2687
1905
156
-1142
-636
78
15
439
3169
3807
2777
3847
3011
1715
1989
1885
1571
2409
2762
2880
3998
4254
4063
5081
4993
3172
2920
2535
1533
1809
2460
2777
3221
3023
2532
1944
1112
149
516
959
-1185
-7089
-12797
-11621
-10260
-11675
-9478
-5923
-359
151
-4520
-3936
-1331
-2338
-8228
-5944
1190
-355
-3124
705
6633
11486
6664
3708
8413
5313
-2115
-6880
-4579
-4068
-7233
-7312
-3691
-3365
-2276
-2383
-937
173
-3666
-2322
-2053
-4812
-4619
226
3644
4095
3191
6943
6771
3636
658
-263
1606
-2311
-5398
-3662
-1991
-2534
-1089
422
2603
2113
1344
308
-889
-1181
-1208
-810
-308
421
1892
4241
2745
2753
3866
2734
128
-1540
-1303
-1113
-1423
-54
1087
3206
3984
2745
3891
3684
2301
2138
2384
1459
1813
2515
2998
3562
4854
5051
4874
4926
3302
2261
2217
1232
734
2247
2344
2656
3659
3546
2504
2188
1614
893
596
-1979
-9128
-13110
-11124
-10956
-10847
-8983
-4770
140
-414
-5188
-3185
-151
-3491
-7758
-4620
1543
-2331
-3640
614
6885
9975
3524
4590
8421
3679
-2783
-5075
-2715
-4706
-8557
-6745
-4021
-3431
-2233
-694
2320
1409
-1484
742
-886
-3917
-3027
85
2126
767
2400
5747
5173
3244
1633
2010
739
-3836
-4621
-3681
-3759
-3454
-1272
1524
2409
3289
4109
3464
1692
1017
1133
-805
-2387
-1290
143
223
-43
1069
2583
2033
-181
-606
183
-1279
-2875
-1358
357
518
2286
3740
3995
4794
4250
3527
3491
2693
1701
1900
2228
1524
2553
3505
2573
3294
3822
2770
2413
2338
1876
2038
2230
2069
2679
3417
2342
2063
2617
1789
1144
-1097
-6309
-10837
-10527
-10737
-11418
-8817
-5878
-1805
-881
-2447
-1055
1076
-94
-4277
-2793
-521
-3442
-3963
-1558
2719
5451
3183
3275
5878
3978
-191
-2252
-1794
-4124
-7516
-7342
-6140
-4642
-2852
-1318
1791
2415
1268
1980
1235
-630
-1842
-880
-979
-1681
-474
1840
2495
2823
2837
3350
2822
-614
-1262
-1593
-2531
-3852
-2554
18
814
2121
3903
4909
4379
2928
2047
891
-1890
-2545
-2079
-2006
-1462
-907
1190
2359
1564
2056
1892
1315
-1118
-1267
257
-795
504
1635
2799
4082
3731
3908
4642
3955
2539
1698
1940
535
380
1415
1086
2418
3050
3117
3710
3919
3378
3538
3229
2647
1901
2185
1326
700
1903
1403
1779
181
-4802
-9750
-9688
-9926
-11658
-10605
-8358
-2957
-811
-2508
-926
2702
2558
-2612
-3097
-377
-2770
-4890
-4111
362
4661
1775
1674
5970
6291
3049
-814
-234
-1931
-6702
-7901
-7938
-6537
-4933
-3929
-140
1523
1386
3298
3225
1593
-864
-721
-1030
-3299
-3483
-1516
-159
741
1538
2824
4734
2624
1579
813
-639
-2777
-3515
-1764
-1599
-348
1970
3560
4022
4438
4123
3671
1438
-1193
-1893
-2633
-3535
-3149
-1570
242
1359
2395
3405
2856
2234
784
944
282
-965
256
653
1258
2476
3471
4656
4802
4427
3847
2914
2521
519
294
635
600
1651
2328
3170
4066
5156
5127
4677
4351
3538
2212
1473
527
793
1329
777
-2118
-6787
-8678
-8468
-8968
-9821
-8481
-4887
-1802
-3459
-3609
-818
1450
-1003
-4221
-872
-163
-2310
-3320
-510
4130
3183
336
2565
4906
3917
643
35
754
-2917
-5099
-5407
-5084
-4768
-4717
-2957
-1483
-2179
-238
1623
1524
-247
-717
989
-403
-1922
-1693
124
291
-287
-182
1938
2097
1590
2002
1277
770
-181
246
-498
-517
73
639
857
484
1413
3160
2494
738
851
427
-779
-2072
-1912
-1496
-922
-161
51
1104
1789
1385
2133
2054
1177
1392
1660
728
481
1684
1948
2211
2367
2582
2739
3132
2063
1390
2002
1424
1319
1726
1720
1816
2873
3187
3093
4085
4518
3696
3614
2781
1702
1943
1459
1012
-456
-4252
-8387
-8835
-7896
-9863
-8926
-6279
-3351
-2308
-3407
-1687
628
1072
-3452
-3144
-558
-2664
-3930
-2680
1170
2864
808
1376
4176
5108
3719
998
2225
-424
-3814
-4393
-5127
-5202
-5365
-4393
-2869
-2911
-1880
873
1143
882
-710
1099
989
-810
-1320
-217
-54
-956
-373
672
2573
1991
3094
2524
2401
1534
1328
1378
-350
-547
76
-91
-1093
244
1627
2483
1360
1489
1456
721
-589
-1918
-1173
-1550
-1536
-842
83
490
1321
2554
2309
2319
2402
2481
1966
470
731
1312
1480
1138
1015
2436
2289
1911
2117
1906
2548
1877
1639
1630
1606
2030
1769
2223
2477
3155
3494
3256
3131
3217
2975
2478
1924
1561
205
-2636
-7048
-8851
-8155
-9387
-9001
-8641
-4919
-2753
-3242
-1919
-299
2354
-1166
-3348
-1574
-2349
-3274
-3985
-1709
1648
319
530
2858
4994
5683
2785
3362
1794
-1605
-2754
-4208
-4838
-5621
-5569
-4250
-4260
-3526
-967
512
1175
123
1514
2586
1115
-185
-103
-294
-1465
-1317
-524
862
1385
2313
2852
3110
3102
3327
3230
1764
-35
9
-283
-1849
-1524
-467
590
387
550
1173
1221
947
241
-155
-130
-924
-702
-818
-1094
-428
831
1376
1026
2469
2600
2680
1868
1662
1980
1557
877
515
1075
982
652
1319
1970
1544
2708
2592
2690
2416
2755
2772
2330
2279
1830
2870
2606
2171
2070
2904
2424
2239
2206
1561
-660
-4354
-7318
-8151
-7982
-9549
-9211
-6613
-4016
-3751
-2771
-1063
2163
586
-2108
-1135
-1325
-1369
-3692
-2018
675
-202
-697
1073
3490
5301
3272
3648
3464
702
-377
-2590
-2518
-4399
-5418
-5190
-5196
-5241
-3204
-1624
-344
-89
976
3090
2382
2063
1082
1222
-132
-953
-1167
-384
-663
-157
804
1438
2714
3123
4162
3125
2580
1798
1012
-34
-1114
-1411
-1172
-1681
-1341
-534
10
483
339
1102
679
577
508
-15
-424
-977
-765
-398
-690
288
748
1379
2051
1843
2827
2674
2467
2080
1511
1502
701
932
1215
814
1876
1987
2246
2585
2681
3007
2635
2662
2320
2420
2387
1938
1853
1895
1606
1368
1390
1383
895
-713
-3871
-5647
-5611
-6568
-7264
-7391
-5149
-3859
-4354
-3678
-2288
481
-1868
-3248
-1351
-1102
-820
-2276
-514
1374
-37
-278
500
2263
3482
1380
2387
1836
442
789
-527
-589
-2320
-2917
-3145
-4347
-4965
-3599
-2851
-1942
-2396
-925
1492
1213
1475
1120
2106
1559
825
28
-11
-148
54
-14
560
1741
2261
2833
2151
2431
2595
2732
1263
687
240
-158
-728
-1458
-1479
-1663
-1364
-1653
-1496
-921
-237
93
289
-60
490
745
242
-84
224
468
770
709
986
1655
1922
2394
2051
2758
2556
2589
2410
1506
1453
1797
1713
1360
1336
1503
1762
1751
1738
1924
2644
2640
2464
2378
2461
2223
2107
1805
1501
1402
1006
-1087
-3650
-4643
-4989
-5016
-6038
-5879
-4197
-3494
-3742
-4071
-2645
-815
-3469
-3852
-2768
-2040
-1209
-2515
-345
1021
426
537
1078
3216
3348
1419
2581
1389
1071
1017
-148
-114
-2004
-2279
-2504
-3445
-3826
-3160
-2854
-2527
-3372
-1557
3
-7
273
450
1387
776
548
177
400
165
593
709
1139
1541
2217
3012
2716
2704
3179
3061
1591
991
648
602
-526
-1162
-1500
-1890
-2502
-2837
-2435
-2054
-1963
-1418
-626
-519
33
379
958
678
483
728
1376
946
1246
1771
2219
2635
2341
3135
2869
3012
2575
2337
2400
1774
1465
1411
1100
1037
1049
1306
1180
1411
2023
2105
2577
2141
2538
2543
2350
2086
1968
2099
1604
304
-1934
-3794
-3984
-4390
-5520
-5487
-4711
-3652
-4103
-4245
-3781
-1597
-2963
-4566
-3123
-2527
-1633
-2681
-1417
350
131
196
480
1672
3045
1240
2147
2147
1237
1922
478
392
-1147
-1619
-1582
-2828
-3817
-3367
-3535
-2825
-3305
-2276
-141
-397
160
-252
641
507
417
344
188
-90
329
579
721
1625
2246
3390
3033
3029
3233
3391
2665
1626
1471
959
-122
-1099
-1819
-2247
-2588
-2891
-3118
-3043
-2506
-1934
-1239
-724
2
730
827
696
717
1157
1475
967
1168
1425
1640
2251
2571
2927
3023
2987
2948
2507
2413
2285
1986
1984
1161
1062
1100
969
1142
1353
1892
1987
2123
2106
1940
2214
2243
2021
2090
1875
1899
1503
373
-1405
-3151
-3574
-4048
-4837
-5167
-4373
-3682
-3634
-3862
-3571
-1532
-2534
-4030
-3379
-2870
-2082
-3189
-2238
-611
-869
-705
-598
806
2359
972
1712
2177
1385
1971
807
911
-453
-980
-943
-2217
-2891
-2685
-2649
-2649
-3035
-2664
-951
-1514
-1186
-972
78
50
-260
345
372
501
564
1111
1022
1276
1582
2441
2487
2621
3313
3562
3052
2085
1792
1392
301
-777
-1562
-2315
-2943
-3339
-3134
-2748
-2282
-1566
-795
-607
58
515
997
1062
903
1290
1101
932
868
1198
1555
1955
2210
2609
2812
3002
3010
3004
3087
2822
2555
2145
1925
1448
1510
1405
1551
1561
1261
1627
1630
1699
1529
1816
2218
1743
1468
1604
1668
1563
927
70
-1441
-2942
-3296
-3663
-4211
-4486
-3325
-2814
-3035
-3573
-3022
-1708
-4096
-4742
-3987
-3121
-2879
-3712
-1979
-938
-1367
-832
-172
1374
1866
485
2193
1277
1434
1997
1273
1461
149
569
-116
-1720
-2261
-2073
-2796
-3037
-4069
-2570
-2088
-2574
-1534
-1074
305
-125
720
868
594
482
789
629
527
853
1489
1992
1775
2714
3105
3240
2181
2146
2030
891
141
-314
-783
-1719
-2284
-2103
-2244
-2566
-2290
-1843
-1255
-1343
-667
257
473
365
544
879
810
685
1136
1270
1270
1815
2078
2571
2634
2932
3348
3482
3327
3306
3450
3001
2389
2117
2027
1590
1185
999
809
723
857
603
988
1156
1080
1116
843
1245
1284
1636
1678
1307
475
-1413
-2204
-2351
-2930
-3969
-3752
-3152
-3544
-3910
-4407
-2943
-2911
-4728
-4495
-3972
-2964
-3272
-3236
-1275
-1347
-1109
-665
-614
1248
610
1081
2003
1328
2746
2229
2198
1638
791
1081
-591
-2012
-2207
-3153
-3211
-3626
-3355
-1829
-2034
-761
-520
53
486
434
896
254
-8
388
617
318
685
1349
2072
1729
2293
2849
2812
2725
2452
2640
2325
1557
1254
914
-105
-692
-956
-1054
-1949
-2006
-1899
-2208
-2320
-2103
-1521
-991
-602
129
769
723
1147
927
1543
1091
939
1816
1704
2211
2516
3129
3369
3310
3462
3079
2773
2821
1947
1750
1461
831
1109
537
339
126
57
-356
-587
59
71
241
596
1126
1582
2022
2201
2147
1727
-24
-2167
-2751
-3189
-4178
-4740
-4353
-3900
-4065
-4006
-4200
-2589
-3150
-4592
-4215
-3834
-3017
-3585
-2819
-1814
-1987
-1221
-826
-297
1407
875
1966
2163
1750
2822
1887
2349
976
852
1092
-524
-1058
-1321
-2021
-1983
-2596
-2309
-1712
-2031
-1043
-1516
-523
-422
74
632
100
178
451
641
298
734
1051
1913
2016
2927
3185
3507
3783
3408
3672
2947
2790
2452
1518
571
-231
-612
-1297
-2306
-2516
-2763
-2730
-2470
-2108
-1198
-501
22
701
787
935
1081
826
995
853
1430
1668
1695
1920
2280
2637
2612
2801
3042
3170
2902
2803
2201
2006
1439
765
277
-283
-359
-631
-631
-599
-203
188
457
484
983
1238
1242
1510
1471
1445
1153
457
-1131
-2505
-2828
-2909
-3772
-3891
-3239
-3043
-2746
-3899
-3468
-2329
-4173
-4575
-4612
-3446
-3039
-3752
-2095
-1963
-1616
-1027
-1184
167
721
554
2160
1697
2666
3295
3129
3248
1575
2311
1202
-463
-1017
-1703
-2116
-2511
-2991
-2074
-2066
-1653
-1169
-1441
-735
-1328
-613
-795
-996
-570
54
179
423
1168
1836
2149
2473
3527
3557
3892
3623
3763
3366
2727
2226
1805
808
-446
-829
-1421
-1849
-2531
-2551
-2819
-2641
-2314
-1850
-1136
-529
190
311
385
413
472
539
217
416
971
1184
1666
2120
2646
2855
2986
3024
2755
2467
2372
2109
1777
1339
1178
1091
518
57
-177
-146
-558
-684
-469
-314
-120
152
442
898
937
1384
1596
1512
1585
1313
1002
-996
-2314
-2257
-2265
-3131
-3308
-2598
-2380
-2422
-3403
-2740
-2447
-3963
-4576
-4581
-3696
-3915
-3676
-2330
-2214
-1531
-596
-31
1086
1464
1855
2866
2314
3252
3452
3270
2945
1867
2275
876
-505
-900
-1559
-2166
-2773
-2860
-2074
-2576
-1727
-1308
-1317
-846
-1057
-77
-226
-122
94
739
879
1101
1748
2460
2636
2860
3681
3436
3638
3304
3241
2603
2015
1737
948
421
-723
-1083
-1277
-1648
-1589
-1640
-1361
-1432
-1364
-1071
-1142
-1094
-946
-888
-631
-495
-379
-77
-210
317
419
414
965
973
1235
1789
1957
2333
2337
2467
2153
1767
1651
706
814
208
-210
-247
-422
-756
-683
-255
-209
-88
55
405
235
575
364
682
1029
1001
1345
1633
1770
1703
897
-807
-1745
-1717
-1883
-3116
-3118
-2697
-2595
-2912
-3729
-2651
-2467
-3789
-4084
-3850
-2878
-2995
-2557
-1326
-1210
-326
285
667
1678
1709
2437
2463
1696
2643
2062
2056
1092
606
998
-348
-1029
-1195
-1468
-1599
-1789
-1551
-965
-1458
-161
-318
-88
47
95
740
28
356
264
661
483
1014
1477
1990
2117
2695
3232
3024
3401
3177
3213
2406
1936
1449
842
122
-347
-919
-1353
-1450
-1328
-1268
-1584
-1474
-1685
-1662
-1609
-1578
-1382
-901
-1272
-921
-660
-872
-118
46
158
656
1122
1530
1590
1854
1892
1639
1869
1001
1110
1052
562
447
83
-36
-270
-265
-364
-385
-58
140
132
588
521
777
786
772
600
657
857
928
1237
1234
1402
1224
531
-776
-1087
-1166
-1346
-2179
-1878
-1867
-2141
-2325
-3101
-1935
-2797
-3270
-3306
-3161
-2460
-2974
-2226
-1555
-1831
-1245
-883
-493
644
572
1763
1682
1954
2728
2074
2167
985
903
694
-304
-552
-739
-980
-720
-822
-229
-400
-571
186
-401
-350
-730
-322
-310
-575
-106
230
627
858
1248
1745
2072
2258
2777
2763
2696
2384
2398
2175
1481
1185
804
359
72
-235
-479
-804
-956
-778
-952
-1010
-1151
-1330
-1520
-1924
-2013
-2048
-1819
-1413
-1688
-1318
-941
-699
-151
321
631
956
1318
1167
1342
1557
1445
1356
1478
1148
1028
1224
1216
1019
1045
826
772
730
163
135
75
251
150
278
336
398
689
778
1146
1332
1511
1702
1622
1453
1520
1279
525
-655
-1057
-1027
-1612
-1858
-1776
-1659
-1750
-2395
-2515
-2442
-3111
-3431
-3506
-3061
-2727
-2704
-2063
-1684
-1559
-987
-762
-365
387
934
1654
1203
1722
1989
1664
1418
497
686
173
-233
-341
-447
-283
-178
253
668
345
374
413
-76
-465
-1022
-763
-905
-1003
-653
-330
264
586
1075
1616
1858
2151
2230
2273
2057
1657
1618
1229
1016
839
459
192
-31
-33
-249
-537
-745
-1008
-1164
-1362
-1728
-1703
-2060
-2621
-2491
-2713
-2330
-2087
-1536
-932
-466
319
347
1257
1128
1112
1154
959
949
880
1042
750
1266
1122
1405
1357
1605
1591
1544
1595
1157
1494
785
688
392
446
352
296
455
461
884
945
1224
1400
1501
1489
1596
1252
1248
990
398
-563
-1182
-1127
-1353
-1279
-1132
-914
-999
-1470
-2058
-2207
-2855
-3341
-3682
-3666
-3366
-3293
-2684
-2219
-1596
-1071
-588
-318
251
726
1261
1275
1228
1796
1726
1758
1262
1166
1119
801
610
380
278
158
53
-122
-202
-577
-687
-912
-1145
-1248
-1215
-801
-625
-133
344
665
1090
1419
1654
1510
1443
1432
1307
1046
789
719
827
821
806
848
756
560
177
-52
-666
-1092
-1503
-1699
-1922
-2112
-1836
-1833
-1786
-1808
-1780
-1533
-1236
-1175
-642
-496
-303
6
101
288
415
532
732
993
1355
1751
1918
2150
1923
2328
2017
1725
1685
1469
1238
833
436
89
259
206
463
432
541
572
822
841
914
1104
1232
1379
1360
1484
1251
1293
953
728
245
-571
-734
-1031
-1412
-1421
-1555
-1646
-2014
-2358
-2516
-2813
-3215
-3484
-3255
-2753
-2541
-2072
-1421
-978
-441
-255
288
511
851
1099
1294
1301
1119
1168
1131
1125
771
646
523
501
277
213
148
141
-12
-242
-265
-595
-800
-995
-1006
-1066
-1184
-1045
-748
-375
-66
83
411
717
721
860
939
806
784
626
702
739
693
849
710
652
488
267
117
-241
-577
-772
-1012
-1213
-1556
-1507
-1201
-1228
-1048
-1020
-1166
-736
-496
-470
113
-120
161
322
381
729
433
686
393
989
1138
1147
1390
1420
1690
1741
1743
1218
1584
1230
1430
1359
1073
1122
920
1193
887
1069
752
754
662
503
488
313
405
319
534
541
597
542
444
262
-72
-673
-806
-1046
-1258
-1018
-1283
-1132
-1530
-1606
-1719
-2115
-2376
-2782
-2609
-2502
-2287
-2038
-1613
-1407
-898
-715
-404
-12
158
641
562
832
760
831
728
619
696
536
454
351
399
204
216
3
-182
-385
-443
-501
-645
-801
-928
-807
-781
-707
-643
-443
-405
-250
-251
-245
-261
-237
-104
-88
96
185
333
393
559
772
928
978
1020
992
1026
1026
916
805
710
653
352
171
2
-48
-269
-515
-875
-689
-614
-681
-285
-571
-192
-364
-24
282
157
413
143
811
770
1034
1048
1026
1066
1006
1135
916
1183
648
930
739
641
479
222
459
278
546
348
678
703
754
800
943
968
847
886
737
927
735
720
643
474
169
-4
-332
-470
-655
-731
-674
-1052
-1006
-1316
-1263
-1507
-1830
-1878
-2199
-2109
-1960
-1814
-1699
-1751
-1834
-1622
-1643
-1467
-1317
-1154
-898
-815
-443
-349
-109
-18
9
141
155
216
199
295
329
316
208
41
-90
-342
-580
-605
-612
-598
-532
-415
-211
-79
7
133
266
275
390
559
621
745
821
967
1141
1166
1185
1207
1108
1046
981
884
841
653
547
498
617
588
447
732
631
628
595
324
612
535
561
694
544
469
202
149
-15
-128
-288
-369
-305
-241
-96
82
193
61
348
299
402
567
499
707
794
789
763
711
593
716
689
701
608
614
689
603
697
547
518
482
242
286
214
-25
-292
-595
-655
-721
-765
-853
-961
-1144
-1299
-1511
-1591
-1806
-2006
-1990
-2112
-1832
-1824
-1693
-1677
-1647
-1454
-1448
-1255
-1231
-1025
-836
-608
-343
-209
-199
-232
-194
-232
-336
-506
-537
-481
-399
-251
-153
-94
-111
-88
-48
2
-1
-18
-13
37
205
237
316
288
299
346
350
296
284
347
431
657
677
785
852
949
1052
1135
1293
1284
1285
1280
1268
1317
1314
1119
1198
1205
1098
1197
911
843
733
506
558
281
224
80
116
105
10
93
-128
-20
-80
8
12
105
144
294
535
481
739
581
657
599
588
519
344
299
187
398
352
430
424
389
367
312
279
100
-91
-337
-366
-399
-521
-596
-763
-820
-805
-776
-663
-711
-830
-835
-872
-871
-1016
-1194
-1396
-1672
-1608
-1621
-1475
-1597
-1654
-1430
-1369
-1254
-1373
-1320
-1374
-1307
-1198
-935
-725
-635
-520
-349
-119
-125
-18
-55
117
173
289
380
338
379
358
465
358
196
42
-7
5
28
103
160
148
160
246
299
326
289
426
605
670
842
894
970
1035
1107
1256
1225
1131
1001
1050
1094
1029
1012
874
740
766
734
794
745
560
525
438
372
229
37
-134
-238
-183
-81
62
141
208
376
539
624
569
573
503
506
498
421
421
282
285
304
348
304
256
186
108
24
-65
-168
-403
-396
-468
-394
-330
-371
-246
-259
-256
-181
-224
-354
-357
-333
-256
-323
-542
-685
-816
-891
-1037
-1108
-1395
-1688
-1777
-1713
-1523
-1578
-1622
-1632
-1408
-1265
-1163
-1082
-1082
-991
-853
-643
-484
-355
-403
-231
-103
38
166
78
64
92
255
316
286
199
262
305
299
310
257
281
190
309
407
408
406
360
485
571
658
683
702
689
731
845
875
957
900
948
1003
1005
1102
961
910
897
849
929
904
802
828
681
530
519
208
200
3
-122
-35
-72
120
-5
92
75
141
175
48
60
13
46
7
206
76
198
173
118
225
-1
97
42
56
39
131
143
183
177
136
234
42
75
-65
-42
-28
-178
-66
-142
-134
-163
-363
-385
-524
-596
-426
-633
-790
-1082
-1256
-992
-1087
-1006
-982
-1101
-1008
-1066
-902
-815
-1081
-1251
-1471
-1348
-1202
-1253
-1177
-1196
-984
-802
-765
-636
-466
-384
-187
-80
92
202
123
314
443
639
587
545
513
521
606
553
581
404
405
386
417
446
383
369
313
398
446
449
453
492
662
875
928
1107
1097
1106
1153
1078
1172
980
850
727
774
896
799
744
634
498
473
324
243
182
-119
-102
-134
-38
-35
-173
-185
-251
-166
-195
-171
-196
-136
-52
85
136
185
280
272
454
514
622
509
460
464
507
519
319
250
68
79
-51
-114
-212
-303
-264
-295
-250
-293
-341
-410
-330
-372
-352
-478
-480
-331
-228
-83
-223
-268
-530
-604
-585
-730
-838
-1187
-1339
-1384
-1392
-1405
-1493
-1605
-1637
-1585
-1475
-1254
-1205
-1069
-1033
-821
-688
-630
-512
-470
-228
-145
47
96
181
194
292
452
445
449
325
378
377
448
461
437
370
347
373
392
476
435
581
561
672
737
690
746
669
763
735
740
683
723
761
803
843
858
854
752
800
655
764
540
426
440
268
323
90
109
61
40
74
81
91
-19
-11
63
245
281
368
406
473
560
514
633
607
526
501
402
395
259
102
91
34
-8
-184
-396
-434
-332
-341
-363
-583
-837
-912
-1020
-772
-749
-704
-765
-778
-474
-414
-274
-470
-625
-737
-695
-661
-529
-508
-526
-288
-358
-93
-329
-308
-366
-328
-77
-160
62
-71
74
79
147
106
-66
-264
-448
-329
-385
-256
-422
-433
-373
-389
-273
-399
-413
-493
-481
-421
-350
-332
-364
-335
-220
-35
3
46
-5
84
179
227
279
235
206
257
296
383
492
468
584
640
713
700
644
621
586
590
550
534
469
451
465
549
495
408
278
179
198
146
158
109
135
188
296
378
438
501
493
565
572
682
707
664
652
677
727
669
620
527
522
456
424
382
338
286
232
253
140
75
-53
-130
-176
-294
-408
-448
-479
-515
-475
-518
-515
-585
-620
-598
-622
-651
-762
-800
-768
-661
-632
-708
-819
-855
-832
-849
-832
-928
-937
-979
-955
-821
-860
-947
-1094
-1127
-1033
-955
-876
-751
-639
-470
-254
-116
-25
-95
-79
24
166
280
313
433
541
666
743
746
636
516
424
439
427
345
284
235
286
311
359
336
318
295
368
433
439
423
329
367
368
388
412
432
476
552
617
667
664
592
553
485
480
405
347
327
276
310
278
216
192
91
74
76
62
123
101
99
94
121
122
84
3
-13
12
35
103
95
205
132
158
95
1
-23
-153
-123
-221
-224
-269
-162
-126
-116
-135
-229
-123
-205
-49
-65
-39
-32
-126
11
-16
64
-120
-217
-244
-231
-183
-261
-302
-443
-417
-564
-586
-737
-855
-803
-844
-692
-758
-710
-667
-601
-499
-573
-592
-690
-681
-625
-508
-357
-350
-319
-310
-142
-22
26
-20
-100
17
4
107
96
110
149
183
213
193
276
191
283
261
283
317
261
298
251
362
375
475
528
508
614
661
798
856
877
824
830
834
791
786
709
710
650
578
545
523
525
463
425
379
345
297
251
272
237
323
275
248
208
182
264
241
255
106
107
107
43
3
-59
-94
-114
-167
-230
-235
-289
-260
-230
-237
-291
-327
-311
-318
-366
-408
-427
-465
-530
-569
-590
-656
-694
-737
-709
-710
-800
-861
-894
-864
-774
-680
-774
-748
-652
-562
-368
-401
-410
-381
-368
-442
-454
-395
-394
-338
-339
-286
-193
-133
-151
-57
-73
-61
-44
-48
12
48
166
156
229
288
283
344
358
383
500
495
405
257
204
325
274
249
149
120
252
284
400
445
554
496
463
476
444
416
292
302
359
470
298
257
327
475
528
382
301
203
266
228
186
102
76
76
118
218
192
202
199
208
221
234
149
28
-22
2
42
79
2
-13
121
143
213
129
108
173
177
197
110
72
12
-17
-95
-162
-227
-235
-270
-265
-250
-340
-296
-446
-423
-448
-512
-567
-679
-603
-538
-393
-347
-278
-257
-193
-192
-164
-135
-238
-269
-341
-272
-325
-350
-363
-326
-243
-266
-186
-199
-153
-247
-230
-162
-236
-253
-320
-237
-160
-119
-79
-22
32
95
123
133
78
33
76
122
197
228
282
313
381
423
507
509
540
541
544
575
481
471
384
418
340
326
306
231
272
235
351
311
277
238
142
143
121
114
85
142
173
184
167
145
127
84
56
-24
-12
-92
-158
-127
-128
-93
-126
-131
-158
-156
-159
-157
-123
-155
-136
-116
-94
-188
-273
-288
-336
-364
-406
-375
-310
-279
-265
-254
-244
-219
-213
-230
-256
-279
-249
-175
-94
31
84
121
101
70
111
78
44
-38
-15
-31
-71
-55
-85
3
47
82
89
38
20
37
42
22
-21
-75
-58
-51
-14
-37
-47
24
25
7
-33
-60
-68
-98
-75
-32
-22
18
36
132
234
241
234
249
272
285
303
284
275
231
246
251
211
161
105
143
163
177
218
256
264
320
322
291
241
154
153
162
181
191
212
205
167
178
193
158
68
-26
-88
-121
-181
-224
-231
-241
-227
-222
-225
-231
-240
-237
-228
-238
-285
-355
-414
-395
-376
-391
-418
-455
-420
-402
-374
-311
-293
-260
-193
-152
-90
-83
-150
-125
-71
-32
-60
-54
-40
-2
76
108
135
86
31
-20
-15
-19
-20
-19
-31
35
81
77
79
127
154
152
114
80
62
39
56
91
114
47
-19
-37
-9
10
-3
-27
-34
-32
-60
-10
6
29
50
80
101
73
46
32
89
128
139
112
112
140
161
193
174
159
117
120
171
203
233
231
251
288
345
297
254
198
157
150
106
76
27
53
48
67
36
10
-22
-65
-60
-59
-74
-138
-163
-144
-121
-130
-126
-120
-96
-115
-138
-110
-111
-119
-124
-129
-116
-183
-253
-254
-221
-216
-246
-265
-259
-240
-199
-136
-94
-50
-76
-77
-97
-114
-150
-170
-167
-153
-109
-126
-101
-85
-51
4
50
77
68
49
50
86
116
117
107
123
111
107
117
97
145
146
159
160
131
79
39
35
10
6
-43
-38
-49
-14
-7
25
62
60
81
84
102
75
88
67
81
79
75
95
107
143
155
165
165
173
180
181
152
128
107
116
142
142
169
155
114
85
42
41
38
19
-6
-15
-45
-73
-86
-72
-40
-46
-70
-69
-54
-57
-39
-36
-22
-56
-86
-104
-115
-105
-145
-136
-119
-136
-153
-178
-178
-175
-187
-210
-211
-233
-242
-252
-245
-222
-236
-170
-149
-96
-86
-60
-10
3
26
13
38
12
44
38
59
87
95
123
139
159
143
132
110
117
94
96
80
49
45
7
9
-2
-28
-32
-44
-51
-64
-93
-89
-69
-53
-47
-45
-40
-26
5
23
39
56
44
43
51
67
64
86
110
131
158
151
153
152
168
158
158
143
126
136
129
138
126
132
110
119
126
96
95
71
88
82
70
37
23
15
6
20
9
6
-21
-22
-26
-36
-60
-70
-61
-54
-71
-103
-94
-118
-119
-121
-115
-111
-149
-158
-145
-121
-130
-146
-154
-140
-137
-129
-125
-115
-89
-91
-48
-33
-24
-48
-68
-32
-14
-1
-15
-15
1
17
21
30
39
46
56
51
51
28
16
-11
7
12
-3
-9
-24
21
49
92
89
94
105
107
94
69
33
11
17
9
27
12
5
0
38
67
65
44
6
2
0
0
-21
-29
-50
-32
-17
-3
-11
-13
7
23
58
43
26
12
19
39
48
40
29
28
34
48
51
21
16
34
48
57
35
16
-3
1
0
-2
-29
-67
-98
-99
-83
-104
-124
-151
-132
-129
-147
-167
-180
-168
-149
-124
-121
-114
-136
-140
-116
-87
-108
-120
-114
-98
-67
-58
-38
-28
17
50
89
107
95
88
98
131
126
112
68
67
84
100
104
105
99
89
102
86
66
14
-10
-18
-13
-35
-56
-66
-53
-39
-9
27
33
43
36
68
70
59
29
25
38
53
51
31
31
54
65
59
65
39
28
14
32
42
30
25
23
32
41
39
25
22
29
41
27
15
6
3
-2
2
22
30
39
42
56
69
63
42
32
37
23
20
13
21
23
27
23
3
-11
-38
-77
-104
-99
-133
-150
-174
-187
-215
-238
-252
-262
-257
-239
-202
-179
-149
-130
-92
-91
-80
-85
-94
-99
-105
-77
-40
-7
23
66
95
120
140
153
147
147
147
129
114
98
83
85
96
129
144
145
142
146
150
133
115
96
75
54
54
36
63
75
110
131
136
142
120
93
67
67
54
43
19
14
-2
8
-1
-16
-23
-28
-44
-66
-84
-98
-105
-119
-115
-113
-100
-116
-96
-78
-41
-24
-30
-25
-37
-48
-82
-94
-94
-78
-49
-28
0
5
4
-5
-18
-7
1
-11
-32
-22
-13
-11
-2
12
0
16
9
0
-9
-1
21
27
33
14
-14
-70
-93
-91
-48
-65
-67
-73
-70
-79
-87
-79
-73
-43
-48
-48
-90
-87
-89
-53
-40
-38
-99
-183
-182
-115
24
167
251
273
248
132
8
-114
-103
-39
114
255
284
308
294
272
292
257
219
120
11
19
17
70
120
177
262
254
144
16
-123
-90
-82
-33
0
-35
17
20
49
108
89
64
5
-57
-69
-144
-126
-138
-78
-30
-103
-173
-198
-148
-35
-29
-56
-126
-249
-331
-447
-394
-315
-225
-89
-20
23
21
-69
-32
-42
4
11
-76
-27
5
98
151
171
217
192
97
11
-103
-83
-95
-63
32
39
81
22
-23
-29
-72
-94
-155
-194
-149
-144
-86
-32
38
129
92
86
63
20
18
-46
4
76
103
117
93
103
104
108
126
94
130
153
83
113
89
80
48
37
97
85
95
97
77
120
118
108
106
77
148
150
164
175
150
175
149
116
117
89
88
68
58
31
-50
-67
-79
-51
19
28
26
14
-27
-37
-107
-99
-92
-56
-20
-39
-12
-37
-29
-11
19
26
-2
-63
-119
-179
-199
-211
-215
-187
-145
-103
-122
-119
-133
-150
-157
-151
-152
-120
-120
-78
-31
-5
19
4
19
10
19
13
-28
-49
-40
-59
-52
-56
-36
-26
-34
-33
-72
-120
-179
-199
-192
-171
-152
-127
-95
-58
-36
-19
-22
-38
-14
6
5
35
82
120
145
184
210
183
194
180
170
165
118
115
97
89
93
83
88
76
55
30
-16
-26
6
4
18
40
65
69
61
84
91
102
139
149
135
121
92
101
84
97
89
75
82
67
56
-2
-48
-89
-79
-87
-90
-73
-69
-70
-68
-72
-123
-143
-149
-104
-94
-72
-51
-54
-22
-13
-13
-29
-50
-34
-13
-27
-32
-68
-64
-53
-55
-34
-92
-98
-95
-105
-120
-156
-178
-164
-135
-101
-70
-79
-53
-46
-16
-32
-39
-29
-35
-8
-2
8
-2
10
46
64
42
19
-20
-32
-51
-61
-63
-71
-25
1
19
20
-13
-18
-13
-15
28
58
93
133
189
227
196
180
177
179
198
214
224
212
206
210
155
128
96
69
69
67
72
45
16
-5
-19
-41
-87
-130
-135
-132
-122
-84
-55
-33
0
47
64
46
40
35
9
13
11
10
-16
-22
7
3
0
-41
-66
-71
-72
-79
-103
-126
-138
-145
-155
-173
-195
-177
-155
-114
-75
-61
-63
-49
-13
18
9
6
9
22
44
36
9
-16
-21
-12
-20
-34
-31
-50
-45
-42
-41
-66
-98
-90
-60
-80
-97
-118
-132
-96
-76
-21
2
49
90
111
127
96
87
67
73
92
120
126
132
155
176
166
143
116
86
87
80
90
98
117
138
147
129
117
87
66
39
36
69
71
100
118
148
153
144
136
121
85
60
38
3
-15
-37
-24
-39
-29
6
3
11
19
36
16
-21
-54
-82
-126
-155
-165
-153
-128
-103
-45
-28
-12
-29
-37
-72
-114
-123
-153
-162
-145
-115
-103
-91
-72
-38
-47
-38
-35
-44
-47
-58
-47
-54
-60
-48
-53
-63
-44
-31
-20
-23
-11
3
-23
-44
-58
-76
-92
-103
-89
-76
-79
-81
-61
-59
-54
-38
-30
-30
-25
5
10
5
14
36
51
47
67
79
65
95
122
136
130
121
110
86
61
51
22
7
22
48
66
58
80
86
88
92
94
79
69
76
105
101
94
101
101
111
104
117
93
72
50
42
24
-7
-20
-11
-25
-37
-43
-92
-107
-132
-140
-161
-177
-161
-141
-107
-89
-53
-31
-28
-21
-3
-25
-47
-57
-56
-48
-50
-28
-22
0
26
57
59
49
34
-9
-61
-104
-126
-152
-162
-148
-117
-88
-42
1
25
45
68
61
42
15
4
3
-9
1
19
40
58
88
105
91
66
43
20
3
-18
-35
-50
-53
-50
-54
-66
-73
-63
-42
-19
3
32
51
73
94
110
99
84
73
81
88
94
102
109
119
125
133
113
95
98
84
65
47
28
6
-15
-13
-6
-20
-13
5
26
44
51
63
53
45
28
22
6
3
15
13
17
28
32
28
16
4
-3
-31
-44
-63
-79
-88
-87
-87
-92
-97
-97
-96
-94
-78
-71
-61
-60
-44
-32
-19
-30
-26
-23
-29
-26
-42
-25
-24
4
7
10
4
-9
-12
-19
-28
-32
-38
-46
-34
-45
-37
-40
-25
-18
-6
1
-1
9
16
33
20
19
4
-2
-10
-10
-3
-3
9
32
41
51
51
48
43
24
22
11
13
20
25
42
47
51
61
68
76
79
76
80
66
73
79
69
82
78
71
71
75
76
68
56
63
56
51
44
39
45
29
37
26
0
-5
-21
-33
-43
-35
-41
-39
-34
-21
-26
-19
-27
-43
-37
-61
-68
-80
-84
-91
-73
-63
-66
-53
-36
-39
-29
-39
-54
-72
-104
-102
-115
-115
-106
-88
-73
-51
-40
-30
-45
-37
-40
-63
-55
-78
-83
-73
-65
-61
-49
-42
-29
-15
-3
-2
1
3
-18
-14
-22
-32
-28
-35
-17
-13
-15
-8
-2
11
18
25
33
15
19
21
9
16
5
13
9
32
52
62
88
93
99
99
78
65
61
43
55
55
62
51
76
84
88
101
98
93
90
85
67
75
51
50
45
50
54
60
66
60
71
54
19
8
-14
-32
-36
-36
-38
-31
-23
-25
-24
-34
-48
-53
-55
-87
-71
-91
-102
-89
-82
-79
-77
-71
-82
-75
-82
-87
-107
-110
-129
-112
-104
-102
-91
-73
-57
-63
-56
-69
-70
-75
-69
-69
-50
-63
-36
-22
-18
3
-1
14
7
27
27
25
22
0
0
0
-16
-4
6
8
30
27
46
38
37
41
24
38
28
21
31
21
31
42
27
50
58
66
73
76
75
53
65
54
35
45
30
28
42
38
57
57
67
68
61
69
48
49
48
36
42
40
28
41
35
50
47
48
57
29
47
27
8
4
-20
-16
-10
-16
-1
-5
3
3
-1
-1
-26
-25
-34
-39
-49
-53
-64
-60
-60
-56
-43
-47
-38
-36
-26
-43
-38
-45
-64
-50
-54
-35
-27
-34
-10
-6
-10
-2
-9
-5
-3
0
22
22
29
35
48
58
51
50
43
42
37
40
45
47
45
64
57
58
48
39
43
39
40
23
13
12
6
11
33
19
24
28
28
29
15
4
-16
-19
-28
-27
-33
-40
-32
-23
-17
-22
-19
-21
-20
-16
-18
-23
-33
-34
-26
-29
-31
-26
-16
-11
-1
6
3
6
-6
6
-1
-13
-6
-14
-16
-16
-16
-9
-12
-6
4
3
7
-4
-3
-12
-22
-21
-33
-38
-39
-37
-29
-29
-28
-20
-25
-20
-15
-24
-19
-32
-25
-30
-34
-25
-35
-18
-19
-6
0
-1
6
7
10
7
14
8
12
8
16
14
22
23
31
40
32
38
31
35
35
25
26
35
23
31
20
21
26
21
29
21
33
24
26
26
22
29
24
23
26
15
10
5
-8
-17
-25
-26
-35
-34
-31
-29
-29
-22
-32
-29
-30
-47
-36
-44
-42
-47
-43
-38
-44
-37
-38
-37
-37
-34
-35
-32
-37
-43
-45
-46
-42
-35
-32
-29
-20
-16
-13
-12
-4
-2
7
2
9
8
4
18
13
20
15
16
16
16
10
9
-2
4
0
0
-2
-11
6
-2
7
-1
1
2
-1
-10
4
-5
-5
-8
-19
-8
-21
-10
-17
-8
-8
-4
7
4
16
24
23
27
34
23
31
25
28
38
41
48
48
60
62
70
63
63
62
66
64
58
64
47
62
45
54
36
34
37
36
37
28
30
11
20
1
5
-14
-16
-29
-33
-41
-41
-41
-34
-26
-27
-13
-26
-11
-23
-18
-24
-17
-26
-30
-31
-29
-30
-32
-26
-26
-22
-25
-10
-11
3
-5
11
11
12
19
14
20
25
28
22
20
18
22
27
25
13
15
14
9
10
10
11
13
15
14
9
10
8
5
6
6
6
9
0
16
12
12
14
4
9
-9
-4
-11
-8
-17
-12
-12
-15
-15
-14
-7
-7
3
0
9
4
12
9
4
14
3
8
8
10
9
10
13
13
19
10
19
17
17
17
17
18
12
12
12
18
8
6
0
-6
-10
-13
-11
-21
-21
-20
-21
-15
-22
-20
-20
-21
-23
-39
-40
-49
-46
-49
-50
-49
-59
-51
-54
-47
-58
-52
-44
-38
-43
-32
-23
-23
-19
-17
-1
-6
5
-6
12
7
12
18
10
14
10
13
9
1
-7
2
-9
6
-11
3
4
7
16
7
21
14
24
22
22
17
21
20
21
19
20
14
9
10
-2
7
-3
-5
-5
-14
3
2
-2
2
4
6
1
0
1
0
1
6
1
-3
-1
6
-5
-1
3
3
0
0
6
0
8
7
5
10
8
5
3
-2
12
-3
4
7
-2
3
0
-2
-11
-13
-5
-6
-10
2
-10
-3
-10
-6
-10
-19
-7
-27
-23
-27
-28
-26
-32
-30
-30
-29
-25
-34
-29
-32
-28
-19
-29
-17
-18
-13
-5
-3
8
6
9
12
9
7
6
5
2
-2
-3
-4
-7
-10
-8
-6
-8
-1
-3
2
2
-2
3
10
14
11
5
15
10
13
24
13
19
6
16
7
1
6
5
12
7
8
13
10
12
18
20
19
11
17
7
9
6
2
7
-10
4
7
4
5
7
7
-6
7
7
8
4
12
10
7
8
4
9
6
13
6
13
10
15
16
10
15
17
19
18
14
16
8
3
2
-2
5
-5
-6
-14
-14
-3
-7
-9
-2
-12
-7
-12
-8
-12
-13
-4
-16
-9
-18
-16
-20
-11
-8
-7
-6
0
-19
-3
-10
-19
-8
-25
-10
-24
-9
-13
-8
-5
1
7
11
9
12
15
9
18
6
15
1
9
3
-1
6
0
-2
-7
-14
-5
-10
-9
-5
-7
7
-9
9
3
-1
9
-7
3
4
8
9
3
8
6
4
6
7
13
7
2
9
-1
3
-3
-5
-6
-3
-1
-2
4
-4
12
7
20
16
25
24
16
12
19
20
13
26
17
27
11
26
26
16
23
21
16
21
14
10
5
2
9
4
18
17
13
11
27
23
22
31
36
33
38
42
34
37
34
37
24
18
9
5
0
-5
-3
-1
-3
-10
-9
-10
-12
-15
-2
-6
4
1
0
14
12
25
19
26
34
24
19
10
16
12
6
-4
2
-10
-5
-7
-9
-3
-12
-8
-16
-4
-17
-8
-13
-15
-7
-8
-3
3
-3
-1
-6
-9
3
-2
13
-3
2
-5
-10
-13
-20
-20
-24
-17
-17
-26
-22
-19
-31
-22
-34
-26
-25
-24
-16
-22
-16
-15
-8
-5
-1
2
6
5
-1
-5
-1
-6
-13
-10
-8
-10
-15
-13
-23
-29
-29
-29
-36
-37
-34
-35
-32
-31
-20
-15
-12
-18
-7
-5
-6
7
-3
1
0
2
-3
-3
-10
-10
-8
-9
-3
-5
-10
-14
-12
-25
-16
-16
-21
-10
-13
-12
-8
0
1
-1
-1
-4
0
-1
-2
0
0
1
1
-5
0
2
-4
-3
-4
3
7
10
16
11
13
13
16
16
9
23
17
14
23
19
25
13
26
22
16
24
18
22
16
24
12
23
20
16
19
20
22
15
18
14
10
7
12
4
9
4
9
12
12
16
9
13
13
18
9
16
8
11
13
7
11
10
15
0
10
7
8
8
8
13
10
10
12
9
8
12
10
3
0
3
-10
-7
-9
-9
-15
-12
-16
-17
-16
-26
-14
-18
-16
-16
-14
-13
-15
-11
-6
-10
-6
-5
-10
-10
-13
-16
-19
-23
-22
-24
-31
-32
-33
-35
-38
-31
-29
-31
-22
-23
-21
-26
-15
-11
-11
-3
3
9
1
14
13
6
-4
-2
-4
-9
-3
-10
-7
-15
-11
-11
-3
-4
-3
-1
1
11
5
6
10
7
8
10
10
9
3
8
4
2
2
-2
-2
-13
-13
-16
-11
-14
-6
-10
-12
-12
-16
-13
-20
-13
-18
-18
-15
-15
-19
-15
-11
-18
-15
-17
-18
-15
-16
-13
-9
-10
-10
-9
-7
-10
-6
-6
-2
-2
-7
-6
-7
-7
-10
-7
-7
-10
-14
-9
-10
-6
-5
-4
6
-2
-1
0
6
9
8
3
6
12
5
7
0
-4
-6
2
0
-3
3
9
-1
2
6
1
11
5
15
11
6
13
12
10
10
9
1
-3
6
-4
3
6
-2
3
4
5
3
14
8
19
12
21
15
17
13
10
14
8
15
1
13
1
3
1
-3
-6
-12
-13
1
-9
-5
4
-1
11
7
10
-2
8
4
9
4
10
11
4
10
7
12
2
3
-2
2
1
2
-1
-2
-1
0
4
6
10
9
12
18
20
13
25
32
28
21
29
26
15
23
13
23
15
27
22
15
19
17
24
7
19
11
12
2
9
4
5
7
-3
8
7
8
7
25
10
21
16
12
8
11
13
7
13
10
8
9
8
1
15
6
15
7
5
9
2
7
6
1
3
15
9
8
8
15
13
14
19
22
16
12
4
-10
0
-13
-10
-11
-12
-20
-16
-10
-18
-9
-10
-7
-12
-6
-4
-6
-4
-6
2
-7
-7
-7
0
-6
-9
-10
-14
-11
-22
-19
-28
-23
-26
-19
-26
-18
-20
-17
-18
-26
-17
-25
-14
-18
-4
-12
-1
1
8
6
9
14
7
9
5
5
-3
6
-7
-4
-9
-4
-10
-10
-4
4
-2
-1
4
-7
5
-4
-3
3
5
-2
6
4
5
6
10
9
10
16
7
5
7
7
7
7
3
4
6
1
4
1
4
5
1
11
0
6
0
10
5
11
14
5
16
9
5
-3
-4
2
-7
-6
-5
-8
-8
-18
-8
-20
-19
-17
-14
-15
-14
-12
-20
-14
-15
-16
-14
-13
-12
-13
-13
-14
-19
-19
-20
-17
-21
-18
-27
-24
-28
-22
-20
-31
-15
-19
-14
-21
-18
-19
-13
-8
-4
-7
1
0
10
13
10
14
7
11
1
12
5
21
10
8
9
3
9
3
3
-5
5
-3
5
5
12
10
16
6
11
10
7
18
0
12
0
0
3
5
4
2
2
-4
-3
4
7
-10
-2
-9
-10
-6
-1
0
-3
-1
-5
0
-5
6
4
6
5
6
8
0
11
5
0
-3
-6
-8
-3
-5
-7
-10
-8
-7
-10
-4
-2
-5
-6
1
-6
-2
-7
-1
-4
-1
3
-3
-1
-2
-4
-6
-9
-14
-7
-9
-8
-14
-4
-6
-6
-2
-4
-5
-9
-4
-10
0
1
2
-3
5
4
7
7
9
6
-7
5
-3
0
-4
5
4
3
7
-2
9
3
13
16
7
20
16
14
21
19
12
16
12
13
12
13
6
12
15
8
4
6
8
-3
0
4
3
-5
3
-4
-2
-1
-1
0
3
2
3
7
2
12
9
10
9
12
11
10
11
10
12
12
10
9
11
3
-3
3
0
-4
-5
-2
-6
-4
-3
-1
-2
-1
8
-1
-2
-1
-5
1
-5
-4
-3
-15
-16
-14
-9
-15
-11
-14
-13
-19
-13
-7
-21
-10
-2
2
-2
6
7
11
4
7
12
5
4
17
3
7
10
-3
6
0
7
-7
1
1
-2
-1
4
4
1
7
8
11
7
15
13
12
8
9
6
15
17
12
9
12
9
7
21
16
10
9
11
10
10
6
14
6
12
8
12
16
8
15
3
9
10
14
4
12
11
7
7
11
6
4
2
-4
4
-7
0
-4
6
-1
1
1
-5
4
-7
0
-2
-2
-3
-5
-3
-10
-4
1
-9
-6
-6
-11
-10
-19
-12
-12
-11
-12
-12
-14
-15
-16
-22
-10
-26
-27
-19
-25
-19
-15
-13
-10
-12
-16
-17
-13
-7
-13
-3
-10
-12
-16
-6
-3
-16
-12
-16
-20
-25
-19
-22
-19
-24
-11
-16
-12
-5
-12
-8
-8
-6
-5
1
0
5
5
6
3
-4
-2
-7
-5
-1
-8
-9
-6
-3
-5
0
2
0
2
7
12
11
12
13
8
6
7
4
4
1
9
-3
-2
-5
-8
-16
-7
-3
-9
-4
-1
0
-3
4
-5
5
-3
6
5
-4
6
6
-4
6
6
7
5
2
16
-3
-2
-15
-7
-19
-9
-4
-12
-9
-5
-1
-9
-3
-6
0
-4
4
-1
7
4
5
6
13
11
10
19
20
19
17
28
9
8
8
6
1
2
-1
2
0
0
7
2
6
6
6
4
6
9
11
15
15
13
17
17
23
16
15
12
8
6
1
-2
-3
0
-12
-18
-6
-9
-12
-7
-3
-3
0
1
6
14
11
19
22
23
22
26
20
23
25
22
12
11
9
1
3
-3
-10
-7
-3
-10
-3
-5
0
-5
-4
-3
3
8
6
8
7
8
14
24
12
28
20
26
20
20
18
16
13
7
15
1
12
-4
0
-2
3
-4
3
0
-3
-1
-7
-1
-11
-1
-4
4
-2
11
4
4
6
2
9
4
6
-3
-4
-6
-7
-13
-3
-9
-3
-6
-12
-9
-10
-12
-20
-10
-8
1
-4
6
7
-1
0
0
4
-2
3
0
3
-13
-13
-9
-13
-9
-13
-14
-22
-13
-18
-22
-21
-15
-26
-16
-16
-17
-19
-14
-11
-16
0
-12
-1
-8
-3
-12
-12
-16
-24
-14
-16
-16
-15
-11
-21
-22
-22
-14
-24
-22
-19
-14
-19
-13
-4
-12
-6
-8
0
-9
-4
-3
2
-1
-8
-2
-7
-9
-8
-8
-12
-9
-10
-4
-1
-9
-8
-12
-5
-6
-9
-11
-12
-13
-6
-10
-15
-7
-12
-4
-15
-9
-13
-13
-18
-14
-11
-10
-7
-9
-11
-9
-4
-9
2
-5
2
-1
13
9
2
8
7
9
3
11
3
5
13
7
5
10
3
2
5
9
8
6
3
0
7
2
10
1
6
5
1
16
6
16
6
12
13
8
13
8
7
0
13
3
6
11
6
5
5
3
0
3
-5
7
3
0
4
7
12
13
13
12
13
18
22
23
21
23
18
10
13
7
11
10
4
10
11
7
11
12
10
6
9
8
8
11
16
12
10
20
15
21
18
21
16
13
13
15
9
7
8
6
9
12
9
7
4
-3
6
-2
8
4
8
3
3
4
0
6
3
11
7
18
5
8
3
0
0
5
-3
-7
-7
-6
-8
-12
-3
-16
-3
-15
-6
-12
-11
-9
-13
-6
-11
-14
-10
-7
-16
-4
-15
-11
-19
-16
-4
-18
-5
-7
-12
-13
-8
-6
0
0
3
7
-1
5
2
7
8
10
4
12
11
6
12
9
13
4
22
15
14
10
17
11
9
14
9
17
12
15
11
14
7
9
12
11
19
23
16
16
23
16
14
13
21
9
13
13
9
9
7
10
10
10
9
13
3
10
6
3
-4
5
-3
-3
0
-6
4
-8
-1
-7
-4
3
4
-3
2
-4
-15
-11
-12
-9
-16
-15
-26
-19
-22
-23
-14
-16
-12
-13
-15
-18
-16
-15
-17
-13
-6
-12
-13
-13
-15
-12
-16
-19
-15
-14
-22
-22
-22
-28
-27
-24
-28
-20
-23
-22
-13
-25
-10
-17
-13
-14
-9
-1
-10
-7
-12
-5
-12
-6
-18
-20
-17
-18
-22
-20
-15
-28
-20
-19
-12
-18
-5
-2
6
-3
4
6
4
7
7
15
4
14
1
9
0
7
-1
-4
0
2
5
-3
0
-2
-1
-2
-3
-9
1
-6
-1
-7
-7
-2
-7
-9
-2
-5
-4
0
5
3
1
2
-4
-4
-2
-1
-11
-6
-15
-10
-14
-12
-5
-7
-9
-9
-13
-14
-7
-8
-4
-4
-7
-6
-7
-6
-6
-3
-3
4
-1
-3
3
-4
-4
-6
0
-3
-10
-7
-5
-3
-1
3
0
0
3
9
13
13
17
17
16
13
17
23
12
25
16
9
3
9
8
-2
9
5
1
1
0
-7
6
-3
5
6
13
8
16
19
14
28
13
29
17
22
12
20
14
9
18
1
16
12
15
6
15
4
15
13
8
16
13
15
9
12
1
15
18
16
14
18
13
12
19
10
13
13
7
2
7
3
2
-2
0
-6
-5
0
-2
-2
0
3
0
4
3
3
2
4
-2
-3
1
5
1
6
14
9
16
14
15
14
18
26
16
19
17
15
12
17
9
15
8
10
18
7
9
7
9
-2
11
4
1
-2
1
-4
-1
10
-2
-1
-2
3
1
11
3
0
-4
6
-2
3
7
7
5
4
11
0
11
5
13
7
23
10
7
8
-1
1
-10
3
-6
-2
-2
5
0
-4
0
1
-3
-2
2
-3
-8
-7
7
0
0
6
0
3
0
2
3
1
-11
1
-1
-8
-8
-7
-7
-15
-8
-6
-10
-9
0
-11
-4
-13
-9
-9
-16
-7
-7
-13
-8
-6
-18
-16
-24
-23
-28
-41
-32
-25
-27
-17
-13
-13
-13
-8
-6
-1
-7
-4
6
-1
2
-2
-2
-7
-10
-8
-3
-14
-9
-6
-14
-9
-9
-10
-25
-15
-25
-25
-21
-16
-16
-16
-13
-16
-19
-19
-10
-23
-14
-9
-7
-12
-5
-6
-9
-9
-9
-9
-16
-10
-22
-13
-12
-15
-16
-7
-9
-6
-5
-1
-3
-3
2
3
9
2
15
6
7
6
11
5
2
12
9
12
10
7
-3
5
-4
-2
-4
-9
0
-6
0
-13
-5
-9
-1
0
2
6
1
13
12
12
10
20
13
15
16
18
7
10
5
-1
4
4
4
-3
-2
-4
-5
-15
-2
-3
-5
-6
0
-6
-5
10
-3
7
5
12
6
8
16
7
10
9
6
3
4
-1
1
-2
4
-6
-7
0
0
-4
6
7
1
3
-2
8
2
13
3
0
6
0
-3
-8
4
-10
-11
-15
-12
-12
-14
-13
-11
-15
-20
-12
-18
-10
-12
-6
-2
-3
-7
-1
-1
-2
2
1
7
6
5
5
8
0
1
7
3
-3
-9
-15
-16
-8
-18
-17
-15
-19
-23
-15
-17
-22
-16
-19
-8
-18
-6
-6
-3
-3
-11
-6
-9
-6
-9
-1
-12
-4
-6
-9
-12
-9
-3
-4
4
-1
3
2
5
8
12
3
12
18
17
17
18
24
19
17
25
28
27
28
25
24
26
22
10
15
18
22
18
19
15
14
14
15
19
22
26
22
21
17
24
16
22
16
16
13
16
16
13
15
13
13
9
17
10
19
9
12
13
13
14
8
12
9
13
12
7
12
9
8
13
0
6
-3
-1
-5
-11
-13
-19
-13
-15
-7
-13
-9
-12
-13
-13
-10
-15
-10
-6
-5
-3
-7
-4
-11
-5
-8
-6
-11
-2
-3
-7
-4
-15
-3
-16
-15
-12
-16
-9
-22
-13
-11
-16
-16
-11
-13
-9
-12
-4
-11
-8
-2
-6
0
-6
5
1
-5
-8
-1
-12
-5
-12
-12
-13
-12
-4
-14
-4
-11
-1
-3
7
-6
-2
0
0
5
0
4
4
4
-7
4
-5
-5
0
0
-5
-3
0
-6
-6
-7
-10
-10
-13
-7
-11
-9
-4
-10
-7
-9
-3
-8
3
2
0
5
0
0
1
3
-3
1
-1
-6
0
-13
-11
-13
-19
-16
-17
-7
-14
-7
-6
-1
-9
0
1
-6
-3
-9
-11
-13
-4
-1
-1
-4
5
-2
1
-4
3
-4
-4
-6
3
-1
-3
-3
-5
5
-7
4
-11
4
-2
1
4
3
5
1
7
3
5
3
5
4
11
4
6
9
11
14
16
13
13
16
10
13
12
15
11
15
16
16
14
12
13
16
28
25
28
28
22
21
21
22
16
28
22
24
19
12
15
11
15
17
15
16
18
18
18
16
16
15
12
14
14
11
8
6
6
0
0
-2
2
0
3
9
13
14
6
12
9
15
16
13
11
9
11
13
1
8
7
16
22
9
16
6
10
2
0
-4
-8
-6
-10
-13
-9
-10
-10
0
0
7
-4
10
2
1
5
-1
6
-3
10
7
9
3
5
-9
-8
-5
-12
-10
-11
-7
-19
-16
-15
-10
-18
-5
-14
-9
-15
-14
-9
-13
-9
-19
-9
-16
-17
-12
-8
-13
-10
-16
-17
-22
-28
-23
-28
-23
-32
-25
-26
-18
-21
-22
-19
-17
-18
-16
-10
-15
-6
-9
-7
-9
-4
-6
-5
-10
-11
-7
-12
-6
-11
-1
-7
-5
-7
-9
-7
-17
-13
-16
-16
-26
-25
-19
-18
-19
-9
-13
-9
-11
-8
-7
-9
9
-2
7
-2
0
-6
-5
-4
-3
-2
-13
-7
-15
-10
-10
-7
-10
-4
-4
-7
-9
-5
-2
-6
2
-1
3
6
10
12
9
13
7
10
11
9
7
2
4
4
-1
6
3
0
2
3
3
3
14
7
14
7
18
13
14
19
13
20
26
21
8
17
13
12
7
19
7
7
11
9
3
5
9
-3
13
10
11
5
12
7
10
10
9
10
7
16
13
14
16
10
1
9
12
7
7
14
6
2
7
12
13
10
19
13
11
20
13
14
12
16
13
7
9
6
7
3
3
0
-5
0
-7
-12
-9
-11
-4
-6
0
0
-7
-4
-3
-3
-1
3
-10
-9
-5
-16
-13
-12
-12
-13
-13
-13
-19
-18
-22
-25
-25
-20
-23
-25
-18
-15
-20
-18
-6
-9
-8
-4
-1
0
2
3
0
-1
-2
-3
-1
-1
-6
0
-5
2
-5
0
-1
-7
0
2
3
-1
9
3
-5
-8
-2
-3
-1
1
9
1
2
6
9
8
14
19
5
12
10
10
6
8
1
8
3
-5
0
3
5
0
13
4
6
8
9
6
7
12
13
14
2
16
12
9
3
7
10
4
9
0
2
3
5
6
6
4
0
-3
-10
-5
-5
6
0
-1
4
5
5
7
12
7
5
1
-1
-3
-1
-9
-9
-10
-7
-19
-18
-19
-20
-21
-19
-14
-21
-14
-11
-7
-13
-6
-7
-7
-7
2
1
-6
-1
-3
-5
-9
-1
-4
-6
-6
-6
-8
-8
-3
-12
-6
-14
-7
-4
-6
-3
-7
5
-4
2
-4
0
-1
4
3
-3
1
6
1
0
6
-5
2
-1
9
0
1
0
7
7
9
3
7
3
-2
4
-2
11
6
16
7
12
10
11
8
9
14
12
14
16
18
5
15
10
10
7
16
12
9
14
9
13
6
6
2
5
9
7
6
8
10
14
18
15
19
15
17
10
0
1
5
0
-4
8
-1
-5
-10
0
-8
0
-1
-3
-3
-8
2
-6
-4
-1
3
-6
-1
-1
6
-4
1
-1
-5
0
-6
0
2
6
-1
4
-3
-3
-5
-6
-11
-2
-4
-2
-4
-6
-2
0
7
5
4
-3
5
-3
-1
-7
1
-7
-3
-3
-4
-10
-8
-1
-7
-13
-12
-6
-16
-7
-15
-9
-25
-12
-22
-20
-16
-22
-18
-24
-16
-22
-23
-25
-13
-29
-22
-29
-20
-28
-22
-19
-24
-20
-21
-19
-22
-14
-20
-16
-18
-15
-20
-12
-12
-13
-12
-8
1
-10
0
3
3
-2
-4
1
-6
-2
-9
3
-4
-3
-1
6
11
4
9
5
17
7
12
6
15
9
14
7
14
11
1
8
0
2
-7
5
-3
5
-3
9
6
8
9
10
12
12
19
6
14
10
20
12
19
14
16
14
12
10
12
6
-1
6
-1
1
-4
0
-2
-3
-3
2
1
6
9
8
18
16
26
24
29
30
31
31
31
37
29
29
22
19
18
16
23
27
18
18
25
20
22
19
24
15
25
26
28
27
26
31
19
29
19
19
17
19
10
18
13
12
9
3
7
-1
3
-3
0
-9
-4
-5
-2
-10
-2
-9
-7
1
-10
1
-5
-3
-7
-3
-3
1
-7
-7
-8
-11
-13
-16
-5
-17
-16
-9
-10
-18
-22
-17
-22
-25
-23
-22
-29
-23
-13
-12
-7
-7
-3
-5
-2
1
0
2
0
0
-1
-9
-8
-10
-11
-11
-15
-12
-13
-10
-13
-10
-13
-8
-13
-6
-6
-9
-3
-7
-4
-5
-4
-3
-4
-6
-3
-7
-3
-11
-10
-15
-18
-21
-18
-15
-21
-13
-15
-10
-14
-7
-9
-5
-10
-10
-3
-3
-5
-3
-7
1
-1
-3
3
-8
-4
-10
0
-10
-6
-6
-3
-7
-10
-4
-10
-6
-10
-2
-6
-7
-6
-3
-5
-1
-3
2
1
3
0
-2
1
1
0
-6
-2
-6
3
-3
-2
-4
-3
-1
1
0
-3
1
-11
-3
-3
-1
-12
-7
-4
-4
0
-5
-3
-9
-2
-12
-7
-12
-12
-12
-12
-16
-17
-9
-12
-18
-22
-9
-13
-15
-12
-13
-14
-9
-6
-6
-3
-3
-2
-7
0
-1
-3
1
4
1
1
-1
4
6
1
8
-2
6
-1
0
4
7
10
8
9
8
16
7
19
13
22
22
22
23
18
16
9
15
6
11
1
10
5
8
12
6
14
7
15
13
18
16
17
19
30
26
22
26
26
26
21
20
11
15
7
8
2
10
3
-1
2
-3
-2
1
3
2
9
3
13
11
17
16
23
25
24
24
21
21
19
23
22
25
14
19
16
14
16
12
14
11
13
7
12
9
3
4
10
15
16
19
17
24
19
22
19
25
18
12
12
2
19
1
2
-3
1
4
-7
-6
4
6
6
3
-1
10
14
12
-3
3
2
0
-3
0
1
-6
3
-4
-13
-15
-2
-13
-18
-23
-28
-19
-18
-15
-19
-9
-14
-21
-18
-18
-13
-20
-20
-19
-18
-17
-20
-14
-13
-13
-12
-6
-13
-15
-16
-17
-16
-12
-7
-15
-17
-23
-22
-27
-18
-25
-21
-23
-22
-19
-29
-20
-24
-19
-25
-24
-22
-22
-25
-19
-21
-24
-19
-21
-16
-23
-16
-17
-16
-17
-17
-22
-16
-16
-20
-10
-10
-12
-15
-3
-7
-6
-6
0
-5
-5
-11
-9
-9
-15
-9
-10
-11
-11
-1
-13
-6
-6
-3
-4
-7
5
6
13
3
0
5
6
7
15
15
12
10
13
13
8
11
6
7
-1
1
1
-6
0
2
3
4
7
6
7
6
12
10
11
12
20
20
21
18
10
16
9
12
12
12
1
6
1
-6
-10
-10
-8
-11
-7
-8
-3
-11
-4
-7
0
0
8
6
3
14
6
12
12
15
12
16
19
13
17
10
10
-2
0
-2
-5
-6
-5
-11
-12
-10
-11
-6
-2
6
0
13
5
16
10
11
13
12
13
8
9
1
9
-2
4
-6
-1
-12
-9
-12
-13
-13
-15
-8
-19
-12
-18
-11
-18
-14
-16
-8
-4
-4
1
1
6
4
9
13
9
7
14
4
8
10
8
7
2
5
3
6
2
9
-4
-7
4
-3
-1
1
12
8
14
20
15
9
15
22
16
14
13
13
1
1
-7
-7
-3
-3
-9
-7
-7
-9
-6
-8
-4
-7
0
4
3
4
8
7
4
8
13
6
9
11
7
9
10
5
4
6
0
-3
-4
-2
-10
2
-3
0
-2
1
-2
-5
0
-1
0
3
9
3
11
2
9
0
0
1
-2
-3
-7
-3
-13
-10
-15
-13
-13
-10
-19
-11
-11
-9
-12
-7
0
-4
-2
1
9
-4
5
-7
3
-7
-4
0
-11
0
-13
-4
-7
0
-5
-3
-1
-5
-4
3
0
-9
2
-7
-1
-4
6
-1
4
7
0
1
0
15
2
6
-2
-4
0
-3
-3
0
-3
1
1
-3
-4
-6
-3
-4
0
1
4
1
8
6
10
9
7
11
4
3
3
1
-8
-9
-13
-10
-10
-6
-3
-11
-6
-9
-9
-6
3
2
-1
0
3
8
7
14
10
13
11
10
6
0
-3
-1
1
-5
-2
-5
-4
-11
-12
-19
-15
-13
-12
-10
-11
-12
-13
-6
-7
-10
-5
2
-2
3
6
13
11
4
6
5
4
5
15
3
0
2
1
4
4
-1
2
-1
-1
-7
-8
-6
-13
-3
-8
-8
-6
-2
1
1
0
-1
0
0
-2
0
6
-4
0
4
1
-5
-1
-1
-5
0
2
4
-6
5
2
-2
3
6
12
5
12
10
15
14
19
15
9
13
10
13
5
12
6
6
9
5
3
3
4
5
0
-1
4
0
-1
-3
3
-2
7
6
1
8
11
9
4
10
4
6
7
5
6
9
14
10
8
9
4
2
1
-2
-5
4
6
9
8
9
12
7
16
9
6
4
14
7
7
11
7
7
6
10
9
15
7
19
10
15
8
16
10
13
15
5
12
5
16
4
11
7
7
1
7
0
1
6
4
3
2
10
10
12
8
8
4
10
-3
-6
0
0
-3
-4
5
3
3
-4
1
-6
-7
-7
-9
-16
-21
-17
-26
-22
-27
-15
-18
-22
-18
-20
-21
-24
-9
-16
-13
-9
-9
-15
-11
-11
-10
-8
-6
-4
-10
-3
-4
-5
-13
-6
-9
-12
-13
-3
-7
-9
-9
-13
-12
-16
-11
-11
-7
-12
-2
-9
1
0
3
2
-1
0
0
5
-6
1
-5
-6
-11
-10
-9
-6
-1
-3
-2
2
3
3
3
2
8
7
12
13
14
16
9
16
9
8
6
5
4
-4
1
-6
-5
-6
-1
-4
-1
-3
2
-5
-3
-3
-9
-3
-2
-1
-5
3
1
9
4
18
6
6
3
-4
-1
-9
2
-7
-4
-6
-4
-5
-7
-1
3
-5
0
3
-1
0
-3
-2
-11
-3
-10
-3
-2
-3
-3
-5
-7
-17
-11
-17
-9
-15
-15
-15
-19
-16
-11
-12
-17
-9
-18
-6
-12
-5
-7
-3
-3
-3
7
-1
6
6
9
-1
-3
-3
-4
-6
-7
-14
-15
-17
-17
-13
-12
-9
-10
-13
-14
-10
-9
-10
-13
-18
-15
-4
-10
-5
-12
-14
-14
-8
-9
-13
-10
-13
-7
-13
-10
-15
-10
-11
-13
-14
-15
-10
-12
-12
-14
2
-2
-1
3
3
5
11
3
9
10
3
0
-1
5
-9
-4
-5
-4
-11
-2
-5
-6
-1
-5
2
-3
6
3
5
5
5
7
12
12
15
18
19
25
19
23
20
25
11
16
16
15
12
9
11
8
9
5
15
5
18
10
18
17
17
22
19
28
13
24
20
27
32
31
22
26
21
15
22
16
22
19
19
18
19
10
17
16
12
13
14
14
19
20
14
26
17
25
22
28
22
24
26
20
24
19
23
14
24
19
18
15
18
16
15
18
16
12
5
8
1
6
4
9
6
9
2
3
5
0
3
0
2
-9
-4
-8
-7
-9
-6
-3
-10
-7
-12
-5
-15
-7
-12
-9
-10
-14
-7
-14
-5
-19
-7
-6
-7
-15
-6
-11
-12
-6
-9
-14
-15
-4
-11
-7
-14
-7
-12
-8
-15
1
-3
-3
8
6
14
6
13
2
10
4
10
10
12
9
7
1
1
7
-5
-1
4
3
-1
5
6
13
5
16
12
8
13
15
21
14
16
12
11
4
6
7
-1
4
-7
-8
-11
-11
-12
-13
-11
-11
-7
-9
-7
-11
-7
-11
-10
-12
-9
-9
-11
-6
-10
-7
-6
-9
-6
-5
-9
-12
-17
-12
-19
-21
-18
-14
-22
-14
-19
-17
-13
-13
-7
-14
-9
-14
-7
-14
-6
-9
-11
-9
-4
-6
-8
-4
-9
-10
-12
-11
-17
-18
-21
-17
-23
-20
-28
-22
-25
-19
-22
-19
-19
-21
-14
-22
-10
-17
-6
-9
-14
-10
-12
-13
-12
-15
-18
-18
-19
-16
-28
-22
-24
-25
-29
-24
-25
-28
-22
-16
-15
-22
-8
-16
-7
-12
-7
-10
-6
6
0
8
0
5
-4
-1
-5
-4
-10
-6
-6
-6
-2
-9
-4
-9
2
-12
-4
0
3
6
8
12
9
14
11
20
14
22
19
16
14
18
18
19
18
17
22
15
19
19
25
24
21
23
22
16
16
16
21
20
21
27
22
21
18
21
16
18
19
19
14
16
19
12
15
12
17
15
13
13
13
16
16
20
16
24
18
21
19
17
21
15
19
16
25
10
15
16
15
14
18
22
20
21
17
16
15
22
9
13
7
8
1
13
3
9
12
6
13
4
9
2
4
0
4
-2
0
-1
5
-6
-5
-3
-6
-6
-9
0
-10
-3
-8
-7
-11
-11
-6
-12
-10
-6
-11
-9
-12
-14
-8
-14
-12
-18
-18
-16
-21
-18
-23
-24
-23
-22
-24
-22
-17
-21
-13
-19
-6
-18
-5
-9
-13
-9
-9
-4
-15
-4
-15
-14
-22
-11
-20
-17
-24
-22
-16
-16
-11
-10
-7
-12
-5
-5
0
-4
0
5
2
5
4
3
6
2
10
6
6
10
7
5
1
-1
-1
-3
-9
-1
-5
-2
-7
-4
-9
-6
0
-3
1
0
13
8
7
10
9
11
13
8
9
-2
0
0
1
-4
-7
-1
-11
-4
-1
6
-3
4
5
4
2
7
9
7
11
10
11
7
19
14
18
13
15
14
8
17
4
7
2
3
-1
2
-1
-5
-4
-2
-3
0
6
3
12
6
16
10
17
17
17
24
14
24
20
22
17
12
1
3
-2
-3
-6
-4
-6
-10
-7
-10
-5
-7
-4
-3
4
0
2
4
7
0
0
7
4
6
2
-3
-6
-4
-1
3
-5
-3
-6
-9
-3
-9
-7
-7
-10
-9
-6
-4
0
0
1
2
7
8
4
12
3
6
5
3
-2
4
3
-6
0
-9
-5
-12
-5
-7
-11
-5
-5
-6
-13
-3
-3
0
-4
-1
-2
3
-4
2
2
-6
1
-4
0
-9
-4
-6
-10
-14
-4
-12
-16
-15
-16
-13
-23
-18
-21
-16
-17
-9
-12
-9
-3
-6
0
0
2
-9
0
-9
-10
-13
-13
-9
-17
-12
-17
-11
-12
-10
-6
-15
-11
-10
-8
-10
-11
0
-12
-4
-6
-6
-7
-12
4
-7
-2
0
-3
0
-1
2
1
6
1
0
0
-3
-5
-7
-6
-8
-6
0
-1
2
3
2
7
6
7
4
3
2
3
-2
-2
-1
-6
-7
-5
-6
-7
-5
-5
5
-3
6
8
8
13
17
15
14
13
10
10
4
15
6
11
7
9
6
13
7
4
3
-6
2
-8
-4
-3
-1
-10
-2
-9
-3
-10
0
0
3
7
4
10
0
11
4
6
3
8
3
10
7
12
2
7
10
4
6
5
12
0
14
7
16
10
19
21
13
17
13
17
8
13
13
19
17
23
15
19
19
13
15
12
16
6
13
6
12
8
7
13
-2
8
4
9
14
18
23
28
24
24
25
24
24
23
24
19
18
12
15
5
14
8
14
9
12
11
4
2
-9
-4
-9
-4
-12
3
-12
-3
-3
-9
-3
-2
0
-9
-4
-9
0
-6
-3
-11
-6
-17
-12
-16
-19
-21
-26
-19
-25
-18
-22
-12
-9
-7
-13
-6
-7
-9
0
-10
-3
-2
-4
-3
-2
-7
-10
-2
-12
-6
-10
-10
-11
-11
-10
-17
-13
-9
-8
-8
-4
-9
3
-3
2
1
3
4
6
5
7
9
8
4
-1
9
1
3
-5
-3
-9
-5
-6
-6
-5
-10
-7
-9
-4
-2
1
0
8
-2
3
-1
0
4
-4
1
-6
-3
-8
-7
-8
-10
-15
-15
-13
-21
-22
-22
-19
-25
-25
-21
-15
-14
-12
-1
-7
-5
0
7
3
-3
3
2
-1
9
2
2
0
-2
-7
-10
-3
-5
1
-4
0
-5
3
-2
-6
-5
-9
-1
-3
-1
0
-3
-3
-1
2
0
-2
8
0
3
0
-5
-7
0
-8
-9
-4
-9
-5
-11
-9
-11
-3
-13
-5
-7
-4
-3
-3
-2
-4
-3
-7
-1
-10
3
-10
-7
-19
-22
-13
-16
-11
-4
-5
1
-1
-9
4
-3
0
-3
7
-2
6
6
8
14
6
13
6
12
9
9
6
11
7
6
9
6
9
7
7
3
3
2
4
-3
4
3
3
7
1
12
1
12
9
10
8
10
6
4
11
3
11
4
11
-1
3
0
3
0
-5
1
-5
1
-2
-1
-5
1
-8
-5
-4
-2
-2
4
-1
-10
-4
1
6
6
14
5
8
4
7
6
3
2
4
3
3
7
9
10
7
15
14
20
10
18
14
15
25
15
15
11
16
12
12
10
7
0
-2
3
-7
2
0
-2
-1
-3
-2
1
4
6
13
2
13
3
9
9
13
13
12
14
8
10
4
12
-1
-1
-3
5
-3
5
-3
0
-4
3
4
-4
6
0
6
0
10
-2
6
3
3
2
-3
3
2
6
1
-3
-10
-6
-13
-8
-11
-14
-9
-13
-15
-16
-14
-7
-9
-12
-6
-9
-1
-2
-3
1
-4
1
-2
7
1
-5
-3
-5
0
-7
0
-6
-9
-10
-8
-7
-11
-4
0
-3
0
-1
0
-10
-3
-6
-3
6
-3
6
-8
-2
2
-1
-3
-4
9
-2
-1
-3
-1
-3
-5
5
-1
-2
-2
-9
-6
-3
-6
-6
-5
-10
-3
-10
-6
-3
-7
-3
-6
-3
-4
1
0
0
-1
2
-1
3
1
4
4
3
4
-2
9
-5
-1
0
6
9
8
8
9
12
7
13
7
5
0
3
1
5
-3
8
10
9
10
6
11
2
13
7
13
15
14
6
9
3
3
4
-1
6
-6
3
-11
-10
-8
-6
-5
-2
2
-8
0
0
10
4
7
10
6
5
7
8
3
5
1
7
-4
-5
-6
-9
-8
-10
-13
-8
-6
-7
2
-3
-3
-7
0
-2
2
5
8
6
6
13
9
12
10
16
10
8
10
10
6
0
0
-4
-4
-12
-13
-16
-10
-11
-7
-6
-12
-15
-10
-7
-13
-6
0
0
-2
6
6
7
2
6
1
-3
3
-3
-8
-13
-3
-12
-7
-6
-2
-4
-3
3
0
6
2
6
2
11
9
15
14
13
9
10
12
10
14
10
15
7
5
-3
-2
-12
-10
-12
-15
-12
-21
-16
-15
-8
-16
-6
-7
-7
-4
-4
3
-6
2
2
-3
-3
-7
-9
-9
-12
-7
-3
-10
-10
-18
-19
-16
-15
-19
-13
-16
-11
-15
-12
-5
-16
-1
-7
-6
0
1
-1
-1
-2
-4
-7
-4
-6
-14
-13
-12
-14
-14
-10
-10
-5
-9
-8
-8
-8
-10
-5
-6
-7
2
-6
-2
1
2
-1
1
-5
3
-3
6
6
1
0
-11
-1
-5
-7
-14
-10
-16
-17
-18
-17
-18
-18
-15
-10
-6
-5
-1
-3
7
3
8
8
5
1
10
0
0
3
2
3
0
9
0
3
-3
-1
-3
5
8
4
7
7
9
13
15
13
16
8
20
22
25
23
26
21
26
25
18
18
6
9
7
15
11
11
10
5
6
13
19
11
14
10
22
15
25
16
22
27
19
36
22
26
13
20
17
23
22
18
11
5
10
10
12
5
2
3
9
12
19
2
5
1
6
26
29
24
17
5
7
19
28
18
-7
-17
-18
-4
0
2
-10
-23
-21
-11
-2
-6
-12
-21
-10
-1
0
-3
-16
-19
-14
-11
-7
-1
-12
-16
-16
-10
-10
-7
-13
-30
-19
-18
-6
-11
-22
-35
-28
-16
-14
-8
-29
-33
-35
-15
-3
6
-3
-9
-17
0
9
-1
-1
-17
-23
-18
0
-9
-7
-20
-16
-13
-6
1
-10
-21
-22
-12
-12
-1
-6
-7
-20
-13
-6
-3
-5
-13
-3
-3
6
-2
-4
-7
-3
0
6
2
-8
-10
-11
4
7
10
1
-4
-3
0
4
9
8
3
13
14
28
31
26
9
6
9
8
16
7
8
-2
0
12
9
14
14
13
8
11
12
7
9
2
3
7
12
12
10
13
13
16
18
13
11
4
5
5
6
4
-7
-2
-2
1
5
6
-3
-6
-4
3
16
12
12
3
7
9
14
22
16
14
3
7
10
10
4
-6
-16
-21
-12
-5
-2
-5
-11
-13
-7
-8
4
1
-6
-15
-17
-4
-1
8
2
5
-3
12
20
16
13
12
10
3
9
13
7
-1
2
6
4
5
12
1
19
13
13
11
0
9
3
7
9
0
-7
-10
-16
3
0
-4
-5
-9
-1
3
13
10
4
-8
1
-5
-4
-8
-11
2
-6
15
5
20
10
13
16
-16
-10
-19
-13
-2
12
0
5
-7
7
-4
6
3
-32
-11
-29
6
14
25
18
-8
17
15
17
26
12
6
-2
9
26
13
19
2
-31
-15
-13
-13
4
-3
-6
-3
25
40
18
7
12
-44
-25
1
-40
-30
-22
0
9
67
83
29
41
24
-18
-23
-47
-87
-154
-83
27
18
167
149
12
93
17
32
-83
-160
-206
-294
-40
21
125
170
132
83
58
159
50
-144
-145
-294
-224
2
4
92
26
79
77
113
163
9
-113
-168
-139
-166
-28
-45
-111
0
24
109
132
122
44
-15
-48
-69
-77
-95
-53
-89
-6
44
42
62
60
29
6
6
-76
-59
-79
-48
-18
-42
16
4
13
73
66
41
19
-16
-14
-40
-16
-48
-67
-29
-31
54
28
77
42
-13
33
-38
-19
-62
-67
-72
-50
-8
18
32
38
46
4
40
3
2
-3
-23
-14
-28
0
21
19
18
23
6
30
41
39
32
3
-3
-23
-9
-4
-12
-12
-22
9
6
48
53
19
24
15
-8
11
-28
-34
-42
-50
30
-17
71
54
44
73
26
32
-35
-21
-57
-45
-11
-14
19
36
50
55
36
25
-23
-37
-22
-40
-2
-10
5
-11
6
22
-4
25
-16
-9
-10
-4
10
-4
7
-15
-20
4
20
14
34
15
18
14
16
16
-3
5
-13
5
14
27
23
14
12
-22
-4
7
-5
11
3
11
12
7
17
-15
-15
-9
-25
-5
11
3
12
28
13
-1
-6
-22
-7
-9
10
6
-7
8
-16
3
-1
-1
-19
-3
12
-1
40
3
-3
-12
-14
-10
-17
-6
-7
-3
6
26
0
9
-9
-19
3
-7
-16
-10
-14
-25
-4
-14
-25
-29
-21
-5
12
4
10
-7
-9
4
-14
-9
-31
-30
-10
3
10
18
-5
-18
-1
-11
-4
0
-18
-9
-5
10
13
-9
-3
-15
-8
-3
9
-9
4
12
-10
19
-11
-7
0
-3
21
10
10
7
-2
6
13
1
3
-1
-11
8
9
2
5
-3
6
9
13
25
14
22
21
25
2
3
-6
-16
8
-2
13
14
25
21
11
13
0
-16
-14
4
4
10
16
0
5
12
15
13
10
9
-7
5
-9
-12
-13
-19
-16
-15
9
-4
3
16
4
-4
-4
-9
-19
-12
0
-6
13
19
12
7
13
4
-6
12
-3
0
6
13
13
9
6
-15
-18
-15
-13
3
4
-1
-13
-9
-5
-14
-5
-26
-17
-13
4
17
17
13
6
2
0
13
3
1
-7
-9
-10
-5
3
3
0
6
6
-8
3
-4
-12
-28
-15
-15
-12
6
2
17
22
37
16
16
4
-7
-11
-12
-8
-9
12
0
12
15
16
4
1
-3
0
10
13
19
6
11
1
13
13
17
11
12
23
15
19
9
13
4
15
17
9
7
3
-3
-9
-2
-11
-15
-17
-9
-6
-8
-2
-6
-15
-8
-16
-21
-7
-15
-11
-2
4
-9
-14
-10
-19
-26
-13
-17
-19
-10
-6
-13
-11
-6
-31
-22
-21
-17
-16
-10
-18
-12
-4
-4
-7
-13
2
-17
1
-2
-11
-19
-13
-10
-25
-4
-16
-15
-16
-5
-11
-24
-15
-22
-17
-15
-6
-13
-4
0
2
0
-2
-5
-12
-10
-9
-11
-7
7
-2
9
4
10
-6
-10
-12
-21
-7
-10
-11
-19
-5
-9
-7
0
-7
-17
-5
-3
1
4
7
5
-3
16
10
17
7
3
1
7
6
-3
-1
-12
-10
-3
3
-9
-4
-7
-8
-13
2
0
-6
4
2
19
7
9
5
4
7
10
13
6
3
9
13
10
16
5
-5
-6
2
-1
8
4
4
3
13
18
14
24
9
8
14
18
16
11
9
10
9
9
7
13
10
9
7
1
-1
-4
6
0
-3
0
-2
2
18
9
1
1
-1
-1
8
15
8
9
7
13
10
18
4
3
-3
3
0
1
6
-9
-5
-9
3
-4
-2
-5
-9
-3
9
16
7
5
5
5
6
18
4
-2
-4
4
0
-1
1
-10
-6
-10
-2
-10
-6
-7
-12
-6
-5
-7
-9
-2
-10
-7
-9
0
-4
3
6
-1
6
5
16
17
25
10
9
1
6
7
9
-1
-7
-3
-8
6
4
6
-11
-3
-2
12
10
6
2
4
9
18
31
16
12
1
11
10
26
23
14
5
13
18
10
16
14
6
7
19
6
12
10
6
12
16
23
28
16
15
13
9
12
9
13
10
9
6
-10
-16
-20
-3
-1
-1
-15
-24
-20
-14
5
-2
7
-5
-1
-11
3
5
13
9
2
9
-2
2
0
14
3
10
-5
3
-7
3
-2
-6
-8
-12
-9
-11
-7
-19
-11
-21
-1
-8
1
-2
0
-4
0
3
-6
-5
-9
9
26
26
-9
-28
-31
4
30
27
-4
-44
-64
-16
35
44
21
-48
-73
-46
26
66
50
-6
-73
-59
3
62
59
17
-46
-54
-9
29
50
7
-36
-55
-10
29
28
7
-31
-44
-19
14
12
16
-16
-26
-9
9
24
14
3
-18
-8
23
31
20
0
-22
-2
44
47
20
-29
-58
-34
34
76
33
-47
-86
-84
-12
88
83
23
-76
-130
-58
48
130
91
-29
-129
-120
28
113
82
-24
-133
-153
-22
81
69
-22
-117
-107
-13
113
96
-9
-76
-110
-43
65
79
21
-57
-109
-77
15
64
36
-38
-64
-56
6
39
-11
-48
-57
-14
38
50
-14
-71
-77
-11
35
55
19
-52
-50
-16
16
42
51
21
-1
-10
26
39
57
24
-25
-15
12
47
46
3
-68
-52
-6
50
66
19
-35
-67
-15
32
55
51
0
-35
-22
0
21
28
-4
-22
-39
0
24
19
-5
-46
-35
6
44
31
-5
-47
-37
-7
24
24
5
-9
-9
3
17
17
7
27
28
34
22
8
2
8
21
28
13
9
-7
-23
-17
-7
14
11
-4
-11
-18
-5
9
10
20
7
12
30
21
23
22
11
6
13
19
13
3
-3
-13
-16
-7
-6
15
16
-1
-3
-1
10
22
19
7
-1
6
11
7
18
11
-7
3
4
-6
0
4
6
10
6
4
-14
6
13
12
12
-4
-5
10
6
-1
12
3
9
1
10
-5
-2
23
20
19
19
-9
-28
-16
-21
-10
-21
-16
-29
-31
-14
-10
7
19
10
10
19
12
20
-1
-9
-4
7
16
-9
-24
-42
-49
-31
-24
-29
-28
-48
-52
-41
-28
7
32
57
63
37
31
27
35
54
31
3
-13
-42
-45
-48
-61
-66
-69
-40
-25
-4
12
-23
-19
-3
15
35
28
12
-16
-21
0
19
31
40
1
-16
-21
-22
-16
-12
-13
-21
-23
-40
-40
-31
-13
-7
13
11
16
28
31
27
28
24
30
34
21
21
-10
-17
-32
-33
-37
-42
-47
-52
-51
-41
-26
-8
18
33
49
45
56
48
52
42
43
29
10
-2
-28
-34
-42
-38
-40
-42
-48
-52
-63
-38
-16
-10
17
21
29
