SAMPLES:	19671
BITSPERSAMPLE:	16
CHANNELS:	1
SAMPLERATE:	16000
NORMALIZED:	FALSE
-15
-13
-9
-16
-8
-17
-20
-18
-9
-13
-8
-13
2
-5
2
-2
4
-6
6
0
2
-2
-1
-1
-16
0
-8
-1
-5
2
-1
-1
-4
-4
-5
-5
-6
-4
-12
-2
-4
-1
1
1
0
7
12
7
18
7
14
5
9
9
5
-3
2
-10
-13
-8
-16
-12
-10
-7
-10
-4
-13
-7
-2
-6
-6
1
-7
-4
-2
-8
-4
2
-8
-16
-10
-21
-22
-20
-17
-27
-21
-19
-23
-20
-23
-18
-19
-12
-6
-6
-6
-5
0
-4
6
6
4
5
6
12
9
6
0
6
0
6
-8
-3
-13
-3
-3
-6
-1
-10
-4
-18
-1
-9
-7
-4
-4
3
-1
0
-1
0
-3
2
-2
0
-2
-4
-6
-14
-7
-11
-13
-13
-10
-15
-12
-12
-9
-4
-7
-6
0
5
0
7
2
7
8
10
18
9
4
6
5
0
-3
-7
-8
-6
-6
-6
-11
-4
-3
1
-7
-1
-3
-6
-7
-4
5
3
11
5
8
-2
-1
-3
0
-2
12
2
8
6
5
4
-4
6
0
1
-3
0
-4
-4
1
3
-3
-7
-9
-16
-16
-13
-11
-8
-10
-17
-18
-11
-21
-23
-12
-15
-18
-16
-27
-24
-26
-9
-11
-6
-19
-12
-10
-14
-6
-11
4
-9
7
-1
9
-9
5
3
4
6
-7
-1
-7
9
-2
11
8
18
6
18
16
9
20
13
19
15
23
12
23
6
18
15
17
22
17
31
18
28
17
31
10
19
16
22
17
20
19
17
13
12
24
8
26
15
21
11
16
7
18
11
15
12
20
15
12
6
1
5
2
8
5
10
-5
13
-3
14
0
17
2
13
13
11
4
6
15
8
20
14
20
8
27
15
16
9
17
7
17
8
20
7
15
0
-1
-2
1
4
-2
7
-8
15
-12
14
-8
14
-7
8
-2
0
4
-8
7
-9
6
-18
7
-9
0
-8
-3
0
-5
4
-2
0
-5
10
6
11
11
4
6
-9
6
3
9
3
14
3
4
9
-4
0
-10
6
-18
1
-13
-7
-16
-7
-12
-15
-10
-15
-7
-8
3
9
1
-5
3
-5
11
5
12
0
11
-8
7
-11
3
-3
1
-4
-7
2
-9
9
-18
10
-9
19
-7
13
-9
12
-1
3
2
-2
15
-8
15
-20
9
-13
7
-7
8
-4
10
-8
-4
-3
-3
6
-4
12
-15
5
-17
15
-14
7
-8
5
-2
0
-7
6
-4
-7
5
-15
-2
-36
-5
-41
8
-23
5
-24
-1
-14
-7
-2
-15
20
-11
21
-6
28
-12
35
1
27
1
25
-1
8
18
-7
29
-13
26
-14
26
-20
19
-12
7
-13
1
-5
-10
8
-21
9
-16
5
-6
15
-6
15
6
12
4
22
-13
11
-15
0
-18
-1
-13
-15
-8
-24
-1
-35
14
-38
25
-44
23
-22
16
-9
0
14
-22
16
-32
34
-35
33
-33
24
-28
-2
-7
-19
-10
-29
5
-40
13
-38
6
-31
2
-17
-12
-5
-20
-1
-24
-8
-3
-7
-5
-7
3
-20
5
-7
-14
0
-21
2
-35
28
-48
31
-35
8
-7
-9
6
-33
19
-37
41
-39
30
-41
20
-23
1
7
-19
19
-30
20
-41
18
-40
8
-12
-15
-5
-29
2
-40
14
-23
-2
-6
-25
-4
-18
1
-27
15
-15
-2
-5
-15
10
-13
26
-13
33
-11
0
-2
-18
15
-17
25
-42
17
-42
-4
-20
-15
-9
-23
16
-51
32
-39
15
-10
16
-4
18
7
-11
21
-15
27
-9
27
-7
22
-6
1
10
-5
12
1
19
12
17
19
11
22
14
29
15
39
17
30
38
16
48
9
30
12
34
3
26
5
18
4
10
12
-5
14
-16
17
-6
11
-16
20
-10
9
7
0
2
-1
5
-13
14
-11
-5
-11
-15
-22
0
-22
-16
-10
-41
-8
-34
-31
-27
-34
-14
-36
1
-43
-12
-37
-2
-17
3
10
-15
35
-21
35
-7
45
0
49
20
19
41
19
37
32
54
20
62
21
40
26
43
41
61
63
50
51
50
38
63
56
62
73
63
59
44
52
32
49
41
46
21
58
-10
35
-3
5
3
7
-12
-10
-9
-51
9
-57
-1
-57
6
-67
-12
-59
-42
-44
-52
-32
-88
-13
-102
-24
-104
-29
-86
-41
-60
-58
-41
-87
-28
-91
-39
-79
-9
-64
-38
-45
-57
-20
-41
-5
-35
8
-18
2
-10
-9
26
7
69
12
68
24
63
49
44
86
40
123
31
106
44
118
80
101
110
63
137
55
126
52
115
67
114
90
53
82
30
64
33
78
29
72
27
5
9
-6
16
19
28
-18
-26
-52
-76
-80
-67
-87
-40
-91
-128
-161
-183
-177
-181
-144
-198
-171
-229
-262
-273
-278
-264
-240
-203
-276
-249
-285
-278
-273
-232
-217
-182
-135
-195
-150
-171
-123
-112
-27
-32
3
21
12
45
48
109
117
207
144
208
185
211
239
237
304
264
333
265
324
299
306
326
324
368
296
420
330
403
366
345
391
339
443
354
526
389
446
378
306
377
326
423
317
405
223
247
123
32
36
-6
37
-75
-113
-326
-416
-533
-635
-624
-659
-671
-779
-899
-1094
-1162
-1173
-1193
-1092
-1115
-1116
-1208
-1182
-1257
-1151
-1036
-919
-766
-743
-692
-637
-488
-408
-184
-27
141
207
323
365
484
604
723
867
936
957
958
1000
960
998
1008
1038
964
994
852
858
773
711
690
606
622
493
635
478
493
387
402
453
465
584
398
619
493
699
647
662
689
505
732
422
817
707
826
663
206
-119
-394
190
27
338
-255
-601
-972
-1433
-1503
-1533
-972
-1195
-1049
-1723
-2183
-2428
-2308
-1864
-1681
-1264
-1483
-1299
-1738
-1917
-1674
-1074
-446
-258
-10
-363
-225
-349
-11
387
794
1059
1044
1030
577
697
820
1124
1157
1220
1053
927
667
323
426
478
677
543
392
-8
-220
-308
-283
-153
-65
-57
-195
-352
-575
-470
-268
-5
71
140
81
145
197
332
587
832
1066
948
1147
1081
1319
1289
1554
1750
1776
2072
1544
1713
1226
1437
1560
1786
1901
1497
1404
105
-298
-509
489
983
812
-363
-1486
-1739
-2440
-1787
-1786
-1056
-1389
-1695
-2663
-3642
-3318
-3276
-1838
-1878
-1681
-2122
-2141
-2431
-2822
-1888
-1301
-103
-204
-327
-702
-547
-301
68
861
994
1401
1257
1144
680
804
1151
1484
1751
1309
1254
934
739
247
365
617
773
744
61
-348
-741
-623
-579
-208
-249
-434
-691
-1042
-1156
-1007
-512
-328
-98
-391
-444
-287
-161
-11
343
677
929
1021
963
1040
1236
1590
1675
2098
2156
2124
2212
1999
1880
2084
2237
2428
2429
2358
2102
1337
508
-175
1074
1817
1718
650
-1121
-1323
-1858
-1304
-1370
-1082
-967
-1981
-2198
-3632
-3513
-3340
-2360
-1939
-2328
-2309
-2753
-2445
-3118
-2664
-1902
-650
-410
-816
-1103
-1159
-485
-297
563
558
935
1032
807
743
261
922
1288
1737
1235
736
852
442
450
64
535
687
693
-19
-669
-766
-760
-323
-293
-187
-692
-748
-1075
-1140
-928
-587
-235
-181
-353
-665
-386
-104
139
302
515
718
1055
993
1011
1225
1467
1887
1944
2102
2163
2077
2403
2264
2281
2402
2265
2630
2536
2703
2252
1382
464
325
1633
2088
1820
235
-1005
-1122
-1496
-1072
-1167
-1070
-1184
-2020
-2463
-3584
-3362
-3164
-2393
-2175
-2535
-2422
-2631
-2808
-3336
-2744
-1757
-743
-772
-1136
-1414
-1045
-762
-329
142
268
763
794
766
279
209
827
1094
1390
805
795
897
371
221
-113
529
667
585
-120
-574
-705
-573
-364
-392
-281
-652
-623
-1066
-1049
-898
-441
-217
-219
-408
-611
-165
38
279
417
684
825
1034
1049
1167
1716
1864
1964
2044
2111
2262
2370
2738
2516
2694
2702
2463
2871
2528
2785
2659
2020
927
392
1768
2189
2058
613
-1228
-720
-645
-771
-1056
-1654
-1630
-1966
-2105
-3226
-3419
-3110
-2982
-2609
-2882
-3031
-2764
-2661
-3210
-3305
-2572
-1638
-1279
-1137
-1624
-1193
-892
-717
-667
-199
451
632
1037
374
248
474
850
1094
1177
1116
991
870
463
72
396
742
763
460
-95
-344
-386
-233
-457
-460
-425
-595
-760
-765
-938
-663
-567
-607
-410
-469
-209
-183
69
96
197
555
833
1117
1376
1357
1497
1512
1800
2258
2394
2712
2469
2754
2489
2621
2890
2906
3352
3013
3135
2151
1198
479
1429
2856
2271
1640
-805
-746
-1042
-1374
-976
-1789
-1126
-2186
-2317
-3465
-4244
-3961
-3774
-2837
-2967
-2994
-3075
-3375
-4006
-4170
-3226
-1608
-1087
-997
-1762
-1685
-1435
-1060
-295
158
784
940
989
581
329
538
1534
1798
2093
1331
1337
1180
755
774
725
1562
1432
1178
139
-185
-288
-192
97
20
-24
-406
-848
-1077
-1218
-996
-719
-439
-292
-771
-786
-978
-567
-281
-98
446
686
725
669
761
1033
1417
1827
2092
2417
2550
2255
2695
2550
2669
3045
3344
3561
3245
3165
2775
2322
1113
674
2226
3028
2395
882
-1033
-297
-1201
-1230
-1495
-2262
-650
-2635
-1871
-3980
-4488
-4025
-3996
-2391
-3482
-2730
-3234
-3248
-4143
-4460
-3353
-1353
-1108
-985
-2000
-1700
-1396
-1205
-193
-263
935
640
1246
460
390
506
1470
1902
1890
1376
1394
1373
817
871
663
1627
1436
1249
22
-90
-333
-97
81
-258
-215
-586
-793
-1158
-1368
-1327
-788
-537
-420
-1082
-984
-926
-491
-411
-208
283
732
934
575
788
869
1803
2039
2483
2362
2388
2801
2723
2718
2938
3355
3799
3642
3007
3222
3069
2188
655
1499
2222
3342
2479
-228
-418
-1499
-1053
-1122
-1543
-1464
-1912
-1915
-3020
-4497
-4528
-4414
-2952
-2561
-3530
-3110
-3733
-3747
-4622
-3992
-2551
-1453
-645
-1763
-1960
-1885
-1644
-566
2
368
817
1041
1199
350
502
800
1736
2336
1863
1697
1472
1150
625
804
961
1660
1652
867
-29
-532
-711
-179
5
-202
-301
-882
-982
-1640
-1575
-1290
-605
-258
-732
-969
-1082
-750
-519
-179
73
565
956
1059
1061
984
1290
1940
2518
2710
2467
2785
3249
2961
3237
2742
3203
4113
3775
4062
2996
1859
662
1281
3079
2860
2876
445
-699
-467
-2039
-1211
-1456
-1141
-1280
-2418
-2978
-4651
-4496
-4204
-3775
-2785
-3103
-3546
-3065
-4486
-4535
-4406
-2885
-1435
-1305
-1110
-2322
-1384
-1587
-1131
-372
168
988
1537
1348
625
273
754
1273
1975
2312
1832
1967
936
333
261
733
1501
1694
913
-159
-772
-823
-715
-338
-401
-529
-543
-1352
-1513
-1889
-1547
-874
-577
-506
-934
-754
-659
-600
-203
-209
527
1316
1372
1488
1235
1348
1805
2521
2801
2981
3382
3349
3157
3199
2911
3688
4057
4000
3949
3470
3008
965
867
1859
2981
3271
1818
-787
-690
-1837
-1868
-1352
-2386
-1253
-2454
-2308
-4379
-5045
-5270
-4718
-3522
-3162
-3585
-3389
-3596
-4899
-4392
-4672
-2066
-1435
-221
-1281
-1491
-1249
-1658
-246
147
1136
1971
2251
1549
1035
440
1308
1782
2872
2391
2246
1783
747
552
262
862
1410
1471
387
-354
-1049
-1065
-1067
-674
-964
-733
-973
-1463
-1703
-2237
-1662
-1403
-597
-761
-656
-559
-594
-573
-493
40
833
1793
1880
1693
1551
1554
1916
2964
3174
3970
3872
3698
3298
2937
3399
3530
4802
4652
4303
3287
951
-41
1719
2343
3511
2426
-380
-409
-2501
-2589
-2877
-2818
-1535
-1984
-2398
-4400
-5957
-5809
-5609
-4539
-3384
-3767
-2759
-3442
-4651
-5069
-5191
-2665
-1452
63
-502
-760
-524
-1195
-707
-243
1010
2617
3418
2718
1544
652
1160
1507
2598
2797
2898
2857
1333
393
-191
118
1098
1439
922
62
-751
-1249
-1606
-1537
-1602
-1032
-684
-948
-1609
-2363
-2401
-1891
-1236
-945
-475
-218
26
-345
-508
-448
295
1780
2239
2640
2225
1729
2176
2953
3139
3982
4319
3919
4243
3475
3446
3975
4307
4455
4533
3731
1679
188
1041
2058
2821
2930
-346
-617
-1958
-3604
-2716
-3743
-2378
-2194
-2562
-4124
-6025
-6183
-6498
-5361
-3776
-3998
-3125
-2700
-4739
-4711
-5538
-3518
-1697
106
175
-434
419
-918
-474
-27
793
2461
3905
3235
2608
1625
1311
1451
2178
2371
2667
3353
2019
1035
-117
-684
-231
595
371
45
-498
-1347
-2063
-2366
-2753
-2307
-1266
-1266
-1454
-2139
-2602
-2425
-1755
-1483
-816
-82
305
519
204
-30
543
1552
2425
2893
2952
3309
3522
3785
3592
3406
3942
5091
4813
5034
4569
3686
4716
4165
4176
3986
2120
430
1251
1654
1707
2451
-202
-1111
-1937
-4288
-4032
-4531
-3551
-2782
-3156
-4312
-6432
-6993
-7216
-6602
-4658
-3750
-3358
-2469
-4286
-4994
-5034
-3384
-1645
357
879
432
1457
544
566
709
1442
2432
4138
4288
3755
3096
2455
1567
1666
1775
2066
3400
2461
1411
-57
-1086
-1584
-1135
-1036
-934
-623
-1440
-2326
-3025
-3849
-3686
-2668
-2038
-1619
-1852
-1881
-2064
-1945
-1726
-1497
-194
945
1311
1833
1282
1151
2105
2230
3115
3781
4259
4814
4798
4627
3436
3988
4729
4553
5468
4399
4266
4748
3982
3828
3417
1645
-294
-375
733
633
1661
518
-2334
-2012
-5599
-5978
-5945
-5538
-3407
-3172
-3830
-6183
-7152
-8523
-7703
-6038
-3398
-3021
-1178
-2058
-4106
-3736
-3722
-1539
659
2100
2364
3619
3043
2389
1773
1926
2257
4010
5132
4741
5006
3827
2146
1383
267
273
1729
1717
1468
285
-1019
-2632
-3072
-3560
-3555
-2345
-2044
-2287
-2741
-3627
-4563
-3973
-3504
-2819
-1592
-1042
-625
-97
-702
-994
9
816
2139
3078
3201
3490
3598
3674
3403
3702
4597
5023
5653
5753
4697
4576
4560
3903
4138
3868
3777
4191
4084
3354
2992
2374
-143
-2491
-1966
-1206
-763
1564
-1478
-2512
-3246
-7676
-7093
-8265
-7264
-4212
-3096
-3829
-5159
-7062
-8315
-8055
-5967
-3869
-2704
1325
-426
-929
-1466
-2503
-68
1305
2580
3873
5287
5209
4610
3769
2841
2014
3821
3490
3733
4629
3183
2878
1492
-808
-1623
-1754
-1997
-1591
-1413
-1895
-2720
-3086
-5037
-5724
-5132
-4874
-3389
-2426
-2726
-2665
-2753
-2925
-2358
-1761
-825
553
1942
1736
2086
2678
2775
3429
3784
3510
4343
5196
5283
5588
5267
4946
4888
4814
4213
4118
4360
4816
4424
4023
2918
2320
2409
1744
2029
2194
2013
424
-2302
-3582
-2804
-3024
-1135
-1434
-2918
-2504
-6211
-7224
-8116
-9428
-6177
-4181
-3959
-3493
-4969
-6214
-6214
-5863
-3996
-2834
596
1145
299
1322
84
2036
2967
2506
3787
4134
4426
4823
4383
4617
3724
3791
3037
984
1290
416
952
1404
-376
-1160
-2323
-4173
-4426
-5040
-4630
-3986
-3665
-3671
-5019
-4881
-4871
-4525
-3511
-3295
-2413
-1507
-1178
167
327
985
1976
2047
2312
2508
3636
4685
5323
5659
5274
4758
5004
4618
4876
4796
4744
5175
4745
4060
3450
3884
3461
3068
2597
1989
1839
2199
1825
1372
2228
1562
1130
-1212
-4147
-3301
-2928
-2310
-432
-1646
-2558
-2992
-6117
-7031
-9197
-8513
-5141
-4548
-3085
-3493
-4080
-4486
-5307
-4607
-3497
-2007
868
876
1246
1979
2140
3888
3574
3842
3606
3466
3766
3804
4303
4178
4397
4437
2447
659
-349
-1399
-913
-1147
-1644
-1915
-2803
-3710
-5137
-5811
-6009
-5898
-4988
-5361
-5171
-4416
-4047
-3051
-2925
-2792
-2279
-1805
-1096
-2
1268
2368
3329
3861
3684
3430
3659
4085
4515
5021
5446
5787
5690
5241
4958
4232
3718
3354
3326
3249
3479
4448
3713
2788
2767
1534
1330
1748
1008
2347
2365
1764
2640
216
-2156
-2991
-2574
-2738
-2338
-830
-2850
-2010
-3424
-6525
-6679
-8835
-7709
-5934
-5799
-4661
-3745
-3634
-3587
-3785
-2823
-3094
-1960
295
-485
1372
2440
4015
5616
5196
5061
3809
3670
3238
3042
4511
4055
4271
4625
2129
1231
34
-1251
-1932
-2809
-3406
-4031
-3983
-4460
-4822
-5022
-5675
-6170
-6302
-7224
-6481
-4904
-4073
-2889
-2193
-1909
-1724
-1147
-827
28
1289
2249
3456
4185
4220
4851
5094
4927
5217
5027
4989
5265
5628
5501
5381
5172
4596
4321
3675
3329
3417
2995
3127
2791
2192
2496
1810
2044
1886
1136
1792
1038
538
-48
-2609
-3385
-2681
-3527
-2712
-2138
-3578
-2758
-4717
-6578
-7310
-9505
-7454
-6849
-5786
-4151
-4125
-2639
-3222
-3003
-2002
-2344
-869
550
570
2751
3400
4953
6609
5810
6356
4650
4286
4267
3292
4287
3849
3949
4053
1813
928
-242
-1966
-2285
-3712
-4917
-4886
-5453
-5701
-6075
-6470
-5907
-6415
-6398
-6949
-6890
-5721
-5108
-3136
-2303
-1627
-301
-83
48
1107
1914
3075
4033
4425
5122
5279
5890
6254
6438
6288
5947
6110
5673
5251
5337
5044
4808
4578
3737
3281
2980
2678
2697
2322
1767
1578
1173
1059
937
717
1159
948
602
-780
-3218
-4016
-3807
-3848
-2936
-2786
-3213
-2652
-4636
-6070
-7407
-8710
-7096
-6277
-5420
-4697
-3925
-2528
-2241
-1423
-748
-821
766
1008
999
2232
2951
5124
6588
6758
6620
5500
5039
4510
3451
3647
2772
2830
2845
685
121
-1081
-1836
-1829
-3665
-5071
-6089
-6789
-7027
-7832
-7177
-6721
-6249
-5309
-6794
-6507
-5704
-5600
-3290
-2806
-1926
78
253
1718
2075
2304
3668
4010
4680
5204
5409
6365
7411
7289
7533
6190
5718
5838
4909
4934
4647
4840
4811
4306
2888
2182
1578
1697
1815
1085
927
774
726
237
-73
-356
89
-161
-1678
-3664
-4283
-4130
-3460
-2588
-3349
-3321
-3706
-4735
-5743
-7210
-7028
-5467
-4840
-4474
-4479
-4067
-2804
-1585
407
886
1511
2409
2003
2261
2190
3098
4868
6241
6944
6416
5684
5236
4872
4320
3375
2081
1759
738
-460
-1325
-2276
-2094
-2493
-3634
-5308
-6526
-7082
-7540
-7622
-7652
-7619
-6994
-6731
-6509
-5649
-4547
-2955
-2032
-1532
-1322
-1073
-312
944
2552
3775
4667
5527
6005
6257
6362
6406
6544
6518
6345
5550
5025
4916
5146
5495
5091
4669
3899
2784
1921
832
402
531
698
710
375
241
155
250
374
274
-271
-1185
-3147
-4452
-4467
-4238
-2614
-1803
-1980
-2034
-3257
-4568
-5651
-6764
-6372
-5299
-4722
-4261
-3899
-3017
-1832
-485
1215
1718
2285
2303
1719
2106
2343
3383
4466
5509
6046
5995
5636
5269
4877
4384
3490
1531
425
-894
-1444
-1676
-2042
-2099
-2430
-3326
-4622
-5521
-6648
-7054
-7429
-7524
-7651
-7174
-6531
-5741
-4305
-3054
-1922
-1559
-1258
-1243
-637
-134
951
2283
3280
4374
5001
5880
6187
6595
6658
6364
6002
5332
4625
4269
4244
4530
4923
4651
4335
3558
2826
2260
1372
770
324
-35
-268
-330
-190
400
939
932
924
206
-1222
-3134
-4286
-4509
-4159
-2735
-2380
-2160
-2203
-3035
-3763
-4794
-5872
-5992
-5554
-5339
-4392
-3836
-2862
-1815
-360
1241
1927
2808
2476
2383
2484
2603
3041
3554
4125
5069
5817
5608
5569
4711
4188
2970
1668
606
-782
-1460
-2257
-2545
-2756
-2845
-3255
-3586
-4246
-5043
-6084
-7026
-7418
-7606
-6886
-6248
-5032
-4097
-2989
-1777
-1167
-448
-69
304
575
1060
1714
2398
3177
3966
5138
6124
6568
6583
6072
5497
5052
4476
3789
3677
3512
3441
3393
3295
3112
2857
2723
2015
1385
434
-261
-571
-526
-130
436
761
798
728
66
-1172
-2589
-3148
-3905
-3457
-2731
-3060
-2768
-3133
-3636
-3825
-4791
-5375
-5327
-5357
-4664
-4001
-3343
-2678
-2039
-414
668
1819
2605
2445
2907
2919
2881
3293
3567
4039
4771
5001
5062
4593
4133
3591
2642
2101
873
3
-972
-2200
-2685
-2972
-3286
-3377
-3736
-4150
-4684
-5516
-6116
-6630
-6481
-6277
-5667
-4811
-4154
-3187
-2186
-1460
-553
178
739
1200
1513
1890
2089
2748
3460
4402
5179
5591
5814
5697
5270
4910
4674
4273
3928
3460
3133
2896
2791
2856
2911
2709
2231
1653
1101
576
354
271
479
640
554
617
438
-197
-1490
-2365
-2891
-3295
-2689
-2684
-2895
-2743
-3561
-3714
-4373
-5525
-5533
-5534
-4956
-4068
-3709
-3068
-2716
-1643
-153
702
2136
2274
2217
2465
2235
2777
3302
3678
4734
5130
5372
5164
4145
3792
2933
2596
2112
986
221
-965
-1893
-2217
-2987
-3069
-3205
-3624
-3885
-5053
-5626
-6320
-6646
-6352
-6020
-5186
-4534
-4007
-3075
-2466
-1698
-651
-109
631
838
1090
1662
1945
2496
3265
4254
4981
5236
5317
4987
4864
4856
4558
4304
3841
3362
3210
3025
2945
3033
3003
2857
2404
1956
1329
854
737
502
594
812
815
805
296
-981
-2087
-2716
-3264
-2909
-2571
-2847
-2621
-3271
-3931
-4413
-5673
-5858
-5446
-5144
-4337
-3977
-3707
-3286
-2686
-1184
182
1616
2286
2215
2320
2017
2245
3053
3519
4453
5315
5434
5383
4636
3974
3530
3132
2609
1822
1025
-88
-1202
-1821
-2502
-2825
-2793
-3247
-3509
-4353
-5290
-5787
-6153
-6010
-5801
-5458
-4932
-4448
-3649
-2974
-2236
-1228
-663
61
440
519
937
1234
1774
2630
3342
4011
4499
4729
4818
4802
4739
4583
4517
4139
3668
3600
3229
3054
3177
3088
3035
2888
2521
2126
1792
1243
991
1015
936
849
805
265
-993
-2028
-2900
-3422
-2826
-2489
-2607
-2284
-3343
-4236
-4736
-6232
-6251
-5823
-5510
-4406
-4095
-3894
-3394
-2862
-1444
-154
1246
2001
1855
2200
1864
2105
3065
3402
4675
5529
5672
5759
4864
4210
3519
3037
2734
2011
1613
516
-650
-1064
-2007
-2197
-2146
-2966
-3182
-4208
-5254
-5408
-5850
-5694
-5397
-5041
-4652
-4299
-3592
-3271
-2661
-1807
-1338
-486
-118
-165
561
842
1368
2329
2820
3606
4111
4306
4332
4373
4444
4342
4463
4384
4089
4068
3689
3352
3453
3210
3279
3285
2888
2656
2156
1793
1503
1244
1406
1230
1102
311
-1363
-2290
-3205
-3526
-2622
-2681
-2530
-2315
-3718
-4269
-5374
-6743
-6454
-6292
-5524
-4534
-4185
-3889
-3500
-2784
-1536
-102
1246
1683
1735
2026
1404
1970
2717
3377
5067
5812
6159
5718
4745
3711
3143
2933
2597
2408
1926
880
-164
-792
-1775
-1652
-1765
-2500
-2743
-3979
-4866
-5429
-5824
-5589
-5000
-4385
-4120
-3701
-3685
-3560
-2953
-2358
-1737
-970
-622
-442
115
252
919
1939
2648
3382
3796
3744
3717
3770
3665
3998
4375
4541
4594
4398
3891
3518
3501
3451
3547
3540
3126
2743
2420
1782
1733
1827
1779
1983
1137
-589
-2117
-3262
-3915
-3089
-2593
-2439
-1810
-2950
-3792
-4816
-6660
-7042
-6825
-6344
-5136
-4380
-4374
-3901
-3509
-2328
-872
393
1298
1218
1552
883
928
1728
2180
3975
5472
6184
6215
5506
4076
3347
3009
2609
2837
2571
1790
840
302
-768
-705
-692
-1401
-1260
-2548
-3830
-4653
-5555
-5616
-4809
-4191
-3541
-3105
-3392
-3434
-3301
-2872
-2425
-1653
-1257
-1015
-494
-479
39
1055
1824
2826
3651
3495
3595
3324
3056
3399
3647
4099
4409
4646
4159
3953
3884
3635
4003
3913
3554
3139
2515
1664
1508
1558
1624
2256
1662
360
-1155
-2639
-3743
-3376
-2933
-2784
-1609
-2689
-3161
-4192
-6241
-6479
-6703
-6005
-4959
-4141
-4240
-3789
-3684
-2968
-1602
-524
630
486
1200
263
545
1129
1083
3243
4194
5223
5805
4970
3673
3240
2511
2560
3136
2651
2559
1601
963
261
52
-65
-495
-290
-1499
-2533
-3378
-4662
-4631
-4131
-3500
-2571
-2321
-2622
-2755
-2989
-3128
-2680
-2241
-1776
-1340
-932
-724
-288
537
1025
2134
2848
2851
2979
2476
2172
2494
2792
3356
4097
4198
4204
4055
3590
3450
3304
3294
3192
2914
2511
1921
1718
1564
1514
1303
353
-322
-1363
-2146
-2114
-2668
-2109
-1956
-2373
-2258
-3742
-4532
-4920
-5431
-4711
-4186
-3924
-3441
-3481
-3361
-2572
-2248
-1007
-625
-92
251
-326
320
-236
602
1581
2282
3555
3841
3596
3285
2694
1851
2292
1904
2233
2187
1555
1505
876
788
287
348
94
-492
-804
-1857
-2528
-2817
-3058
-2502
-1924
-1775
-1505
-1643
-1992
-1930
-1938
-1771
-1352
-1155
-908
-790
-524
-320
206
832
1201
1766
1746
1562
1326
1023
964
1266
1796
2107
2588
2573
2325
2302
1910
1845
1910
1805
1840
1911
1790
1689
1577
838
668
403
40
334
-131
118
4
-267
-330
-948
-1498
-2139
-2476
-2574
-2231
-2132
-1636
-1831
-1869
-1939
-2099
-1773
-1862
-1330
-1173
-975
-921
-870
-837
-584
-153
400
1009
1147
1228
924
692
547
703
932
1262
1348
1282
1104
622
478
114
129
165
70
17
-395
-771
-1235
-1417
-1363
-1142
-925
-948
-1115
-1454
-1656
-1710
-1481
-1192
-881
-527
-554
-462
-575
-652
-468
-275
200
350
590
527
589
703
655
1107
1215
1507
1634
1656
1592
1544
1551
1537
1685
1802
1913
1956
2053
1756
1859
1649
1511
1488
1036
915
729
613
699
820
873
814
417
-21
-719
-1005
-1112
-996
-687
-664
-486
-609
-739
-961
-1059
-1094
-1074
-952
-965
-1028
-1031
-913
-783
-481
-263
-119
28
-167
-399
-631
-903
-915
-845
-802
-669
-618
-690
-657
-792
-775
-826
-926
-1063
-1335
-1474
-1626
-1542
-1377
-1124
-859
-681
-667
-683
-856
-882
-792
-701
-511
-432
-295
-150
21
151
386
437
600
667
649
713
677
762
826
1071
1217
1425
1563
1602
1593
1479
1391
1327
1398
1355
1515
1581
1573
1637
1574
1593
1550
1509
1400
1222
1007
838
749
747
734
758
711
548
487
273
96
-53
-158
-278
-448
-611
-771
-809
-785
-691
-634
-633
-723
-743
-871
-975
-909
-868
-676
-557
-539
-581
-744
-833
-854
-800
-676
-566
-572
-664
-806
-955
-970
-1034
-1006
-1025
-1094
-1079
-1166
-1171
-1179
-1132
-1048
-1005
-1003
-1046
-1130
-1078
-990
-900
-705
-607
-450
-388
-316
-220
-111
3
101
215
210
295
417
516
677
840
1011
1141
1191
1221
1157
1087
1006
957
1001
1064
1154
1271
1259
1229
1253
1187
1176
1061
945
835
731
670
617
676
711
838
938
933
873
737
572
508
544
560
621
607
562
481
418
379
351
339
288
252
157
3
-94
-135
-161
-52
-25
-15
-111
-265
-374
-531
-577
-600
-561
-597
-598
-638
-697
-758
-816
-898
-1026
-1135
-1238
-1277
-1398
-1396
-1379
-1331
-1280
-1273
-1344
-1513
-1591
-1668
-1614
-1500
-1372
-1217
-1102
-1031
-965
-897
-837
-695
-564
-440
-340
-218
-165
-57
120
250
492
660
751
752
714
629
657
715
751
879
911
944
957
906
817
799
778
750
711
635
535
473
495
492
618
699
773
878
846
875
955
1016
1143
1224
1275
1293
1327
1417
1426
1449
1446
1444
1413
1315
1215
1148
1069
1046
993
794
644
449
325
189
67
-36
-182
-294
-448
-567
-720
-822
-891
-954
-1027
-1066
-1132
-1239
-1347
-1470
-1550
-1602
-1612
-1609
-1559
-1563
-1524
-1559
-1661
-1681
-1685
-1631
-1574
-1503
-1454
-1382
-1281
-1187
-1100
-1010
-919
-816
-745
-755
-705
-645
-518
-341
-202
-73
-10
24
35
53
79
122
225
312
368
426
434
417
424
454
512
536
502
426
370
344
389
446
477
582
648
708
741
730
771
819
939
1057
1170
1280
1365
1470
1512
1543
1588
1564
1538
1536
1511
1551
1584
1587
1562
1464
1371
1238
1098
935
767
654
513
410
322
209
139
47
-100
-239
-375
-482
-596
-708
-834
-935
-981
-1032
-1063
-1122
-1169
-1186
-1202
-1270
-1339
-1397
-1451
-1429
-1400
-1396
-1367
-1299
-1207
-1107
-1040
-1017
-1030
-1057
-1059
-1034
-988
-904
-799
-716
-665
-643
-610
-595
-561
-553
-554
-545
-511
-403
-350
-275
-228
-198
-163
-132
-94
-55
-28
-3
37
32
70
142
226
318
432
559
615
635
654
660
755
892
1006
1087
1098
1149
1248
1371
1461
1482
1480
1414
1372
1345
1272
1283
1361
1431
1536
1528
1389
1249
1046
897
822
780
786
790
794
737
693
609
452
341
205
98
54
-1
-42
-76
-152
-232
-358
-487
-570
-619
-633
-676
-741
-845
-964
-1057
-1104
-1122
-1049
-998
-960
-993
-1101
-1188
-1255
-1254
-1247
-1209
-1203
-1202
-1216
-1215
-1212
-1173
-1121
-1108
-1122
-1142
-1152
-1119
-1044
-980
-912
-869
-811
-770
-729
-714
-662
-598
-542
-479
-447
-399
-320
-199
-102
-27
44
93
168
266
405
544
663
758
788
824
870
944
1062
1170
1271
1367
1362
1356
1325
1284
1298
1351
1399
1402
1374
1320
1270
1235
1223
1190
1192
1144
1134
1109
1066
1049
1005
958
897
864
841
811
796
761
671
559
414
284
188
138
109
103
3
-98
-230
-351
-432
-500
-568
-648
-697
-788
-852
-940
-975
-992
-993
-1052
-1113
-1198
-1277
-1288
-1297
-1287
-1257
-1240
-1260
-1297
-1350
-1335
-1292
-1222
-1174
-1155
-1162
-1171
-1174
-1189
-1172
-1079
-988
-888
-846
-839
-816
-764
-681
-618
-570
-526
-425
-322
-186
-43
97
202
307
337
365
421
515
654
789
889
959
1004
1022
1069
1115
1160
1167
1171
1118
1115
1139
1182
1237
1261
1266
1262
1252
1214
1179
1136
1117
1120
1134
1119
1137
1141
1124
1083
1001
895
786
689
622
578
519
455
378
300
218
161
88
-18
-129
-258
-377
-456
-516
-538
-539
-535
-551
-610
-707
-824
-926
-987
-983
-938
-885
-862
-870
-923
-990
-1037
-1048
-1023
-992
-987
-992
-1047
-1099
-1110
-1109
-1085
-1068
-1055
-1067
-1072
-1057
-1038
-1011
-977
-951
-922
-892
-812
-696
-569
-437
-346
-307
-268
-205
-115
-2
130
262
348
410
436
493
569
648
722
762
784
813
846
880
940
987
1036
1088
1131
1151
1175
1180
1189
1199
1218
1242
1287
1321
1331
1345
1286
1204
1111
1033
964
914
854
790
703
624
552
455
363
278
193
69
-63
-185
-286
-336
-340
-332
-329
-331
-364
-439
-546
-653
-713
-718
-680
-622
-577
-559
-562
-592
-627
-672
-694
-717
-757
-818
-847
-861
-857
-836
-842
-838
-880
-904
-949
-991
-1022
-1027
-1003
-986
-965
-929
-874
-825
-762
-716
-665
-633
-581
-534
-473
-408
-352
-301
-236
-148
-45
51
93
138
149
180
218
281
361
445
534
609
657
735
828
911
994
1024
1048
1067
1088
1137
1201
1276
1361
1390
1377
1317
1244
1183
1147
1080
988
910
819
752
693
635
591
519
422
284
92
-40
-154
-206
-231
-202
-160
-140
-159
-217
-327
-400
-437
-476
-446
-435
-365
-327
-329
-335
-321
-298
-249
-299
-346
-455
-566
-557
-592
-516
-415
-375
-314
-448
-600
-645
-789
-723
-685
-661
-602
-649
-665
-669
-738
-660
-573
-540
-486
-546
-552
-634
-617
-565
-503
-410
-332
-283
-282
-317
-290
-199
-166
-47
-20
5
54
76
168
249
355
494
557
577
636
675
740
815
879
951
986
1026
1040
1051
1039
1059
1068
992
898
802
742
665
628
595
529
453
381
259
142
22
-66
-115
-223
-256
-235
-242
-246
-266
-340
-371
-411
-412
-385
-400
-317
-293
-258
-248
-276
-205
-261
-240
-237
-274
-271
-288
-275
-287
-244
-202
-139
-176
-199
-222
-237
-307
-316
-301
-335
-298
-316
-252
-276
-255
-240
-209
-273
-328
-342
-394
-409
-390
-286
-264
-216
-272
-276
-325
-282
-181
-153
-123
-121
-77
-68
-4
108
182
187
255
295
366
408
512
598
613
662
754
811
753
776
772
819
838
890
844
719
626
623
683
591
559
464
356
270
226
174
75
-59
-118
-148
-221
-220
-269
-263
-361
-369
-381
-433
-444
-509
-487
-540
-455
-512
-400
-277
-295
-244
-170
-228
-622
-1254
-1655
-421
692
978
870
-653
-1525
-1822
-1873
45
936
1494
1469
-659
-2210
-2884
-1466
854
1327
1364
865
-356
-932
-2044
-1097
-11
370
1460
872
199
-81
-870
126
-176
139
943
124
1099
377
890
662
107
-463
213
-368
1196
2287
910
2276
-1047
-661
-523
164
2176
2089
1417
786
-24
-792
166
382
1374
1013
1100
399
287
-147
-579
153
-196
393
654
-6
89
-575
-870
-582
-976
14
-325
-446
-588
-573
-350
-769
-1122
-1173
-869
-709
-443
-450
-366
-708
-777
-1417
-1551
-1011
-511
-144
-193
-468
-526
-916
-1504
-844
-511
188
197
-279
-518
-880
-174
-69
-92
102
15
213
192
-122
407
513
162
354
-63
282
1060
952
668
126
35
477
665
1272
1399
1518
797
51
331
457
1610
1827
1428
932
777
1311
1174
1237
904
1111
1455
1039
1523
1147
998
807
72
-59
295
349
877
708
-259
147
-1602
-1244
-1762
-1501
-628
-775
-193
-1697
-1895
-3001
-2303
-2028
-1512
-1082
-1201
-1509
-1771
-1405
-1829
-1193
-1628
-1052
-857
-200
290
71
-400
-874
-987
-602
330
636
1382
388
131
-97
-648
62
212
483
705
629
200
-194
-592
-500
-192
372
262
479
483
-488
249
-373
-187
271
400
816
1110
765
549
766
-133
1129
1270
2010
1864
1335
1036
961
1284
1539
2018
1528
2103
1233
1695
988
1683
1593
997
843
-276
1058
936
1247
894
-804
-641
-270
-1075
-240
-1691
-968
-721
-1329
-762
-2114
-2310
-2616
-2006
-1058
-1145
-1582
-1005
-2323
-1290
-2186
-1718
-658
-954
247
-689
-538
-710
-57
-173
-72
-670
620
476
1020
779
-336
348
-541
566
351
475
242
634
-206
-269
-872
-578
-208
-695
105
-890
-236
-937
-706
-1029
-1286
-1082
-429
126
-129
-46
-666
-482
-487
184
260
965
804
720
1182
450
931
1038
1179
1761
1499
1737
2046
1846
1917
1574
1546
1525
1911
2290
2226
2383
1863
1471
384
482
1554
1467
2136
963
115
373
-1181
-375
-803
-1216
-8
-880
-602
-1219
-2235
-2110
-2552
-1885
-1067
-1702
-902
-1797
-1588
-1425
-2300
-1296
-1845
-727
-436
-19
-26
-378
-720
-890
-880
-226
544
674
1237
-24
110
-677
-357
-69
170
447
199
25
-444
-549
-1041
-924
-1395
-853
-972
-582
-804
-1062
-1406
-1872
-1726
-1524
-817
-634
-465
-334
-366
-887
-603
-536
433
983
1090
1178
997
1036
1481
1681
1812
2181
2212
2534
2504
2765
2578
2547
2361
2703
2475
2953
3185
2893
2345
892
1148
1475
1842
1999
1525
480
341
-607
-711
-990
-1442
-819
-979
-870
-1529
-2144
-2733
-2820
-2632
-2142
-2161
-1491
-1693
-1721
-1880
-2531
-2097
-1992
-1091
-743
-350
-515
-276
-361
-510
-958
-474
134
804
1297
493
502
-343
-241
-97
217
414
649
455
130
-388
-928
-997
-1073
-630
-602
-549
-937
-1107
-1386
-1496
-1790
-1503
-1312
-941
-599
-814
-707
-1106
-795
-539
-88
455
626
1002
1164
1124
1196
1275
1713
2335
2768
2956
3175
3017
2806
2923
2920
3341
3526
3482
3186
2383
1796
2046
2090
2285
1799
1105
792
-328
-445
-1130
-1197
-1020
-1295
-1294
-2105
-2726
-3286
-3244
-2946
-2515
-2455
-2412
-2676
-2605
-2515
-2417
-1993
-1995
-1198
-1032
-734
-602
-381
78
61
54
120
435
1067
1618
1601
1238
674
535
632
798
881
1219
995
527
46
-539
-661
-572
-480
-169
-586
-1115
-1354
-1762
-1766
-1855
-1511
-1484
-1261
-1315
-1388
-1217
-1412
-1109
-828
-831
-393
-25
347
891
846
942
1092
1356
1869
2521
2764
3065
3322
3269
3276
3392
3477
3937
3915
3219
2762
2346
2866
2854
2767
1799
954
490
-579
-630
-1288
-1472
-1356
-1511
-1890
-2938
-3993
-4369
-4252
-3628
-3079
-2915
-2764
-3309
-3225
-3264
-3221
-2477
-1822
-875
-537
-575
-384
-299
181
379
656
1276
1627
2330
2421
2195
1752
1312
1208
1449
1666
1835
2145
1588
1126
245
-581
-549
-559
-263
-177
-811
-1318
-1773
-2301
-2413
-2374
-2241
-1845
-1688
-1744
-1764
-1984
-1992
-1714
-1447
-1027
-430
-103
450
654
794
983
1122
1594
2045
2785
3204
3655
3775
3724
3633
3738
3827
4143
4102
3204
2909
2733
2784
2936
2477
1524
1108
-226
-992
-1445
-2105
-1743
-1771
-1921
-2848
-3850
-4858
-5135
-4558
-4042
-3346
-2826
-3051
-3302
-3537
-3729
-3205
-2351
-1272
-125
302
271
414
535
869
1079
1867
2421
3043
3511
3181
2980
2430
2157
2409
2341
2232
2525
2113
1653
1102
36
-403
-877
-960
-697
-1090
-1431
-1965
-2487
-3172
-3387
-3241
-3048
-2563
-2420
-2197
-2311
-2429
-2324
-1993
-1638
-964
-285
228
903
810
1193
1418
1389
2538
2626
3592
4074
4000
4781
3974
4336
3882
3910
4036
2909
2901
2640
2759
2912
2268
1200
500
-1049
-1974
-2461
-3212
-2679
-2609
-2378
-3183
-4452
-5738
-6509
-5696
-5262
-3640
-2956
-2707
-2885
-3481
-3567
-3572
-2229
-1096
826
1523
1629
1875
1663
1834
1853
2704
3356
4457
5014
4860
4625
3493
2866
2481
2355
2218
2575
2540
1791
1347
-121
-1091
-1729
-2435
-2151
-2105
-2411
-2465
-2991
-3968
-4586
-4722
-4430
-3710
-3031
-2443
-2162
-2113
-2415
-2156
-1746
-1495
-33
689
1529
2337
2280
2351
2540
2527
3273
4022
4258
5365
5161
5340
5104
4330
4481
3880
3983
3336
2137
2073
1900
1514
1427
300
-542
-1272
-3364
-3918
-4884
-5138
-4326
-4057
-3765
-4799
-5585
-6874
-6940
-6500
-5537
-3572
-2474
-1554
-1741
-1942
-2585
-1998
-743
893
2849
3573
4175
4148
4095
3499
3698
3939
4617
5848
5848
5883
4850
3789
2813
2095
1382
1127
1350
503
273
-928
-2107
-2772
-3973
-4112
-4427
-4527
-4482
-4532
-4577
-5115
-5145
-5156
-4838
-4027
-3186
-2553
-1677
-1324
-972
-268
-194
854
1574
2348
3130
3766
4148
4352
4797
4624
5179
5089
5366
5802
5608
5600
5598
5183
4750
4542
3543
3238
1377
29
-192
53
518
-148
-413
-2679
-3585
-6124
-7822
-7185
-7708
-5108
-4487
-4357
-5538
-7128
-7978
-8241
-6777
-5505
-2306
-950
437
110
-267
-889
-713
1442
2569
5241
5587
6906
6667
6119
5329
4517
5431
5015
6228
5394
4965
4477
3503
2609
798
-353
-1783
-1668
-2545
-3158
-3026
-4265
-4628
-5784
-7068
-7337
-7608
-6904
-6034
-5320
-5063
-4808
-4358
-4475
-3721
-2634
-1482
320
1512
2157
3015
2981
3461
4392
4762
5817
6242
6701
6886
6755
6385
5981
6188
5702
5919
5348
5071
4994
4270
4324
3367
2941
2245
993
-337
-2256
-3330
-2782
-2761
-2264
-1899
-3381
-3875
-6805
-8657
-9984
-10440
-8568
-6856
-4181
-4491
-4078
-5691
-6898
-6943
-6389
-3559
-804
2152
2938
4203
2660
2652
2776
3561
5212
6062
7623
7520
8215
6573
6619
5741
5094
4742
3454
3069
1525
1609
528
66
-1161
-2967
-3876
-5866
-6997
-7391
-7344
-6874
-6232
-6943
-7072
-8106
-8689
-7473
-7209
-4999
-3826
-2373
-1565
-1343
-402
305
2196
3155
4868
5447
5951
6129
6481
7005
7275
8039
7569
7839
6822
6229
5732
5063
5182
5087
4727
4084
3520
2393
2422
1901
1746
1969
1463
996
-553
-2835
-5086
-4370
-3782
-2882
-895
-2417
-2263
-4400
-8808
-9396
-11311
-9668
-6304
-4466
-2692
-3333
-4048
-5994
-6112
-5831
-4048
-371
1845
3215
3741
3477
2675
4239
4438
6090
6666
6259
6310
5533
5780
4712
6073
5802
5547
4353
1463
-352
-1999
-1608
-2193
-1417
-2328
-3506
-4361
-7186
-8389
-8886
-7882
-7714
-6412
-7036
-7190
-6329
-7123
-5108
-4695
-3326
-2239
-1139
-988
-405
1406
2207
4949
5431
6269
6176
5684
5399
5641
6393
6604
7957
7090
6841
5596
4463
3885
3564
4120
3752
3987
2957
2657
2349
2063
2414
2901
3308
2834
2743
624
-1238
-3044
-3511
-1737
-1834
285
-182
-1157
-1751
-6599
-7474
-10019
-11039
-7748
-6804
-4891
-3977
-4700
-4785
-5184
-6004
-4923
-3738
-1639
-217
1393
2419
2152
4745
5100
6371
6552
5196
5099
4433
4334
4559
5972
6257
6777
5647
3029
785
-1154
-1584
-2237
-2258
-2897
-3356
-3963
-5755
-6614
-7262
-7545
-7343
-7773
-8112
-8153
-7911
-6750
-5759
-4191
-3331
-2661
-1802
-2295
-1492
-502
1005
3171
4438
5256
5386
5245
5103
5763
6223
6512
7098
6664
6158
5590
4789
4792
5257
5273
5353
4828
3908
3417
3014
2896
3397
4247
4276
4847
3831
2750
1651
-1564
-2443
-2296
-2564
-1770
-779
-2151
-1459
-3563
-7493
-7909
-11756
-10493
-8911
-8477
-6346
-6881
-5395
-5577
-5095
-4130
-3998
-1538
-414
-313
1798
1811
3463
6493
7061
8741
7852
7324
6604
5392
5773
4823
6153
6583
5543
5023
2263
612
-390
-1566
-2659
-3570
-4694
-5616
-6589
-7856
-8167
-8345
-7619
-8450
-8577
-8992
-9556
-8366
-7699
-6473
-4867
-4023
-3299
-2049
-2067
-536
1140
2356
3992
4283
4785
4871
5451
6176
7043
8087
8142
8402
7804
6534
6023
5499
5441
6143
5736
5358
5066
4392
4284
3839
4035
4122
4084
4034
3080
2470
1885
-199
-2210
-2735
-3373
-3725
-2610
-2866
-3510
-2594
-6757
-8106
-9829
-13023
-9337
-10131
-7837
-6434
-6637
-4771
-5349
-3433
-3102
-1627
1043
995
2078
3989
3094
6622
7979
8889
10590
8672
9077
7242
6899
6167
5301
6195
5230
4253
2750
135
-486
-1487
-3016
-3703
-5507
-6784
-7984
-9251
-10051
-10164
-9513
-9562
-9634
-8873
-9614
-8674
-7792
-7488
-5606
-4822
-3826
-2216
-1549
-184
1864
2834
4488
5406
5914
6134
6590
6834
7246
8413
8322
8683
8665
7832
7248
6711
5914
5770
5463
4514
4129
3732
3243
3466
3289
3342
3631
3321
2948
2064
1325
-749
-3159
-4100
-4230
-4842
-3308
-2898
-3723
-2025
-5719
-7114
-8746
-12378
-10098
-10011
-8994
-6616
-6303
-4793
-3146
-2663
-860
-612
1803
2302
2063
4611
3170
6456
7907
9076
10930
9749
9973
8843
7511
6581
5232
4695
4121
2791
1945
-635
-1026
-2005
-3298
-4035
-5751
-7149
-8531
-10006
-11096
-11048
-11008
-10066
-9945
-9166
-8877
-8155
-7411
-6284
-5590
-4488
-3391
-2653
-1253
-680
2008
3071
5261
6354
6865
7163
6859
7271
6968
7687
7683
8101
7953
7852
6969
6681
6080
5585
5292
4025
3452
2575
2119
1905
2007
2105
2936
3289
3019
2586
1710
-559
-2934
-4625
-4879
-5350
-4688
-2900
-3980
-1955
-3925
-5959
-6569
-10320
-9276
-9716
-9680
-7685
-6977
-5280
-3058
-1677
747
1176
3009
3664
2304
4865
3381
5787
7328
8084
10313
9550
10215
9533
8637
7900
6457
5350
4162
1671
1063
-1930
-2165
-2454
-3710
-3527
-5288
-5827
-7830
-9126
-10586
-10987
-11034
-10835
-10694
-9585
-9508
-7941
-6345
-5689
-3446
-3663
-1918
-1853
-1382
-371
934
2611
4146
5864
6827
7378
7593
8275
7719
8196
7435
7301
6466
5838
5524
4872
5279
5016
5289
4280
3545
2690
1778
1053
1018
936
1276
2038
2325
2037
2188
1243
-1450
-2654
-4132
-4610
-5276
-3905
-4385
-3669
-3009
-5941
-5215
-8333
-8835
-7598
-9010
-7838
-6612
-6570
-4592
-2952
-934
1280
1719
4978
3336
4990
5328
4769
7852
7153
9087
9067
8858
8736
8563
7767
7339
6054
5392
3247
1292
-192
-3314
-2466
-4590
-4693
-5565
-6526
-7034
-8274
-8879
-9571
-9407
-9766
-9643
-9783
-8797
-9642
-7181
-5783
-4701
-2500
-1950
-21
-289
993
1760
2593
3650
4068
5951
5618
5858
7284
7375
7362
8012
7556
6512
5751
4924
4144
3133
3541
3034
3207
2284
1817
2156
842
1474
1426
1398
1592
1684
1712
1564
1027
1100
-1563
-2709
-2460
-4661
-3597
-3252
-4051
-2622
-3519
-5523
-5160
-8637
-7681
-7468
-8259
-6758
-6884
-4900
-5028
-2758
-294
566
2345
4520
3707
5304
4493
5485
7370
6726
8678
7588
8600
7178
7476
7565
6315
5601
5170
2910
1100
-1084
-3166
-2872
-5074
-4756
-6277
-6164
-7214
-7949
-7916
-8670
-8331
-8398
-8597
-8506
-8294
-8336
-6304
-5393
-3633
-2627
-809
518
929
1961
3328
3499
3980
4997
5145
5672
5150
6831
6884
7009
7010
7102
6231
5117
4907
3826
3055
2278
2657
1533
1091
512
1190
833
1001
1544
1323
1881
1259
1855
1458
1437
453
-1170
-2721
-2890
-4240
-3752
-2191
-3849
-1877
-3242
-4604
-4961
-7869
-6708
-7009
-7779
-6457
-6395
-5487
-4699
-3272
254
675
2503
5004
3949
5865
4658
5951
7441
6214
7756
6798
7168
6493
6440
7455
6192
5269
5299
2507
1258
-1487
-3237
-2948
-5672
-5243
-6778
-6808
-7197
-7965
-7020
-7355
-7371
-6881
-7763
-7431
-7377
-7771
-5187
-5059
-3138
-2321
-652
980
1224
3409
3612
4773
4701
4602
5653
4484
4898
6013
5839
6416
5779
5974
5333
4377
4436
3439
3025
2165
1456
1298
27
-187
433
325
846
548
1322
1442
1379
2322
2130
2541
1640
-443
-1715
-2408
-3735
-3659
-2098
-3304
-2680
-2786
-4717
-4088
-6754
-5985
-5559
-6805
-6430
-6891
-6112
-6374
-4768
-1658
210
1007
4188
3916
5396
5249
5540
7728
6006
6956
5577
5980
4946
4853
6145
6339
4988
5006
3985
1549
418
-2453
-1939
-4204
-5571
-6328
-7122
-7415
-8236
-7002
-6352
-6548
-6336
-6198
-6515
-6096
-6643
-5124
-4455
-4361
-2836
-2432
-245
232
1766
4157
4142
4542
4707
5143
4751
4678
5109
5870
4932
4746
4711
4352
4014
3674
4692
3373
2855
2158
1680
720
203
678
659
409
279
672
1094
1314
1974
3160
3101
2912
1059
-485
-1397
-2290
-3454
-2387
-3080
-4281
-3312
-5255
-4360
-5462
-5858
-4102
-5577
-5777
-6284
-6342
-6072
-5784
-3271
-851
-646
1997
3264
4287
6059
5546
8456
7473
7066
6602
5410
5672
4122
5418
5850
4643
4246
3982
2568
1658
-316
-353
-1587
-4133
-4988
-6514
-6956
-8089
-7870
-6860
-6883
-7153
-6687
-5883
-6185
-5556
-4543
-4132
-3542
-4203
-2766
-2015
-1633
30
1352
2865
2596
3729
4647
4898
5044
5690
5863
5528
4566
4167
4171
3271
3777
3561
3949
2725
2667
2631
1776
1985
1490
2227
1254
634
911
699
755
1427
2076
2457
2726
1672
1265
-375
-736
-967
-2856
-1693
-4155
-4093
-4381
-6300
-4471
-6557
-5725
-5052
-6011
-5783
-5665
-5502
-4460
-4422
-2112
-774
-1094
2249
1731
4956
4922
5805
8166
6610
7630
6229
6738
6312
5291
5880
5432
3586
3667
2506
1913
1063
-729
-46
-2451
-3417
-4608
-5551
-5660
-7328
-7033
-7069
-7860
-7998
-7942
-6582
-6958
-6219
-4609
-4779
-3598
-4168
-2221
-1216
-1744
191
966
1252
1385
2764
4082
4390
4792
6266
5886
6080
5249
5280
5576
3807
4936
3730
3566
2404
2315
2571
1589
2196
1945
2102
1390
1270
1192
1371
959
1664
1723
1706
1757
1549
1099
-466
-61
-1331
-2188
-2432
-3093
-3520
-3999
-4742
-4514
-5387
-6273
-5267
-6136
-5849
-5912
-5108
-4648
-4286
-2415
-1000
-93
1398
2956
4026
4904
4768
6612
6220
6342
6259
6281
6576
4998
5453
5137
3961
3124
2858
2055
918
-570
-738
-1865
-3415
-4033
-4579
-4979
-6438
-6808
-6732
-7274
-8047
-7684
-6733
-7119
-6742
-5282
-5039
-4009
-4041
-2631
-1565
-2032
-911
68
997
753
2572
3801
4177
4520
5688
6372
5902
5911
6042
6326
4673
4840
4356
3814
2773
2510
2982
1768
2012
1853
2116
1358
967
1268
1061
646
626
1292
1437
1558
1813
2091
566
-255
-552
-1570
-2068
-2442
-2565
-2978
-4131
-4159
-4114
-5623
-4987
-4926
-4829
-5036
-5206
-3758
-4193
-3051
-1248
-205
737
1616
2746
3939
3855
5090
6285
5992
6383
5612
6362
5211
4407
5026
4069
3363
2048
1711
854
-650
-910
-1052
-1832
-2633
-3186
-3544
-4763
-6055
-6116
-6733
-7524
-7881
-7662
-6887
-7295
-6187
-4798
-4477
-3603
-3393
-2173
-1852
-1986
-949
27
175
489
1842
2780
3137
3793
5500
5662
5692
5832
6117
5712
4446
4658
3965
3202
2091
2280
2206
1345
1517
1711
1709
942
1295
1480
1482
1157
1633
2310
1782
1811
2056
1956
547
-64
109
-746
-1687
-1562
-1893
-2577
-3380
-3784
-3364
-5116
-4957
-4663
-5015
-5095
-5362
-4032
-3988
-3316
-1841
-586
-83
867
1784
3071
3197
3956
5429
5291
5813
5309
6030
5253
4552
4664
4018
3101
2000
1717
1044
139
-378
-172
-766
-1563
-2322
-2679
-3796
-5043
-5657
-6270
-7070
-7879
-7657
-7137
-7171
-6616
-5579
-5015
-4399
-4333
-3063
-2684
-2600
-1749
-1080
-424
-299
969
1951
2760
3394
4571
5357
5380
5557
5985
5859
5098
5136
4521
4064
2943
2826
2617
1789
1678
1561
1815
1229
1406
1741
1882
1681
2185
2521
2210
2360
2123
2322
1497
522
434
-14
-1218
-1187
-1459
-2233
-2485
-3542
-3178
-4294
-4883
-4446
-4809
-4539
-4918
-4210
-3660
-3588
-2630
-1416
-1029
-178
709
1957
2903
3248
4899
5348
5687
5765
5709
5764
4786
4360
4127
3152
2208
1600
1378
828
303
383
126
-557
-1378
-1945
-2768
-3936
-5066
-5543
-6413
-7176
-7567
-7257
-7172
-7140
-6305
-6007
-5246
-5269
-4333
-3613
-3228
-2550
-1818
-924
-783
118
935
1814
2279
3425
4235
4671
4897
5275
5807
5389
5525
5251
5171
4383
3837
3650
2980
2511
2187
2377
2028
1739
1933
2148
2101
2121
2380
2563
2332
2213
2560
2066
1376
522
28
-418
-1976
-1601
-2462
-3281
-3553
-4641
-3980
-5144
-4799
-4224
-4219
-3943
-4124
-3539
-3420
-3286
-2485
-1233
-1049
79
616
2029
2712
3206
4953
4915
5755
5241
5392
5156
3886
3804
3217
2727
1757
1457
1310
626
187
152
-99
-976
-1582
-2305
-2805
-4146
-4941
-5054
-5996
-6536
-6958
-6696
-7202
-7176
-6792
-6360
-5982
-5866
-4745
-4271
-3608
-3104
-1921
-1153
-654
295
1160
1894
2146
3046
3647
4106
4431
4945
5417
5481
5429
5578
5506
4992
4693
4544
4165
3598
3212
2975
2483
1949
1840
1794
1697
1606
1744
1871
1901
1734
2070
1858
1523
963
91
-195
-1517
-1998
-2512
-3211
-3405
-4009
-3923
-4024
-4192
-3816
-3580
-3365
-3307
-3227
-2873
-2755
-2437
-1562
-1044
-358
405
1042
2135
2342
3265
3698
3852
4150
3692
3972
3377
3141
2991
2665
2263
1770
1444
1037
551
44
-125
-844
-1213
-1922
-2338
-2825
-3598
-3833
-4387
-4728
-5232
-5490
-5739
-5987
-6094
-6089
-5901
-5745
-5281
-4771
-3937
-3314
-2471
-1588
-851
-35
525
1457
1926
2644
3182
3626
4169
4270
4747
5041
5337
5513
5686
5655
5514
5222
4937
4619
4038
3674
2989
2608
2074
1652
1730
1424
1517
1531
1512
1655
1553
1646
1576
1400
1042
542
60
-243
-954
-1105
-1304
-1849
-1583
-2318
-1982
-2259
-2658
-2384
-2886
-2604
-2980
-2656
-2408
-2274
-1784
-1324
-1000
-590
-305
63
680
480
1201
1137
1432
1481
1274
1806
1318
1640
1531
1471
1332
783
832
400
70
-83
-313
-525
-894
-1214
-1423
-1969
-2301
-2574
-3026
-3256
-4019
-4152
-4438
-4889
-4844
-5137
-4813
-4821
-4482
-3961
-3486
-2932
-2542
-1720
-1218
-682
-186
577
1095
1533
2124
2602
2998
3322
3832
4121
4367
4336
4452
4422
4157
3918
3653
3395
2881
2536
2345
2028
1822
1784
1709
1584
1375
1272
1223
1143
1137
1303
1415
1347
1389
1355
1053
854
905
663
544
434
-127
-158
-949
-1216
-1481
-2035
-1837
-2323
-2072
-2446
-2471
-2525
-2644
-2599
-2568
-2505
-2483
-2300
-2366
-1846
-2151
-1508
-1512
-1052
-774
-815
-129
-498
55
-116
87
147
-60
264
108
234
224
331
400
363
251
116
-137
-537
-712
-1231
-1390
-1921
-2181
-2313
-2772
-2681
-2979
-2625
-2637
-2348
-1977
-1836
-1409
-1267
-808
-604
-157
147
698
995
1338
1709
1795
2191
2213
2494
2492
2523
2473
2376
2308
2115
2216
2153
2270
2237
2315
2235
2147
2168
2110
2195
2076
2262
2183
2257
2328
2363
2669
2683
2897
2943
2866
2690
2559
2394
2128
1867
1550
1170
774
354
-60
-284
-628
-870
-1175
-1475
-1881
-2175
-2352
-2514
-2555
-2597
-2640
-2704
-2725
-2750
-2666
-2561
-2243
-2173
-1918
-1890
-1896
-1758
-1825
-1554
-1499
-1291
-1175
-970
-792
-713
-467
-359
-226
-183
-120
-187
-191
-227
-314
-339
-491
-590
-707
-663
-743
-707
-586
-634
-537
-612
-495
-505
-382
-188
-92
145
221
364
451
561
538
610
580
549
576
526
587
589
707
784
918
1056
1173
1313
1544
1639
1709
1842
1809
1896
1947
2025
2147
2196
2288
2257
2260
2306
2156
2200
2120
1972
1832
1578
1423
1118
958
713
508
359
29
-130
-372
-709
-875
-1126
-1304
-1487
-1725
-1751
-1982
-2033
-2097
-2140
-2040
-2115
-1941
-1939
-1968
-1920
-1994
-1971
-2051
-2084
-2066
-2121
-2092
-2034
-1957
-1897
-1836
-1785
-1819
-1867
-1923
-1913
-1922
-1893
-1782
-1802
-1773
-1778
-1780
-1654
-1550
-1355
-1106
-911
-809
-658
-532
-420
-272
-85
133
287
449
659
789
943
1093
1203
1364
1318
1377
1370
1345
1397
1413
1552
1585
1625
1698
1714
1779
1842
1904
2063
2051
2072
2073
2032
2027
1964
2040
2020
2001
2016
1973
1899
1786
1613
1495
1310
1162
1068
910
881
670
589
462
332
325
244
289
209
133
62
-85
-190
-290
-404
-398
-465
-456
-390
-398
-335
-349
-339
-443
-517
-600
-696
-765
-828
-873
-960
-1025
-1154
-1221
-1341
-1444
-1519
-1566
-1686
-1820
-1906
-2046
-2156
-2193
-2211
-2216
-2128
-2089
-1919
-1815
-1626
-1416
-1233
-999
-876
-611
-472
-267
-6
193
448
660
874
1083
1251
1421
1570
1652
1766
1791
1823
1852
1840
1895
1915
1953
2015
2075
2087
2118
2102
2031
1976
1881
1815
1694
1598
1496
1376
1250
1136
1017
893
804
689
645
518
414
317
169
40
-91
-183
-272
-302
-285
-254
-208
-158
-155
-129
-164
-204
-215
-239
-229
-209
-142
-109
-63
-27
-51
-107
-199
-283
-365
-438
-509
-578
-655
-774
-895
-1030
-1198
-1368
-1517
-1653
-1824
-2000
-2139
-2346
-2516
-2666
-2795
-2864
-2988
-2984
-3003
-3003
-2931
-2863
-2702
-2564
-2460
-2249
-2098
-1939
-1682
-1497
-1229
-1032
-781
-536
-322
-32
222
470
726
916
1069
1255
1361
1540
1659
1798
1930
2055
2162
2224
2316
2298
2291
2264
2219
2140
2066
1973
1839
1686
1517
1312
1112
927
717
610
436
297
198
16
-111
-255
-349
-394
-408
-354
-297
-241
-140
-97
-35
31
44
85
105
132
199
300
418
600
727
815
835
806
765
680
663
632
595
550
471
373
242
107
-35
-202
-350
-524
-705
-876
-1066
-1259
-1457
-1650
-1866
-2048
-2199
-2337
-2383
-2439
-2439
-2415
-2400
-2354
-2289
-2169
-2052
-1900
-1738
-1566
-1430
-1219
-1036
-801
-521
-274
41
291
533
746
954
1148
1356
1555
1757
1931
2120
2277
2425
2579
2653
2736
2764
2780
2749
2733
2673
2588
2486
2322
2163
1957
1787
1597
1444
1293
1091
904
684
450
249
54
-79
-174
-253
-241
-251
-177
-125
-55
2
5
47
24
66
92
182
287
369
484
548
579
625
639
648
660
637
644
574
547
471
404
344
190
98
-42
-193
-320
-462
-579
-736
-906
-1071
-1292
-1476
-1680
-1854
-1978
-2118
-2203
-2274
-2326
-2363
-2373
-2354
-2342
-2316
-2293
-2238
-2183
-2111
-1983
-1840
-1691
-1536
-1359
-1194
-1031
-853
-652
-451
-265
-92
110
283
461
686
889
1120
1301
1481
1635
1741
1863
1944
2020
2041
2020
2001
1902
1811
1725
1622
1538
1410
1281
1119
921
730
500
326
141
-36
-120
-239
-295
-328
-328
-332
-337
-345
-378
-399
-427
-411
-353
-292
-232
-156
-127
-85
-68
-9
38
71
127
133
145
120
83
79
32
-29
-58
-123
-168
-220
-226
-256
-317
-388
-516
-629
-805
-941
-1078
-1218
-1335
-1453
-1520
-1596
-1634
-1659
-1673
-1670
-1711
-1732
-1748
-1786
-1771
-1746
-1702
-1645
-1606
-1533
-1485
-1401
-1318
-1211
-1066
-952
-800
-647
-502
-346
-158
37
240
447
656
850
1052
1247
1438
1640
1751
1880
1962
2011
2062
2107
2181
2194
2209
2159
2067
1950
1789
1646
1491
1338
1182
1036
912
801
729
688
659
631
585
556
516
467
453
440
423
388
370
340
316
309
323
359
394
442
493
531
523
530
490
453
376
308
252
176
147
114
145
127
117
98
37
-38
-139
-240
-326
-456
-549
-645
-739
-781
-871
-873
-925
-958
-993
-1050
-1076
-1139
-1129
-1144
-1128
-1125
-1141
-1129
-1147
-1141
-1108
-1098
-1058
-1016
-978
-893
-843
-725
-623
-502
-370
-234
-66
83
274
439
609
739
847
920
992
1034
1096
1173
1237
1305
1332
1365
1338
1305
1239
1146
1062
946
852
731
614
512
434
383
319
285
249
218
209
195
206
195
144
87
10
-66
-139
-172
-194
-198
-187
-187
-152
-138
-124
-117
-140
-189
-265
-329
-414
-474
-504
-511
-507
-524
-519
-529
-556
-582
-611
-648
-698
-759
-805
-843
-875
-887
-908
-905
-917
-936
-938
-935
-943
-929
-900
-900
-904
-925
-934
-948
-943
-945
-905
-891
-866
-842
-805
-753
-734
-645
-629
-550
-491
-395
-247
-126
66
211
373
474
557
644
691
767
841
892
941
974
1003
1034
1031
1046
1028
1008
958
904
873
788
731
656
575
504
417
388
379
371
427
462
536
534
531
524
457
440
362
353
314
282
289
285
306
293
303
302
269
237
208
160
130
80
54
31
1
-10
-31
-23
-46
-36
-51
-87
-111
-152
-168
-178
-182
-212
-222
-260
-289
-317
-309
-324
-331
-300
-367
-368
-449
-467
-513
-560
-521
-550
-479
-477
-416
-362
-352
-320
-334
-321
-351
-347
-305
-266
-183
-97
1
114
194
290
383
470
559
611
689
714
700
707
651
637
601
567
569
557
578
568
579
550
510
429
352
278
184
167
75
107
74
60
67
37
91
32
84
64
60
73
19
26
28
-13
-4
-29
-37
-55
-136
-77
-152
-122
-146
-153
-107
-120
-81
-88
-19
-20
8
-10
33
-26
-38
-46
-107
-108
-183
-190
-269
-205
-279
-256
-180
-205
-186
-211
-217
-275
-337
-412
-527
-520
-441
-807
-320
-565
-541
-179
-664
85
-621
-41
-331
-340
114
-784
358
-732
96
-416
-311
234
-680
638
-569
653
-42
110
587
-312
766
-444
491
-98
12
161
-198
358
-265
319
-193
231
-62
22
129
-74
250
-210
230
-132
33
-45
-89
20
-159
-23
-196
-49
-201
-148
-177
-181
-189
-257
-185
-277
-241
-257
-288
-269
-261
-305
-228
-240
-164
-123
-93
25
19
157
144
195
258
232
177
167
114
12
-14
-78
-30
-66
-25
-55
-33
73
-64
-28
86
-108
-50
-61
-132
-38
-145
-32
-50
119
36
157
331
235
480
302
595
388
414
458
193
509
105
376
266
266
378
152
449
206
328
208
228
206
59
125
-15
80
-13
-19
19
65
-15
56
87
117
139
124
217
133
258
108
244
227
147
187
91
196
-16
87
12
25
28
-111
-28
-93
-95
-169
-81
-110
-95
-139
-104
-62
-132
-36
-102
65
-2
35
176
193
296
268
413
360
324
297
224
232
79
121
26
42
43
-135
92
-105
-61
4
-116
-30
-163
-20
-172
-61
-57
-108
29
-73
112
53
279
249
321
612
341
586
504
525
524
366
589
244
476
238
175
508
2
245
154
71
-49
-188
-119
-336
-256
-521
-380
-430
-535
-561
-498
-420
-625
-427
-543
-411
-460
-537
-355
-301
-435
-350
-335
-406
-277
-523
-338
-294
-401
-451
-342
-448
-462
-514
-635
-389
-679
-503
-676
-393
-453
-667
-182
-585
-204
-508
-371
-140
-403
-64
-316
109
-117
-99
98
-78
212
-178
134
50
-157
103
-274
49
-175
-209
-141
-185
-108
-412
68
-333
-83
-78
-210
136
-192
180
-30
259
238
149
520
343
475
603
677
584
794
631
668
749
482
755
539
554
620
403
498
375
249
252
120
13
-94
-122
-221
-263
-288
-253
-321
-337
-225
-485
-129
-455
-318
-199
-445
-143
-470
-97
-372
-149
-138
-210
95
-247
122
-213
54
-111
-240
41
-399
-82
-360
-212
-174
-364
-67
-283
-110
-156
-104
-23
-93
65
-51
132
31
46
211
69
227
171
297
258
243
358
275
363
249
295
264
234
183
144
244
173
149
171
315
223
253
446
418
561
508
618
761
699
758
799
1008
849
911
1033
984
1050
908
1054
981
928
822
806
840
575
604
477
455
316
129
178
10
-104
-208
-242
-272
-393
-386
-372
-382
-389
-370
-371
-383
-376
-465
-469
-477
-488
-509
-502
-426
-443
-383
-397
-362
-320
-394
-442
-415
-409
-551
-519
-531
-588
-598
-654
-557
-569
-556
-498
-488
-326
-386
-347
-255
-268
-255
-373
-195
-268
-271
-207
-163
-55
-151
24
-72
81
6
-85
87
-67
-9
-94
-28
-61
-84
-19
-80
62
37
9
120
197
225
246
371
421
394
471
455
543
519
513
568
526
616
505
578
561
494
454
383
356
237
230
111
100
18
-70
-152
-239
-300
-417
-465
-499
-506
-547
-485
-507
-494
-445
-503
-509
-510
-572
-672
-674
-698
-758
-727
-709
-711
-699
-695
-680
-672
-658
-722
-682
-726
-809
-768
-819
-807
-861
-807
-746
-755
-629
-553
-481
-386
-304
-260
-170
-124
-138
-41
-24
19
103
133
255
259
351
423
424
543
464
543
539
489
547
494
546
493
515
493
474
533
498
547
556
598
620
612
694
667
741
717
725
827
724
809
781
776
781
694
736
669
690
620
592
661
549
562
565
532
498
392
370
299
274
193
162
213
114
146
139
160
147
79
98
23
16
-58
-110
-122
-234
-265
-348
-386
-378
-498
-484
-507
-520
-507
-556
-473
-555
-544
-600
-623
-579
-654
-598
-597
-504
-503
-432
-323
-274
-196
-166
-95
-33
-7
25
101
142
189
200
302
333
351
421
411
500
458
505
525
481
498
434
455
427
417
395
398
397
358
380
380
347
354
311
290
302
256
299
266
315
282
300
333
265
283
217
201
135
109
84
34
20
-12
-35
-30
-61
-78
-83
-104
-137
-179
-175
-236
-280
-323
-363
-410
-437
-473
-481
-505
-543
-568
-609
-614
-711
-733
-810
-877
-944
-1006
-990
-1062
-1000
-1028
-998
-933
-954
-865
-880
-822
-810
-800
-718
-737
-654
-620
-576
-483
-462
-352
-341
-275
-218
-197
-116
-101
-13
-24
60
74
79
179
157
212
241
268
291
265
328
289
301
352
284
376
348
356
402
424
470
446
541
531
547
566
537
564
555
573
569
645
669
647
723
711
717
702
696
676
594
579
512
480
482
407
414
419
403
393
386
408
354
329
313
252
223
149
60
22
-58
-124
-186
-187
-260
-316
-317
-381
-403
-462
-498
-564
-568
-619
-650
-621
-633
-608
-578
-508
-467
-422
-373
-348
-303
-268
-240
-192
-142
-113
-87
-43
-21
-16
1
18
17
51
42
51
82
95
124
136
191
184
197
213
199
228
244
238
247
285
254
230
262
256
285
317
361
402
443
483
473
544
552
524
547
543
540
527
557
571
590
630
620
654
654
604
562
550
507
433
427
379
328
290
247
228
224
218
181
193
190
120
93
52
-14
-107
-167
-224
-309
-345
-454
-496
-535
-610
-670
-704
-740
-827
-840
-869
-873
-881
-866
-848
-831
-781
-811
-755
-721
-741
-682
-651
-600
-592
-530
-496
-483
-417
-417
-386
-365
-355
-390
-371
-386
-403
-382
-382
-380
-395
-368
-386
-359
-320
-307
-264
-229
-215
-209
-205
-229
-249
-242
-240
-224
-196
-152
-127
-88
-22
21
100
142
190
237
262
300
313
367
389
393
445
471
487
524
544
576
600
617
619
598
595
541
521
534
516
474
462
440
397
356
307
297
233
193
117
57
8
-104
-159
-198
-248
-321
-373
-433
-500
-566
-603
-604
-605
-584
-586
-532
-478
-481
-414
-364
-312
-283
-233
-163
-149
-96
-97
-69
-32
-26
-19
6
50
31
62
86
89
94
84
85
61
76
35
4
29
-1
-1
16
56
67
89
139
130
167
161
122
133
146
132
126
179
186
230
293
323
386
454
517
544
657
724
726
780
810
821
844
887
913
974
1002
980
999
1022
968
921
928
916
872
843
796
756
689
594
516
520
454
321
296
230
158
24
-15
-69
-155
-193
-294
-280
-337
-433
-478
-478
-499
-606
-586
-580
-590
-600
-597
-532
-518
-502
-530
-462
-401
-452
-420
-401
-396
-470
-522
-505
-563
-566
-626
-591
-550
-595
-592
-590
-542
-604
-605
-575
-604
-611
-643
-617
-619
-601
-578
-550
-452
-443
-386
-326
-287
-286
-309
-250
-295
-266
-235
-213
-155
-134
-69
-21
47
88
142
237
269
294
355
398
400
406
478
491
518
531
538
588
567
545
532
569
502
411
438
390
353
299
259
243
177
136
57
93
54
-43
-50
-84
-105
-206
-205
-213
-197
-177
-225
-169
-176
-206
-275
-255
-211
-293
-273
-332
-310
-301
-371
-326
-315
-224
-310
-305
-275
-323
-360
-502
-458
-502
-542
-632
-638
-511
-592
-590
-582
-460
-470
-579
-501
-474
-399
-536
-544
-407
-416
-458
-517
-288
-220
-281
-243
-147
9
-130
-165
-58
58
22
-104
100
217
219
140
268
496
471
448
508
731
742
595
671
824
880
736
747
953
955
842
762
912
933
758
663
711
776
570
439
518
581
465
348
444
520
412
265
254
334
244
122
169
297
263
138
186
285
303
235
275
376
372
265
205
250
215
99
113
202
215
167
158
173
127
55
20
27
-5
-77
-125
-107
-178
-262
-263
-247
-293
-323
-271
-241
-282
-333
-338
-316
-366
-446
-397
-333
-352
-401
-313
-259
-308
-354
-321
-240
-240
-266
-212
-98
-107
-176
-106
5
17
27
135
280
317
319
341
409
433
390
434
536
574
538
551
577
547
510
472
463
461
406
327
278
222
122
61
26
-5
-14
-8
-38
-80
-68
-94
-137
-158
-154
-126
-137
-146
-141
-96
-110
-160
-117
-79
-76
-148
-129
-101
-127
-167
-217
-162
-183
-238
-271
-236
-211
-310
-349
-351
-364
-415
-477
-453
-438
-448
-524
-530
-484
-541
-585
-609
-559
-575
-626
-658
-681
-663
-742
-780
-734
-675
-680
-724
-683
-658
-676
-729
-703
-598
-556
-565
-537
-421
-402
-439
-416
-301
-196
-198
-136
-20
85
58
64
159
224
219
193
302
348
322
278
290
344
283
248
259
302
284
200
238
230
209
135
127
168
133
147
134
195
159
133
153
148
175
156
232
273
287
331
329
358
302
300
345
326
339
317
388
362
325
338
342
388
306
344
388
384
306
244
317
244
206
192
250
265
151
143
143
153
48
15
100
80
27
-28
41
43
-58
-71
-41
14
-105
-149
-84
-72
-122
-172
-33
-9
-50
-68
23
114
77
78
165
264
211
170
267
348
324
320
434
545
522
482
519
597
564
493
561
631
570
465
445
466
381
281
274
325
319
196
173
206
160
61
43
126
116
50
4
22
40
-50
-93
-38
36
-13
-45
7
35
5
-64
-24
29
18
-58
-62
-4
-45
-133
-139
-94
-117
-215
-252
-224
-234
-307
-331
-255
-243
-314
-364
-322
-351
-435
-489
-462
-458
-536
-597
-593
-578
-651
-658
-603
-550
-597
-640
-613
-623
-674
-721
-678
-647
-689
-693
-659
-611
-636
-622
-519
-470
-440
-435
-355
-312
-335
-288
-205
-123
-157
-128
-45
-37
-54
-69
65
98
76
85
155
197
78
95
156
196
112
58
140
104
0
-86
5
60
-48
-64
7
76
-42
-101
23
76
25
-56
77
150
47
-28
49
187
97
34
145
255
192
87
210
342
294
186
232
338
213
60
73
178
120
-21
29
132
85
-75
-54
81
45
-84
-83
23
-23
-205
-212
-97
-91
-196
-164
-17
-20
-115
-130
-10
26
-71
-49
83
111
28
23
152
185
128
140
246
284
200
211
313
370
332
363
485
521
460
455
528
547
481
478
541
535
454
421
486
491
432
445
512
508
423
392
414
385
317
298
343
323
251
232
249
249
210
221
281
285
275
257
285
272
246
243
245
262
211
219
203
195
196
199
237
230
253
237
208
177
119
114
47
5
-15
-44
-75
-145
-119
-148
-171
-221
-242
-246
-334
-376
-416
-401
-444
-481
-456
-465
-464
-500
-475
-437
-452
-438
-425
-377
-383
-384
-327
-270
-210
-164
-107
-72
-75
-63
-55
-53
-73
-53
-6
9
30
49
93
70
40
45
64
13
-54
-67
-56
-110
-181
-159
-134
-155
-230
-184
-127
-155
-221
-192
-137
-190
-261
-257
-183
-211
-283
-247
-165
-182
-269
-246
-148
-154
-202
-164
-58
-76
-169
-177
-139
-168
-269
-257
-180
-165
-224
-220
-142
-168
-244
-270
-211
-227
-325
-346
-313
-326
-432
-445
-398
-402
-455
-456
-376
-393
-472
-490
-452
-456
-529
-493
-405
-369
-387
-369
-286
-313
-358
-345
-255
-221
-221
-142
-33
23
-4
46
145
174
161
211
300
311
259
272
320
315
274
321
408
420
395
410
437
386
313
313
340
307
263
287
304
253
210
218
245
214
220
298
346
323
317
373
358
300
290
353
385
360
385
458
479
417
414
484
503
455
468
563
560
460
409
446
417
316
329
415
427
326
293
347
287
170
119
195
184
85
80
126
99
-38
-68
-16
-38
-138
-151
-65
-72
-161
-169
-93
-82
-156
-123
-19
-6
-55
-44
65
60
-1
25
125
159
117
177
277
314
258
275
363
354
284
291
363
358
268
259
294
253
184
161
228
210
151
139
164
138
23
-7
-2
-7
-78
-92
-53
-73
-110
-133
-82
-82
-131
-127
-83
-65
-118
-112
-80
-73
-95
-110
-55
-74
-104
-122
-84
-79
-128
-131
-126
-114
-191
-212
-194
-214
-272
-315
-296
-337
-417
-470
-458
-462
-534
-541
-535
-539
-619
-654
-639
-670
-718
-756
-701
-695
-744
-779
-749
-741
-798
-810
-756
-718
-740
-739
-644
-616
-639
-638
-556
-497
-524
-487
-420
-352
-374
-345
-263
-212
-216
-195
-84
-36
-50
-38
19
51
-3
-7
41
64
35
28
105
109
59
25
78
86
42
36
95
111
63
63
106
130
92
97
168
206
181
180
241
280
247
256
311
360
334
325
366
392
360
337
379
395
357
322
352
363
326
301
309
313
274
231
231
218
196
157
169
173
136
97
71
79
43
28
18
38
26
-6
-9
-24
-44
-74
-63
-41
-38
-33
-36
-28
-28
-28
1
38
66
80
123
148
174
187
220
249
266
303
332
364
363
389
430
458
467
493
528
534
522
538
558
554
534
549
575
552
536
538
577
559
555
564
577
543
503
522
540
532
509
549
563
533
488
496
510
476
445
479
500
452
418
424
431
378
338
357
371
322
267
266
257
186
120
117
109
48
-16
-13
-25
-95
-165
-170
-186
-256
-288
-304
-313
-382
-424
-429
-465
-519
-568
-568
-588
-608
-623
-613
-627
-667
-688
-686
-707
-729
-721
-699
-691
-713
-696
-696
-696
-699
-658
-619
-598
-582
-557
-517
-515
-513
-477
-431
-416
-400
-366
-335
-347
-343
-303
-253
-262
-253
-212
-178
-201
-217
-177
-156
-159
-151
-95
-63
-74
-84
-38
-11
-27
-30
16
47
22
21
58
75
62
44
75
78
38
16
30
48
7
-14
2
3
-41
-73
-68
-57
-100
-127
-122
-123
-176
-212
-213
-210
-232
-269
-248
-254
-295
-343
-333
-341
-368
-394
-377
-363
-415
-454
-454
-452
-479
-488
-460
-431
-461
-468
-452
-431
-451
-457
-409
-369
-376
-371
-320
-300
-298
-278
-207
-159
-147
-122
-53
-15
-6
17
85
124
130
168
233
271
271
316
382
417
420
445
508
541
547
590
647
676
658
697
750
769
759
800
858
858
849
867
899
884
864
883
929
907
880
889
909
866
821
828
834
793
756
761
745
686
629
638
621
569
523
528
513
437
379
371
345
283
245
248
230
159
116
117
88
19
-8
-1
-21
-96
-119
-112
-155
-226
-244
-228
-254
-318
-319
-285
-310
-361
-371
-341
-379
-424
-400
-345
-367
-404
-381
-338
-367
-408
-376
-320
-325
-335
-279
-236
-249
-290
-254
-208
-221
-248
-186
-126
-143
-173
-136
-93
-130
-142
-88
-19
-40
-51
9
61
44
23
79
126
104
85
154
195
151
132
184
219
165
133
176
197
133
101
144
147
73
36
64
63
-21
-70
-43
-61
-133
-171
-143
-158
-225
-253
-222
-242
-327
-362
-341
-356
-429
-450
-420
-429
-506
-533
-509
-528
-590
-610
-564
-571
-635
-642
-595
-613
-668
-666
-606
-592
-630
-604
-551
-549
-604
-584
-509
-486
-514
-487
-411
-395
-430
-418
-347
-334
-365
-329
-231
-213
-257
-234
-152
-131
-176
-150
-58
-35
-70
-26
68
82
29
67
159
183
146
185
287
310
275
310
407
401
361
405
516
528
473
511
588
579
523
559
636
624
570
604
667
626
538
550
607
572
500
519
568
501
404
405
439
364
275
296
336
275
184
197
218
142
59
85
113
43
-24
3
47
-19
-95
-58
-22
-86
-143
-98
-53
-117
-160
-100
-56
-114
-160
-98
-53
-107
-143
-73
-28
-82
-104
-30
19
-38
-47
38
83
40
28
110
155
110
92
173
215
161
155
229
269
221
213
294
325
272
256
326
360
315
308
395
420
373
382
445
465
424
423
489
515
479
489
544
554
497
493
535
533
484
475
518
514
459
429
437
406
339
302
317
287
221
180
177
135
57
11
-8
-48
-116
-144
-149
-175
-252
-288
-298
-341
-414
-447
-442
-467
-503
-527
-515
-544
-588
-607
-590
-598
-636
-638
-610
-614
-651
-650
-635
-636
-670
-647
-619
-619
-640
-629
-594
-597
-605
-597
-569
-566
-572
-562
-515
-522
-531
-506
-472
-464
-488
-463
-430
-418
-432
-398
-361
-360
-367
-330
-284
-284
-290
-261
-214
-216
-215
-178
-129
-127
-131
-78
-38
-42
-41
20
60
59
63
107
137
117
117
155
177
152
145
173
183
142
106
118
116
64
40
47
41
-19
-36
-39
-74
-118
-144
-127
-154
-183
-200
-183
-208
-241
-248
-238
-242
-266
-246
-218
-221
-235
-213
-189
-202
-205
-175
-139
-146
-150
-108
-75
-88
-94
-44
-3
-10
-3
54
80
64
56
108
135
115
122
182
231
209
207
253
281
242
244
292
327
297
310
368
399
378
376
436
461
452
457
530
551
541
551
615
644
629
639
707
743
729
748
803
836
809
820
871
882
833
844
876
877
838
831
851
836
779
752
760
729
670
639
641
605
531
498
477
431
356
319
314
267
208
168
169
124
67
29
26
-15
-67
-78
-73
-95
-144
-143
-141
-162
-207
-215
-208
-220
-252
-249
-240
-257
-288
-296
-287
-305
-330
-333
-327
-346
-372
-386
-386
-401
-436
-444
-436
-449
-465
-477
-454
-468
-496
-503
-495
-494
-519
-517
-499
-488
-501
-494
-469
-454
-473
-459
-433
-410
-424
-404
-368
-340
-339
-334
-287
-261
-257
-261
-208
-194
-196
-199
-155
-133
-149
-155
-137
-127
-157
-163
-145
-133
-176
-190
-189
-196
-248
-287
-277
-285
-328
-362
-358
-379
-430
-468
-458
-472
-512
-531
-524
-526
-556
-575
-568
-561
-589
-598
-575
-565
-575
-581
-544
-534
-542
-541
-508
-484
-485
-477
-448
-418
-432
-420
-386
-352
-359
-351
-326
-296
-300
-289
-257
-233
-230
-230
-190
-164
-162
-169
-132
-109
-101
-94
-55
-27
-10
6
42
76
88
110
155
205
223
264
308
356
379
419
459
500
525
554
592
625
651
670
702
724
749
768
799
817
823
831
837
851
851
848
861
862
861
851
853
845
824
799
796
785
764
740
718
700
668
635
611
594
551
522
496
484
446
413
395
386
355
338
331
321
301
276
272
269
262
236
242
242
231
209
216
218
198
177
179
183
157
149
149
144
110
91
95
82
55
50
64
64
45
27
48
48
32
25
42
55
31
39
63
72
48
51
77
86
67
66
109
113
94
108
146
160
131
143
185
184
161
171
208
202
185
195
239
232
202
216
239
222
189
197
212
195
154
150
159
126
75
65
64
33
-17
-31
-32
-75
-124
-134
-138
-176
-223
-238
-244
-284
-318
-338
-343
-390
-424
-424
-431
-456
-491
-480
-489
-521
-547
-541
-554
-579
-598
-588
-586
-619
-622
-622
-622
-653
-651
-642
-648
-664
-665
-639
-646
-661
-655
-634
-638
-649
-642
-617
-633
-640
-631
-606
-598
-608
-576
-548
-537
-542
-506
-476
-468
-456
-426
-380
-368
-349
-320
-275
-264
-248
-218
-179
-167
-150
-111
-79
-52
-43
-4
20
49
54
82
105
119
133
155
180
188
195
208
229
229
244
243
258
254
261
266
267
259
261
266
259
256
253
257
240
242
245
248
241
242
245
252
246
245
248
250
250
236
255
260
253
254
266
275
267
268
271
282
268
260
269
278
271
263
273
282
281
264
280
296
291
279
298
314
304
291
298
332
325
312
329
366
360
344
356
381
369
347
370
396
393
368
382
408
404
376
393
414
409
381
408
443
426
409
416
443
426
407
406
430
412
382
383
401
373
332
331
338
316
276
269
260
221
178
165
150
126
75
59
54
13
-25
-41
-41
-88
-126
-135
-148
-186
-224
-235
-257
-290
-323
-334
-360
-397
-420
-429
-451
-490
-503
-510
-527
-563
-567
-579
-605
-621
-628
-625
-649
-668
-670
-659
-683
-700
-694
-691
-705
-720
-714
-701
-724
-736
-716
-701
-708
-724
-690
-686
-689
-692
-668
-644
-655
-645
-623
-598
-592
-585
-547
-516
-512
-499
-465
-436
-436
-422
-380
-357
-357
-341
-311
-276
-274
-252
-211
-193
-189
-171
-135
-119
-114
-95
-67
-52
-38
-32
6
10
20
25
39
64
47
62
67
81
64
75
89
88
78
77
85
86
82
84
93
78
75
72
77
67
66
67
82
71
67
77
78
71
57
73
66
59
48
60
60
52
46
58
61
46
54
60
71
63
78
97
108
107
111
129
138
139
149
179
190
201
214
239
253
259
270
293
311
323
343
367
390
389
407
437
457
463
480
514
528
539
560
586
591
598
618
645
655
665
680
693
699
686
700
708
714
703
710
724
722
714
711
720
709
693
689
694
681
656
651
658
630
609
600
593
570
548
534
514
494
459
436
420
392
353
335
321
288
253
240
215
180
141
123
105
74
41
25
12
-16
-48
-67
-80
-117
-149
-160
-174
-206
-227
-236
-244
-269
-289
-300
-319
-338
-344
-353
-356
-379
-387
-386
-390
-402
-411
-402
-404
-405
-407
-383
-387
-395
-395
-382
-384
-381
-373
-370
-368
-371
-361
-354
-353
-356
-338
-337
-328
-326
-318
-307
-303
-304
-294
-284
-282
-281
-266
-250
-253
-256
-253
-247
-255
-257
-252
-253
-265
-262
-265
-263
-272
-285
-286
-287
-303
-310
-304
-313
-324
-335
-332
-337
-343
-351
-357
-362
-371
-383
-382
-396
-411
-423
-427
-433
-450
-461
-461
-458
-470
-473
-470
-478
-483
-487
-483
-478
-480
-481
-467
-460
-460
-449
-446
-427
-431
-414
-398
-389
-380
-367
-341
-333
-320
-299
-276
-262
-244
-227
-197
-192
-162
-139
-106
-86
-66
-33
-12
14
35
79
95
126
142
177
204
227
253
278
304
326
350
369
398
405
430
457
480
497
519
539
551
561
569
597
603
612
622
638
644
648
654
652
656
639
645
642
640
621
623
621
605
589
576
574
547
536
518
521
492
484
464
454
432
414
407
386
375
351
348
320
302
267
276
252
234
218
214
198
170
163
146
142
114
116
110
106
87
91
86
79
60
60
62
57
53
52
69
66
63
62
74
65
64
70
82
82
76
82
102
102
100
109
122
123
131
136
152
145
142
155
157
161
155
175
172
169
154
167
155
153
138
143
137
120
113
107
103
80
82
64
61
33
21
9
3
-28
-39
-60
-78
-96
-120
-130
-159
-185
-214
-228
-258
-278
-309
-317
-354
-376
-396
-413
-436
-471
-477
-496
-519
-546
-555
-575
-592
-612
-619
-623
-632
-648
-655
-659
-670
-675
-676
-670
-673
-684
-680
-671
-683
-681
-670
-659
-655
-649
-635
-620
-616
-601
-579
-557
-550
-531
-507
-480
-459
-444
-411
-392
-376
-353
-320
-302
-282
-261
-225
-200
-173
-154
-124
-104
-83
-61
-33
-6
0
35
54
80
90
117
143
157
168
197
219
231
241
256
278
280
289
289
304
298
305
317
322
316
318
310
320
310
307
311
312
321
300
307
300
293
277
278
278
259
244
246
231
228
214
218
209
187
183
181
179
153
153
139
141
123
130
124
121
108
104
113
104
100
92
108
102
106
109
123
123
114
122
131
127
129
132
141
143
148
157
167
173
171
190
193
196
201
213
227
230
244
250
270
272
278
296
304
309
305
323
326
337
336
348
348
353
356
357
369
359
357
355
361
350
353
349
348
338
330
331
326
312
304
304
285
275
269
264
247
227
215
208
183
172
148
126
105
82
63
41
19
-1
-20
-38
-51
-76
-89
-104
-122
-133
-145
-161
-182
-203
-220
-237
-259
-275
-281
-301
-312
-325
-343
-359
-374
-389
-398
-411
-418
-424
-433
-427
-440
-436
-442
-439
-446
-441
-435
-434
-428
-427
-417
-414
-415
-410
-393
-402
-393
-387
-380
-373
-370
-368
-358
-349
-337
-324
-313
-299
-300
-281
-272
-261
-254
-235
-217
-212
-198
-189
-177
-168
-159
-143
-135
-130
-121
-120
-110
-105
-106
-99
-95
-91
-93
-79
-76
-77
-74
-75
-70
-69
-66
-65
-62
-73
-69
-78
-79
-76
-82
-74
-80
-84
-82
-84
-87
-94
-95
-86
-99
-97
-106
-101
-102
-101
-88
-98
-88
-91
-86
-78
-70
-63
-60
-46
-41
-28
-16
-7
2
15
28
35
53
58
71
88
99
115
129
148
160
181
193
211
228
244
263
289
303
319
348
358
386
399
423
434
451
465
483
500
509
525
535
550
562
568
565
578
571
585
589
603
599
601
604
600
602
597
604
594
588
575
574
554
550
534
521
502
485
461
440
422
396
382
361
349
316
297
272
249
229
208
183
153
134
114
97
69
51
32
0
-22
-40
-57
-86
-103
-133
-145
-165
-184
-201
-216
-228
-247
-254
-273
-277
-297
-308
-316
-312
-318
-325
-332
-331
-339
-345
-344
-356
-361
-373
-357
-361
-361
-362
-354
-354
-351
-348
-351
-351
-347
-337
-340
-329
-332
-320
-321
-311
-303
-296
-290
-294
-284
-278
-278
-276
-270
-266
-260
-257
-253
-256
-254
-252
-260
-262
-256
-263
-265
-265
-263
-267
-265
-269
-266
-278
-274
-278
-277
-272
-278
-279
-290
-283
-297
-289
-305
-302
-304
-307
-313
-313
-316
-316
-316
-320
-321
-318
-318
-318
-313
-319
-294
-299
-282
-283
-272
-266
-248
-240
-230
-217
-209
-190
-194
-174
-166
-149
-144
-127
-113
-99
-89
-71
-56
-42
-38
-25
-10
3
26
32
54
68
84
98
113
131
144
157
168
177
195
202
212
220
231
243
249
259
265
275
288
300
303
318
325
329
328
331
340
348
344
351
351
356
354
357
360
358
358
355
360
359
358
346
349
339
339
328
331
324
319
320
309
309
301
300
298
293
289
281
278
273
260
264
257
252
248
245
235
237
230
225
215
210
214
209
214
206
208
199
203
195
198
192
190
183
187
185
181
186
174
180
171
180
171
173
165
166
162
161
156
151
152
147
145
140
149
139
142
135
144
134
132
130
126
127
120
124
114
107
107
104
93
89
71
65
55
46
33
28
18
3
1
-8
-11
-26
-31
-48
-55
-66
-80
-94
-111
-111
-123
-126
-141
-155
-163
-179
-190
-197
-210
-233
-239
-255
-262
-275
-287
-300
-303
-311
-325
-330
-339
-339
-347
-348
-353
-352
-359
-357
-370
-365
-366
-369
-370
-370
-368
-375
-365
-373
-374
-380
-374
-376
-365
-354
-350
-353
-347
-334
-330
-322
-320
-311
-305
-294
-285
-275
-273
-257
-253
-243
-230
-220
-205
-196
-182
-176
-167
-162
-158
-150
-148
-132
-130
-117
-107
-100
-89
-89
-77
-66
-54
-45
-35
-27
-8
-17
-4
3
5
13
19
26
26
34
35
38
47
42
36
42
38
46
39
50
45
46
51
51
64
60
69
68
79
80
83
85
84
88
91
101
99
108
107
109
110
109
115
115
123
131
135
140
146
146
154
155
170
172
177
189
194
199
202
216
213
215
225
230
240
236
248
253
247
259
259
272
277
277
278
284
288
288
296
294
299
303
305
310
304
301
311
302
300
296
290
284
283
276
273
274
262
258
250
250
240
238
231
221
210
205
199
187
189
173
174
154
151
144
124
116
99
91
79
70
58
47
37
26
22
11
-3
-3
-18
-24
-28
-45
-49
-60
-66
-75
-78
-91
-94
-98
-97
-105
-112
-118
-123
-127
-130
-127
-142
-141
-150
-149
-161
-164
-169
-178
-183
-185
-187
-187
-184
-195
-186
-193
-188
-190
-188
-193
-193
-184
-189
-183
-186
-177
-181
-181
-181
-179
-186
-187
-191
-197
-197
-200
-195
-208
-206
-203
-202
-210
-212
-209
-204
-202
-206
-198
-204
-203
-202
-200
-198
-200
-197
-195
-200
-193
-193
-203
-195
-201
-201
-200
-195
-195
-193
-190
-193
-193
-188
-184
-177
-175
-171
-162
-159
-148
-152
-145
-142
-133
-126
-120
-114
-108
-104
-104
-101
-110
-96
-91
-80
-76
-67
-61
-61
-48
-48
-32
-30
-27
-12
-3
10
18
32
38
52
56
65
72
82
83
92
104
103
117
120
126
127
139
142
152
158
165
170
180
189
184
190
191
198
195
202
199
208
216
222
223
229
227
224
230
228
233
219
228
214
218
222
215
214
201
206
203
209
194
200
195
193
193
191
200
187
187
181
183
169
170
162
156
155
144
142
134
132
122
119
109
111
95
89
85
80
80
73
76
68
63
60
63
61
67
59
58
50
47
42
42
39
24
28
18
23
12
8
7
-1
1
-4
-13
-16
-16
-14
-17
-15
-12
-11
-15
-22
-14
-17
-14
-13
-9
-15
-12
-9
-9
-12
-12
-18
-26
-26
-28
-29
-36
-39
-41
-44
-47
-48
-53
-47
-56
-53
-58
-56
-58
-52
-53
-54
-46
-58
-48
-62
-58
-65
-71
-78
-74
-79
-88
-83
-89
-90
-101
-99
-99
-104
-110
-111
-110
-107
-113
-111
-113
-111
-107
-109
-108
-111
-113
-117
-114
-113
-108
-112
-113
-118
-117
-116
-120
-123
-125
-124
-127
-124
-129
-127
-130
-127
-129
-125
-124
-127
-124
-131
-125
-120
-110
-104
-101
-101
-103
-97
-99
-96
-94
-89
-88
-78
-83
-82
-77
-76
-66
-61
-47
-47
-39
-40
-36
-36
-27
-18
-13
-7
0
2
3
11
9
15
17
16
14
18
27
41
35
41
45
47
50
54
66
62
69
66
72
67
68
69
68
63
63
74
66
64
62
61
63
63
70
66
73
71
71
73
74
69
70
71
64
72
70
73
68
76
73
69
66
60
56
54
50
44
35
36
31
29
38
32
36
33
35
29
30
31
38
32
31
38
34
31
32
43
32
37
35
38
32
32
38
43
43
44
52
51
55
51
52
54
52
53
48
50
54
60
58
63
62
60
65
62
63
59
66
63
69
64
61
57
60
50
47
50
40
39
28
34
22
13
7
9
8
11
7
4
9
3
5
-1
-7
-13
-12
-18
-13
-16
-22
-23
-29
-34
-37
-44
-45
-59
-61
-64
-66
-71
-81
-83
-87
-89
-92
-90
-91
-88
-98
-93
-99
-95
-95
-102
-104
-104
-105
-113
-106
-120
-120
-128
-123
-123
-115
-110
-113
-114
-105
-100
-106
-99
-100
-90
-85
-77
-73
-63
-63
-51
-51
-48
-41
-38
-37
-33
-18
-27
-12
-19
-15
-10
-5
3
-1
1
-1
13
10
21
19
28
31
27
39
39
44
47
57
53
66
57
66
63
67
77
70
79
75
79
73
78
66
66
60
64
61
52
51
44
47
38
38
39
41
35
41
35
39
31
31
23
22
23
17
16
8
1
-6
-3
-13
-9
-19
-23
-32
-34
-33
-38
-36
-39
-38
-38
-33
-26
-25
-23
-23
-25
-26
-21
-22
-21
-18
-12
-10
-9
-8
-8
0
7
10
5
21
13
19
28
35
41
36
50
48
55
58
69
69
75
77
87
85
87
95
97
95
91
98
101
108
106
113
111
115
117
118
117
119
119
118
115
111
112
107
101
97
99
86
81
84
72
65
60
52
47
43
37
36
23
10
10
4
-3
-12
-17
-32
-34
-44
-47
-57
-71
-77
-89
-90
-100
-106
-117
-125
-126
-127
-139
-139
-145
-143
-146
-144
-141
-149
-145
-142
-135
-142
-138
-139
-135
-132
-124
-126
-119
-117
-119
-108
-105
-95
-95
-86
-83
-78
-75
-64
-67
-64
-48
-51
-37
-30
-22
-19
-10
3
8
18
26
30
37
43
50
55
57
61
72
72
77
77
76
74
73
74
72
81
69
72
66
65
66
63
60
58
59
57
59
50
55
45
51
47
41
36
28
27
23
19
11
2
-7
-9
-19
-20
-37
-37
-52
-64
-65
-65
-66
-74
-70
-78
-79
-83
-85
-89
-92
-84
-86
-84
-84
-86
-88
-85
-80
-85
-79
-80
-84
-74
-74
-66
-67
-70
-53
-60
-41
-47
-32
-23
-10
0
7
21
25
43
36
56
52
67
72
81
84
87
97
103
98
105
103
107
107
110
118
108
120
118
123
113
117
111
120
121
122
127
124
130
125
129
120
115
113
105
104
101
101
96
91
87
80
78
76
72
64
58
53
44
34
30
23
25
15
12
0
-7
-10
-17
-17
-32
-31
-45
-55
-60
-63
-63
-69
-69
-74
-88
-90
-83
-95
-96
-96
-94
-92
-91
-92
-92
-93
-88
-82
-78
-83
-89
-83
-78
-72
-70
-66
-69
-64
-59
-51
-51
-44
-42
-38
-24
-28
-15
-16
-8
2
7
9
9
13
13
16
22
31
29
33
35
40
39
40
45
35
41
45
48
41
43
40
39
39
40
44
38
44
38
39
38
39
39
35
32
33
34
25
18
11
9
2
-5
-13
-19
-31
-34
-36
-43
-53
-60
-63
-75
-75
-75
-79
-89
-84
-86
-86
-88
-95
-91
-95
-95
-95
-94
-91
-99
-96
-92
-88
-88
-94
-89
-94
-82
-87
-76
-80
-77
-67
-69
-54
-55
-46
-52
-35
-31
-18
-14
-7
4
6
16
24
25
35
46
48
52
57
62
57
66
72
74
76
82
77
75
78
92
88
92
96
99
110
100
108
107
110
111
116
117
113
112
105
100
97
95
90
78
74
63
62
60
51
50
41
34
32
27
26
20
8
6
3
-7
-15
-15
-22
-21
-23
-22
-30
-39
-39
-45
-50
-54
-56
-66
-63
-69
-70
-72
-70
-73
-69
-63
-58
-58
-55
-52
-53
-44
-46
-35
-40
-33
-21
-27
-22
-24
-25
-26
-19
-13
-17
-8
-9
-7
5
9
18
19
26
23
23
25
29
32
31
41
44
52
53
52
54
57
56
60
66
68
72
62
67
63
54
60
54
59
48
57
49
48
48
43
44
37
38
26
28
23
20
10
9
0
-4
-11
-13
-20
-32
-35
-41
-42
-54
-51
-56
-57
-63
-63
-67
-63
-69
-76
-75
-74
-74
-77
-74
-79
-79
-92
-83
-92
-95
-95
-99
-92
-98
-92
-100
-96
-99
-90
-81
-76
-72
-73
-65
-63
-58
-51
-47
-46
-38
-33
-28
-24
-21
-14
-9
-6
-4
-1
0
4
3
10
15
23
25
34
44
45
52
55
63
61
66
72
78
80
81
82
89
90
92
94
92
96
83
86
79
76
71
71
70
64
69
58
53
57
46
41
40
35
32
30
35
20
17
20
12
11
10
1
0
-12
-16
-24
-29
-34
-41
-47
-54
-54
-62
-64
-70
-66
-76
-70
-73
-69
-78
-70
-61
-73
-60
-67
-60
-65
-56
-61
-48
-52
-56
-48
-51
-42
-53
-37
-41
-32
-28
-32
-25
-22
-13
-13
-2
6
7
16
16
27
35
44
57
57
63
68
80
76
80
83
82
89
79
95
89
89
92
97
103
93
104
98
103
102
104
108
104
108
104
98
101
95
88
77
69
71
57
57
49
42
39
40
35
22
13
12
7
-3
-7
-12
-13
-32
-26
-32
-41
-47
-50
-47
-57
-53
-63
-70
-76
-80
-80
-88
-89
-97
-98
-111
-111
-109
-118
-117
-121
-120
-123
-120
-113
-121
-110
-111
-111
-99
-104
-91
-96
-89
-82
-78
-76
-77
-73
-70
-61
-63
-54
-54
-44
-40
-31
-25
-14
-13
-8
0
0
11
12
31
26
40
45
52
61
61
68
68
72
72
66
70
70
63
68
60
65
63
60
57
55
55
53
54
48
51
49
44
42
39
37
33
28
29
22
15
10
3
-1
-9
-19
-25
-35
-40
-45
-54
-55
-62
-64
-62
-69
-69
-75
-75
-73
-84
-72
-80
-76
-83
-78
-73
-73
-70
-70
-62
-65
-57
-60
-52
-57
-45
-46
-36
-38
-31
-23
-23
-11
-12
-7
0
8
8
24
26
40
45
57
68
80
83
86
88
86
99
103
104
102
108
107
110
107
113
113
120
116
119
126
120
117
112
115
113
113
116
116
116
123
117
124
115
119
108
110
99
98
85
70
68
54
59
40
36
27
28
18
15
2
3
-12
-17
-24
-33
-36
-39
-45
-61
-48
-63
-64
-65
-73
-73
-80
-82
-85
-92
-86
-90
-91
-94
-100
-99
-104
-98
-92
-91
-87
-81
-79
-78
-67
-67
-62
-63
-59
-51
-50
-34
-37
-29
-34
-29
-27
-20
-13
-14
-6
-6
2
0
8
7
26
22
24
31
34
34
38
44
49
56
48
51
46
51
49
50
46
45
43
43
42
40
39
29
28
30
28
15
21
11
15
13
6
-7
-7
-6
-17
-13
-20
-23
-34
-39
-38
-42
-53
-57
-56
-63
-62
-69
-71
-73
-82
-79
-90
-85
-85
-85
-84
-83
-84
-79
-73
-74
-73
-66
-65
-66
-60
-62
-61
-60
-54
-57
-49
-48
-51
-51
-46
-48
-44
-41
-37
-33
-36
-23
-22
-13
-12
-4
-3
8
5
9
20
21
25
25
31
25
31
31
35
35
44
45
43
56
56
55
56
61
56
60
66
67
66
67
71
70
75
75
79
72
72
74
65
59
50
50
38
44
35
33
29
25
20
19
19
5
12
10
11
9
6
6
0
-1
6
4
-1
3
5
-3
3
8
6
8
3
4
-2
1
1
-7
-5
-3
-1
-3
-1
-1
-3
4
-1
5
3
7
12
12
22
15
22
18
20
20
26
23
22
28
19
17
13
23
14
18
15
24
18
19
19
21
17
18
26
21
32
20
27
26
28
29
32
27
27
27
27
17
25
21
26
19
9
20
-1
8
1
5
-2
-4
0
-2
3
7
10
12
15
9
14
9
3
-4
-6
-20
-15
-15
-24
-23
-30
-26
-33
-31
-33
-39
-34
-38
-29
-31
-32
-34
-34
-39
-34
-32
-40
-28
-31
-35
-34
-31
-34
-35
-35
-32
-33
-25
-29
-34
-27
-31
-32
-28
-22
-31
-27
-21
-16
-10
-10
-14
-10
-10
-4
-6
-9
-3
-6
-8
-6
-3
-10
-3
-5
2
-3
3
3
-3
-2
3
4
3
7
7
17
14
20
18
11
14
10
10
9
6
14
6
10
10
5
3
7
-4
0
-4
-1
-3
-4
9
1
2
-6
4
-7
7
6
6
10
7
9
9
10
10
11
10
9
1
8
-7
-6
-7
3
-2
1
-9
-9
-10
-16
-12
-14
-4
-10
3
4
12
13
14
16
18
20
23
21
19
16
12
13
10
11
6
14
13
9
16
15
6
4
10
9
16
19
21
26
20
20
15
19
20
15
19
19
16
16
13
6
8
3
5
1
6
-1
-3
0
-12
-5
-12
-9
-9
0
-2
3
2
1
8
13
14
8
9
8
3
-1
-1
-8
-11
-10
-13
-16
-19
-22
-20
-28
-20
-20
-18
-22
-19
-22
-19
-20
-21
-24
-30
-22
-21
-17
-19
-12
-24
-16
-23
-23
-28
-32
-38
-39
-36
-40
-36
-39
-42
-38
-33
-36
-34
-32
-29
-32
-26
-25
-17
-27
-19
-18
-23
-17
-30
-26
-31
-21
-31
-25
-26
-32
-29
-33
-27
-34
-35
-40
-35
-40
-35
-38
-40
-34
-34
-28
-31
-23
-18
-12
-16
-5
-9
-14
-14
-13
-7
-9
-7
-10
-7
-11
-9
-8
-1
-11
-10
-9
-11
-5
-4
3
-5
2
3
7
3
5
-6
-1
-2
-4
3
-3
5
-3
4
4
3
-2
0
4
6
10
14
18
12
19
19
19
22
24
29
33
34
42
38
43
39
37
43
34
41
38
35
40
35
42
31
36
39
37
37
38
41
35
43
42
45
45
46
45
46
40
51
48
45
44
43
43
42
46
48
41
41
42
36
41
31
37
35
40
39
42
41
40
38
35
42
35
37
33
32
31
31
32
30
32
29
28
24
18
12
10
10
10
6
10
12
7
6
7
3
1
7
0
3
6
7
5
3
9
3
6
6
3
4
10
5
2
2
3
6
-2
7
-1
-5
-4
-9
-8
-3
-5
-6
-7
-4
-4
-4
0
-11
-6
-9
-7
-12
-5
-9
-19
-16
-15
-9
-14
-14
-15
-17
-15
-17
-21
-22
-18
-19
-7
-6
-13
-10
-17
-13
-18
-18
-19
-18
-19
-21
-19
-32
-35
-41
-42
-38
-32
-37
-38
-42
-37
-42
-44
-43
-50
-47
-47
-41
-45
-38
-41
-33
-29
-31
-29
-26
-26
-28
-30
-31
-35
-37
-33
-35
-32
-36
-28
-38
-42
-33
-39
-34
-34
-34
-31
-32
-34
-25
-23
-27
-22
-25
-20
-25
-24
-28
-25
-21
-21
-22
-29
-29
-31
-27
-28
-25
-28
-22
-22
-18
-19
-15
-10
-11
-6
-9
0
6
11
6
10
8
12
13
15
13
16
22
19
16
20
21
14
18
16
18
9
19
17
22
22
21
29
26
32
31
33
32
33
30
29
28
29
26
25
24
24
25
17
20
20
18
23
23
19
18
22
17
20
27
29
17
24
25
13
23
23
32
18
31
28
34
31
31
25
20
30
23
28
23
26
17
24
16
25
16
25
22
28
23
25
29
20
33
29
36
29
32
23
28
28
25
19
15
10
9
4
6
6
0
10
9
6
9
9
1
8
18
12
13
17
3
6
3
5
4
-5
-3
2
-1
6
1
6
0
-2
-5
-11
-5
-19
-14
-19
-13
-21
-25
-27
-25
-23
-17
-14
-16
-11
-17
-13
-12
-10
-12
-6
-15
-17
-28
-25
-29
-31
-30
-30
-30
-31
-25
-24
-23
-25
-19
-27
-23
-21
-19
-21
-22
-21
-20
-24
-21
-22
-19
-22
-18
-16
-16
-7
-15
-17
-21
-18
-23
-16
-19
-20
-19
-20
-12
-3
-2
0
5
1
7
5
9
5
9
15
11
10
17
13
9
19
16
15
8
8
-1
-1
7
5
1
0
0
1
4
2
3
0
5
4
10
13
12
10
10
16
8
6
1
3
2
4
1
1
2
2
6
3
7
5
12
6
10
9
9
13
4
6
5
11
7
9
7
3
0
-4
-8
-8
-7
-11
-9
-9
-6
-14
-6
-13
-9
-7
-6
-9
-10
-3
-12
-1
-2
2
0
9
11
15
6
6
12
9
13
12
18
4
9
7
3
9
11
10
9
12
16
12
19
16
15
19
17
22
14
17
9
8
10
6
7
10
8
6
6
3
7
2
2
1
-2
3
1
4
-1
5
0
9
6
10
19
1
8
0
6
-1
5
7
3
-4
-3
-3
-17
-15
-21
-23
-22
-27
-27
-23
-27
-23
-31
-24
-26
-22
-19
-19
-15
-22
-10
-12
-11
-10
-13
-16
-10
-15
-14
-17
-19
-25
-26
-20
-24
-22
-31
-25
-32
-29
-27
-29
-26
-28
-19
-20
-13
-16
-22
-14
-13
-10
-10
-7
-7
-5
-1
-7
-8
-15
-12
-19
-22
-14
-14
-19
-14
-15
-16
-14
-16
-10
-5
-8
-3
2
-5
-2
3
-1
4
13
7
10
13
10
5
10
10
6
12
10
9
9
8
0
-4
-2
-2
-7
-2
-3
1
4
9
2
1
0
0
3
-3
4
3
5
7
7
6
11
8
12
3
11
4
4
9
3
16
7
14
10
16
14
14
16
19
14
19
20
18
18
17
12
12
16
13
24
10
25
17
26
29
30
33
24
27
26
30
27
32
24
35
34
39
36
37
35
32
37
32
35
27
35
26
26
26
29
23
15
28
23
26
27
31
29
31
27
27
25
24
32
28
24
22
24
12
19
9
14
10
6
10
3
3
-6
3
-3
1
0
1
-3
2
2
1
3
2
9
6
11
10
10
5
8
3
-3
-2
0
-5
-9
-8
-19
-10
-17
-9
-15
-16
-16
-19
-13
-14
-8
-13
-12
-18
-13
-16
-13
-9
-4
-10
-9
-6
-13
-10
-17
-12
-15
-6
-13
-12
-16
-18
-13
-16
-13
-13
-13
-13
-12
-15
-10
-14
-12
-18
-10
-19
-23
-21
-28
-19
-21
-17
-25
-26
-33
-38
-35
-33
-30
-38
-37
-40
-40
-35
-37
-38
-34
-31
-22
-20
-24
-22
-33
-26
-24
-29
-25
-25
-23
-32
-32
-32
-33
-38
-35
-31
-34
-35
-34
-35
-31
-35
-32
-31
-26
-27
-25
-21
-22
-16
-23
-7
-9
-2
9
6
7
7
7
0
3
1
0
2
1
-4
4
6
2
5
6
12
11
12
20
22
25
29
28
32
32
35
38
40
40
38
33
31
31
28
28
23
28
20
22
25
24
24
16
19
22
15
17
15
18
22
21
32
28
33
33
35
36
36
26
22
24
23
28
21
22
20
17
14
16
7
3
4
10
6
10
9
6
3
0
4
-5
4
-6
-3
-2
-6
-3
-2
1
-8
6
-4
-6
-9
-4
-10
-7
-5
-6
-7
-16
-8
-17
-5
-9
-11
-5
-1
-5
-4
-5
-1
1
-4
6
1
-1
-6
-3
-9
-4
-5
-12
-3
-7
-12
-5
-8
-10
-15
-18
-11
-13
-12
-15
-8
-7
-8
-9
-4
0
-10
4
-2
1
-2
-6
-3
-9
-4
-9
-5
-7
-6
-8
-3
-5
2
-4
0
4
7
9
6
10
3
14
3
10
7
4
2
-5
0
-13
0
-12
-13
-7
-8
-3
-9
-7
-6
-6
-2
-1
-7
0
-6
-4
-2
-2
0
-2
3
-1
3
6
5
-5
-1
-13
-9
-9
-13
-16
-16
-12
-16
-5
-13
-5
-14
-9
-9
-9
-9
-14
-14
-18
-15
-19
-16
-20
-11
-16
-12
-19
-16
-19
-18
-13
-15
-5
-14
-1
-6
0
2
5
3
6
12
10
16
13
18
13
16
16
19
15
21
16
13
16
10
9
11
12
9
10
6
6
3
6
7
8
4
0
8
13
10
10
10
10
7
8
13
7
9
7
2
4
7
12
13
9
13
11
9
12
2
-1
2
1
1
5
-4
-5
-9
-3
-1
-12
-1
-3
0
0
0
-6
-10
-7
-3
-13
-8
-3
-3
-2
0
3
-6
4
-5
0
2
2
6
5
5
3
0
4
10
9
8
12
23
17
16
8
12
3
6
8
0
7
-1
7
8
7
11
9
12
12
14
17
10
6
6
4
11
3
14
4
2
2
-5
3
-14
0
-15
-2
-12
-13
-9
-19
-13
-19
-17
-22
-17
-23
-22
-25
-21
-31
-21
-24
-26
-27
-25
-27
-31
-23
-34
-29
-38
-32
-38
-38
-33
-36
-32
-32
-35
-37
-28
-24
-26
-20
-20
-24
-21
-25
-19
-24
-19
-13
-10
-3
-6
-6
-2
-8
-9
-10
-8
-10
-7
-9
-12
-5
-12
-14
-7
-9
-10
-6
-8
-4
-9
1
0
7
1
6
5
3
6
-5
0
-9
-7
-8
2
-2
1
1
5
2
5
10
10
14
14
16
11
20
15
25
21
31
32
31
31
31
36
30
31
25
25
22
24
24
26
23
22
12
17
22
23
24
23
28
23
32
30
29
34
38
44
44
48
45
41
35
31
35
35
35
29
26
34
33
29
30
35
34
32
34
34
29
32
35
31
30
29
30
31
29
36
33
38
34
31
30
32
34
28
28
26
27
22
26
24
24
26
30
35
32
28
29
27
23
25
17
17
9
10
13
13
9
5
7
0
-1
0
-10
-7
-10
-12
-10
-15
-3
-10
-6
-8
-9
-10
-9
-17
-15
-14
-15
-13
-14
-10
-25
-17
-22
-27
-33
-30
-33
-27
-33
-31
-37
-42
-36
-38
-40
-43
-39
-45
-41
-39
-30
-34
-22
-34
-31
-28
-34
-34
-39
-35
-39
-35
-34
-33
-47
-40
-44
-39
-37
-41
-34
-37
-29
-33
-27
-33
-29
-34
-30
-23
-33
-19
-28
-19
-24
-18
-20
-23
-20
-22
-23
-33
-25
-35
-32
-40
-35
-38
-35
-39
-37
-31
-35
-27
-33
-29
-28
-20
-18
-12
-18
-15
-16
-11
-12
-10
-6
-11
-7
-15
-9
-16
-15
-17
-19
-15
-10
-7
-7
-6
-3
1
1
7
6
6
3
13
17
20
21
25
25
19
24
22
25
22
24
23
20
18
8
14
10
14
12
16
9
10
13
20
23
19
28
33
43
34
44
36
35
35
37
38
35
36
34
39
36
32
35
35
28
35
28
34
29
32
34
32
41
39
42
37
42
43
43
46
50
48
51
47
42
47
35
40
31
28
26
22
26
23
19
20
19
16
18
14
17
10
17
19
20
19
16
20
16
19
16
16
14
14
12
13
7
8
8
7
6
4
-3
-6
-3
-8
-6
-16
-12
-16
-15
-10
-16
-12
-14
-12
-15
-16
-22
-27
-27
-29
-28
-30
-34
-35
-37
-35
-38
-34
-32
-35
-35
-29
-28
-31
-28
-30
-26
-31
-18
-23
-19
-26
-25
-22
-28
-23
-30
-32
-37
-39
-40
-36
-48
-46
-55
-54
-55
-54
-51
-56
-49
-50
-44
-48
-45
-44
-39
-34
-29
-28
-28
-34
-27
-26
-35
-35
-40
-36
-43
-38
-40
-38
-41
-48
-38
-41
-38
-44
-32
-38
-32
-28
-29
-26
-31
-16
-19
-16
-19
-10
-16
-13
-19
-13
-21
-22
-20
-23
-13
-23
-20
-27
-25
-32
-22
-26
-13
-17
-13
-9
-13
-6
-12
-5
-5
2
3
12
12
18
17
19
20
14
17
16
19
11
18
17
19
16
16
22
22
22
22
22
24
31
34
41
38
41
45
47
54
51
58
60
61
58
57
54
57
56
60
60
64
66
58
62
56
62
50
54
54
53
50
54
62
54
65
63
65
63
61
54
54
58
57
51
50
48
41
40
38
44
33
41
33
33
31
30
35
25
29
25
31
39
32
32
33
28
34
30
35
30
33
31
25
28
21
25
15
18
19
16
19
21
18
13
10
13
19
10
15
15
15
13
15
10
12
15
11
9
4
1
-3
0
-3
3
-3
-8
-12
-14
-12
-13
-13
-16
-12
-16
-11
-12
-18
-25
-22
-20
-26
-25
-37
-37
-41
-44
-43
-48
-43
-45
-42
-45
-46
-54
-53
-48
-60
-56
-60
-63
-65
-61
-60
-63
-56
-56
-53
-57
-51
-54
-55
-57
-63
-57
-55
-53
-57
-54
-54
-51
-51
-50
-55
-57
-57
-50
-49
-47
-41
-43
-42
-44
-34
-41
-32
-38
-29
-31
-28
-19
-32
-21
-31
-25
-31
-29
-34
-28
-31
-29
-25
-29
-28
-32
-22
-29
-18
-19
-16
-19
-10
-9
-7
-3
2
7
3
17
10
10
5
12
3
5
-1
3
2
0
10
2
3
-2
5
-1
6
0
8
11
11
14
17
28
26
28
31
29
25
32
29
30
25
27
23
27
28
21
26
21
25
25
31
28
20
22
16
26
26
29
29
26
28
25
26
31
33
32
35
36
31
23
31
24
28
27
27
23
19
27
20
19
19
21
22
22
24
29
20
21
24
31
28
28
34
29
39
31
36
33
29
35
32
30
26
36
29
29
27
29
24
29
26
28
24
22
29
22
31
29
30
25
34
25
29
29
34
27
24
26
20
24
19
21
10
13
5
4
1
2
-1
-2
0
-1
0
-3
3
-7
-3
-10
-12
-9
-12
-16
-22
-24
-29
-25
-26
-25
-31
-34
-28
-34
-41
-39
-40
-50
-47
-40
-42
-44
-42
-45
-44
-40
-44
-37
-41
-36
-38
-34
-40
-44
-41
-50
-42
-44
-48
-48
-44
-41
-39
-33
-30
-32
-32
-33
-35
-28
-32
-31
-32
-26
-26
-26
-21
-31
-22
-20
-20
-21
-29
-18
-27
-22
-26
-25
-22
-22
-10
-11
-8
-9
-12
-15
-7
-10
-4
-9
-4
-5
0
-4
-9
-7
-11
-9
-5
-4
-15
-7
-12
-7
-5
3
-5
0
-3
-2
1
-4
5
1
8
10
17
15
22
17
21
19
21
20
26
27
31
34
31
27
18
22
19
29
22
21
23
22
22
29
35
35
34
40
51
48
53
53
55
51
53
51
46
57
47
54
51
49
47
43
44
41
49
41
44
43
41
37
41
41
40
38
39
50
43
51
50
56
51
54
52
54
50
41
38
32
35
31
31
32
30
24
29
32
31
22
24
25
31
29
23
18
17
16
11
17
12
14
8
12
12
9
6
9
4
3
9
-2
0
-2
-3
-8
-14
-13
-16
-17
-26
-21
-22
-26
-21
-23
-15
-12
-10
-17
-26
-25
-29
-34
-34
-32
-38
-47
-46
-42
-41
-43
-46
-38
-40
-42
-47
-45
-45
-45
-47
-48
-50
-46
-42
-43
-38
-42
-40
-44
-41
-46
-41
-41
-47
-42
-45
-39
-42
-41
-44
-44
-45
-37
-41
-47
-39
-38
-34
-31
-28
-28
-28
-32
-31
-35
-33
-32
-35
-32
-38
-42
-42
-44
-44
-47
-49
-51
-47
-48
-44
-45
-43
-44
-40
-36
-28
-28
-30
-25
-28
-20
-24
-20
-19
-17
-16
-17
-27
-29
-32
-33
-33
-33
-32
-36
-29
-36
-32
-37
-31
-26
-24
-13
-4
-5
-5
-7
-7
-3
1
-3
-1
-2
1
-2
1
6
-2
10
0
13
3
14
13
18
18
25
37
35
38
34
46
41
45
42
49
43
55
51
57
55
53
55
49
49
50
47
38
44
33
39
33
37
32
38
36
34
38
23
33
34
45
37
38
43
42
41
37
41
38
43
42
40
35
35
33
38
36
34
34
33
31
26
31
22
24
19
21
18
21
25
25
16
17
22
15
30
28
35
27
32
30
26
28
16
19
16
20
13
17
13
10
7
8
7
5
7
6
6
5
6
7
16
5
8
6
13
8
6
9
3
6
8
12
5
9
1
0
-4
-3
-11
-15
-13
-18
-8
-12
-15
-22
-19
-21
-16
-16
-18
-15
-24
-20
-28
-22
-31
-25
-19
-22
-26
-28
-29
-40
-32
-31
-26
-30
-27
-30
-31
-32
-28
-32
-31
-30
-31
-29
-31
-29
-38
-34
-37
-35
-42
-34
-40
-42
-40
-39
-39
-42
-35
-38
-35
-38
-31
-36
-32
-32
-26
-28
-34
-29
-28
-26
-30
-24
-29
-30
-25
-27
-22
-22
-19
-18
-15
-16
-14
-13
-11
-9
-6
-1
-4
-1
1
2
-5
2
1
1
0
3
2
3
11
1
1
1
0
0
-1
-4
-4
-7
-1
-4
-4
-2
-4
0
0
7
10
11
16
24
22
24
29
34
29
27
37
31
23
19
20
16
17
22
21
26
21
20
21
20
25
22
26
29
30
27
25
24
23
31
37
35
40
35
32
40
37
44
36
36
35
32
38
31
34
