SAMPLES:	19199
BITSPERSAMPLE:	16
CHANNELS:	1
SAMPLERATE:	16000
NORMALIZED:	FALSE
-3
0
-4
-1
3
-3
0
-2
0
4
9
-2
3
7
10
4
13
16
6
15
15
20
19
22
17
11
18
12
16
15
11
6
3
9
8
4
9
15
9
16
19
20
14
18
13
15
18
16
12
9
12
6
7
4
9
1
9
3
7
-2
3
1
-6
-2
-9
-3
-5
-6
-13
-3
-8
-3
-5
-1
3
0
7
2
3
3
6
7
1
3
6
2
4
2
1
-6
-6
-1
3
3
4
1
0
-3
2
-1
3
3
8
6
6
9
9
15
17
15
5
7
3
-1
-2
3
-4
-6
-6
0
-5
-10
-6
-6
-4
-10
-3
-9
-9
-4
-8
-9
-7
-3
-6
-8
-7
-13
-3
-8
-7
-10
-11
-12
-16
-12
-15
-17
-20
-16
-23
-12
-19
-19
-18
-13
-13
-15
-6
-14
-9
-12
-4
-3
3
0
7
2
0
-2
-10
0
-5
3
3
-4
-8
-6
-7
-9
-10
-10
-13
-6
-4
-6
-2
1
3
4
4
0
0
0
3
0
-1
4
4
1
0
4
1
12
16
6
11
21
16
14
19
14
20
18
25
17
19
19
20
25
12
16
11
13
8
15
7
5
7
9
7
13
13
10
9
7
12
8
12
15
17
12
21
9
15
16
12
8
10
9
-3
2
-6
-5
-19
-16
-14
-19
-22
-17
-18
-16
-15
-20
-17
-21
-16
-9
-7
-9
0
0
0
-5
-5
0
-3
-2
4
0
0
-4
-6
-4
-7
-6
-6
-4
0
-9
-2
-3
-10
-10
-7
-3
-4
5
-3
2
3
7
7
12
6
4
3
-2
-3
-6
0
-5
0
-3
9
3
5
3
-1
4
0
9
9
2
7
8
7
12
9
13
9
16
14
13
9
6
10
2
7
-1
3
-3
-8
-3
-6
-7
-7
3
0
1
4
7
6
12
16
12
20
16
20
13
18
15
15
13
7
10
-2
6
0
-6
-8
-4
-11
-11
-11
-10
-13
-15
-13
-15
-12
-12
-2
-4
-1
0
3
-1
-1
0
0
1
-10
-6
-8
-10
-12
-13
-15
-13
-13
-13
-12
-15
-13
-15
-18
-6
-8
-7
-2
-5
-9
1
-5
-5
1
-6
2
-7
3
-6
-8
-11
-7
-1
-2
-1
-2
-6
-12
-9
-17
-11
-18
-14
-15
-10
-12
-10
-13
-12
-2
-5
-3
-3
0
-3
-3
-3
-2
-1
0
-4
4
1
2
0
-4
5
3
4
1
4
6
0
7
8
5
3
7
4
6
5
3
2
6
4
8
13
7
18
7
13
10
16
10
13
11
10
18
10
17
0
6
-1
6
-2
6
1
2
3
-6
-3
-16
-10
-10
-1
-11
-8
-15
-5
-12
-9
-7
-9
-3
-15
-4
-10
-1
-10
0
1
3
3
3
4
-4
0
-7
2
-5
-4
-4
-4
-2
3
7
5
10
6
8
11
12
7
7
5
8
0
3
5
-4
4
0
3
-4
3
2
12
9
1
4
-4
1
-7
0
-3
-1
-2
-1
1
2
2
-3
-7
-9
-6
-10
-7
-9
-3
-5
-4
-6
-7
-8
-6
-6
-6
-5
-13
-12
-14
-3
-14
-13
-8
-10
-13
-11
-6
-2
-6
-9
3
-7
-1
-3
4
3
-1
3
5
2
0
3
-2
-5
-7
-2
-5
2
-4
-3
-7
-7
-4
-6
1
-6
-3
-4
3
1
2
3
5
3
0
8
0
6
4
4
4
-1
0
-3
1
-4
-1
-2
0
6
5
11
3
-1
1
0
4
-3
0
1
-8
-1
0
-1
-6
-4
0
-4
-3
3
8
4
7
10
6
12
7
8
9
-1
4
-3
2
0
3
6
0
-1
-3
-4
-5
1
-1
-5
-6
-3
-8
-5
-10
-6
-13
-6
-6
-1
0
-4
8
3
5
4
7
0
15
4
2
1
6
4
3
5
3
7
0
8
-5
7
-4
0
-1
-1
-4
3
11
4
5
5
7
1
7
1
9
3
6
7
4
9
7
8
3
9
-1
0
1
-3
-4
-6
-3
-2
1
1
7
0
5
5
5
5
4
9
4
7
3
0
-1
-3
-3
2
2
-1
0
-3
-2
-3
-5
-4
-7
-9
3
-7
4
-2
-1
0
-7
5
6
14
13
15
14
19
17
19
14
19
20
15
17
11
9
5
9
9
7
6
9
8
5
4
7
10
-1
3
2
1
-2
4
13
0
5
5
7
3
9
10
2
0
8
10
2
5
1
-3
-10
-5
-11
-10
-10
-7
-7
-1
-4
3
8
3
9
4
13
10
19
13
10
6
0
1
3
-3
-6
-4
-6
-2
-3
4
-3
-1
-2
0
-4
-3
0
-7
-1
-2
0
-7
3
-4
-4
-5
0
-1
-11
-16
-22
-14
-27
-20
-27
-27
-27
-26
-24
-30
-24
-22
-15
-18
-14
-17
-20
-17
-9
-7
-9
-6
-11
-15
-24
-25
-28
-28
-32
-30
-32
-37
-35
-33
-30
-33
-29
-32
-25
-25
-22
-19
-23
-16
-7
-6
-4
-6
-3
-6
-4
-3
0
0
-7
1
-6
-6
-13
-10
-16
-10
-4
-2
-3
-6
6
7
6
4
11
6
14
13
15
13
23
19
17
22
19
24
19
18
12
10
7
15
1
-2
0
2
-1
7
6
4
9
10
19
12
24
25
31
32
32
35
28
33
32
32
32
27
27
31
18
20
14
16
17
11
9
6
7
5
19
9
18
10
15
23
19
25
19
26
21
28
23
28
23
29
23
20
16
17
15
9
16
9
14
2
18
7
17
14
14
16
9
20
16
16
17
22
18
21
14
16
10
10
12
5
7
10
8
3
6
-2
-6
-5
-1
-8
-7
-2
-8
-8
-5
-9
-12
-5
-11
-1
0
-3
-1
-8
3
-12
-11
-7
-6
-10
-10
-10
-23
-17
-18
-20
-20
-10
-18
-11
-18
-11
-15
-11
-9
-9
-9
-10
-7
-14
-1
-7
-2
-7
-1
-15
-13
-13
-13
-18
-16
-11
-19
-14
-22
-13
-25
-16
-15
-11
-9
-3
5
-5
3
1
0
-1
6
9
7
4
3
5
-3
1
-1
-3
-3
0
1
5
4
7
9
6
5
9
12
5
16
6
7
7
6
8
7
4
-1
2
-3
-6
-11
-5
-13
-5
-6
-7
-6
-6
-13
-7
3
-5
1
-1
4
-2
-1
-2
-2
-4
-4
-3
-10
-9
-6
-11
-14
-21
-20
-21
-25
-27
-30
-30
-33
-26
-26
-26
-28
-20
-19
-15
-16
-16
-12
-16
-12
-10
-17
-17
-9
-10
-11
-17
-13
-18
-14
-16
-20
-15
-25
-19
-22
-18
-25
-17
-19
-25
-29
-29
-21
-24
-16
-16
-16
-15
-11
-4
-1
-6
6
3
3
2
6
10
4
7
-2
7
1
-1
0
1
2
3
2
5
12
3
10
3
13
9
15
15
6
9
8
14
1
7
-3
2
-5
-1
4
4
1
-3
-2
-6
2
-4
1
-6
4
-4
7
6
10
7
8
15
13
22
10
17
11
13
1
6
-1
3
0
-3
6
-3
6
1
4
4
6
7
4
4
9
9
9
8
8
8
3
11
3
7
8
8
10
14
17
15
18
9
10
5
13
12
13
13
7
13
10
13
9
12
7
12
10
16
19
14
16
17
18
16
14
9
20
13
18
13
11
10
13
13
6
13
10
8
4
16
12
11
11
6
10
10
13
12
16
16
16
15
18
19
14
13
14
9
11
10
7
8
-3
1
3
4
-2
-1
-1
-3
0
-4
-2
-2
1
-4
-3
-9
-6
-10
-8
-9
-12
-3
-12
-8
-12
-6
-6
-9
-3
-9
-9
-7
-7
-13
-10
-9
-10
-8
-6
-9
-9
-12
-7
-3
-8
-6
-10
-5
-7
-6
-7
-10
-8
-9
-8
-13
-5
3
0
2
2
6
5
4
7
4
2
0
-3
-2
-1
-6
4
-5
-3
-1
0
3
7
10
4
16
10
13
12
19
16
16
17
16
14
13
13
10
15
4
7
0
5
3
3
-3
-5
-5
-11
-11
-11
-11
-13
-5
-6
1
-9
1
-3
0
0
-2
7
6
10
1
0
-1
5
1
1
8
4
-1
-1
-9
-6
-5
-3
3
-4
2
-2
1
-7
-3
-5
-10
-6
-8
0
0
4
1
2
-1
6
0
-2
-6
-6
-6
-12
-6
-11
-11
-17
-10
-13
-10
-11
-6
0
-4
-1
3
0
-4
7
6
7
6
10
7
5
7
7
8
-2
1
-1
-3
-4
-1
-6
-4
-8
-9
-7
-13
-5
-11
-10
-5
-7
-5
0
-2
-3
5
1
3
2
3
-3
3
3
-1
3
-3
-3
-7
-7
-10
-6
-9
-5
-4
-5
-6
-9
-6
-6
-3
-3
-1
-4
1
-6
-4
-5
0
3
-1
-2
-4
-8
-12
-6
-9
-6
-7
-4
-11
-9
-7
-10
-8
-15
-13
-12
-13
-12
-4
-5
3
7
9
7
4
10
0
0
-4
-3
-1
4
1
1
0
4
3
0
6
2
7
3
12
1
8
9
9
9
-1
9
4
7
6
6
5
6
1
2
0
-2
-3
-7
-6
-3
0
-6
1
-4
-1
-10
-7
-6
-6
-2
-3
4
-1
2
3
7
10
5
12
11
7
6
3
2
-1
2
0
-6
-3
1
-6
-5
-6
-12
-9
-10
-9
-10
-10
-9
-7
-10
-2
-3
-10
-11
-9
-12
-15
-7
-11
-7
-12
-12
-17
-16
-11
-11
-6
-1
0
-6
3
-5
-4
-5
3
-3
-3
6
2
2
-3
-3
-2
0
-6
3
1
0
-3
-1
-2
-4
2
-3
-3
3
4
-3
3
-2
1
-3
0
4
4
12
12
14
12
16
12
21
17
16
20
13
19
16
21
13
14
13
16
13
16
20
12
13
10
7
4
7
6
7
4
3
3
3
1
3
0
-1
-4
-6
-1
-3
0
-4
-1
-4
-3
0
1
5
3
12
8
6
7
6
6
7
3
3
-2
1
1
-7
-4
-8
-8
-14
-9
-16
-12
-10
-14
-12
-21
-9
-13
-3
-6
-2
-2
-3
1
0
3
-4
-3
-9
2
-8
0
-3
-5
-12
-17
-12
-16
-10
-18
-16
-18
-12
-18
-8
-10
-10
-6
-2
-7
-2
4
0
9
10
16
12
19
16
21
17
19
11
8
3
-1
3
0
2
-2
3
1
5
3
9
8
8
10
9
13
13
22
20
19
22
21
18
16
14
10
10
7
7
1
3
-3
-7
4
-3
1
-3
4
3
3
5
1
7
7
12
14
14
13
12
19
16
13
18
6
11
1
3
-1
-8
-4
-6
-9
-13
-14
-16
-16
-16
-9
-10
-6
-8
-3
0
1
3
0
-5
0
0
-8
-1
1
-3
-6
3
1
-2
-9
-6
-8
-5
-5
-6
-11
-9
-4
-7
1
-2
4
0
7
-1
4
2
9
13
11
21
21
23
16
24
14
25
16
18
10
10
7
4
13
9
9
3
10
4
5
-2
9
5
6
10
11
11
12
16
11
12
6
9
1
4
-4
-3
-3
-5
0
-3
3
-7
1
-4
-7
1
-5
0
1
1
-2
-2
1
-2
-4
-3
-7
-5
-5
-9
-9
-8
-13
-16
-13
-12
-13
-17
-12
-13
-9
-7
-3
0
2
5
5
7
1
12
11
10
6
10
2
-5
-4
-7
-4
-10
-6
-11
-7
-7
-1
-5
0
-1
-1
6
7
2
1
6
-2
0
-4
0
-7
-6
-6
-14
-8
-14
-14
-16
-19
-18
-12
-18
-16
-18
-21
-16
-22
-12
-18
-14
-9
-16
-13
-21
-17
-16
-16
-18
-21
-25
-17
-23
-23
-15
-12
-9
-12
-15
-12
-9
-10
-9
-17
-11
-9
-2
-12
-9
-9
-3
-4
-4
-2
-6
8
2
11
-6
-4
1
1
1
-1
-4
-10
0
0
-4
-7
5
-3
-2
3
8
-4
1
4
1
4
-1
9
1
5
6
11
12
15
19
21
16
13
16
8
10
3
6
6
8
7
6
3
2
10
7
9
9
17
8
8
8
9
3
3
13
12
14
9
10
7
8
8
6
7
8
12
13
12
15
14
13
13
13
9
9
16
6
11
12
8
6
8
9
3
0
4
-9
-7
-4
-11
-8
-10
-2
-13
-4
-8
-7
-14
-9
-1
-5
-3
-9
-6
-10
-5
-8
-3
-5
0
-6
-5
-10
-8
-9
-17
-9
-16
-2
-11
-4
-6
-6
4
4
7
4
6
4
3
1
3
1
4
-6
-3
-5
-8
-8
-7
-2
-11
0
-6
0
-6
-3
-2
-9
-7
-9
-9
-13
-9
-9
-2
-9
-4
-7
-10
-12
-11
-12
-10
-11
-10
-11
-16
-9
-22
-16
-20
-15
-19
-22
-16
-21
-20
-18
-20
-23
-19
-14
-9
-14
-8
-9
-14
-13
-10
-6
-6
-3
-3
-5
-6
3
-7
-6
-3
-5
-3
-3
-1
-3
3
4
13
4
8
12
11
19
13
20
16
23
12
18
15
20
15
9
13
6
9
4
10
-3
7
3
6
8
12
15
18
22
22
32
30
35
31
39
32
34
32
37
36
40
37
29
34
24
28
19
22
14
13
9
9
13
4
6
4
6
6
7
6
9
4
5
2
3
5
3
10
5
7
3
9
-1
3
-3
-3
3
-3
3
-1
2
-7
-3
-8
0
-3
0
3
0
2
5
3
1
7
2
5
6
16
13
8
7
7
1
3
3
-1
5
-3
-3
-5
-11
-15
-15
-17
-17
-11
-11
-11
-5
-11
-2
-4
-2
4
1
10
1
9
6
3
-6
-4
-6
-7
-9
-9
-13
-12
-9
-16
-7
-9
-6
-10
-6
-11
-2
-8
-3
1
-1
0
-6
3
-9
-5
-10
2
-7
-4
-2
-8
-8
-15
-13
-9
-9
-16
-8
-10
-9
-11
-4
-7
-1
3
2
9
2
9
7
6
3
4
2
5
2
3
2
3
8
0
4
-3
2
-2
1
-1
-6
-3
-6
0
-2
3
-6
2
-3
-3
-2
-1
6
0
8
3
3
10
14
7
12
6
3
2
1
-1
-2
2
3
2
6
4
2
6
-1
7
3
10
8
7
9
14
12
4
7
3
6
3
2
-2
-2
-4
-6
-10
-7
-15
-18
-13
-20
-15
-16
-16
-18
-16
-9
-13
-8
-6
-3
-9
-3
-7
-6
-7
-11
-5
-15
-7
-16
-10
-12
-15
-13
-10
-13
-9
-7
-5
2
-6
2
-2
0
-2
1
-6
1
0
4
3
2
9
1
6
7
10
-3
5
0
4
5
6
9
-1
3
6
11
6
10
8
12
6
14
10
7
9
4
9
0
3
-7
1
0
-2
0
4
3
3
11
10
13
13
18
12
19
19
24
15
20
22
16
22
19
19
19
21
19
16
12
9
7
6
6
6
5
3
-1
2
-1
-4
0
2
6
0
1
-1
0
-7
-4
2
-3
-5
-7
-10
-10
-7
-12
-13
-19
-23
-20
-26
-21
-23
-26
-22
-18
-21
-19
-19
-18
-16
-12
-13
-19
-12
-6
-9
-15
-10
-16
-16
-15
-9
-19
-11
-13
-16
-19
-17
-16
-20
-11
-25
-25
-31
-17
-22
-20
-15
-14
-14
-9
0
-5
0
-3
0
-2
6
0
1
-2
-4
-9
-11
-12
-16
-17
-16
-10
-18
-19
-20
-15
-18
-7
-11
-4
-5
-9
0
-2
1
-9
4
-5
0
-6
-1
0
0
3
-1
6
0
9
6
4
6
6
8
12
3
9
9
9
14
4
9
8
13
10
13
13
9
10
8
9
5
7
1
6
-2
-1
1
5
0
-2
6
4
10
8
16
1
9
7
5
6
8
9
2
6
7
6
-1
6
12
9
1
3
1
-1
-3
6
8
7
14
10
10
10
10
8
8
18
19
22
22
26
22
29
24
17
19
15
13
6
15
12
12
5
15
8
13
10
9
16
18
18
19
22
16
15
9
13
9
13
9
15
9
9
13
8
3
-2
-3
-11
-11
-13
-13
-15
-19
-22
-20
-10
-13
-9
-10
-13
-13
-8
-6
-9
-4
-3
-1
0
-2
-6
-4
-13
-9
-8
-12
-10
-9
-13
-14
-12
-19
-6
-12
-6
-9
-4
-4
-4
-2
-5
-3
0
8
3
7
9
7
0
5
-3
-1
0
3
2
2
5
-4
0
-1
9
10
13
10
12
12
18
17
16
19
21
19
17
24
21
17
10
15
12
7
6
5
0
6
2
4
10
-4
4
-2
-10
-6
-9
-6
-3
-3
3
0
9
5
9
8
5
8
7
4
2
-2
-5
2
-9
-7
-8
-9
-15
-10
-11
-5
-7
-15
-6
-15
-3
-9
-8
-8
-9
-16
-15
-13
-18
-10
-13
-9
-10
-8
-8
-9
-16
-12
-17
-19
-12
-17
-3
-14
-9
-13
-13
-13
-8
1
-7
3
-4
4
1
1
-1
3
2
8
6
5
9
7
9
1
8
3
8
-2
-1
-1
3
1
3
7
1
2
1
3
-4
8
6
0
-2
1
-1
-5
-9
-2
-4
-9
0
1
4
1
9
4
7
8
9
9
3
3
0
3
-2
6
0
1
-3
-7
1
-7
4
-4
3
3
-3
-1
-5
-10
-13
-9
-14
-12
-12
-5
-11
-6
-10
-6
-15
-13
-15
-9
-2
-11
3
0
5
2
8
1
10
4
5
7
0
2
-3
5
-6
3
-3
3
0
2
3
0
5
3
7
7
10
6
11
3
11
16
10
13
13
11
5
4
8
8
2
4
8
9
6
10
8
8
15
13
12
8
8
11
12
6
12
13
10
8
4
9
2
9
1
0
7
6
1
-4
-6
-12
-5
-11
-7
-12
-7
-6
-6
-10
-3
-4
-9
-3
-5
-1
0
0
-7
-4
-12
-8
-14
-19
-16
-17
-19
-16
-22
-25
-25
-19
-17
-18
-13
-18
-17
-22
-14
-19
-13
-18
-12
-17
-10
-4
-10
-10
-4
-5
-9
-5
-11
2
-10
-1
-11
-7
-10
-7
-9
-7
4
-5
3
-2
3
0
4
2
7
2
13
5
12
6
4
8
4
14
3
10
-5
4
-2
2
3
-3
2
0
2
-2
3
0
7
4
14
9
14
10
12
22
9
19
6
10
7
12
2
2
6
-1
-3
-6
-3
-6
0
-2
4
-6
0
0
2
3
3
9
4
8
2
3
-3
-2
0
-3
-6
-4
-9
-13
-9
-10
-12
-15
-8
-11
-16
-13
-13
-16
-16
-8
-10
-7
-6
-6
-1
-2
-3
-4
-8
-4
0
2
6
6
3
9
12
6
8
10
13
5
4
7
0
5
-2
4
-3
6
2
-3
5
5
9
-6
9
1
0
3
4
5
0
0
2
0
-6
3
-1
1
4
9
8
6
5
7
10
11
7
11
10
11
12
11
16
7
10
5
11
1
4
7
0
9
10
9
4
6
0
3
0
3
1
1
0
-1
9
3
8
4
5
3
-3
2
2
-3
-3
-5
-13
-10
-12
-10
-16
-9
-9
-12
-10
-8
0
-6
0
-4
-4
-2
2
-1
6
-1
3
7
1
4
3
13
7
6
-2
0
-3
-1
-4
-1
3
0
3
0
0
3
7
3
4
14
18
13
24
19
15
12
15
16
17
15
18
7
3
8
2
3
6
10
4
8
11
8
7
10
0
9
10
11
8
6
14
3
12
2
3
0
7
10
10
3
5
2
-1
8
0
-1
-2
4
-6
-8
-4
1
-7
-4
4
-7
-1
1
2
4
6
-1
-4
-8
-9
-10
-15
-10
-13
-13
-18
-9
-20
-14
-11
-6
-9
-7
6
0
6
-1
9
-5
6
4
-1
3
1
2
0
3
0
6
-5
0
-10
-5
-8
-14
-9
-8
-12
-13
-1
-9
-5
-2
3
0
7
8
12
14
13
17
13
13
12
16
12
9
7
4
-6
-2
-6
-9
-7
-4
-6
-11
-7
-6
-6
-7
-7
-3
-6
-6
0
-3
-1
3
-3
2
-3
1
4
-4
1
-3
-7
-13
-9
-15
-11
-15
-14
-14
-10
-9
-13
-8
-15
-2
-10
-7
-7
-4
-9
-6
-4
-4
-12
-8
-10
-16
-12
-18
-8
-19
-10
-16
-8
-12
-15
-17
-16
-19
-23
-17
-18
-14
-16
-7
-19
-13
-13
-12
-9
-8
-6
-7
-6
-5
-5
-9
-7
-13
-8
-11
-13
-17
-19
-12
-17
-15
-13
-10
-7
-4
-2
0
3
7
18
9
15
13
16
19
18
17
14
19
9
9
9
7
8
9
6
13
7
15
8
13
9
9
7
1
11
5
12
12
12
13
16
15
15
8
8
3
1
3
4
1
0
-7
-9
-8
-15
-9
-14
-7
-9
-6
-9
-7
-8
-9
-9
-10
-2
-6
1
-3
-3
1
-4
-1
1
0
9
1
6
5
-3
-1
-8
-2
-9
-5
-3
-2
0
-1
-2
4
3
10
7
4
8
13
13
8
18
6
7
0
-1
-3
-9
-5
-10
-6
-6
-5
-6
0
-7
-7
-10
-10
-6
-11
2
-5
3
-12
-7
-4
-2
-1
-5
3
-7
-4
-13
2
-9
-4
-2
-2
1
-3
2
-9
-1
-2
-1
-1
2
1
-4
-1
-1
-6
2
4
-1
-1
-4
-1
-7
0
0
-3
-6
-3
6
4
0
2
3
7
7
7
13
9
14
12
13
16
18
19
20
20
16
14
12
10
2
7
-1
4
5
1
7
2
5
9
18
12
15
13
18
28
20
28
28
29
22
28
30
32
24
28
25
23
22
12
8
1
11
1
9
8
17
7
11
9
5
6
5
8
3
9
4
9
-1
10
1
8
0
4
-3
-7
-3
-8
-10
-21
-11
-24
-24
-23
-20
-20
-21
-18
-19
-21
-21
-14
-17
-14
-8
-3
-7
-14
0
-7
-4
3
4
-4
-5
-5
-3
-1
-8
-8
-14
-5
-11
-9
-9
-5
-12
-15
-17
-9
-9
-6
-1
-6
-2
0
3
2
4
0
7
4
3
-2
-3
-10
-6
-8
-12
-9
-12
-10
-9
-9
-12
-3
-6
-3
-4
7
0
4
1
5
3
5
5
5
10
0
2
-5
6
3
9
-3
1
-6
-10
-8
-6
-8
-11
-1
-4
-4
-5
-1
-7
2
1
5
5
12
7
11
9
6
2
4
2
-5
8
2
8
-2
3
1
0
3
5
12
6
12
6
4
7
5
11
2
2
0
3
6
4
10
10
6
2
8
2
2
-2
8
-2
7
-7
3
-9
-3
-6
-8
5
2
17
4
17
8
19
14
17
12
15
6
8
1
5
2
-4
7
-8
6
-5
7
-6
-2
2
-3
3
-5
8
10
4
8
0
15
6
10
13
10
16
10
16
12
14
16
14
20
6
9
6
-9
-1
-9
2
-5
8
2
-1
0
-1
-2
2
3
-3
-6
-6
-6
-17
-10
-13
-4
-11
2
-7
-10
-8
-10
-1
-12
7
-5
-6
-7
-16
-4
-10
0
-1
6
5
6
13
12
9
14
15
18
6
9
7
0
5
-4
6
-10
3
-10
2
4
1
7
1
0
-1
0
4
3
5
7
-3
15
-2
14
3
14
18
9
21
7
19
10
12
17
8
20
9
15
16
4
10
1
12
2
10
4
4
2
-5
8
-9
-4
1
-4
2
-11
-6
-9
-10
-3
-10
2
-6
0
-4
-4
-1
-10
4
-6
-5
1
-11
-1
-13
-5
-13
-14
0
-16
-9
-20
-13
-15
-23
-7
-19
-17
-27
-23
-25
-28
-18
-26
-15
-24
-23
-21
-32
-19
-22
-14
-12
-8
-4
-16
-7
-20
-7
-13
-17
-12
-24
-17
-21
-19
-13
-25
-16
-19
-13
-11
-17
-10
-21
-6
-18
-10
-19
-17
-9
-19
-4
-6
-10
-7
-10
-6
-9
-15
-14
-18
-7
-28
-15
-17
-10
-12
-15
-4
-13
-5
-9
1
-4
4
3
1
4
5
6
7
-3
-3
-4
-13
-5
-9
-1
-16
-11
-9
-14
-9
-13
-2
-12
-6
-7
-5
2
-6
7
1
11
1
10
16
12
20
18
22
15
11
7
10
7
7
4
5
-4
2
-2
9
0
3
10
11
17
13
25
18
24
21
27
26
29
23
23
17
29
22
16
17
13
12
5
17
2
11
5
5
3
1
7
3
15
15
15
22
13
19
16
21
22
16
26
16
28
22
19
16
13
15
7
11
7
3
5
-12
-1
-8
3
4
0
9
-2
6
-3
0
-1
6
5
8
-3
-1
-19
-6
-13
-12
-14
-24
-17
-29
-16
-38
-18
-30
-28
-31
-23
-23
-27
-20
-25
-18
-17
-18
-12
-6
-10
-5
-16
-2
-13
-4
-5
-7
-8
-20
-9
-21
-15
-16
-20
-16
-24
-16
-19
-15
-17
-23
-9
-11
-8
-8
-5
-2
-6
1
-3
7
6
0
6
-4
2
-1
-5
-7
-1
-3
1
-2
-8
-7
-9
-1
0
5
6
-4
2
2
-5
3
-6
6
0
10
9
6
7
5
10
16
15
7
10
-2
10
0
11
13
17
16
12
15
13
7
11
12
13
23
21
21
18
18
20
21
17
17
16
15
7
6
10
7
10
18
18
14
7
6
5
10
13
13
12
13
6
13
9
13
20
17
24
10
19
-1
8
-1
4
6
7
3
-4
-7
-18
-14
-11
-2
-8
-2
-10
2
-13
12
-1
19
20
13
20
9
18
1
17
8
21
14
5
12
5
7
11
17
20
15
26
6
17
17
11
18
18
30
20
32
25
13
24
8
27
16
24
15
7
5
-18
4
-17
1
0
4
4
-15
-2
-24
-17
-2
-15
13
-11
8
-16
-9
-9
-20
6
-19
-2
-24
-26
-33
-43
-28
-43
-20
-33
-45
-35
-58
-43
-62
-33
-46
-30
-37
-51
-41
-52
-35
-24
3
-2
-5
5
-17
-4
5
16
40
28
55
19
43
18
27
48
54
85
58
81
43
61
67
58
100
86
106
77
83
90
60
112
79
121
97
90
86
59
90
47
95
71
53
59
13
22
3
25
7
-3
6
-45
-31
-72
-61
-75
-71
-78
-122
-98
-160
-149
-161
-165
-169
-196
-197
-237
-233
-247
-269
-237
-270
-251
-272
-278
-266
-293
-244
-290
-219
-236
-234
-193
-204
-155
-174
-120
-110
-97
-43
-61
1
5
23
55
59
124
102
185
173
201
234
232
272
270
327
326
349
372
342
389
369
388
421
420
465
427
473
398
431
425
439
476
466
488
422
432
390
383
414
413
440
405
358
302
218
252
168
245
167
134
52
-81
-127
-264
-223
-330
-326
-427
-579
-678
-836
-883
-958
-984
-999
-1139
-1143
-1331
-1349
-1405
-1407
-1323
-1338
-1249
-1354
-1271
-1281
-1200
-1053
-969
-796
-710
-598
-511
-424
-224
-132
116
229
383
488
563
703
761
946
981
1097
1154
1177
1200
1187
1206
1226
1214
1201
1119
1125
1031
997
943
889
842
762
749
675
664
622
593
591
571
499
532
549
644
620
673
654
641
636
577
694
729
766
771
692
614
345
295
291
300
336
70
53
-312
-508
-829
-900
-797
-971
-957
-1251
-1423
-1725
-2012
-1906
-1898
-1657
-1758
-1778
-1744
-2064
-1957
-2065
-1562
-1386
-1163
-1014
-1143
-953
-1145
-819
-569
-250
72
72
245
19
38
177
318
764
664
861
612
553
424
298
626
515
762
537
466
302
36
120
23
279
233
104
127
-144
-43
-249
-80
44
94
251
-2
177
53
175
275
369
658
624
764
700
740
936
922
1280
1312
1449
1393
1340
1537
1451
1738
1719
1851
1803
1575
1610
1486
1617
1592
1644
1671
1150
902
573
693
714
533
556
200
-98
-843
-1136
-1021
-1044
-972
-1241
-1353
-1822
-2469
-2650
-2623
-2090
-2133
-2096
-2126
-2444
-2706
-3005
-2507
-2028
-1636
-1444
-1560
-1497
-1798
-1720
-1256
-744
-176
-222
-18
-300
-437
-362
-100
613
715
796
575
322
203
26
469
682
803
680
225
184
-231
-73
11
249
330
-96
-182
-521
-444
-351
-269
31
-118
-109
-352
-362
-105
-20
417
353
555
465
488
724
891
1310
1399
1590
1696
1675
1803
1829
2185
2458
2515
2603
2473
2585
2386
2418
2502
2635
2614
2443
2367
2231
1787
1365
1273
1385
1388
973
777
418
-58
-751
-1094
-950
-972
-1217
-1464
-1792
-2162
-2944
-3140
-2990
-2698
-2656
-2875
-2732
-3112
-3411
-3648
-3250
-2660
-2414
-2195
-2134
-2147
-2302
-2396
-1806
-1299
-774
-582
-462
-515
-821
-696
-354
327
634
700
601
412
135
137
391
853
994
941
656
289
110
19
298
492
531
351
52
-179
-349
-297
-62
26
158
-64
-193
-308
-229
44
216
489
474
563
488
557
842
1142
1432
1559
1740
1804
1813
1868
2107
2491
2666
2682
2717
2861
2795
2598
2615
2761
2985
2779
2673
2608
2454
2039
1397
1435
1428
1483
1175
813
568
-193
-796
-1322
-1233
-1058
-1386
-1514
-2048
-2461
-3210
-3698
-3426
-3256
-2844
-3090
-3135
-3385
-3886
-3954
-3849
-3125
-2611
-2335
-2140
-2443
-2488
-2621
-2161
-1452
-943
-388
-432
-463
-858
-861
-389
212
786
897
751
489
102
106
327
828
1169
1087
858
275
74
-16
246
510
617
548
150
-201
-410
-341
-70
56
165
106
-120
-262
-345
19
244
497
610
620
633
542
733
1060
1415
1639
1800
1881
1908
1778
2015
2263
2562
2722
2710
2891
2688
2624
2519
2562
2815
2701
2819
2698
2425
2340
1730
1666
1131
1247
1390
1162
1079
168
-13
-763
-1257
-1412
-1423
-1040
-1493
-1923
-2431
-3198
-3404
-3877
-3216
-2854
-2772
-2890
-3479
-3454
-4149
-3847
-3387
-2495
-1882
-2027
-2154
-2524
-2599
-2296
-1687
-629
-287
-126
-460
-890
-866
-792
212
660
1156
766
393
128
-149
197
544
1135
1170
758
293
-208
-120
8
307
643
429
248
-385
-476
-549
-298
47
69
212
-172
-297
-399
-197
219
425
771
660
696
641
655
1067
1271
1784
1873
2005
1999
1811
2189
2209
2734
2792
2820
2929
2624
2922
2583
2842
2817
2776
2999
2560
2712
2393
2348
2072
1300
1326
977
1377
1195
760
591
-402
-710
-1653
-1518
-1363
-1433
-1371
-2154
-2482
-3441
-3952
-3863
-3560
-2857
-2998
-3113
-3519
-4169
-4242
-4360
-3323
-2681
-2109
-2160
-2657
-2781
-3033
-2343
-1617
-749
-291
-376
-660
-1034
-1044
-466
190
985
1014
863
462
89
110
243
889
1189
1324
898
379
29
-28
135
532
663
640
212
-144
-387
-424
-104
30
326
130
30
-172
-149
50
265
668
829
952
929
884
1114
1243
1607
1832
2139
2414
2305
2474
2331
2724
2816
2936
3122
3019
3293
3039
3126
2872
2764
2885
2801
2987
2673
2612
2451
1944
1296
579
791
1076
1123
754
115
-293
-1294
-2019
-2333
-1942
-1682
-1967
-2303
-2916
-3627
-4558
-4803
-4187
-3472
-3258
-3416
-3664
-4103
-4776
-4832
-4153
-2977
-2205
-2098
-2240
-2657
-2920
-2757
-1860
-800
-142
159
-5
-394
-718
-689
139
980
1552
1418
1102
699
132
203
494
1203
1478
1230
720
65
-136
-341
-62
263
328
327
-187
-542
-827
-757
-517
-355
1
-31
-48
-132
-219
12
243
679
1006
1260
1342
1282
1537
1655
1870
2250
2662
3025
2922
2866
2868
3009
3161
3098
3541
3644
3577
3338
3028
3057
2685
2881
2885
3010
3026
2447
2243
1081
431
236
754
1343
600
329
-528
-1287
-2388
-3191
-2394
-2100
-1882
-2600
-3041
-3634
-5110
-5303
-5070
-3634
-3365
-3435
-3465
-4102
-4437
-5334
-4193
-3030
-2000
-1572
-1944
-1758
-2672
-2409
-1842
-688
631
488
1029
166
-136
-329
40
1467
1438
2042
1403
1139
550
-121
487
689
1386
999
585
147
-576
-573
-840
-378
-321
-350
-476
-1089
-1071
-1462
-1040
-1037
-691
-386
-435
-157
-500
-55
32
517
934
1183
1714
1577
1954
2076
2292
2708
2790
3505
3424
3612
3535
3536
3841
3357
3812
3746
4074
3781
3418
3448
3017
3051
2675
2817
2865
2611
2559
1932
1021
-53
-318
300
402
424
-153
-487
-1656
-3048
-3728
-3389
-2731
-2871
-2677
-3066
-3827
-5507
-6148
-5662
-4560
-3894
-3609
-3186
-3584
-4574
-5228
-4616
-3371
-2269
-1417
-942
-1151
-1647
-2137
-1484
-749
339
1071
1740
1471
599
313
451
1109
1386
1852
1939
1731
905
430
321
513
440
473
435
-54
-414
-846
-900
-1086
-1185
-1093
-1212
-1226
-1452
-1317
-1063
-1388
-1224
-1166
-588
-429
-95
488
625
1030
839
1339
1678
2150
2740
3130
3571
3258
3492
3580
3741
3943
4170
4661
4462
4280
3813
3830
3762
3467
3599
3487
3461
2812
2542
2347
2070
2119
1751
2031
1698
887
-308
-1289
-847
-690
-269
-768
-954
-1161
-2620
-3879
-4718
-4046
-3750
-3804
-3439
-3561
-4166
-5865
-6564
-5690
-5138
-4437
-4079
-2763
-2922
-3944
-4495
-4295
-2976
-2458
-1191
-193
246
-88
-648
-301
-267
295
1491
2302
2650
1789
1719
1573
1396
1093
1203
2000
1717
1248
664
562
104
-405
-713
-884
-773
-1073
-1080
-1338
-1775
-2170
-2473
-2259
-2418
-1755
-1352
-1194
-1356
-1786
-1435
-1207
-373
223
1149
1751
1547
1797
1721
2272
2763
3699
4550
4540
4688
4211
4493
4321
4291
4859
5179
5420
4599
4440
4053
3575
3424
3214
3685
3199
2862
2307
2074
1753
1156
1476
1304
1400
1236
755
-757
-2619
-2398
-1358
-494
-1101
-1551
-1249
-2715
-4847
-6512
-5269
-4396
-4356
-3885
-3549
-3912
-6489
-7598
-6974
-5676
-5008
-4246
-2316
-2029
-3458
-4599
-4251
-2965
-2366
-862
511
1418
932
248
608
594
949
1495
2888
3135
2616
2632
2725
2478
1430
1039
1382
1523
1267
828
1049
509
-619
-1579
-1966
-1832
-1879
-1384
-1482
-1733
-2443
-3119
-3230
-3269
-2519
-1780
-924
-1029
-1407
-1188
-1039
-531
169
1383
2292
2564
2651
2612
3115
3404
4034
4703
5104
5045
5017
5304
5049
5006
4964
5138
4723
4114
3952
4174
4261
3707
3148
2904
2418
1768
1433
1723
1747
1455
1084
674
485
29
132
230
-51
-1614
-3232
-3083
-2285
-1811
-1651
-1820
-1869
-3572
-5906
-6967
-6502
-5315
-5297
-4065
-3397
-4311
-6554
-7912
-7179
-6028
-5046
-3896
-2041
-1565
-2758
-3532
-3189
-2286
-1775
-487
1003
1336
1712
1595
2527
2241
1810
2114
2500
2807
2197
3139
4064
3761
2559
1428
913
250
-98
219
828
826
-150
-1067
-2059
-2824
-3221
-2505
-1991
-2346
-2430
-2617
-2483
-2960
-2875
-2102
-1393
-1143
-1375
-614
263
664
1254
1962
2500
2438
2586
3209
3998
4725
5163
5630
5461
4855
4485
4910
5089
5239
5439
5644
5084
3911
3417
3275
3469
3250
3035
2990
2572
1846
1276
1292
1353
1107
883
320
-79
-378
188
230
330
-737
-2799
-3135
-3789
-2940
-2897
-2483
-1758
-2634
-3810
-6304
-7166
-6911
-7194
-5845
-4569
-3836
-4453
-6008
-6374
-6328
-6132
-5489
-3665
-2201
-1456
-2002
-1327
-1027
-1115
-578
-340
966
1204
1923
3278
3554
3784
3270
2953
2557
1557
1887
2617
3569
3407
2758
2203
891
-349
-980
-932
-860
-835
-1139
-1476
-2002
-2808
-3024
-2955
-3089
-3493
-3417
-3010
-2918
-2399
-1781
-1151
-821
-1188
-1118
-698
29
853
2029
3199
3513
3541
3486
3499
3839
4274
4968
5605
5614
5405
5247
5155
4862
4845
4881
4843
4361
3891
3831
3925
3728
3006
2860
2459
1940
1532
1367
1719
2013
1897
1516
1080
478
511
731
229
-1469
-2980
-2644
-2776
-2672
-2872
-2598
-1352
-3662
-5494
-7283
-7703
-7839
-8589
-6299
-5275
-5284
-6557
-7789
-6872
-7021
-7101
-5152
-3217
-1867
-2316
-2155
-1047
-560
-32
867
1620
2463
2164
3204
4591
4590
5192
4986
4929
3543
2359
2834
3608
3884
3314
2743
2294
327
-1180
-1737
-1606
-1508
-2184
-2619
-3356
-4013
-4640
-4584
-4217
-4507
-4585
-4318
-4425
-4297
-3801
-2593
-1677
-1541
-1524
-1072
-178
300
1185
2751
3676
3969
4000
4163
4665
5154
5705
6279
6716
6331
6009
5976
5612
5452
5714
5803
5316
4334
3682
3397
3232
2745
2622
2961
2326
1502
1039
1072
1277
1205
1076
986
801
357
7
448
660
694
-197
-2339
-3418
-3317
-3058
-2667
-2837
-2400
-2532
-4590
-6258
-7917
-7372
-7805
-7922
-6187
-6441
-6294
-7142
-7115
-5268
-5436
-4684
-3688
-2651
-1820
-2652
-1026
128
1204
2330
2322
3278
3606
3436
4588
4809
5100
5055
4769
4593
3193
3074
3190
3352
3014
1490
702
33
-1595
-2391
-2936
-2526
-2708
-3749
-4422
-5217
-5204
-5603
-5619
-4873
-4969
-4545
-4298
-4124
-3298
-2843
-1532
-900
-497
62
693
2141
2490
3252
4588
5133
5759
5558
6048
6826
6897
7211
7069
7256
6741
5992
6030
5623
5603
5371
4806
4224
2968
2262
2116
1937
1576
1466
1268
949
262
-369
-69
95
273
118
139
407
-92
-77
88
327
530
-1153
-2569
-2859
-2881
-2852
-2999
-3059
-2197
-2794
-4622
-5793
-6941
-6768
-8023
-7625
-6456
-6811
-6192
-7020
-5819
-4197
-4822
-3330
-2951
-1972
-1829
-2473
-560
63
1599
2564
3051
4393
3932
3953
4573
4065
4312
3861
3802
3585
2467
2453
2440
2210
1519
-65
-537
-1528
-3122
-3592
-4273
-3680
-4149
-4950
-5113
-5620
-5323
-5733
-5419
-4770
-4758
-3772
-3721
-3033
-2228
-1457
104
560
1545
1945
2940
3735
3770
4954
5526
6345
6675
6752
7459
7418
7595
7193
7085
6883
5880
5723
5034
4811
4510
4013
3757
2808
2285
1684
1483
1287
717
766
589
260
-165
-389
214
539
710
753
743
889
528
511
561
217
-954
-2225
-2116
-2438
-2850
-3149
-3178
-2040
-3291
-4456
-5565
-6554
-6888
-8852
-7479
-6877
-6921
-6350
-7122
-4617
-4334
-4395
-2788
-2474
-810
-2049
-1718
-94
184
2095
2373
3851
4945
4178
4654
4447
4189
3973
3415
3523
2774
1778
1852
1520
1343
518
-822
-883
-2489
-3673
-4272
-4996
-4516
-5444
-5492
-5665
-6023
-5374
-5720
-4544
-4237
-4069
-3062
-3238
-2283
-1929
-784
747
1461
2795
3122
4267
4870
4845
5873
6045
6663
6855
6780
7187
7049
7292
6928
6851
6441
5499
5016
4133
3614
3070
2677
2227
1733
1488
967
924
654
368
396
132
-23
-414
-149
157
572
1085
1081
1710
1584
1636
1787
1544
1340
-692
-1527
-1751
-2427
-2024
-3091
-2148
-1403
-2849
-3470
-5827
-6156
-7171
-8904
-7537
-8148
-7161
-7055
-7594
-4747
-4886
-3662
-2751
-2781
-1033
-2582
-2058
-1225
-649
1855
1745
3237
4275
3979
5050
4175
4358
4498
3483
3359
2030
1435
1644
887
1377
775
-21
-269
-2212
-2646
-3880
-4805
-4522
-5666
-5311
-6110
-6238
-5160
-5294
-3923
-4007
-3289
-2561
-2999
-2086
-2141
-634
439
1197
2710
3115
4574
4962
5585
6323
6311
6916
6517
6612
6478
6429
6810
6620
6649
6118
5616
4928
4145
3449
2755
2322
1584
1179
764
649
752
618
592
398
383
225
-6
96
320
817
1186
1324
1506
1655
2048
2189
1848
697
-763
-1236
-1787
-2288
-2751
-2914
-1814
-2156
-3143
-4592
-5895
-6161
-7725
-8021
-7923
-7882
-7102
-7561
-6370
-5020
-4315
-2879
-2704
-1543
-1476
-1937
-1251
-855
678
1484
1875
3179
3762
4518
4599
4375
4825
4418
3711
2628
1704
1550
1096
561
351
-70
-216
-1113
-2093
-2735
-3632
-4169
-5116
-5825
-6097
-6375
-5901
-5450
-4758
-4060
-3720
-2936
-2593
-2042
-1598
-1109
-74
610
1460
2217
3166
4373
5233
6094
6620
7033
7202
6882
6692
6459
6389
6270
5981
5772
5453
5076
4533
4007
3617
3062
2386
1696
1051
678
375
236
361
588
765
767
726
715
796
990
1170
1428
1585
1717
1957
2046
1617
419
-602
-1056
-1276
-1605
-2504
-2788
-2484
-2704
-3370
-4931
-5894
-6574
-7358
-7735
-8236
-7943
-7549
-7244
-6244
-5558
-4555
-3574
-2930
-1890
-1727
-1569
-1202
-486
747
1254
1663
2559
3531
4536
4464
4322
4652
4636
4198
2835
1861
1633
1270
760
-87
-586
-643
-1228
-2082
-3144
-3842
-4351
-5171
-5858
-6434
-6492
-6214
-6018
-5387
-4736
-4072
-3303
-2683
-1919
-1508
-1054
-393
444
1491
2061
2945
4116
5159
6089
6472
6967
7392
7422
7121
6610
6463
6279
6069
5743
5344
5089
4729
4281
3823
3417
2966
2456
1801
1191
749
472
387
470
641
806
886
905
1097
1344
1580
1689
1767
2039
2031
1632
611
-470
-838
-1194
-1284
-1700
-2184
-1990
-2313
-2669
-3679
-4881
-5577
-6578
-6965
-7421
-7687
-7289
-7165
-6216
-5173
-4397
-3389
-3031
-2209
-1680
-1719
-1569
-1365
-248
818
1241
1852
2403
3484
4148
4032
4143
4037
3976
3264
2069
1330
751
478
4
-635
-991
-1523
-2021
-2735
-3573
-4298
-5145
-5812
-6313
-6511
-6363
-6115
-5530
-4788
-4046
-3559
-3228
-2630
-1853
-1044
-474
195
1147
2097
2921
3640
4577
5659
6483
6946
7060
7042
6936
6708
6471
6271
6108
5949
5647
5296
4908
4557
4301
3995
3653
3059
2360
1707
1210
953
762
670
719
842
977
986
1111
1317
1569
1736
1791
1811
1523
791
-381
-1284
-1737
-1845
-1827
-2043
-2070
-2086
-2405
-3052
-4210
-5189
-6018
-6558
-6755
-7034
-7034
-6926
-6443
-5264
-4217
-3293
-2668
-2131
-1414
-1227
-1371
-1516
-1124
-141
610
1173
1708
2287
3151
3522
3749
3834
3614
3222
2348
1464
705
58
-391
-861
-1081
-1299
-1850
-2453
-3229
-3732
-4292
-5052
-5660
-5993
-5912
-5767
-5526
-5064
-4426
-3668
-3112
-2583
-1883
-1192
-344
398
1130
1888
2554
3309
4044
4921
5784
6402
6861
6929
6918
6831
6588
6485
6331
6209
5963
5538
5146
4827
4628
4336
4013
3686
3239
2722
2119
1663
1454
1353
1210
1077
1011
1000
1057
1190
1425
1694
1893
1805
1414
555
-697
-1741
-2366
-2472
-2404
-2507
-2535
-2620
-2783
-3327
-4299
-5222
-6049
-6406
-6607
-6872
-6973
-7014
-6456
-5447
-4339
-3227
-2511
-1863
-1403
-1256
-1251
-1356
-1041
-444
128
708
1100
1669
2322
2828
3344
3564
3455
2858
1885
985
217
-381
-954
-1485
-1745
-2027
-2421
-2979
-3497
-3741
-3984
-4365
-4959
-5501
-5783
-5931
-5744
-5265
-4559
-3687
-2972
-2191
-1433
-721
-46
590
1427
2160
2758
3188
3560
4240
5082
5941
6630
6995
7147
7158
7055
6791
6560
6400
6211
5949
5527
5137
4836
4655
4535
4457
4340
3927
3372
2712
2115
1761
1577
1574
1650
1672
1667
1656
1737
1843
1825
1530
627
-624
-1826
-2698
-2977
-2949
-2783
-2525
-2572
-2878
-3516
-4305
-5004
-5703
-6085
-6385
-6541
-6604
-6703
-6301
-5480
-4346
-3137
-2306
-1694
-1453
-1386
-1369
-1295
-929
-512
-30
419
810
1299
1784
2262
2790
3102
3101
2612
1784
874
-2
-704
-1245
-1528
-1653
-1919
-2337
-2803
-3162
-3329
-3631
-4055
-4576
-5019
-5331
-5505
-5410
-5086
-4452
-3748
-3038
-2315
-1581
-802
-106
490
1015
1514
2030
2420
2841
3404
4119
4905
5553
6065
6392
6532
6509
6413
6271
6057
5801
5527
5332
5214
5116
5025
4894
4759
4579
4329
3975
3500
3010
2616
2292
2075
1932
1910
1984
2015
2034
2001
1890
1384
367
-910
-2102
-2888
-3181
-3232
-3065
-2972
-3026
-3274
-3876
-4641
-5596
-6320
-6680
-6762
-6646
-6615
-6479
-6013
-5316
-4255
-3145
-2157
-1484
-1341
-1438
-1620
-1523
-1092
-519
131
644
1093
1598
1976
2420
2701
2821
2731
2246
1556
678
-126
-733
-1106
-1118
-1098
-1203
-1483
-2037
-2529
-3043
-3448
-3743
-4058
-4342
-4655
-4806
-4719
-4408
-3814
-3135
-2432
-1763
-1249
-722
-270
149
594
1089
1629
2132
2610
3183
3810
4523
5144
5659
6057
6169
6130
5931
5739
5593
5511
5484
5473
5427
5330
5184
5094
4956
4773
4517
4146
3738
3294
2881
2551
2399
2335
2363
2394
2397
2273
1957
1223
155
-997
-1986
-2563
-2824
-2888
-2840
-2832
-3026
-3532
-4246
-5016
-5747
-6228
-6573
-6691
-6687
-6665
-6494
-6116
-5429
-4453
-3415
-2493
-1991
-1897
-2063
-2190
-1983
-1533
-900
-237
324
874
1386
1800
2133
2280
2344
2133
1698
1079
395
-113
-514
-700
-672
-620
-619
-847
-1278
-1782
-2344
-2766
-3153
-3411
-3644
-3859
-3893
-3769
-3398
-2838
-2251
-1725
-1312
-1011
-753
-537
-296
-13
442
986
1582
2250
2906
3525
4087
4551
4878
5065
5085
5008
4941
4889
4843
4869
4941
5043
5086
5046
4936
4784
4570
4286
4033
3793
3520
3269
3041
2898
2895
2908
2940
2903
2740
2291
1546
607
-370
-1079
-1456
-1545
-1437
-1417
-1671
-2219
-3012
-3818
-4536
-5044
-5379
-5567
-5654
-5812
-5947
-5930
-5711
-5174
-4463
-3752
-3132
-2851
-2855
-2991
-3004
-2741
-2256
-1552
-852
-194
337
633
847
979
1057
1111
1064
900
657
402
203
65
29
-20
-42
-88
-284
-554
-925
-1331
-1710
-1961
-2073
-2058
-1979
-1894
-1824
-1746
-1709
-1646
-1467
-1256
-991
-755
-558
-333
-104
159
510
961
1473
1909
2303
2592
2798
2952
3016
3176
3422
3677
3877
3963
3974
3965
3986
4064
4170
4315
4318
4121
3847
3519
3398
3475
3555
3671
3691
3700
3584
3257
2758
2031
1362
732
265
109
5
-59
-217
-555
-1025
-1728
-2517
-3331
-3960
-4433
-4771
-4938
-5003
-5010
-5009
-4977
-4880
-4547
-4209
-3943
-3867
-3962
-4063
-4048
-3806
-3320
-2655
-1944
-1382
-938
-579
-275
62
237
328
339
346
347
379
443
559
702
811
887
904
827
538
152
-271
-612
-774
-824
-783
-681
-612
-591
-609
-633
-676
-696
-736
-806
-844
-813
-706
-512
-232
60
422
780
1084
1353
1490
1512
1474
1454
1571
1766
2051
2280
2492
2693
2883
3159
3427
3648
3712
3614
3406
3233
3106
3051
3107
3299
3558
3769
3821
3701
3375
2955
2401
1899
1489
1176
1055
912
787
525
173
-315
-886
-1458
-1981
-2374
-2654
-2904
-3130
-3399
-3691
-3968
-4117
-4099
-3955
-3770
-3671
-3621
-3693
-3816
-3936
-3872
-3640
-3269
-2906
-2561
-2200
-1862
-1574
-1346
-1095
-853
-608
-403
-257
-120
37
152
272
352
469
572
636
588
450
385
290
265
223
213
187
101
-26
-151
-213
-277
-297
-280
-210
-128
-45
6
56
75
92
110
211
309
412
511
555
644
683
796
922
1096
1250
1349
1469
1570
1692
1804
1928
2054
2181
2297
2384
2474
2561
2675
2787
2865
2909
2933
2917
2834
2711
2568
2427
2281
2089
1881
1675
1459
1238
987
715
381
24
-357
-664
-901
-1097
-1277
-1459
-1668
-1958
-2228
-2483
-2639
-2747
-2834
-2901
-2947
-3008
-3079
-3123
-3126
-3106
-3065
-3029
-2986
-2907
-2839
-2729
-2613
-2470
-2336
-2128
-1889
-1635
-1366
-1146
-928
-746
-576
-447
-338
-219
-92
95
304
483
659
778
866
923
970
1019
1057
1064
986
903
844
821
808
766
721
680
647
612
622
608
551
470
365
270
203
215
265
362
445
516
588
692
799
923
1047
1146
1245
1302
1368
1474
1615
1761
1940
2091
2219
2280
2319
2319
2314
2324
2304
2276
2187
2074
1930
1803
1665
1535
1429
1272
1044
730
398
117
-96
-274
-456
-648
-873
-1129
-1368
-1574
-1730
-1855
-1990
-2150
-2345
-2539
-2717
-2806
-2845
-2868
-2865
-2857
-2837
-2845
-2856
-2865
-2822
-2782
-2729
-2639
-2504
-2304
-2081
-1830
-1586
-1344
-1111
-887
-648
-420
-199
36
256
462
651
858
1056
1258
1429
1561
1663
1697
1673
1616
1570
1495
1409
1312
1195
1086
961
889
845
807
740
615
480
314
161
42
-10
-11
-6
5
23
53
106
184
275
355
420
477
540
615
721
860
1021
1189
1315
1415
1516
1632
1747
1825
1894
1934
1934
1906
1859
1836
1801
1779
1725
1637
1479
1280
1066
847
660
469
310
122
-102
-372
-610
-799
-947
-1098
-1260
-1422
-1609
-1827
-2034
-2193
-2300
-2343
-2391
-2415
-2442
-2466
-2507
-2540
-2572
-2583
-2561
-2518
-2456
-2412
-2316
-2195
-2029
-1895
-1742
-1545
-1309
-1068
-863
-663
-475
-286
-105
91
305
532
748
942
1089
1201
1294
1377
1440
1479
1480
1441
1398
1301
1202
1121
1059
1002
908
820
702
585
459
351
275
205
137
72
34
16
24
33
63
94
126
168
240
313
407
498
582
637
684
754
842
958
1063
1178
1259
1322
1346
1368
1403
1442
1469
1471
1453
1416
1353
1273
1214
1150
1088
986
862
705
523
347
178
33
-127
-282
-455
-647
-854
-1023
-1144
-1241
-1331
-1458
-1599
-1741
-1860
-1953
-2011
-2049
-2062
-2092
-2128
-2164
-2162
-2115
-2067
-2027
-1995
-1954
-1897
-1826
-1726
-1573
-1396
-1202
-1041
-890
-716
-521
-319
-132
55
229
389
520
659
825
993
1159
1294
1390
1414
1407
1374
1335
1301
1255
1191
1095
988
861
761
696
661
595
518
400
279
142
36
-39
-82
-81
-84
-62
-43
27
90
163
199
237
246
263
277
316
388
474
547
593
661
741
826
863
929
957
971
928
873
843
871
899
924
927
936
888
816
741
688
630
539
411
246
116
-39
-127
-221
-264
-363
-471
-631
-774
-914
-995
-1052
-1090
-1150
-1244
-1318
-1395
-1408
-1415
-1388
-1375
-1365
-1400
-1422
-1450
-1391
-1316
-1207
-1138
-1078
-1010
-951
-881
-789
-651
-516
-404
-326
-225
-101
53
197
335
458
575
640
690
756
843
910
943
921
879
816
759
717
705
704
670
600
469
346
229
166
112
82
19
-43
-111
-166
-192
-180
-136
-112
-81
-90
-86
-98
-58
-30
6
25
54
99
133
197
258
334
363
370
364
400
439
492
537
586
619
626
619
614
663
706
744
728
704
653
592
544
499
462
418
328
199
64
-46
-127
-180
-239
-305
-375
-460
-533
-612
-648
-669
-705
-778
-864
-925
-952
-926
-874
-812
-767
-748
-750
-771
-768
-729
-682
-647
-628
-616
-578
-522
-450
-357
-245
-137
-69
-22
7
71
152
217
264
307
344
366
392
429
478
506
510
470
409
338
297
277
253
230
188
134
51
-19
-66
-61
-52
-46
-73
-96
-111
-117
-117
-113
-74
-55
-36
-46
-28
-2
36
53
65
70
76
100
116
152
179
221
225
220
216
248
310
364
415
461
501
511
520
537
578
626
650
641
610
571
522
476
448
425
379
309
236
167
99
51
15
-48
-126
-228
-302
-366
-402
-408
-410
-409
-434
-477
-519
-518
-487
-452
-426
-415
-424
-439
-457
-447
-420
-365
-319
-291
-275
-257
-232
-215
-184
-163
-125
-116
-117
-117
-92
-49
-23
-15
-9
-2
-7
-6
4
25
37
27
-8
-43
-80
-91
-88
-73
-66
-78
-111
-146
-182
-186
-176
-161
-132
-146
-168
-180
-184
-198
-204
-211
-212
-224
-224
-223
-212
-187
-178
-173
-180
-178
-171
-135
-119
-81
-47
-16
20
70
135
226
314
383
447
488
533
558
603
639
689
713
723
735
733
734
733
727
690
638
570
490
426
374
332
293
246
174
100
36
2
-14
-13
-13
-35
-68
-121
-157
-179
-161
-145
-121
-120
-120
-130
-136
-126
-116
-93
-95
-99
-128
-140
-159
-157
-166
-173
-193
-206
-221
-219
-206
-198
-186
-198
-217
-237
-258
-270
-259
-243
-209
-215
-219
-250
-269
-300
-298
-294
-285
-283
-290
-308
-335
-357
-376
-387
-402
-406
-418
-432
-449
-457
-474
-472
-476
-454
-447
-410
-390
-351
-341
-320
-301
-270
-206
-138
-45
21
118
188
274
339
424
485
558
621
681
742
796
850
894
927
939
947
934
932
901
885
839
786
725
660
574
500
429
373
333
274
225
147
80
12
-23
-50
-65
-76
-97
-116
-140
-159
-182
-180
-171
-156
-148
-136
-126
-132
-129
-136
-148
-173
-196
-221
-222
-223
-232
-241
-269
-280
-285
-281
-284
-279
-285
-292
-307
-322
-350
-369
-362
-361
-337
-331
-319
-328
-325
-329
-351
-372
-398
-406
-410
-414
-432
-433
-442
-437
-436
-436
-448
-456
-451
-435
-432
-434
-432
-432
-421
-396
-341
-282
-210
-155
-111
-65
-18
42
115
184
256
334
423
505
574
649
717
774
835
884
911
937
962
992
996
1004
995
965
944
916
888
844
790
750
688
595
515
419
367
326
311
291
247
199
135
69
19
-8
-25
-29
-64
-94
-129
-146
-151
-148
-135
-129
-138
-150
-189
-236
-266
-307
-326
-373
-396
-406
-402
-397
-399
-418
-441
-455
-488
-533
-591
-605
-608
-574
-560
-561
-568
-584
-568
-543
-512
-490
-459
-469
-485
-533
-566
-578
-552
-494
-460
-414
-418
-399
-412
-409
-423
-433
-418
-413
-389
-369
-347
-338
-309
-261
-204
-151
-86
-32
42
102
158
192
219
263
332
445
548
663
747
829
887
959
1010
1031
1044
1034
1085
1101
1128
1137
1093
1104
1058
1039
1002
949
925
860
821
720
622
553
485
451
390
371
367
354
323
243
180
70
16
-23
-35
-43
-49
-24
-4
1
-10
-35
-129
-163
-277
-320
-346
-379
-366
-395
-396
-394
-472
-506
-519
-493
-372
-409
-425
-461
-671
-920
-1332
-1412
-887
-465
5
-218
-697
-737
-932
-688
-890
-1366
-1238
-872
78
139
-1009
-2046
-2645
-1655
-66
415
257
-656
-1481
-1094
-1143
-1108
-1404
-1725
-492
383
1227
720
-1063
-1461
-1274
141
1536
1380
1263
698
660
729
424
279
419
1274
2420
2766
1995
1195
463
809
1311
1189
1430
1590
1956
2077
1054
399
-262
252
975
1168
1504
903
781
327
-155
-325
-358
326
841
1041
751
-61
-186
-340
-249
-250
-145
493
691
606
-111
-483
-491
-384
-256
-192
-4
87
3
-258
-703
-886
-990
-696
-338
-341
-424
-739
-712
-876
-993
-1081
-997
-610
-590
-724
-933
-1012
-951
-1007
-905
-800
-544
-457
-738
-877
-1153
-962
-844
-622
-497
-765
-433
-582
-501
-788
-1101
-778
-569
45
-180
-168
-79
-481
-342
-555
-523
-130
325
707
704
694
-16
79
213
309
817
809
1140
792
1255
1182
975
1431
516
1066
1455
1632
2023
1309
1495
936
1411
1791
1577
1898
1067
1086
1069
1473
1591
1177
1298
732
545
382
294
538
491
314
-270
-371
-416
-638
-624
-724
-1052
-1020
-1181
-1285
-1202
-1281
-1294
-1517
-1416
-1648
-1492
-1347
-1396
-1092
-1027
-831
-932
-1093
-951
-807
-276
-293
-170
-254
-443
-189
-318
418
418
410
188
-140
209
24
440
214
145
198
-151
103
-210
-161
-341
-144
-168
-215
-70
-577
-97
-636
-623
-528
-548
110
32
65
-183
-287
6
-145
252
476
367
810
589
715
807
522
765
892
1190
1012
868
964
615
1130
725
1053
860
410
630
19
646
225
92
-89
-409
109
21
-31
-432
-853
-562
-587
-382
-261
-401
-260
-603
-549
-511
-247
153
195
265
-31
-203
134
308
689
529
335
474
347
587
526
526
608
333
268
162
104
321
70
79
-296
-635
-512
-433
-86
-345
-633
-861
-931
-811
-1060
-910
-535
-340
-284
-816
-1033
-1018
-743
-224
-163
-19
-177
-323
-94
93
60
-71
-31
446
517
561
412
243
831
316
290
280
385
962
591
925
426
267
482
55
594
-28
-55
183
-7
353
-262
-272
-355
-665
-747
-810
-645
-505
-542
-735
-935
-1290
-1254
-1104
-819
-640
-763
-513
-352
-313
-302
-526
-119
145
403
580
539
915
831
929
882
934
1159
1146
1453
1390
1356
1051
862
940
840
813
574
610
380
77
-184
-278
-112
-235
-313
-573
-810
-913
-1037
-801
-612
-683
-808
-978
-923
-857
-743
-459
-318
-97
-217
-239
-29
3
201
178
401
593
595
729
512
559
638
569
841
816
1002
997
911
911
483
647
527
779
1000
829
1043
436
216
-375
-399
145
64
516
-13
-129
-609
-1428
-1366
-1651
-1266
-1305
-1309
-1074
-1559
-2029
-2529
-2392
-2052
-1927
-1695
-1307
-911
-1152
-1686
-1924
-1519
-832
-278
174
403
493
403
338
537
731
1129
1534
1888
1955
1569
1303
1152
1373
1499
1590
1586
1538
1356
873
581
287
282
347
447
429
92
-296
-714
-843
-803
-734
-389
-197
-170
-521
-843
-871
-682
-264
-25
244
272
281
287
274
442
568
860
1295
1399
1532
1338
1211
1289
1155
1484
1521
1673
1752
1409
1465
1177
1170
1324
1194
1472
912
399
-112
-436
-78
-304
-153
-292
-472
-888
-2029
-2605
-3041
-2836
-2370
-2047
-1751
-2572
-3470
-4144
-4105
-3552
-3285
-2673
-1980
-1654
-1995
-2722
-2928
-2365
-1589
-544
170
548
518
283
395
518
656
1142
1878
2586
2604
2173
1963
1732
1671
1513
1687
2263
2370
2180
1590
949
467
72
349
735
967
676
122
-257
-782
-1129
-1133
-639
50
136
-189
-630
-970
-1040
-926
-365
280
770
900
717
545
295
416
954
1693
2233
2321
2264
2068
1892
1666
1794
2245
2761
2915
2730
2484
2129
1924
1643
1828
2094
1950
1276
116
-270
-345
-131
-60
-525
-601
-1528
-2400
-3349
-4072
-3942
-4127
-3316
-3028
-3489
-4305
-5723
-5503
-5251
-4825
-4022
-3440
-2272
-2624
-3116
-3441
-3324
-2130
-1283
4
800
946
966
797
978
980
1287
2328
3091
3344
2846
2296
2353
2037
1697
1489
1658
2194
1922
1658
945
55
-402
-949
-471
-256
-200
-150
-674
-856
-1873
-2310
-1827
-1161
6
-34
-13
-225
-663
-606
-715
299
1201
2005
2568
2199
1988
1440
1623
2403
3005
3774
3905
3988
3595
2810
2612
2622
3155
3493
3403
3448
3007
2535
2118
1567
1737
1821
2009
1617
46
-729
-1240
-810
-518
-1210
-1061
-1724
-2449
-3696
-5163
-5009
-5238
-4343
-3565
-3702
-4064
-6001
-6393
-6206
-5961
-4957
-4183
-2172
-1635
-2489
-3231
-3764
-2443
-1555
-283
1276
1866
2352
1641
1455
1364
1263
2253
2930
3834
3613
2792
2702
2020
1419
636
444
1120
948
748
122
-647
-1030
-2369
-2612
-2555
-2406
-1626
-1808
-1499
-2368
-3233
-3122
-3081
-1569
-1103
-252
645
257
385
-433
364
1437
2350
3813
3749
4431
3884
3462
3793
3674
4843
5107
5753
5713
4786
4468
3543
3766
3611
3426
3713
3404
3311
2476
1827
1484
1122
1094
933
898
395
-923
-2021
-2212
-2050
-1689
-1887
-2011
-1971
-3099
-4247
-5664
-5854
-5560
-5323
-3789
-3519
-3529
-4926
-6237
-5736
-5821
-4692
-3727
-1667
-145
-1034
-1471
-2459
-1742
-1042
-173
1882
2770
3475
2727
2335
2101
1404
1918
2321
3116
2872
2086
2012
1582
825
-470
-1000
-1024
-1250
-1590
-1812
-1815
-2164
-2909
-3798
-3984
-4302
-4226
-3424
-2917
-2368
-2611
-2507
-2167
-2054
-1453
-999
526
1526
1770
2294
2410
3146
3474
3931
4666
5082
5606
5428
5644
5717
5440
5625
5448
5398
4927
4442
4429
4164
3956
3254
2811
2543
1745
1413
1147
1246
1429
1178
882
324
-38
-517
-1354
-2341
-2948
-2364
-1403
-1198
-1789
-2156
-2437
-3395
-4716
-5893
-5601
-5036
-4299
-3194
-2766
-2844
-4446
-5067
-4826
-4703
-3844
-2778
-140
1017
331
-509
-1161
-331
-482
120
1540
2670
3488
2768
2577
1866
1088
893
814
1144
579
388
661
500
-583
-2083
-2674
-2735
-3182
-3891
-3756
-3289
-2920
-3510
-4150
-4232
-4529
-4064
-3866
-2880
-2048
-1862
-890
-706
-73
2
559
2058
2554
3446
3422
4066
4945
4746
5242
5274
5843
5829
5326
5461
4970
5207
4982
4771
4778
3881
3408
2966
2821
2322
1920
1984
1635
1566
929
709
944
941
936
643
940
852
571
-149
-2047
-2625
-1732
-1129
-340
-436
-774
-58
-1981
-3535
-5428
-5934
-4497
-5058
-1783
-1971
-2283
-2287
-5201
-3300
-5231
-4538
-2624
-1484
1879
-1026
130
-432
-803
750
-1432
1026
729
1234
1748
859
2089
530
1275
1194
-252
-526
-1691
-862
-284
-1220
-1423
-1812
-2094
-3090
-4707
-4384
-4457
-3532
-3074
-3494
-2506
-3196
-2933
-2818
-2879
-2295
-2126
-784
-347
446
1190
1538
2910
2865
2772
2786
3196
3921
4291
4997
4763
5402
5105
4402
4464
3703
4095
3594
3786
3719
2711
3382
2037
2734
2423
1578
2376
1403
1820
1055
1324
1863
1854
2365
2178
2027
2361
1918
1795
1456
-391
-1140
-1238
-644
-226
130
658
938
-336
-2725
-5206
-6240
-6269
-6437
-4441
-2742
-2450
-2135
-3930
-3948
-4621
-5534
-4215
-3702
-795
-1571
-732
410
210
1416
-175
566
441
254
228
55
1430
1588
1924
2346
1455
467
-827
-1685
-1601
-2088
-2236
-1861
-1711
-1930
-3263
-3677
-3667
-4302
-3956
-4463
-3619
-3134
-3098
-2123
-2009
-1028
-1314
-847
-342
-452
454
707
2146
2889
3317
3963
3932
4401
3765
3776
4022
4107
4500
4239
4353
4076
3720
3386
3072
2899
2587
2206
2140
2073
1952
2048
1873
2200
1948
1865
1939
1710
2178
1968
2391
3023
2982
3394
2961
2566
1841
80
-442
-604
-392
44
-64
335
537
-1005
-2540
-4319
-5887
-5852
-7143
-5470
-4733
-4639
-3063
-4482
-2566
-3730
-4290
-3112
-3975
-1624
-3054
-1806
-267
-75
2061
992
2192
1901
858
874
-280
449
531
956
2045
1646
1210
539
-610
-1045
-2330
-3168
-3100
-3917
-3788
-4435
-4034
-3258
-3709
-3132
-3717
-3703
-3849
-4353
-3580
-3043
-1930
-812
-67
962
852
1110
1688
1772
2708
2608
3441
3982
3913
4506
4143
5040
4865
4491
4333
3360
3294
2574
2577
2729
2740
2968
2501
2460
2008
1726
1760
1718
2013
1903
1946
1938
1973
2362
2528
3196
3672
3666
3769
3345
2865
1983
582
20
-56
91
60
-23
112
74
-1130
-2773
-4396
-5971
-6208
-7233
-6135
-5544
-5342
-3958
-4628
-3027
-3679
-3548
-2588
-3092
-1634
-2762
-1717
-491
148
2071
2000
3119
2906
2221
1814
731
776
701
918
1270
986
584
587
-181
-706
-1851
-2831
-3429
-4860
-5352
-6072
-5626
-4963
-4607
-3966
-3745
-3793
-3858
-3971
-3926
-3252
-2936
-1545
-885
46
1186
1478
3096
3135
3797
4046
3718
4289
3530
4369
4428
4890
5637
5002
5262
4203
3797
3132
2394
2352
1683
1923
1628
1447
1681
1587
1884
1900
1932
1941
1579
1644
1429
1793
2200
2735
3445
3633
4146
3879
4163
3188
1765
564
-217
-227
-1007
-473
-780
286
-407
-1974
-2570
-5136
-5033
-7397
-6969
-6214
-7236
-4833
-5952
-3330
-2787
-3111
-982
-2271
-587
-2085
-2438
-1069
-1488
675
1159
2452
3688
3157
3310
2467
1587
1496
336
401
-87
-1143
-368
-1168
-681
-1094
-1890
-1683
-3591
-4184
-5778
-6761
-6256
-6464
-5338
-4579
-3979
-2867
-2416
-2010
-1609
-1888
-1002
-1088
-898
472
448
2675
3105
4097
5432
4859
6078
4705
5249
4904
3975
4824
3390
4205
3483
3358
3701
2748
3392
2148
1995
1347
235
321
-192
389
674
1154
1841
1917
2334
2326
2292
2791
2805
3115
3287
3345
3887
3921
3920
3214
2264
1778
1189
206
-83
-631
-721
-453
-2236
-2267
-4135
-5074
-5334
-7212
-5449
-7110
-6384
-5868
-6442
-3760
-5003
-2946
-2273
-2259
-698
-2449
-1256
-1250
-1149
393
100
1618
2014
1982
2898
1968
2285
2127
975
1139
-535
-942
-964
-1822
-1013
-1847
-1750
-2058
-3359
-3376
-4706
-4914
-4928
-5366
-4704
-4955
-4272
-3373
-2941
-1613
-1296
-380
189
53
552
620
1300
1908
2468
3372
3827
4493
4880
4912
5264
4997
4802
4347
3444
2992
2303
2162
2071
1838
2038
1604
1421
1188
923
1117
997
1188
1151
1092
1337
1436
2008
2600
3356
3976
4318
4770
4529
5015
4786
4884
4708
3414
2474
565
945
-466
-485
-284
-1364
460
-2657
-2643
-4516
-6394
-5540
-9062
-6516
-8462
-8206
-6806
-8284
-4049
-5113
-2939
-1379
-1921
106
-1911
-1278
-829
-967
644
578
1700
2616
2552
3865
3519
3484
4197
2533
2663
607
-869
-494
-2287
-1369
-2430
-2320
-1903
-3309
-2659
-3929
-3810
-4099
-5354
-4663
-5781
-5431
-4392
-4635
-2411
-1998
-1060
726
-106
1463
875
1702
2835
1497
3622
2042
3211
3843
2920
5392
3972
5484
4753
3692
4120
1841
2840
1419
1236
1259
66
1082
-9
911
1123
1397
2395
1892
2354
1942
2087
2180
2492
3137
3320
4093
4257
4614
5225
5373
6092
5622
5016
3216
1375
558
-1585
-948
-2326
-2164
-1263
-3748
-2332
-5312
-5397
-5547
-8514
-6005
-9705
-7998
-8699
-9907
-5689
-7759
-3111
-2756
-2008
1051
-1243
1396
371
518
2044
518
2360
1649
1858
3421
2708
4438
4623
4020
4970
2406
1897
830
-1300
-471
-3056
-2645
-3400
-4594
-3360
-5020
-3494
-3855
-4148
-3364
-5205
-4158
-4966
-4782
-3404
-4140
-1961
-2118
-1152
74
-70
2209
1912
3530
3540
3137
3979
2462
3676
2847
3249
3824
3112
4099
2857
3508
3119
2949
3252
1923
2125
788
477
253
-91
648
827
1586
1953
2132
2662
3018
3625
4181
4081
4437
3949
3971
3973
3813
4727
4697
5235
4611
3253
2077
1000
128
-998
-1443
-2734
-2579
-4015
-5080
-5314
-6956
-5951
-7966
-7175
-7695
-8852
-7232
-8986
-5980
-6018
-5012
-2705
-3244
-459
-966
193
1438
1358
3001
2291
2899
3159
2879
3956
3733
3919
4624
3862
3954
3113
1874
2074
470
322
-1104
-2332
-2706
-4454
-4006
-4976
-4930
-4588
-5322
-4576
-5400
-5419
-4734
-4699
-3698
-3676
-3065
-2537
-2117
-1395
-999
423
1262
2153
2631
3206
3316
3583
3932
3637
4311
3842
3933
3667
3343
3479
3036
3490
2863
2870
2518
1877
1947
1120
1385
1068
1127
1341
1200
1697
1823
2545
2945
3428
3870
4017
4040
4296
4240
4462
4765
4413
4845
4113
3449
2030
933
598
-792
-871
-2397
-2634
-2872
-4327
-4192
-6061
-5839
-7054
-7803
-7492
-9089
-7677
-8698
-7313
-6234
-6067
-3918
-3893
-1759
-1035
-260
1006
1251
2593
2606
2894
3283
3259
3781
3994
3898
4387
4436
4232
4286
3191
3103
2179
1437
566
-1083
-1571
-3122
-3688
-4522
-5359
-5241
-5661
-5579
-5515
-5745
-5244
-5191
-4915
-4389
-4620
-3650
-3579
-2927
-1940
-1674
-147
103
1163
1962
2212
3556
3334
4323
4475
4287
4831
4018
4386
3713
3744
3821
3199
3584
2730
2972
2827
2322
2576
1843
2143
1585
1404
1606
1258
1991
1726
2357
2487
2681
3286
2970
3704
3667
3974
4414
3954
4217
3533
3086
2177
505
469
-1040
-1403
-1832
-3245
-2402
-3937
-4268
-4787
-6323
-5496
-7523
-6833
-7319
-8290
-6795
-8348
-6254
-6094
-5710
-3522
-3668
-1300
-977
-282
1369
1529
3130
3191
3420
4187
3660
4212
4050
3579
4522
3819
4032
3923
2734
3338
1909
1789
687
-683
-862
-2957
-3086
-4484
-5220
-5023
-6143
-5697
-6175
-6234
-5651
-5887
-4828
-4691
-4057
-3190
-3319
-2020
-2077
-1174
-214
-98
1470
1265
2666
3110
3568
4872
4349
5827
5168
5535
5473
4799
5553
4385
4906
3991
3693
3671
2633
3033
2229
2512
2325
1993
2110
1496
1805
1484
1601
1733
1622
1893
1858
1940
2077
2298
2478
2900
2782
2849
2729
2278
2088
820
432
-322
-1254
-1362
-2930
-2832
-3462
-4406
-4042
-5718
-5093
-6040
-6637
-5857
-7371
-5885
-6757
-6258
-5147
-5856
-3947
-4243
-2813
-1696
-1541
289
405
1625
2347
2306
3282
3123
3384
3748
3250
3756
3417
3161
3451
2443
2740
1912
1452
1230
-163
-47
-1433
-1898
-2523
-3835
-3798
-4896
-5146
-5363
-5882
-5306
-5621
-5068
-4687
-4691
-3504
-3683
-2566
-1861
-1630
-201
-311
1033
1258
1708
2781
2552
4057
3648
4472
5018
4834
5852
5049
5824
5429
5251
5316
4393
4734
3783
3653
3183
2498
2445
1650
1659
1293
1090
1136
951
1016
939
929
1132
1226
1415
1413
1420
1713
1483
1741
1535
1535
1671
1156
872
-17
-209
-960
-1349
-1831
-2542
-2364
-3389
-3470
-4361
-4619
-4890
-5579
-5180
-6082
-5518
-5971
-5796
-5081
-5261
-4152
-4007
-2945
-2278
-1840
-895
-461
589
1030
1546
2020
2291
2483
2647
2688
2822
3014
2827
3114
2682
2714
2406
2024
1836
925
650
-335
-820
-1565
-2310
-2580
-3320
-3484
-4037
-4351
-4525
-4679
-4584
-4415
-4069
-3770
-3165
-2854
-2162
-1721
-1032
-284
150
1177
1244
2230
2527
2900
3688
3553
4494
4372
4944
5075
5056
5566
5015
5446
4924
4800
4627
3963
3948
3139
2925
2227
1721
1455
883
842
567
558
593
564
504
628
592
732
744
662
819
560
725
537
526
568
150
22
-419
-831
-1168
-1706
-2064
-2186
-2667
-2848
-3377
-3744
-3864
-4505
-4293
-4720
-4620
-4492
-4879
-4304
-4509
-4088
-3612
-3319
-2334
-2065
-1316
-703
-222
605
803
1333
1724
1785
2214
2119
2288
2508
2346
2675
2375
2301
2128
1761
1683
1125
831
359
-117
-513
-1221
-1626
-2068
-2548
-2773
-3235
-3455
-3622
-3754
-3653
-3588
-3281
-3070
-2639
-2229
-1919
-1349
-890
-247
356
928
1480
1942
2419
2663
3056
3325
3553
3850
3983
4214
4300
4395
4448
4427
4438
4241
4046
3765
3338
2939
2412
1888
1468
1008
730
450
249
179
54
79
19
66
96
127
203
202
306
280
332
261
295
199
-32
-79
-506
-658
-1096
-1453
-1578
-1980
-2012
-2328
-2415
-2549
-2944
-3031
-3367
-3447
-3487
-3664
-3443
-3382
-3261
-3018
-2896
-2479
-2160
-1764
-1199
-837
-290
20
373
814
961
1371
1517
1700
1881
1728
1816
1723
1653
1635
1442
1397
1093
792
522
85
-35
-450
-710
-896
-1331
-1474
-1858
-2084
-2187
-2350
-2266
-2375
-2316
-2194
-2158
-1772
-1630
-1241
-731
-405
204
503
950
1383
1662
2044
2151
2417
2494
2574
2770
2772
2980
3015
3111
3170
3087
3045
2857
2791
2537
2315
2060
1702
1500
1110
869
665
481
347
197
88
-19
-107
-187
-185
-152
17
65
224
286
245
307
122
83
-79
-249
-380
-635
-798
-1082
-1240
-1401
-1533
-1611
-1730
-1771
-1869
-1912
-2019
-2036
-2077
-2043
-1983
-2030
-1943
-1968
-1871
-1795
-1707
-1530
-1404
-1165
-1017
-853
-691
-575
-402
-267
-141
-2
98
181
295
320
376
399
360
356
216
152
0
-125
-172
-296
-260
-318
-298
-285
-351
-357
-468
-525
-591
-652
-658
-637
-548
-459
-351
-207
-37
116
298
488
674
882
991
1160
1262
1371
1466
1538
1709
1791
1927
1982
2022
2056
1997
1973
1941
1917
1886
1874
1824
1736
1614
1465
1327
1177
1024
888
798
701
597
512
479
478
498
517
519
556
506
440
397
284
244
140
54
-48
-266
-394
-614
-728
-869
-1019
-1048
-1164
-1227
-1321
-1429
-1428
-1479
-1501
-1485
-1539
-1518
-1608
-1628
-1641
-1678
-1613
-1643
-1576
-1580
-1577
-1505
-1466
-1340
-1221
-1066
-888
-715
-579
-480
-396
-365
-357
-373
-360
-386
-361
-349
-323
-273
-297
-242
-247
-213
-202
-223
-203
-236
-218
-252
-248
-204
-153
-65
7
85
126
203
221
272
314
371
481
558
688
757
893
992
1116
1232
1316
1425
1476
1540
1565
1613
1630
1671
1701
1701
1723
1694
1677
1629
1550
1500
1392
1322
1188
1082
992
855
758
614
527
434
352
254
167
53
-58
-201
-345
-471
-593
-668
-773
-840
-951
-1049
-1112
-1165
-1161
-1173
-1150
-1145
-1166
-1183
-1229
-1225
-1226
-1199
-1170
-1172
-1146
-1169
-1174
-1179
-1185
-1163
-1178
-1165
-1168
-1144
-1097
-1036
-935
-856
-756
-680
-624
-581
-547
-541
-530
-528
-522
-490
-454
-366
-298
-199
-120
-78
0
22
98
158
221
307
319
380
398
441
492
534
610
639
668
685
704
746
819
900
1016
1098
1188
1248
1291
1367
1405
1498
1543
1590
1615
1574
1593
1552
1567
1575
1564
1604
1577
1590
1543
1515
1472
1387
1312
1189
1055
911
759
607
478
301
182
19
-123
-262
-434
-523
-669
-750
-852
-944
-989
-1076
-1118
-1175
-1229
-1239
-1275
-1249
-1226
-1198
-1146
-1135
-1093
-1090
-1095
-1077
-1084
-1082
-1075
-1106
-1088
-1129
-1142
-1150
-1178
-1152
-1183
-1158
-1161
-1147
-1116
-1107
-1062
-1040
-1003
-960
-919
-860
-809
-746
-682
-637
-569
-522
-454
-354
-285
-173
-98
-2
68
98
181
203
264
303
346
404
425
462
492
518
566
585
644
691
719
776
804
879
946
1042
1145
1231
1318
1380
1428
1486
1502
1527
1522
1518
1527
1504
1529
1533
1552
1569
1564
1543
1483
1390
1298
1180
1095
991
889
787
649
504
311
131
-43
-198
-328
-427
-526
-613
-710
-802
-887
-967
-1024
-1065
-1077
-1079
-1083
-1080
-1085
-1071
-1063
-1044
-1007
-973
-935
-921
-902
-915
-903
-899
-876
-858
-825
-803
-789
-778
-797
-807
-828
-858
-860
-865
-847
-809
-762
-683
-641
-569
-546
-519
-514
-516
-478
-451
-398
-331
-275
-224
-184
-154
-100
-84
-19
14
62
109
129
190
228
294
362
413
478
518
549
591
605
656
683
746
827
903
1014
1100
1193
1261
1291
1309
1295
1286
1292
1295
1333
1356
1385
1385
1345
1317
1248
1212
1175
1131
1103
1027
958
844
710
568
408
276
136
-1
-120
-262
-381
-514
-631
-712
-821
-863
-935
-992
-1044
-1115
-1154
-1202
-1229
-1231
-1233
-1200
-1183
-1162
-1126
-1122
-1084
-1069
-1031
-992
-959
-885
-832
-752
-680
-632
-584
-585
-581
-607
-628
-618
-609
-548
-487
-421
-348
-309
-271
-244
-234
-197
-179
-144
-124
-107
-77
-75
-39
-24
13
54
75
98
108
116
134
158
215
273
339
417
465
522
546
562
564
565
577
601
655
711
771
830
885
928
962
991
1025
1051
1089
1112
1127
1134
1125
1116
1086
1081
1055
1038
1007
977
934
874
831
768
709
640
578
481
379
258
142
5
-113
-227
-350
-451
-565
-658
-765
-850
-931
-990
-1040
-1086
-1119
-1139
-1160
-1147
-1118
-1091
-1046
-1027
-996
-1005
-1005
-989
-949
-875
-789
-689
-603
-537
-486
-462
-443
-415
-385
-341
-324
-296
-290
-288
-260
-243
-204
-175
-154
-139
-143
-150
-152
-147
-117
-93
-59
-25
-12
7
3
19
3
-3
-7
-23
-2
20
61
117
162
202
247
280
320
350
400
430
465
489
508
546
564
616
656
714
754
782
813
839
868
916
942
965
976
967
960
936
935
920
917
890
837
781
706
645
581
519
470
397
314
218
114
26
-73
-146
-220
-303
-400
-510
-617
-729
-812
-882
-925
-945
-945
-927
-906
-886
-874
-860
-851
-842
-827
-789
-759
-696
-641
-596
-554
-531
-487
-459
-407
-365
-330
-305
-288
-269
-246
-212
-155
-105
-72
-37
-45
-48
-66
-77
-83
-76
-60
-57
-42
-29
-1
35
60
89
98
87
71
44
41
34
50
64
75
75
69
58
65
89
120
176
208
252
264
283
307
325
369
411
461
496
531
560
572
602
607
633
644
660
688
692
721
724
733
721
717
686
663
614
573
518
446
375
283
211
121
73
21
-9
-49
-94
-160
-241
-336
-435
-512
-573
-623
-665
-682
-707
-715
-728
-727
-729
-709
-699
-678
-657
-629
-581
-538
-475
-439
-384
-360
-324
-315
-294
-276
-268
-241
-257
-219
-231
-184
-154
-97
-29
3
55
56
75
51
61
38
50
53
67
85
95
119
111
138
124
148
155
166
182
183
181
150
125
96
60
54
29
38
28
24
13
-29
-13
-43
-6
5
56
97
145
180
220
255
265
321
304
347
316
337
336
336
370
370
424
429
466
469
492
478
470
433
376
338
242
216
130
120
69
37
16
-60
-74
-160
-172
-227
-241
-271
-278
-297
-301
-307
-334
-317
-370
-347
-381
-386
-385
-397
-379
-365
-364
-323
-300
-278
-224
-196
-160
-142
-140
-145
-164
-204
-183
-221
-193
-183
-173
-130
-148
-89
-103
-58
-30
3
34
38
62
49
53
36
45
40
48
38
60
41
43
42
6
29
-26
10
-21
-12
-1
1
10
-12
-14
-64
-59
-130
-102
-149
-118
-117
-85
-40
-10
46
90
146
149
226
161
284
155
259
183
175
249
112
267
143
245
211
260
191
290
90
267
194
5
470
-156
461
-2
86
323
-313
400
-348
205
-122
20
-8
-38
26
-107
225
-362
572
-514
561
-312
105
156
-424
446
-619
435
-504
245
-290
79
-95
-47
82
-197
264
-340
326
-338
214
-209
27
-78
-127
-2
-200
32
-189
44
-151
30
-119
-9
-71
-66
-17
-81
4
-70
-24
-80
-78
-95
-177
-107
-258
-145
-255
-179
-168
-192
-84
-205
-52
-210
-76
-194
-91
-159
-104
-125
-142
-78
-152
-18
-73
62
31
157
89
203
125
196
160
169
196
154
233
115
234
81
193
60
131
72
78
113
43
171
47
164
62
121
81
84
88
62
89
56
72
35
67
36
108
65
135
130
151
167
124
145
98
112
58
71
20
12
-25
-31
-44
-39
-35
-39
-3
-22
34
2
47
50
39
62
31
57
39
35
47
41
48
57
30
32
20
-3
3
-18
-9
-25
-35
-74
-103
-149
-208
-239
-298
-310
-357
-380
-391
-415
-391
-410
-372
-359
-346
-294
-329
-251
-288
-232
-239
-232
-163
-191
-97
-116
-18
-24
47
53
110
131
150
216
188
275
207
261
196
190
170
135
127
102
102
98
91
92
124
118
169
135
180
157
198
194
202
222
209
207
177
173
147
169
129
166
129
156
147
125
156
113
122
105
57
72
2
-28
-47
-109
-68
-118
-73
-77
-58
-16
2
38
84
116
141
170
171
206
201
215
234
219
208
198
140
163
101
129
59
46
25
-48
-34
-136
-120
-211
-236
-336
-370
-451
-488
-539
-590
-579
-631
-583
-633
-568
-566
-523
-491
-460
-406
-353
-340
-278
-261
-197
-153
-138
-69
-81
1
-31
72
79
165
181
209
256
251
304
269
302
271
282
227
241
198
236
200
196
187
186
255
236
283
303
313
306
322
308
371
291
329
233
279
266
228
254
148
222
90
156
85
155
103
87
61
17
61
-44
21
-113
-22
-148
-115
-129
-149
-57
-140
-32
-52
54
51
117
136
170
175
154
173
133
208
105
113
101
55
70
3
-20
-46
-119
-176
-249
-259
-319
-369
-448
-498
-522
-593
-618
-713
-677
-780
-793
-834
-808
-762
-770
-723
-713
-577
-583
-453
-453
-369
-338
-345
-261
-230
-108
-126
-43
-14
104
183
257
311
334
400
350
453
448
547
537
509
521
516
562
535
570
534
537
504
520
528
589
586
607
589
607
616
593
575
518
486
396
396
315
355
264
289
226
221
230
153
175
66
95
9
27
-47
-27
-75
-101
-96
-147
-79
-139
-108
-135
-106
-64
-43
4
27
35
46
21
18
17
-9
-45
-90
-127
-165
-192
-237
-230
-264
-294
-363
-402
-451
-490
-525
-585
-577
-643
-642
-676
-675
-652
-680
-665
-705
-678
-648
-628
-576
-519
-479
-404
-371
-322
-238
-240
-174
-183
-129
-96
-61
-1
32
111
143
215
237
313
319
364
367
395
452
439
504
472
533
508
533
532
518
542
476
514
485
512
505
507
491
491
471
453
439
374
363
284
261
222
213
187
154
127
126
94
105
93
61
69
6
28
-17
-24
-44
-56
-85
-101
-106
-112
-120
-128
-112
-123
-94
-124
-111
-132
-140
-165
-182
-211
-233
-254
-278
-285
-297
-296
-341
-323
-373
-351
-381
-402
-387
-424
-397
-430
-408
-409
-400
-408
-407
-410
-397
-399
-405
-359
-360
-300
-305
-256
-228
-223
-189
-186
-158
-152
-146
-151
-112
-85
-32
-9
35
76
102
150
161
229
250
284
309
344
402
429
484
513
546
579
584
591
612
619
623
622
613
641
625
614
606
582
581
531
500
465
420
388
327
301
288
235
200
170
133
120
87
56
32
1
-25
-66
-76
-104
-126
-155
-181
-190
-206
-215
-240
-232
-246
-250
-269
-270
-272
-296
-310
-334
-326
-352
-354
-381
-390
-382
-401
-400
-410
-412
-418
-437
-445
-427
-429
-436
-440
-439
-420
-429
-435
-423
-433
-432
-444
-443
-421
-417
-393
-392
-364
-331
-316
-294
-278
-248
-234
-223
-209
-180
-150
-132
-88
-45
15
64
103
166
213
272
304
363
402
458
498
537
600
630
693
699
746
762
764
787
755
770
745
717
697
675
652
610
576
525
501
440
393
339
287
253
195
164
123
110
92
69
65
47
32
16
-2
-13
-35
-37
-51
-62
-54
-67
-63
-80
-88
-103
-128
-143
-172
-187
-209
-243
-270
-294
-319
-344
-369
-399
-413
-449
-473
-496
-512
-508
-531
-522
-531
-522
-517
-514
-493
-487
-460
-442
-432
-414
-392
-378
-370
-348
-332
-318
-305
-290
-258
-245
-218
-208
-187
-178
-155
-142
-126
-96
-89
-58
-35
9
53
94
136
188
230
277
307
363
409
456
504
549
608
649
693
709
743
743
755
733
710
700
669
651
610
594
556
517
480
425
378
312
253
194
144
100
62
33
18
-1
-16
-31
-44
-56
-79
-88
-95
-99
-99
-95
-93
-76
-75
-74
-78
-86
-99
-133
-158
-189
-212
-243
-271
-288
-312
-339
-366
-396
-419
-452
-475
-504
-516
-520
-533
-529
-524
-518
-512
-494
-484
-459
-434
-415
-392
-371
-336
-308
-284
-253
-226
-205
-182
-164
-136
-116
-107
-81
-76
-54
-55
-43
-28
-32
-11
-9
17
34
61
82
120
144
177
209
235
275
308
349
381
427
472
514
547
596
620
648
654
666
670
663
654
638
632
608
593
564
533
488
435
373
321
273
220
166
130
88
59
33
9
-22
-49
-79
-106
-116
-134
-143
-158
-152
-150
-146
-141
-144
-136
-139
-153
-161
-175
-193
-212
-228
-253
-266
-291
-307
-331
-355
-384
-414
-430
-461
-469
-488
-495
-499
-497
-506
-499
-497
-479
-472
-456
-442
-418
-393
-383
-342
-318
-286
-265
-234
-211
-181
-164
-129
-106
-92
-69
-54
-40
-26
-21
-17
-13
-2
15
25
44
55
80
93
117
130
150
165
190
215
242
282
313
357
383
422
450
481
512
531
549
562
573
578
589
595
589
575
567
545
506
473
437
397
358
322
293
257
229
205
171
142
102
79
48
22
0
-16
-31
-38
-42
-48
-48
-49
-51
-72
-77
-96
-106
-116
-130
-149
-168
-195
-222
-246
-278
-299
-332
-348
-376
-393
-417
-433
-445
-458
-468
-474
-471
-475
-459
-455
-438
-423
-405
-384
-367
-338
-313
-287
-268
-236
-210
-186
-169
-143
-131
-114
-95
-90
-67
-68
-59
-60
-51
-49
-47
-44
-35
-23
-22
-4
4
21
32
53
62
89
108
140
167
196
230
266
305
328
369
392
429
453
483
500
522
538
550
557
564
565
556
554
538
511
484
465
433
406
376
349
317
281
248
205
171
139
105
75
49
28
5
-11
-34
-46
-67
-76
-91
-103
-119
-129
-141
-160
-164
-181
-190
-219
-223
-258
-273
-296
-319
-344
-357
-374
-395
-410
-432
-438
-458
-460
-474
-468
-482
-472
-470
-462
-452
-433
-415
-395
-363
-340
-310
-296
-263
-246
-218
-196
-167
-138
-113
-79
-54
-32
-14
5
18
33
44
53
69
79
91
107
119
133
145
151
158
176
190
212
227
252
269
299
319
343
364
390
412
427
456
472
492
501
514
522
530
526
529
520
515
498
481
461
433
407
369
345
304
271
237
193
151
115
76
38
3
-32
-60
-90
-124
-145
-171
-189
-206
-221
-234
-245
-257
-265
-265
-274
-273
-295
-298
-306
-321
-336
-351
-367
-385
-403
-420
-426
-443
-455
-463
-472
-488
-491
-501
-502
-503
-493
-478
-464
-445
-429
-406
-386
-358
-338
-297
-271
-233
-196
-163
-133
-97
-70
-39
-7
12
45
58
85
99
116
126
143
147
156
173
177
185
186
201
202
210
224
239
250
270
291
303
323
339
362
377
398
417
435
452
474
490
496
506
512
517
512
515
509
500
481
466
443
409
385
351
328
291
257
215
187
146
115
85
52
22
-5
-28
-56
-73
-101
-111
-134
-142
-159
-170
-184
-190
-198
-204
-206
-229
-241
-256
-270
-287
-297
-317
-330
-350
-364
-379
-398
-415
-430
-442
-457
-462
-474
-471
-473
-472
-466
-466
-447
-446
-416
-395
-375
-349
-321
-285
-264
-233
-203
-168
-149
-112
-91
-64
-41
-13
2
19
42
55
73
81
103
108
123
132
155
155
168
175
191
199
213
229
247
268
276
310
319
344
359
386
398
423
442
451
464
471
476
478
488
486
485
472
465
451
434
408
385
357
325
294
259
234
198
173
142
110
74
43
14
-12
-34
-67
-82
-108
-127
-139
-155
-168
-183
-188
-204
-214
-228
-237
-253
-260
-274
-292
-305
-317
-332
-349
-360
-378
-391
-407
-414
-426
-437
-438
-436
-442
-442
-435
-427
-422
-407
-399
-383
-356
-338
-316
-285
-257
-234
-200
-180
-149
-127
-102
-85
-60
-37
-12
6
29
54
63
82
94
116
124
144
150
160
163
176
179
187
205
210
223
231
252
254
275
280
298
306
329
336
341
356
357
366
366
370
371
374
363
367
347
338
326
308
288
269
256
225
216
184
167
142
120
98
76
50
33
22
-3
-16
-40
-46
-75
-75
-88
-97
-111
-128
-134
-152
-157
-178
-179
-202
-205
-228
-232
-246
-255
-269
-284
-298
-318
-327
-344
-347
-353
-351
-359
-348
-352
-342
-338
-325
-316
-304
-292
-278
-255
-245
-212
-198
-179
-163
-139
-120
-95
-78
-61
-40
-39
-22
-14
-1
6
19
33
43
59
72
82
89
104
108
123
138
155
168
186
200
204
225
237
253
269
280
284
295
300
306
309
311
315
308
312
297
302
283
285
278
266
251
241
231
209
205
191
185
163
159
141
137
113
106
89
88
73
66
57
37
33
14
7
-12
-16
-42
-48
-72
-80
-101
-115
-132
-151
-166
-187
-191
-211
-221
-240
-244
-260
-268
-275
-282
-284
-292
-291
-290
-288
-286
-274
-272
-265
-253
-248
-237
-235
-221
-214
-204
-195
-180
-177
-165
-154
-152
-134
-130
-108
-104
-88
-82
-68
-60
-50
-35
-32
-13
2
20
34
54
66
85
92
113
128
147
157
175
196
213
223
233
240
248
260
261
273
266
265
257
256
253
248
242
238
225
215
208
195
185
177
169
171
167
155
157
146
145
134
136
128
127
119
117
109
102
99
88
82
67
58
28
24
-3
-17
-34
-57
-73
-103
-117
-147
-158
-180
-197
-218
-229
-240
-253
-265
-266
-266
-271
-263
-262
-260
-262
-247
-246
-234
-230
-211
-205
-191
-180
-171
-161
-152
-140
-140
-128
-134
-123
-120
-110
-111
-98
-90
-94
-84
-79
-72
-72
-54
-48
-30
-18
-2
16
22
41
55
81
91
114
135
148
164
178
191
200
215
222
231
231
239
229
230
228
227
218
212
208
198
192
187
180
168
169
155
151
142
146
141
142
140
142
142
132
133
117
118
109
100
93
85
76
66
54
42
19
3
-15
-36
-53
-72
-98
-111
-125
-146
-161
-176
-192
-200
-211
-218
-231
-243
-242
-253
-244
-249
-245
-245
-234
-233
-231
-226
-211
-204
-195
-181
-183
-168
-164
-147
-138
-124
-125
-105
-107
-95
-94
-93
-83
-82
-69
-61
-54
-53
-39
-36
-27
-28
-11
-5
8
14
30
39
47
58
68
86
95
111
119
142
157
166
171
183
189
201
206
208
209
214
211
214
213
206
201
199
190
188
183
173
171
166
167
156
156
147
148
145
149
143
139
130
135
126
116
105
104
94
80
78
65
54
35
22
1
-10
-39
-48
-71
-82
-106
-118
-137
-154
-165
-186
-192
-202
-200
-211
-212
-216
-216
-222
-218
-220
-213
-216
-204
-199
-185
-184
-177
-169
-167
-152
-151
-146
-144
-133
-132
-124
-128
-117
-119
-116
-109
-111
-106
-103
-106
-94
-90
-94
-80
-82
-66
-65
-54
-45
-36
-28
-19
4
11
24
38
56
63
82
97
110
117
129
143
150
166
170
175
174
183
181
185
183
181
186
178
178
174
168
164
167
164
170
167
165
166
165
165
159
167
164
170
168
174
168
162
152
141
131
119
111
92
79
64
51
29
26
3
-16
-34
-51
-68
-88
-95
-113
-115
-126
-129
-134
-132
-135
-133
-129
-130
-126
-127
-115
-118
-110
-109
-105
-106
-104
-103
-108
-101
-111
-112
-109
-118
-122
-117
-125
-131
-137
-133
-137
-133
-133
-130
-124
-118
-108
-108
-101
-99
-79
-77
-55
-41
-30
-14
-13
5
3
22
28
36
47
50
59
61
73
77
84
86
95
91
95
101
102
100
103
104
99
102
98
108
104
105
101
108
104
105
106
108
113
110
116
111
117
108
112
108
107
97
95
87
84
81
66
56
48
41
22
18
0
-5
-22
-25
-36
-47
-55
-64
-70
-84
-84
-91
-89
-95
-95
-99
-92
-85
-89
-78
-78
-79
-82
-75
-71
-72
-67
-75
-71
-72
-72
-73
-76
-81
-80
-80
-83
-82
-83
-84
-79
-78
-83
-73
-74
-75
-69
-65
-60
-47
-40
-32
-29
-16
-14
-3
9
12
20
26
37
39
44
45
55
59
70
66
70
70
67
62
65
66
61
62
66
65
47
56
48
50
44
53
52
50
51
49
51
46
55
49
44
41
48
39
59
48
47
54
43
42
34
38
25
26
22
16
4
4
-7
-23
-34
-38
-42
-58
-63
-67
-75
-83
-83
-95
-91
-91
-95
-92
-91
-91
-87
-78
-77
-67
-72
-71
-67
-57
-53
-52
-54
-52
-50
-54
-55
-67
-57
-75
-67
-70
-67
-73
-67
-60
-63
-54
-59
-42
-52
-39
-36
-20
-11
-6
3
13
23
23
40
34
50
53
57
60
69
72
75
79
81
85
85
88
82
82
76
76
70
72
70
64
61
66
67
61
70
74
76
74
82
75
79
80
77
82
80
82
83
90
87
94
88
86
79
79
75
66
63
48
45
26
22
10
6
-4
-12
-16
-23
-25
-37
-41
-54
-54
-60
-64
-70
-66
-72
-73
-72
-76
-70
-73
-65
-69
-60
-66
-58
-59
-54
-54
-55
-53
-63
-64
-68
-69
-81
-82
-87
-86
-90
-89
-91
-93
-94
-95
-84
-90
-84
-74
-67
-63
-50
-44
-38
-28
-17
-3
0
11
19
24
32
40
35
41
40
44
41
44
48
42
52
45
50
51
53
46
44
52
47
57
50
58
56
58
66
63
63
67
68
63
72
73
73
70
83
76
76
85
89
82
76
80
73
66
50
50
38
27
24
19
14
-1
-2
-15
-21
-21
-33
-30
-38
-42
-52
-52
-56
-64
-63
-57
-55
-61
-59
-63
-57
-57
-51
-50
-50
-52
-50
-50
-47
-60
-64
-60
-69
-60
-68
-56
-63
-61
-66
-59
-61
-66
-63
-62
-55
-56
-41
-46
-37
-30
-22
-13
-4
-6
6
12
22
30
32
45
44
53
61
67
62
67
63
62
65
69
71
65
66
69
67
63
68
59
57
55
56
55
46
55
48
50
46
54
60
48
56
55
59
53
60
57
58
54
56
50
47
50
44
41
31
31
15
14
10
7
-6
-4
-22
-26
-37
-46
-44
-55
-59
-72
-66
-79
-75
-85
-79
-83
-77
-73
-70
-59
-58
-50
-49
-44
-44
-41
-39
-32
-36
-32
-32
-33
-34
-39
-39
-44
-39
-45
-42
-45
-47
-45
-48
-47
-53
-41
-38
-34
-32
-25
-22
-16
-2
4
12
14
28
29
42
42
59
58
63
67
67
70
66
70
63
73
67
69
60
66
53
60
55
56
55
49
50
41
47
39
42
42
51
46
54
48
56
53
46
53
49
49
43
49
45
46
42
40
33
34
30
30
25
16
17
4
4
-4
-7
-19
-30
-30
-44
-43
-50
-50
-59
-56
-59
-66
-66
-70
-71
-72
-70
-76
-64
-69
-66
-61
-54
-60
-57
-53
-53
-55
-52
-52
-53
-46
-56
-48
-54
-55
-60
-58
-63
-71
-66
-70
-68
-70
-61
-63
-63
-57
-47
-44
-37
-23
-20
-15
-2
3
18
22
32
34
31
41
42
46
43
54
44
47
43
42
46
39
36
35
31
25
23
15
21
13
16
11
12
7
13
14
17
15
18
22
22
28
28
34
26
37
29
31
27
30
24
20
21
16
9
7
4
-3
1
-9
-4
-16
-22
-25
-27
-35
-31
-31
-39
-35
-45
-41
-51
-53
-54
-57
-50
-50
-43
-48
-43
-44
-36
-33
-32
-28
-24
-18
-18
-12
-18
-17
-22
-14
-24
-18
-15
-13
-11
-11
-9
-13
-9
-17
-13
-19
-10
-16
-7
-8
-3
-5
6
15
14
25
27
28
25
36
31
38
39
48
47
51
54
49
53
49
42
38
39
31
37
31
31
29
31
31
34
29
24
29
21
28
23
27
34
18
25
18
21
20
21
16
14
18
13
13
9
10
7
12
3
15
7
-1
-3
-5
-6
-6
-9
-12
-12
-15
-15
-22
-23
-24
-22
-32
-27
-36
-32
-37
-39
-41
-43
-39
-41
-38
-39
-28
-32
-28
-35
-27
-22
-19
-18
-26
-16
-18
-10
-14
-13
-17
-17
-21
-19
-11
-16
-9
-16
-10
-13
-13
-11
-11
-11
-8
0
-5
1
1
9
4
11
19
20
24
31
40
39
44
51
51
50
58
54
57
48
48
34
38
38
32
29
26
23
15
17
13
20
10
18
22
23
13
18
21
18
20
20
23
22
19
26
28
20
16
17
17
6
10
4
-1
-9
0
-3
-4
0
-7
-6
-3
-3
-15
-7
-11
-6
-16
-9
-12
-10
-9
-20
-16
-19
-16
-25
-15
-19
-16
-17
-12
-10
-11
-11
-6
-6
-7
0
-3
-1
-3
6
2
14
9
9
7
8
9
3
12
4
7
1
5
-1
0
0
0
0
1
9
0
10
1
11
6
13
7
9
12
8
16
10
20
9
15
12
12
2
5
7
2
1
0
-3
-9
-2
-4
7
-12
-1
-3
-3
-3
-4
-3
-15
-5
-2
3
-1
6
1
4
-6
0
4
-12
-13
-12
-12
-22
-16
-23
-29
-29
-26
-24
-20
-17
-16
-16
-11
-9
-13
-12
-16
-11
-17
-12
-13
-13
-20
-17
-6
-23
-15
-21
-16
-23
-26
-16
-33
-28
-25
-19
-18
-19
-22
-12
-10
-5
-2
-8
-1
-7
-1
0
-4
-6
4
-8
-10
-7
-12
-16
-15
-8
-17
-12
-8
-1
-4
-2
2
15
11
11
16
6
7
11
13
11
13
13
16
16
17
13
12
0
-1
2
-5
-8
-6
-2
-4
4
1
8
6
11
13
14
15
14
14
6
15
14
21
21
26
26
22
21
18
15
7
8
0
-3
-7
-9
-10
-13
-12
-13
-15
-11
-12
-10
-2
-8
3
8
6
6
7
12
7
9
9
11
7
6
15
7
11
13
6
0
6
14
7
7
5
5
6
7
3
7
10
8
16
9
20
12
16
11
15
18
10
15
6
7
-5
-9
-8
-4
-3
-4
-10
-6
-15
-11
-13
-12
-12
-12
0
-9
-1
-4
6
-3
6
6
2
4
7
4
-10
-9
-14
-17
-24
-14
-15
-11
-12
-16
-13
-15
-10
-13
-12
-10
-7
-3
1
-7
-6
-7
-6
1
-3
-3
-7
-4
-14
-19
-22
-16
-19
-21
-20
-24
-18
-23
-17
-19
-19
-14
-7
-9
-9
-8
-7
-3
-8
-1
-3
-1
0
0
2
3
1
8
3
3
-3
-9
-13
-19
-11
-18
-17
-21
-12
-15
-15
-11
-12
-5
-12
-9
-6
0
6
5
2
6
8
1
-3
0
-1
-5
1
-7
1
0
-2
-1
1
3
1
6
-1
7
0
8
1
6
11
12
17
8
14
9
15
13
16
19
20
16
18
9
13
13
12
9
7
16
7
9
4
14
5
12
15
18
12
19
22
14
27
18
20
12
16
11
12
9
10
5
6
7
1
6
5
9
5
9
8
3
2
3
-7
-4
-1
-3
6
8
12
5
9
7
7
3
0
-1
-5
-2
-6
-4
-12
-8
-17
-15
-8
-14
-15
-13
-7
-13
-2
-6
-6
-9
-7
-4
-6
-8
-10
-12
-12
-9
-11
-7
-11
-7
-9
-7
-9
-13
-9
-2
-4
-3
1
-5
-2
-4
-6
-1
1
6
9
9
9
13
17
17
17
12
16
10
13
13
11
16
16
19
15
16
9
12
8
16
18
16
19
22
22
16
25
19
25
19
20
19
10
6
5
6
6
13
4
8
2
1
-2
-3
-9
-7
-6
-9
-4
-2
1
1
3
0
6
3
6
2
6
3
3
8
4
13
3
5
2
6
0
5
-3
-2
7
-1
3
-2
-3
-10
5
-3
2
7
4
10
11
13
14
14
7
10
5
11
6
13
6
6
7
0
4
2
1
0
7
2
9
4
7
8
9
12
6
4
5
4
-4
2
-2
-1
1
0
-1
0
-1
-2
0
3
10
6
5
5
10
4
9
2
-1
8
10
9
5
6
2
8
3
9
5
0
6
-1
5
-5
0
-6
-13
-11
-12
-18
-16
-14
-19
-16
-14
-15
-23
-17
-25
-23
-26
-22
-26
-24
-19
-26
-24
-28
-22
-26
-21
-26
-20
-25
-19
-13
-20
-18
-13
-15
-22
-14
-16
-16
-23
-16
-18
-19
-14
-8
-8
-8
-3
-11
-13
-15
-16
-12
-10
-14
-6
-9
-6
-7
-7
1
-2
3
2
14
1
9
8
6
10
7
13
9
19
14
16
9
12
16
7
7
11
9
3
7
12
10
3
13
9
10
4
10
5
2
9
8
10
3
11
3
6
4
7
3
-7
-2
-7
-13
-6
-6
-9
-9
-9
-6
-10
-4
-5
-6
-8
-10
-10
-10
-23
-16
-18
-23
-20
-22
-19
-24
-10
-23
-18
-25
-28
-21
-22
-27
-25
-25
-26
-20
-22
-13
-22
-14
-16
-8
-12
-3
1
-2
0
-2
0
-6
-2
-5
-1
-9
2
-4
-2
-7
-3
-9
-7
5
-3
8
1
9
3
10
11
10
6
9
14
16
11
6
12
6
9
0
2
-2
-3
-4
0
-2
-9
-4
-8
-1
-10
-6
-3
-6
-1
1
4
0
1
5
7
3
7
4
13
8
7
6
-1
2
-6
-4
-9
-9
-13
-7
-12
-7
-9
-10
-17
-23
-17
-19
-17
-22
-19
-22
-11
-19
-7
-6
2
-1
-7
2
-3
-4
-6
2
2
6
4
6
2
4
6
10
12
19
26
24
29
24
27
24
22
31
32
33
34
32
32
32
30
28
22
26
30
24
25
23
22
13
19
9
16
14
12
10
12
19
22
27
22
30
26
30
26
36
24
31
25
21
25
22
27
14
18
7
12
4
9
6
3
5
-2
-2
3
3
-6
6
3
0
-3
6
4
10
13
12
11
10
9
3
0
-3
3
-8
-6
-11
-9
-11
-18
-10
-17
-9
-12
-12
-15
-15
-13
-11
-17
-21
-20
-21
-16
-16
-10
-16
-19
-17
-13
-17
-16
-19
-21
-21
-25
-20
-24
-11
-15
-1
-2
1
9
4
13
10
16
12
20
18
22
19
18
26
22
22
22
28
27
23
23
18
15
19
23
20
16
16
16
21
22
19
23
19
17
22
17
23
19
23
18
11
13
4
6
-5
4
-6
-4
3
-6
-6
-5
-5
-8
-4
-12
-7
-12
-8
-13
-10
-18
-22
-12
-22
-18
-24
-26
-29
-30
-34
-28
-37
-37
-35
-36
-45
-39
-37
-40
-28
-35
-23
-36
-29
-30
-26
-25
-24
-17
-23
-23
-32
-22
-26
-21
-21
-21
-20
-20
-19
-21
-22
-15
-15
-19
-12
-13
-10
-14
-9
-7
-7
-3
-4
3
7
7
5
3
2
0
2
2
-2
-2
-1
-6
-2
-5
0
-6
-4
-7
-8
-10
-10
-8
-11
-4
-7
-1
-8
0
-8
-7
-3
2
-4
-6
-4
0
1
-3
6
-3
0
-6
-3
-11
-12
-7
-12
-6
-9
0
-6
-4
-6
1
5
2
6
3
7
2
3
0
5
-3
4
3
1
0
-4
-2
-2
-5
-9
-9
-15
-7
-10
-4
-8
1
-1
-1
4
10
21
16
23
17
22
21
19
17
14
16
13
12
6
8
10
12
11
12
19
19
19
24
27
25
29
25
28
26
27
28
25
24
25
30
32
39
32
35
29
31
29
22
25
24
17
17
21
19
18
22
21
25
24
22
25
19
24
25
24
16
17
13
10
10
3
6
-4
-3
-6
-10
-6
-11
-12
-14
-20
-13
-13
-13
-9
-10
-12
-11
-10
-14
-12
-12
-9
-15
-10
-12
-9
-12
-16
-13
-11
-15
-14
-14
-15
-19
-22
-17
-32
-22
-30
-24
-22
-19
-16
-19
-10
-13
-7
-13
0
-4
3
1
4
-2
0
-1
-7
0
-5
5
-3
6
-3
1
1
3
4
2
10
7
14
13
19
10
17
13
15
19
19
22
20
28
21
27
15
25
16
13
17
15
18
13
23
10
19
9
13
13
8
9
8
8
7
9
7
9
3
13
7
7
2
5
1
1
-2
-1
-8
-9
-2
-12
-5
-12
-13
-16
-17
-25
-23
-23
-25
-26
-24
-24
-24
-22
-21
-20
-19
-12
-18
-17
-17
-21
-25
-24
-24
-28
-25
-28
-27
-21
-20
-23
-19
-21
-22
-24
-26
-17
-29
-20
-25
-20
-18
-18
-10
-10
5
-5
7
4
9
3
8
7
5
2
0
7
-1
8
-1
5
-3
5
1
3
-1
1
8
9
15
15
19
12
12
7
15
8
15
9
10
14
4
8
10
13
12
15
14
9
12
10
13
7
9
5
0
3
2
3
2
6
6
9
10
12
4
-1
-5
-4
-13
-7
-6
-7
-10
-10
-6
-12
-4
-12
-9
-12
-8
-11
-10
-8
-6
-4
-5
0
-3
-3
3
5
-6
-1
-3
-1
0
0
0
3
-3
-5
0
1
3
2
4
6
6
10
14
10
18
10
16
23
23
24
22
22
21
23
22
15
13
15
12
16
13
16
12
19
13
17
19
15
24
22
21
19
12
11
18
7
21
11
16
13
12
13
9
15
7
8
-1
6
3
6
5
4
-2
0
4
-1
-4
0
4
0
6
-2
3
-9
-6
-7
-6
-3
-7
-9
-17
-7
-21
-19
-18
-18
-20
-20
-16
-21
-16
-17
-12
-16
-5
-8
-3
4
-4
5
-4
7
3
1
1
0
0
1
-3
-1
-6
-6
-6
-12
-15
-15
-7
-12
-5
-8
-1
-5
0
1
3
10
11
11
7
12
0
8
4
6
0
-3
-2
-1
-1
3
6
6
13
4
8
10
9
4
7
9
6
6
2
0
4
6
6
9
9
9
5
6
2
-7
0
-8
-9
-12
-9
-9
-14
-10
-16
-14
-18
-6
-12
-9
-15
-7
-9
-9
-3
-5
-3
-7
-4
-13
-14
-20
-16
-24
-21
-29
-28
-26
-23
-25
-24
-17
-25
-18
-22
-17
-28
-14
-19
-19
-14
-14
-6
-4
4
-1
6
4
2
-3
3
1
-6
0
-3
1
0
4
-3
-4
0
-3
-6
-5
0
-1
3
9
9
10
13
9
12
10
9
6
6
7
6
2
2
2
1
8
4
1
-4
2
3
4
2
5
4
2
10
0
3
5
10
9
15
12
11
10
6
5
0
4
-2
-8
-9
-2
-6
-9
-11
-17
-18
-24
-18
-10
-14
-9
-13
-11
-15
-13
-17
-22
-19
-16
-11
-18
-14
-16
-16
-12
-14
-15
-17
-21
-17
-15
-14
-12
-18
-15
-18
-16
-19
-19
-20
-18
-18
-16
-8
-10
-8
-3
3
1
7
0
3
-6
-2
-5
-10
-3
-9
2
-4
4
-5
0
2
6
10
14
23
17
15
19
25
20
30
18
21
18
25
25
24
31
21
25
13
18
14
16
9
10
15
9
8
3
4
7
5
6
4
3
8
-3
1
-1
-1
-2
-3
-6
-10
-13
-21
-17
-22
-24
-31
-26
-26
-28
-30
-26
-24
-26
-20
-25
-21
-25
-24
-23
-23
-16
-20
-25
-20
-16
-14
-11
-12
-9
-13
-12
-15
-13
-12
-11
-8
-13
-3
-5
-4
-9
1
-1
1
6
6
13
9
19
18
31
25
35
32
34
38
31
41
32
38
28
38
32
45
42
41
40
41
44
46
47
38
47
30
46
40
41
35
44
39
41
48
45
48
37
50
42
44
35
40
35
34
32
30
25
24
28
17
25
20
18
21
25
22
25
20
16
19
14
16
8
10
3
6
-1
-3
2
-8
-5
-2
0
-4
7
-4
-2
-3
-1
2
-6
-1
-6
-3
-12
-7
-9
-10
-13
-6
-9
-6
-4
-7
-8
-13
-13
-16
-13
-19
-14
-20
-12
-14
-13
-8
-9
-10
-2
-1
-8
-1
-1
-3
7
0
-3
2
-8
-3
-12
-6
-7
-3
-11
-2
-3
-9
0
-6
-1
-4
4
0
4
-4
-4
-5
-3
-9
-5
-5
1
0
4
11
-2
10
-4
9
0
3
-5
-1
4
-2
-3
-7
-4
-12
-5
-9
-5
-14
-14
-20
-11
-21
-16
-13
-24
-12
-22
-15
-30
-27
-29
-32
-32
-28
-21
-27
-29
-33
-28
-30
-28
-33
-22
-29
-28
-26
-28
-25
-31
-16
-27
-15
-20
-7
-12
-13
-6
-15
-13
-25
-16
-24
-22
-25
-20
-31
-29
-26
-15
-19
-21
-13
-10
-6
-6
6
-3
1
-6
-7
-7
-10
-9
-4
-7
-6
-4
-6
-8
-9
-4
-5
1
1
4
0
2
-2
-4
-6
-1
0
7
8
6
12
6
11
9
14
9
2
4
-3
2
0
3
0
-6
-1
-6
3
-6
4
3
7
10
9
12
10
12
9
9
4
10
6
12
10
13
6
7
4
4
-2
-3
-3
-10
-8
-16
-2
-9
-3
-10
0
1
3
6
1
0
-4
0
-2
6
6
14
7
16
16
13
13
9
9
3
7
3
9
4
5
6
3
4
6
6
7
13
15
20
18
24
24
21
22
25
27
21
26
22
16
16
20
13
16
21
16
19
18
18
19
19
20
23
21
22
21
21
16
14
19
16
14
20
21
14
13
13
15
5
6
5
4
3
6
-1
-8
-3
-6
-3
0
0
2
2
-1
-3
-6
-6
-9
-9
-12
-10
-15
-16
-13
-18
-25
-29
-29
-33
-31
-35
-35
-36
-34
-35
-29
-32
-29
-28
-33
-25
-30
-23
-25
-25
-28
-22
-21
-26
-25
-15
-14
-15
-20
-21
-18
-19
-17
-25
-17
-29
-15
-21
-17
-19
-16
-9
-13
-6
-13
-1
-9
-5
-2
4
-2
8
2
3
8
4
15
5
9
0
7
3
0
3
-2
3
-3
7
2
-1
3
5
6
0
4
7
6
9
12
9
13
10
19
16
16
17
17
16
13
11
0
10
3
3
-6
3
3
4
4
2
6
4
6
9
9
7
13
6
10
4
9
6
3
9
3
4
0
0
-3
0
3
4
3
8
6
12
8
-1
4
2
7
0
0
-2
-2
-1
-1
9
-3
-3
-4
-2
-4
4
-3
0
3
7
9
4
3
-6
3
-9
6
4
14
6
9
16
12
22
16
22
20
32
16
22
17
18
11
11
9
10
7
-6
4
-11
-3
-10
-2
-5
-7
-1
-4
-1
-8
-5
-9
-2
-9
-3
-3
-4
-6
-6
-3
-7
-1
-7
-4
-12
-11
-15
-10
-12
-9
-9
-11
-10
-14
-4
-8
-9
-9
-6
-9
-6
-8
-5
-10
-6
-3
-6
-6
-5
-9
-20
-16
-16
-13
-19
-13
-14
-16
-9
-6
-8
-5
0
-4
-4
7
0
6
8
4
6
0
7
1
5
6
12
7
14
12
7
6
0
8
3
5
7
16
13
17
19
14
12
16
20
19
20
23
25
19
32
24
25
27
25
24
24
27
19
26
27
30
22
26
22
20
23
23
25
26
30
29
31
26
35
20
30
22
24
25
23
25
16
22
12
24
11
15
12
12
6
17
18
9
12
12
16
8
18
6
13
0
2
2
0
0
-9
0
-2
4
-5
-7
-13
-9
-11
-7
-13
-13
-17
-15
-11
-20
-9
-15
-12
-16
-12
-11
-6
-8
-9
-8
-11
-2
-8
-3
-6
-7
-15
