SAMPLES:	23368
BITSPERSAMPLE:	16
CHANNELS:	1
SAMPLERATE:	16000
NORMALIZED:	FALSE
-4
2
2
2
-1
6
-2
-5
-5
-4
2
0
8
3
12
0
9
8
5
13
14
19
9
6
7
3
6
13
6
3
6
7
7
9
3
4
7
4
5
10
9
6
16
13
14
15
19
24
22
26
24
24
19
25
23
19
19
22
19
16
22
15
20
12
11
13
12
9
15
10
11
19
19
25
20
27
23
25
23
23
19
14
16
17
22
12
16
16
9
21
14
4
13
-2
7
0
1
6
0
5
-3
4
-4
5
-3
0
6
-6
0
-2
-3
-3
-9
-13
-10
-12
-16
-22
-7
-9
-16
-13
-19
-19
-20
-12
-10
-14
-11
-13
-7
-10
-2
0
-3
-1
-4
-1
-13
-7
-10
-9
-3
-8
-12
-10
-10
-9
-9
-6
-10
-13
-10
-7
1
-6
-5
-7
-8
-3
-4
-6
-6
-12
-15
-11
-8
-7
-10
-10
-15
-10
-11
-7
-10
-17
-15
-25
-24
-26
-28
-28
-36
-29
-27
-26
-17
-24
-21
-13
-19
-17
-21
-18
-18
-20
-12
-22
-17
-25
-22
-25
-22
-22
-22
-17
-19
-10
-18
-14
-14
-18
-23
-20
-28
-23
-31
-28
-31
-25
-18
-23
-11
-15
-5
-7
-2
-2
-1
-3
5
3
-3
0
-4
0
-15
-9
-10
-8
-7
-2
-1
1
9
1
-1
-6
0
-13
-9
-9
-7
-10
-14
-7
-15
-12
-13
-9
-16
-4
-6
1
0
-3
0
-3
3
-2
1
1
9
4
5
1
6
7
12
15
14
12
12
18
12
18
11
17
9
13
16
21
23
19
26
21
24
20
18
17
23
19
20
16
9
6
12
16
9
14
16
16
15
19
26
24
28
19
26
25
21
25
19
18
20
22
14
15
8
13
6
13
9
10
12
10
12
9
10
2
8
2
4
-1
5
0
2
6
6
10
7
5
4
12
13
12
10
15
16
21
13
18
7
11
14
9
13
5
10
7
17
14
12
11
6
6
8
10
9
10
12
17
15
13
10
10
3
6
3
1
3
-4
2
-3
-1
0
6
3
1
3
2
5
3
11
6
1
-4
4
0
-5
-4
1
-1
-6
0
0
0
0
0
-6
-6
-9
-13
-16
-15
-18
-19
-21
-21
-13
-15
-19
-26
-20
-18
-16
-13
-11
-13
-11
-6
-3
-8
-5
-8
-12
-10
-13
-10
-22
-25
-26
-22
-24
-20
-20
-16
-12
-6
-10
-6
-7
-14
-3
-5
-4
-14
-7
-7
2
-6
3
-3
-16
-11
-10
-5
-14
-6
-13
-12
-16
-14
-17
-11
-12
-17
-10
-15
-12
-13
-10
-7
-7
-14
-7
-4
-6
-7
0
-2
-5
5
-1
6
3
13
5
3
4
2
4
1
5
6
13
-2
-1
0
5
-3
7
10
3
10
7
7
7
11
5
10
6
6
2
3
-3
1
-6
-16
-10
-13
-6
-5
-12
-24
-12
-10
-6
-3
10
-5
2
8
-5
7
-4
4
0
-3
0
0
-4
-7
0
3
1
-1
-6
-12
-15
-20
-9
-8
-8
-10
-12
-3
-13
-8
-11
-9
-10
-10
-1
-9
3
3
7
9
12
16
14
8
15
9
8
15
16
23
22
18
9
13
4
11
1
3
-2
-4
-4
-14
-1
-5
-7
-11
-6
-12
0
-1
-7
-6
-8
-3
-3
-7
-9
-4
-7
1
-9
-3
-3
-7
-8
-6
-4
-4
2
-2
7
5
6
12
7
4
1
-3
-6
-6
-8
-16
-13
-6
-15
-11
-7
-9
-3
-4
4
7
7
0
-4
3
-1
7
9
0
-5
-3
-2
-6
-4
-6
-4
3
-3
6
4
0
-1
2
3
4
9
3
19
19
17
20
19
19
21
17
18
15
16
22
10
19
15
12
6
15
16
16
18
13
12
8
-4
-7
-1
2
7
4
12
10
14
17
15
14
18
9
3
-2
3
-1
4
9
5
4
0
15
5
10
4
0
-13
-3
1
3
3
-2
4
7
9
-1
14
10
12
7
8
8
6
13
8
3
4
5
0
5
2
3
7
9
8
6
2
2
1
-6
1
-2
4
4
6
2
4
13
4
9
5
9
7
9
6
1
-6
-7
0
-7
4
7
10
3
2
-7
-7
-8
-8
-5
-6
0
1
-3
-5
3
-9
-4
-10
4
-4
-4
6
2
6
4
7
5
9
1
8
4
-1
0
0
-3
6
0
0
2
3
15
6
15
6
14
12
12
13
10
10
3
12
5
12
5
9
13
6
13
8
12
8
17
15
9
17
12
9
7
8
15
12
6
9
6
6
3
10
7
9
15
7
0
-3
-9
-13
-11
-10
-4
-10
-4
0
2
2
0
1
-3
7
8
3
4
0
-7
-3
-9
-6
-7
-6
-3
-16
-14
-20
-11
-8
-13
-12
-13
-23
-17
-9
-16
-11
-12
-7
-12
-7
-8
-12
-10
-16
-25
-22
-18
-20
-20
-19
-14
-19
-12
-18
-14
-18
-21
-19
-22
-25
-21
-12
-15
-13
-11
-10
-18
-16
-18
-15
-18
-26
-22
-22
-25
-25
-22
-23
-22
-26
-28
-28
-22
-15
-12
-17
-9
-13
-15
-13
-11
-9
-12
-10
-12
-10
-4
-4
-8
-8
-10
-6
-17
-10
-7
-12
-5
-7
-3
-2
2
3
3
7
10
3
3
3
1
4
3
4
3
3
0
0
1
-1
-6
0
1
0
0
3
5
0
7
4
6
6
15
11
18
15
13
18
18
21
7
22
13
10
10
11
9
4
8
9
10
3
9
3
15
2
10
13
14
11
10
11
8
16
14
24
13
15
11
14
14
15
13
13
17
13
16
20
19
15
24
7
13
9
5
3
-1
-2
-2
3
4
9
3
15
9
9
8
7
6
11
14
12
16
16
10
3
10
2
3
7
6
3
5
3
-8
0
-1
-7
-10
-6
-9
-6
-2
3
9
2
9
9
17
15
15
11
4
5
-6
-8
-19
-14
-17
-11
-20
-17
-14
-18
-13
-16
-16
-19
-17
-22
-9
-13
-8
-13
-12
-15
-21
-20
-13
-20
-23
-16
-22
-22
-23
-10
-15
-10
-12
-15
-25
-15
-17
-12
-7
-18
-12
-11
-2
-13
0
-3
1
6
6
12
13
14
7
10
6
13
8
12
19
14
10
6
11
9
13
10
6
2
10
8
-4
11
4
5
7
10
10
10
5
4
11
13
6
9
11
3
4
4
7
-9
4
-3
0
9
3
3
5
4
3
13
9
12
13
20
13
16
12
17
13
22
16
10
18
11
22
20
17
17
13
7
15
7
18
9
14
9
7
14
7
15
7
7
5
4
4
4
-6
-2
-5
-5
-12
-11
-13
-13
-12
-19
-15
-13
-6
-12
-7
-11
-8
-9
-5
-2
3
-3
-4
-2
-4
0
-5
-12
-16
-10
-14
-8
-10
-8
-12
-9
-8
-17
-18
-16
-21
-17
-14
-25
-19
-23
-14
-15
-20
-6
-12
-10
-10
-7
-7
-10
-10
-11
-14
-23
-9
-14
-20
-13
-15
-15
-9
-14
-9
-6
-7
-8
-2
7
-4
0
0
4
1
7
8
11
10
5
5
10
16
7
6
1
8
-5
-5
-7
-13
-16
-13
-13
-19
-9
-14
-14
-10
-7
-1
3
2
6
6
9
16
14
13
22
13
10
12
6
4
3
-2
-2
-7
-13
-2
-10
-13
-2
-10
-6
3
-6
1
-9
-6
-16
-2
-1
6
9
9
12
1
9
1
3
1
9
0
6
-3
3
-2
-3
5
-3
-3
-6
-8
-13
-4
-12
-4
-2
4
-1
2
8
1
1
9
5
3
5
1
0
-2
4
0
0
-5
-6
-10
-14
-6
-4
-4
0
-7
-7
-4
-3
4
-2
11
10
0
17
5
6
10
0
6
5
11
14
20
9
10
13
9
8
7
11
6
8
12
16
12
7
7
9
9
11
13
9
9
10
6
3
13
20
16
17
16
13
12
7
6
-1
3
4
0
8
2
1
4
-3
0
-1
0
-6
-2
-3
-9
5
-6
-3
-10
-9
-13
-12
-11
-7
-1
-2
0
-1
2
-8
3
-5
-3
-7
-10
-17
-9
-7
-25
-10
-14
-24
-21
-13
-7
-6
-7
-8
-18
-14
-16
-14
-17
-17
-7
-9
-11
-11
0
-6
2
9
2
0
2
-3
-10
-2
-10
-7
-3
-6
-10
-4
-8
-13
-15
-18
-18
-26
-16
-12
-9
-5
3
-2
-3
-9
-2
1
-3
-1
-15
-3
-3
-3
-8
3
7
-2
-4
4
-4
-10
6
-7
-3
-4
-4
-5
-5
-9
-9
-9
-12
-3
-12
-3
-5
3
2
8
3
-1
7
6
0
4
12
1
4
5
4
1
10
-2
-1
0
3
-1
-8
3
-5
-5
0
6
7
9
15
15
22
25
25
16
20
21
12
14
14
13
12
23
18
18
17
19
14
20
28
18
25
31
25
18
23
22
23
25
25
26
28
18
26
20
31
30
25
26
12
24
10
17
9
5
0
3
10
0
9
6
8
10
17
16
17
10
14
19
20
13
6
17
15
11
11
17
13
8
1
13
4
1
13
-1
1
8
9
4
6
4
6
6
8
4
6
15
6
9
12
3
-1
3
-1
-6
-8
-7
-9
-14
-6
-12
-17
-19
-18
-18
-22
-20
-19
-19
-13
-16
-16
-12
-16
-17
-19
-9
-5
-5
-12
-5
-9
-16
-15
-13
-10
-12
-14
-9
-6
-13
-14
-15
-10
-24
-16
-15
-13
-12
-13
-9
-15
-15
2
-12
-19
-7
-8
-5
-13
-7
-15
0
0
2
-5
-8
-11
-14
-6
-5
-5
-15
-6
-16
-4
-6
-3
-2
2
4
0
3
-4
1
-10
-7
-7
-5
-10
-9
-5
-15
-12
-17
-24
-13
-12
-22
-17
-12
-17
-25
-6
-11
-16
-13
-12
-8
-9
6
-10
-13
-7
-7
-16
-10
-1
-12
-11
2
-1
-7
6
0
4
0
-6
-4
-6
-1
-3
1
3
4
2
6
4
3
12
11
15
16
9
9
7
0
1
-3
-1
0
1
-6
-4
-6
-9
-6
-6
-3
2
6
3
14
10
3
7
7
1
5
7
-3
-3
2
3
-2
-7
-9
-8
-5
-6
-10
-12
-6
-23
-20
-12
-17
-10
-10
-11
-11
-6
-8
-2
-12
-13
-5
1
4
10
4
17
13
4
10
1
9
3
7
2
8
6
4
5
3
5
5
3
3
6
0
6
-5
0
-2
0
-3
-1
0
-11
-4
-13
-6
-6
-10
-15
-20
-21
-13
-13
-13
-4
-16
-10
-9
-5
-6
-9
-6
-6
-4
1
-4
-7
-1
-9
-3
-6
-9
-6
-2
-1
1
-3
3
6
0
3
1
3
-4
6
0
4
1
0
4
3
9
2
10
8
14
9
9
3
3
7
2
9
9
12
8
10
12
9
12
6
10
6
8
11
11
15
14
15
9
10
9
7
10
10
9
9
9
11
9
4
6
5
16
10
10
5
10
13
15
22
15
15
7
14
4
6
4
9
11
12
12
17
14
9
16
10
22
18
15
7
18
12
17
20
18
22
19
25
23
32
23
28
28
28
31
32
27
31
32
31
41
34
41
41
42
37
43
34
25
27
23
20
17
26
15
17
13
14
17
13
19
14
20
13
19
19
20
14
16
7
3
-1
1
3
-2
1
-6
1
-12
0
-3
-2
-8
-7
-3
-9
-4
-4
-2
-9
0
-5
-11
-15
-11
-12
-7
-1
5
-6
-12
-4
-13
-13
-7
-6
-16
-10
-13
-11
-15
-18
-17
-18
-10
-15
-14
-13
-17
-14
-13
-18
-16
-17
-23
-22
-25
-19
-16
-13
-12
-19
-15
-16
-13
-17
-19
-21
-22
-21
-26
-25
-19
-13
-18
-22
-14
-16
-19
-15
-19
-19
-21
-14
-23
-23
-29
-26
-24
-24
-20
-25
-18
-26
-27
-33
-28
-31
-24
-21
-25
-18
-18
-15
-28
-24
-32
-31
-35
-33
-29
-27
-26
-30
-28
-32
-29
-32
-31
-32
-26
-26
-18
-17
-15
-5
-12
-7
-7
-10
-8
-3
-5
-5
-2
-3
-3
-4
-7
-5
-7
-16
-12
-9
-9
-7
-1
-5
-8
-3
-3
2
6
9
11
9
12
17
16
15
13
7
7
6
6
7
6
6
-1
-2
0
1
1
0
-1
-7
8
1
-3
0
12
11
3
9
13
15
12
22
13
24
20
16
17
22
14
6
4
3
2
4
4
0
4
-7
7
-5
6
10
7
12
11
10
10
13
21
33
29
29
23
22
25
18
13
16
10
5
12
11
13
20
16
15
15
17
12
7
3
5
9
6
6
12
10
10
12
14
14
5
0
-2
9
-2
-4
-3
1
-7
-7
-10
-5
-1
-2
9
-1
6
1
6
6
10
4
10
7
7
10
14
12
8
15
10
12
5
6
-5
4
4
5
12
4
4
0
-4
-1
5
-4
5
11
10
10
15
14
18
14
8
13
12
10
11
13
9
11
7
4
6
0
6
6
9
8
17
11
7
14
6
19
8
12
6
7
6
12
12
3
2
-2
-1
-3
2
-1
7
4
8
4
4
-3
-1
-7
-9
3
0
3
0
8
-3
8
9
12
13
12
17
16
8
10
15
2
13
-4
5
0
-4
10
-2
3
3
6
9
4
16
14
8
15
5
13
7
5
4
7
9
6
19
5
-11
-3
-6
-18
-26
-18
-19
-19
-14
-21
-21
-21
-10
-9
-9
-7
-7
-7
-4
-3
-3
-6
-13
-11
-10
-12
-16
-18
-26
-28
-25
-26
-21
-24
-32
-23
-27
-27
-29
-32
-34
-28
-13
-15
-10
-7
-16
-19
-23
-21
-21
-15
-6
-13
-3
-10
-11
-16
-22
-24
-29
-33
-33
-31
-29
-29
-21
-10
-6
2
-9
15
9
9
16
13
10
14
17
10
19
15
10
7
12
3
5
-3
1
-3
3
1
-10
-13
-18
-4
-12
0
-2
-1
-4
6
4
0
7
9
15
15
23
17
12
2
11
7
15
17
10
15
17
12
10
19
5
8
8
9
7
3
3
3
3
3
5
11
13
14
17
10
11
11
7
4
4
5
-1
0
-4
-1
-7
-13
-17
-22
-23
-19
-15
-14
-13
-12
-4
-1
6
-2
3
5
10
13
12
19
8
14
2
1
1
0
-3
3
4
-3
-1
-8
-4
-9
-9
-12
-16
-25
-25
-19
-16
-7
-6
-6
-17
-7
-3
-1
-6
-6
-5
-12
-6
-9
-2
-6
-1
-9
-4
-6
-7
-7
0
0
3
11
2
9
7
10
3
4
0
3
-3
3
4
-4
-3
-4
-4
-5
-2
-12
-3
0
0
-9
-2
-2
-5
-6
-9
1
-6
-3
-7
-1
-2
-1
4
12
11
12
16
13
10
3
11
0
5
-3
-5
0
0
5
0
6
-6
-3
-5
-4
-6
-7
-4
-10
-7
-10
-5
-3
-7
-3
-4
-9
2
-7
-3
-4
-9
-10
-11
-3
-13
-8
-3
-2
-3
5
4
3
5
13
10
16
19
18
24
20
28
19
27
25
20
22
13
13
7
3
5
10
16
12
15
18
11
5
5
12
-2
2
0
-4
2
8
9
14
10
7
4
-1
8
-7
-4
-6
-3
-9
-3
-1
-9
-6
-9
0
-1
2
10
11
2
4
-3
2
-2
0
-3
-4
-2
-1
3
-6
3
-2
-1
-1
0
-5
0
-1
-2
-1
-2
7
2
6
-1
1
1
0
-6
-8
1
-3
-2
-3
3
-11
-7
-3
3
5
6
7
-1
-1
-7
-3
-6
-6
-11
-9
-16
-14
-16
-15
-16
-18
-14
-18
-14
-18
-11
-13
-7
-6
-4
1
1
-2
1
4
10
14
10
15
4
5
3
1
-3
-10
-3
-1
-1
-3
7
9
13
10
11
19
10
11
13
10
6
16
9
7
8
7
3
3
9
2
6
-4
7
2
3
6
3
-6
-7
0
-9
-10
-12
-4
-7
3
-4
-4
-9
-11
-12
-19
-16
-17
-13
-18
-29
-18
-18
-28
-12
-26
-20
-19
-18
-12
-16
-10
-17
-9
-10
-9
-15
-13
-15
-12
-17
-16
-5
-10
-6
-9
-5
-11
-3
-16
-13
-19
-22
-14
-21
-7
-19
-13
-22
-19
-16
-12
-12
-11
-1
-4
3
9
10
6
9
9
10
10
12
7
9
4
4
6
0
3
-2
0
-1
2
1
5
-4
-3
-1
-6
5
2
10
12
11
14
15
6
3
2
-4
-1
6
-9
-9
-4
-5
-3
-12
0
-6
-4
-1
-4
-5
-5
-2
2
0
8
16
10
13
16
15
8
15
15
15
17
21
14
24
12
9
7
6
10
7
13
4
6
1
0
-4
3
11
8
4
12
4
0
3
2
8
0
10
3
-1
-1
-2
1
2
7
4
9
6
7
2
7
2
1
-1
-3
4
1
3
-3
-3
-15
-3
-11
-1
-2
12
10
-1
10
-4
10
2
10
4
10
7
9
11
10
14
18
24
13
21
14
13
12
19
12
13
11
-4
4
5
0
0
-3
-10
-6
-3
-4
-3
5
1
6
6
5
5
1
6
5
6
-1
-4
-7
-10
-9
-6
0
1
6
3
3
12
4
7
7
4
7
3
9
4
6
4
10
21
18
20
18
16
27
26
28
26
21
8
4
5
4
8
4
6
0
3
1
2
1
15
9
8
6
8
6
4
9
3
4
3
5
4
10
1
2
-2
-4
-11
-11
-16
-18
-15
-13
-10
-11
-3
-7
-1
-6
0
4
0
6
7
0
0
1
3
1
2
1
-9
-7
-10
-13
-14
-20
-20
-24
-15
-12
-8
-9
-7
-3
1
3
-1
5
7
4
0
9
8
12
15
18
17
10
18
20
22
12
13
17
21
15
18
16
16
18
16
21
16
21
16
19
14
19
31
28
33
29
21
25
14
20
16
7
13
-2
-6
-10
-9
-13
-16
-25
-28
-34
-44
-42
-41
-45
-41
-44
-41
-50
-65
-58
-64
-57
-63
-54
-60
-58
-58
-68
-70
-74
-60
-61
-57
-59
-57
-58
-53
-54
-38
-40
-36
-29
-33
-28
-19
-4
0
13
21
24
21
34
27
43
45
43
50
48
54
57
70
71
75
70
70
79
84
91
108
108
108
107
103
110
111
115
123
119
110
106
98
88
95
85
79
67
48
33
18
15
4
-4
-22
-44
-76
-84
-100
-105
-122
-137
-153
-173
-190
-206
-221
-234
-237
-252
-263
-274
-279
-291
-284
-291
-281
-293
-284
-278
-275
-255
-243
-220
-211
-185
-170
-146
-122
-90
-60
-35
-2
34
56
88
132
163
197
225
255
278
306
329
347
367
379
392
407
425
435
439
445
441
435
432
429
421
413
399
372
337
314
278
256
228
205
155
97
56
3
-30
-66
-102
-144
-199
-268
-317
-367
-380
-411
-439
-471
-515
-543
-573
-579
-586
-568
-567
-583
-586
-589
-568
-520
-470
-422
-387
-364
-335
-309
-248
-178
-97
-27
16
65
98
159
222
300
357
401
427
456
488
521
567
601
633
636
633
608
602
585
575
563
534
489
436
386
331
290
244
188
118
54
-15
-81
-133
-174
-231
-296
-363
-427
-466
-504
-529
-552
-586
-615
-644
-663
-668
-650
-635
-610
-597
-582
-556
-517
-472
-404
-336
-283
-225
-183
-123
-58
16
92
167
228
275
327
389
451
522
580
631
658
674
697
720
753
775
789
787
780
758
733
706
682
656
621
572
531
474
429
369
314
258
190
135
63
8
-64
-123
-187
-248
-306
-355
-411
-449
-497
-547
-605
-647
-675
-708
-714
-734
-746
-781
-789
-806
-810
-800
-774
-754
-753
-739
-728
-699
-670
-629
-585
-543
-521
-493
-472
-430
-386
-335
-279
-237
-184
-148
-106
-58
-7
51
107
160
197
241
287
333
391
447
496
548
591
643
688
733
777
820
860
887
919
947
987
1009
1028
1038
1044
1050
1050
1051
1038
1027
999
965
912
860
807
755
701
630
562
462
366
258
152
47
-41
-140
-250
-379
-493
-610
-720
-807
-901
-970
-1050
-1125
-1213
-1282
-1337
-1367
-1368
-1353
-1345
-1338
-1321
-1309
-1266
-1208
-1122
-1013
-909
-826
-755
-676
-573
-441
-301
-158
-35
63
145
225
314
423
550
666
751
790
809
824
841
883
926
954
960
917
848
762
695
660
613
563
483
371
229
103
-4
-95
-151
-220
-296
-408
-553
-672
-759
-809
-821
-844
-878
-929
-984
-1017
-1021
-968
-894
-812
-762
-711
-674
-608
-516
-382
-239
-90
30
137
248
352
505
654
825
952
1078
1164
1256
1346
1433
1514
1592
1630
1654
1659
1646
1643
1614
1589
1521
1452
1362
1275
1165
1061
923
793
645
502
347
210
68
-81
-256
-436
-599
-749
-858
-980
-1082
-1223
-1339
-1457
-1538
-1613
-1650
-1692
-1718
-1759
-1778
-1798
-1770
-1708
-1649
-1575
-1524
-1447
-1362
-1252
-1135
-995
-879
-745
-644
-506
-372
-202
-55
69
173
251
340
465
588
710
796
839
841
809
827
868
954
992
982
869
744
603
561
554
575
545
437
243
12
-165
-231
-164
-122
-126
-305
-524
-728
-812
-750
-594
-446
-401
-490
-614
-733
-628
-399
-63
195
277
267
186
253
446
787
1131
1370
1423
1365
1284
1350
1535
1815
2032
2100
2002
1804
1672
1641
1732
1852
1868
1730
1465
1174
964
866
858
830
703
429
91
-227
-399
-492
-535
-653
-862
-1141
-1434
-1622
-1744
-1757
-1782
-1856
-2007
-2223
-2359
-2410
-2345
-2224
-2175
-2180
-2221
-2238
-2185
-2043
-1836
-1625
-1460
-1371
-1323
-1231
-1043
-777
-510
-302
-164
-70
35
171
366
579
780
920
960
979
988
1091
1216
1325
1380
1313
1264
1194
1177
1162
1162
1144
1060
913
726
575
525
506
440
311
83
-77
-218
-301
-344
-425
-469
-586
-696
-811
-858
-793
-719
-661
-681
-707
-680
-539
-384
-187
-62
89
203
290
468
631
904
1145
1304
1372
1398
1509
1642
1807
1932
1985
2030
1970
1898
1798
1768
1790
1798
1726
1564
1347
1147
994
856
757
650
572
384
119
-207
-448
-549
-573
-620
-800
-1039
-1310
-1557
-1747
-1857
-1849
-1831
-1866
-2088
-2352
-2559
-2587
-2450
-2308
-2182
-2203
-2234
-2326
-2307
-2206
-1927
-1597
-1342
-1216
-1226
-1200
-1055
-747
-383
-61
140
229
253
304
431
687
966
1212
1282
1235
1134
1100
1141
1326
1487
1591
1508
1294
1077
935
970
1020
1134
1090
939
608
245
-25
-35
141
267
195
-172
-624
-942
-1063
-930
-748
-551
-552
-777
-1142
-1467
-1381
-1027
-425
-123
-87
-309
-486
-433
-132
354
906
1303
1388
1253
1048
1133
1478
2016
2380
2489
2334
2091
1944
1966
2123
2324
2379
2243
1933
1596
1382
1344
1328
1291
1104
787
487
208
105
-19
-82
-297
-571
-850
-1050
-1095
-1167
-1273
-1468
-1729
-1937
-2120
-2158
-2129
-2085
-2149
-2399
-2637
-2802
-2695
-2506
-2300
-2256
-2284
-2407
-2441
-2360
-2090
-1739
-1415
-1230
-1217
-1212
-1179
-885
-502
-42
217
331
313
329
470
748
1068
1335
1449
1444
1397
1361
1402
1496
1622
1710
1696
1543
1408
1289
1335
1255
1144
927
822
854
785
661
312
21
-131
-282
-282
-355
-404
-497
-820
-1053
-1366
-1316
-1140
-921
-808
-1008
-1170
-1286
-1207
-869
-589
-194
0
32
55
13
385
797
1320
1585
1611
1605
1607
1757
2007
2258
2497
2525
2367
2158
1965
1990
2056
2138
2070
1846
1506
1194
943
846
792
729
598
349
64
-277
-552
-723
-791
-778
-804
-961
-1209
-1599
-1854
-2027
-2029
-1992
-2030
-2044
-2229
-2442
-2703
-2906
-2819
-2625
-2377
-2291
-2393
-2476
-2551
-2444
-2230
-1907
-1544
-1279
-1137
-1105
-1085
-866
-551
-124
263
464
604
621
673
824
1023
1369
1671
1787
1722
1491
1401
1475
1675
1867
1904
1886
1659
1279
967
784
1104
1430
1459
1155
416
1
-171
-80
197
199
261
-138
-585
-1097
-1448
-1067
-716
-245
-422
-961
-1313
-1548
-1174
-794
-395
4
-25
-41
-386
-291
185
838
1504
1541
1505
1366
1455
1765
2062
2449
2695
2745
2616
2258
2184
2218
2473
2564
2370
2084
1755
1620
1433
1239
968
804
717
542
273
-24
-265
-423
-687
-959
-1239
-1248
-1212
-1279
-1529
-2010
-2304
-2564
-2535
-2493
-2424
-2392
-2599
-2906
-3298
-3496
-3348
-3038
-2606
-2530
-2632
-2841
-2996
-2811
-2517
-1942
-1503
-1152
-1097
-1172
-1158
-907
-379
177
611
796
789
755
821
1066
1429
1765
1948
1874
1747
1565
1620
1793
2029
2129
1886
1564
1242
1268
1492
1556
1544
1129
755
477
271
438
415
519
236
-207
-596
-1038
-868
-784
-522
-557
-1016
-1290
-1687
-1556
-1251
-966
-600
-701
-720
-929
-838
-406
42
676
828
939
927
1002
1377
1742
2196
2450
2525
2506
2399
2485
2594
2769
2841
2733
2569
2333
2167
2014
1893
1762
1618
1444
1149
823
518
319
204
46
-79
-269
-456
-773
-1173
-1418
-1532
-1396
-1399
-1569
-1864
-2276
-2523
-2769
-2810
-2750
-2596
-2529
-2725
-3083
-3453
-3518
-3305
-2914
-2585
-2446
-2479
-2568
-2619
-2485
-2133
-1569
-1071
-710
-692
-744
-659
-400
115
513
905
1077
1117
1101
1040
1210
1465
1827
2061
1974
1850
1575
1560
1646
1773
1927
1845
1751
1470
1215
1067
1009
1150
1126
995
743
416
284
46
-36
-197
-222
-273
-479
-657
-1028
-1047
-1122
-1115
-1133
-1243
-1108
-1116
-921
-923
-848
-654
-522
-104
52
415
673
939
1203
1262
1482
1704
2085
2396
2537
2583
2510
2494
2512
2480
2539
2566
2558
2343
1985
1601
1380
1350
1340
1226
850
443
20
-227
-388
-434
-406
-519
-699
-1217
-1732
-1973
-1947
-1554
-1383
-1506
-1960
-2554
-2896
-3078
-2869
-2566
-2299
-2256
-2674
-3178
-3622
-3622
-3149
-2595
-2096
-2045
-2209
-2458
-2555
-2287
-1814
-1062
-495
-152
-170
-317
-282
33
607
1134
1554
1671
1728
1640
1628
1741
1957
2236
2363
2324
2120
1943
1829
1804
1770
1736
1586
1472
1275
1128
951
769
607
413
292
180
129
-12
-221
-544
-768
-958
-961
-976
-981
-999
-1195
-1379
-1682
-1764
-1595
-1336
-941
-859
-783
-913
-856
-623
-315
341
739
1261
1359
1472
1493
1708
2095
2498
2925
3060
3140
2946
2866
2720
2769
2818
2859
2785
2473
2116
1662
1389
1186
1075
910
639
281
-142
-522
-800
-914
-906
-868
-1005
-1342
-1837
-2202
-2229
-2047
-1744
-1684
-1887
-2305
-2845
-3194
-3308
-2996
-2627
-2302
-2442
-2916
-3505
-3835
-3670
-3137
-2442
-1980
-1785
-2047
-2296
-2465
-2097
-1403
-517
136
403
356
191
229
568
1116
1732
2157
2325
2293
2042
2003
1972
2218
2330
2425
2318
2136
1931
1720
1578
1435
1332
1165
1029
876
736
562
385
101
-20
-207
-164
-296
-465
-756
-1003
-1001
-1147
-1037
-1253
-1213
-1246
-1451
-1442
-1719
-1398
-1170
-734
-527
-602
-431
-472
96
249
874
1275
1714
2081
1992
2130
2182
2637
2920
3234
3280
3309
3241
3095
2874
2691
2615
2632
2551
2237
1857
1420
1233
965
726
423
174
-24
-328
-628
-957
-1019
-1036
-1022
-1184
-1647
-2062
-2370
-2233
-2023
-1830
-1835
-2187
-2684
-3315
-3661
-3697
-3308
-2849
-2595
-2756
-3314
-3902
-4204
-3913
-3269
-2445
-1869
-1609
-1798
-2081
-2216
-1808
-1024
-59
711
1019
1077
850
888
1077
1630
2149
2610
2789
2733
2517
2289
2271
2289
2290
2230
2116
1936
1764
1517
1295
1058
795
484
258
141
159
80
-27
-397
-756
-1029
-1105
-1082
-1146
-1205
-1316
-1336
-1597
-1690
-1788
-1569
-1288
-1255
-1252
-1379
-1245
-984
-548
-149
209
416
594
800
932
1359
1924
2579
2958
3041
2958
2911
3027
3160
3462
3661
3759
3523
3153
2791
2455
2306
2234
2208
1984
1571
1009
603
312
222
82
-96
-388
-781
-1088
-1410
-1453
-1402
-1088
-1013
-1412
-2272
-3010
-2831
-2394
-1818
-1598
-1874
-2304
-3144
-3894
-4340
-4011
-3158
-2208
-2011
-2562
-3458
-4206
-3986
-3546
-2627
-1697
-820
-500
-891
-1430
-1482
-810
162
1123
1681
2035
2088
2085
1957
1997
2205
2549
2917
2977
2878
2767
2735
2568
2010
1380
1112
1071
1140
1182
1021
760
257
-548
-1208
-1457
-1207
-764
-452
-578
-1146
-1714
-2138
-2286
-2213
-1942
-1368
-1027
-1236
-1567
-1958
-1785
-1391
-1170
-723
-547
-273
-21
86
345
771
1117
1496
1804
1819
2224
2672
3214
3515
3425
3446
3300
3328
3333
3468
3692
3696
3423
2754
2370
1977
1856
1819
1743
1630
1108
574
22
-255
-402
-277
-289
-419
-798
-1282
-1577
-1772
-1618
-1314
-1010
-1180
-1832
-2731
-2949
-2656
-2381
-1990
-1952
-2199
-2733
-3711
-4309
-4514
-4018
-3145
-2550
-2540
-2897
-3560
-3759
-3549
-3256
-2276
-1412
-335
-178
-312
-375
-156
406
928
1442
2095
2510
2852
3067
2890
2939
2650
2649
2537
2442
2566
2785
2891
2558
1513
797
276
-117
8
0
300
175
-433
-1231
-2027
-2281
-2107
-1766
-1316
-1297
-1491
-1716
-2151
-2386
-2436
-2013
-1332
-1112
-1027
-1094
-937
-589
-540
-212
-98
265
645
997
1491
1914
2364
2504
2489
2288
2469
2817
3500
3878
3941
3828
3411
2894
2442
2490
2720
3056
2997
2540
1841
1176
751
669
611
740
615
453
112
-439
-569
-815
-690
-865
-1010
-1038
-1200
-945
-873
-850
-1037
-2144
-2621
-2596
-2605
-1774
-1493
-1564
-1700
-3202
-4039
-4733
-4858
-3524
-2897
-1940
-1949
-2901
-3361
-3779
-3665
-2742
-1873
-199
367
281
388
-19
668
886
1393
2107
2289
2801
3022
3019
3359
2997
2844
2449
1830
1693
1493
2091
2291
1746
1267
132
-818
-1461
-1872
-1242
-967
-660
-1040
-2069
-2582
-3155
-3157
-2605
-2208
-1745
-1780
-1882
-2050
-2282
-1730
-1434
-900
-613
-687
-181
148
615
1246
1431
1790
1777
1680
2047
2520
3403
3994
4161
4015
3465
3105
3177
3418
3858
4097
4046
3554
2778
2159
1785
1957
2064
1936
1583
1142
780
307
177
182
142
213
-102
-419
-652
-907
-738
-563
-722
-1029
-989
-1039
-1151
-1641
-2510
-2290
-2171
-2452
-2269
-2668
-2572
-2739
-3815
-4017
-4762
-4891
-3960
-3808
-3226
-3095
-3436
-2876
-3184
-3120
-2649
-1907
-376
-205
252
886
998
1650
1611
1801
2459
2391
3081
3170
3072
3360
2981
3127
2576
1844
1616
1094
1139
896
303
328
-225
-971
-1807
-2424
-2559
-2734
-2520
-2523
-2728
-2749
-2974
-3201
-3179
-2991
-2539
-2205
-1848
-1901
-1661
-950
-708
-140
175
474
1176
1183
1550
2061
2414
3144
3341
3541
3664
3554
3783
3976
3976
4157
4292
4178
3902
3594
3198
3126
3032
2619
2460
2160
1908
1601
1196
1071
960
906
801
425
418
412
368
609
315
181
167
-154
-194
-340
-312
-23
-34
-318
-1381
-2621
-2694
-2730
-2823
-2441
-2429
-2604
-3318
-4666
-5593
-6041
-5960
-5118
-4694
-4212
-3967
-4199
-3829
-3863
-3481
-2809
-1960
-791
-464
139
1283
1958
2503
2771
2978
3240
2991
3359
3610
3833
4350
4169
3756
2968
2085
1541
1028
913
551
-41
-234
-1176
-2134
-2844
-3273
-3271
-3679
-3716
-3813
-4187
-3988
-4003
-3858
-3404
-3222
-2828
-2686
-2440
-2057
-1636
-792
-165
342
819
1238
1634
1863
2433
2899
3329
3602
3565
3799
3841
3976
4147
4173
4172
4086
3735
3551
3261
3152
3284
3021
2814
2404
2058
1791
1520
1442
1452
1423
1344
1254
1154
917
980
1036
1145
1449
1301
1286
1183
926
973
721
686
623
122
27
-927
-2031
-2432
-2650
-2504
-2781
-3051
-3242
-4319
-5146
-6074
-6938
-6708
-6532
-5889
-5479
-5410
-4970
-4888
-4342
-3678
-3419
-2252
-1430
-716
99
725
2149
2807
3371
3951
3848
4074
3996
4060
4512
4406
4698
4436
3701
3183
2252
1847
1145
497
20
-1028
-1478
-2303
-3242
-3322
-3856
-4074
-4402
-4860
-4724
-5152
-4800
-4328
-4119
-3247
-2970
-2701
-2377
-2196
-1580
-1066
-260
687
1358
2267
2747
2986
3364
3620
3865
4085
4228
4455
4591
4623
4656
4481
4346
4059
3765
3396
3035
2756
2530
2351
2075
1895
1695
1532
1251
943
696
723
1035
947
1021
1273
1106
1351
1405
1373
1554
1499
1766
1595
1287
1319
1207
1148
768
-402
-1626
-2200
-2453
-3219
-3027
-2968
-3381
-3612
-5334
-6314
-7487
-8127
-7407
-7452
-6745
-6073
-6055
-5113
-5057
-4492
-3286
-2590
-1217
-997
-290
969
1740
2945
3761
4620
5538
5091
5297
5044
4679
5155
4762
4867
4245
3631
3399
2362
1853
1044
-173
-684
-2096
-3132
-3782
-4331
-4254
-4636
-4694
-4892
-5418
-5583
-5650
-5405
-4737
-4125
-3347
-2848
-2450
-2003
-1400
-764
-152
743
1550
2132
2620
3035
3591
4201
4331
4676
4780
4843
4803
4539
4588
4305
4047
3859
3527
3304
3133
2944
2708
2351
1987
1610
1383
1197
1110
1172
1327
1394
1215
1213
1143
1219
1539
1547
1853
2170
2026
2314
2073
1805
1981
1676
1866
1712
989
161
-1742
-2622
-2617
-3858
-3542
-3534
-4293
-4220
-6170
-7066
-8125
-9425
-8416
-8984
-8408
-7467
-7884
-6240
-5688
-4861
-3285
-2843
-1102
-1025
-696
900
1417
3225
4140
4968
6502
5877
6376
6367
5702
6246
5317
5232
4463
3433
3564
2380
2117
1651
212
-343
-2111
-3472
-4357
-5334
-4943
-5513
-5456
-5108
-5805
-5403
-5532
-5261
-4404
-4430
-3530
-3272
-2878
-2119
-1650
-283
551
1406
2234
2492
2895
3280
3605
4145
4461
4695
4728
4814
4904
4705
4693
4498
4312
3914
3318
3028
2640
2522
2571
2342
2272
1970
1736
1679
1543
1586
1697
1600
1496
1480
1666
2100
2378
2790
2925
2873
2804
2455
2441
2388
2301
2552
2181
1674
308
-1874
-2323
-2999
-3954
-3587
-4297
-4326
-4826
-6920
-7269
-9154
-9628
-9161
-10249
-8736
-8617
-8081
-6365
-6162
-4434
-3697
-2677
-1010
-1316
-64
653
1670
3567
3672
5359
6293
6197
6964
6266
6396
6144
5262
5171
3741
3529
3176
2029
2056
850
-30
-752
-2471
-3283
-4674
-5115
-5026
-5825
-5461
-5798
-5681
-5154
-5401
-4714
-4473
-3994
-3405
-3293
-2393
-2137
-1132
17
422
1599
2070
2705
3286
3417
3796
3995
4247
4215
4134
4289
4376
4581
4696
4430
4150
3743
3293
2760
2430
2391
2180
2180
2125
1839
1780
1800
1861
1960
2014
1963
1840
1699
1509
2133
2701
2970
3374
2945
3080
2787
2000
2108
1694
2107
1650
-547
-1499
-2213
-2764
-3165
-3408
-3618
-4110
-4835
-6462
-7664
-8742
-8826
-8337
-8510
-7961
-7942
-7453
-6158
-5484
-4393
-3541
-2205
-1246
-1374
-734
87
1582
2842
3395
4520
5176
5378
5660
5389
5304
5303
5007
4467
3365
2932
2578
2027
1937
1015
57
-803
-1993
-2877
-4116
-4322
-4270
-4693
-4542
-5190
-5269
-4940
-4870
-4223
-4089
-3362
-2972
-2934
-2295
-2079
-910
228
1108
1863
2154
2748
2945
3372
3765
4016
4551
4608
4522
4311
4326
4608
4571
4430
4206
3867
3408
2934
2439
2296
2262
2246
2130
1733
1718
1603
1697
1805
1729
1965
1830
1792
2181
2335
2554
2919
3045
3143
3044
2624
2467
2194
1898
1269
-218
-757
-1514
-2565
-2481
-3219
-3396
-3701
-5076
-5592
-7268
-8198
-8361
-9166
-8263
-8251
-8086
-6951
-6653
-5412
-4754
-3850
-2519
-2162
-1329
-1129
-497
915
1597
2830
3639
3968
4749
4566
4557
4489
4150
4303
3504
3063
2457
1412
1417
799
278
-333
-1299
-1710
-2819
-3525
-3901
-4412
-4202
-4432
-4800
-4737
-4581
-4033
-3741
-3339
-2615
-2216
-1668
-1333
-1044
-273
428
1271
1880
2286
3073
3571
4013
4140
4167
4410
4299
4254
4023
3910
4076
4175
4062
3539
3205
2988
2667
2527
2366
2231
2128
1992
1756
1406
1453
1599
1817
2076
2054
1987
1951
2250
2516
2762
3178
3139
3151
2933
2518
2494
2010
1189
160
-538
-1151
-1991
-2360
-2966
-2985
-3301
-4405
-5259
-6828
-7460
-7895
-8472
-7898
-7906
-7439
-6530
-6102
-5171
-4491
-3566
-2413
-1890
-1226
-953
-298
813
1385
2446
3198
3641
4275
4188
4182
3971
3693
3622
2982
2595
1831
1024
711
33
-411
-1052
-1819
-2240
-3118
-3756
-4252
-4784
-4750
-4911
-5042
-4947
-4787
-4326
-3887
-3385
-2929
-2532
-1903
-1486
-862
-58
661
1681
2441
3064
3626
3892
4413
4832
5062
5328
5351
5459
5384
5232
5064
4804
4726
4409
4058
3590
3085
2810
2422
2174
1886
1660
1627
1443
1353
1164
1029
1124
1170
1103
1178
1433
1661
2026
2049
1940
2166
2187
2461
2171
1002
27
-909
-1253
-1411
-1726
-1993
-2193
-2347
-3031
-4145
-5501
-6338
-6550
-6823
-6883
-7019
-6986
-6338
-5389
-4303
-3618
-2881
-2139
-1625
-1206
-1135
-794
-33
903
1861
2410
2763
3309
3705
3868
3746
3443
2969
2416
2045
1346
509
-12
-322
-541
-1062
-1768
-2435
-3180
-3670
-4193
-4768
-4996
-5159
-5095
-5008
-4744
-4331
-4165
-3489
-2950
-2540
-2050
-1846
-1055
-213
557
1418
2058
2775
3405
4019
4517
4899
5303
5557
5766
5737
5614
5462
5420
5537
5447
5154
4729
4330
3898
3485
3010
2513
2202
2024
1825
1520
1230
1007
922
990
841
611
601
640
808
930
804
842
1196
1714
1959
1252
-84
-1244
-1820
-1919
-1710
-1771
-1843
-1789
-2238
-2921
-4234
-5499
-6017
-6222
-5941
-5889
-6292
-6320
-5805
-4580
-3350
-2482
-1753
-1441
-1102
-804
-816
-521
-21
810
1836
2359
2809
2963
3113
3490
3587
3432
2802
2071
1367
615
111
-353
-669
-819
-1169
-1751
-2626
-3496
-4062
-4561
-4851
-5026
-5326
-5512
-5562
-5298
-4799
-4267
-3683
-3234
-2759
-2304
-2009
-1490
-788
132
1149
1924
2725
3409
4032
4790
5369
5823
6077
6234
6396
6354
6352
6239
6183
6175
6028
5829
5420
5040
4539
3983
3529
3063
2604
2146
1815
1557
1254
1050
938
836
789
684
539
477
456
557
806
1072
1166
597
-648
-1810
-2402
-2414
-1846
-1433
-1520
-1832
-2557
-3401
-4429
-5587
-6333
-6651
-6489
-6129
-6067
-6026
-5637
-4708
-3431
-2352
-1567
-1312
-1320
-1135
-929
-365
218
800
1566
2152
2807
3183
3222
3226
3186
3146
2870
2352
1689
853
320
70
-137
-253
-692
-1334
-2037
-2845
-3494
-4153
-4671
-4947
-5101
-5115
-5175
-5190
-5225
-4952
-4439
-3860
-3242
-3001
-2800
-2520
-2002
-1129
-273
654
1591
2443
3318
4032
4621
5086
5466
5926
6306
6581
6596
6447
6401
6448
6618
6558
6363
6040
5524
5004
4450
4039
3541
3091
2740
2370
2076
1669
1192
805
641
594
649
720
619
626
588
548
406
-567
-1865
-2879
-3410
-2995
-2156
-1643
-1453
-1981
-2865
-3780
-4932
-5788
-6557
-6976
-6720
-6343
-5843
-5369
-4788
-3764
-2690
-1559
-817
-865
-1100
-1432
-1342
-681
126
1122
1827
2472
2999
3259
3438
3277
3075
2627
2153
1843
1356
903
502
194
87
50
-176
-795
-1710
-2636
-3434
-3985
-4368
-4693
-4874
-4947
-4830
-4613
-4526
-4340
-4166
-4030
-3779
-3560
-3256
-2877
-2332
-1641
-835
141
1073
1936
2700
3407
4074
4537
4972
5372
5665
6034
6288
6522
6705
6726
6723
6549
6412
6230
5857
5400
4846
4357
3861
3437
3094
2742
2399
2016
1605
1159
873
732
822
1036
1045
1038
847
531
22
-1083
-2158
-2795
-2865
-2172
-1426
-1050
-1118
-1905
-2966
-4190
-5342
-6069
-6582
-6613
-6354
-5913
-5318
-4853
-4276
-3617
-2924
-2077
-1615
-1502
-1706
-2086
-1991
-1524
-539
569
1403
2180
2557
2715
2699
2441
2308
2018
1804
1690
1460
1331
1022
705
511
300
45
-504
-1271
-2088
-2900
-3478
-3852
-4020
-4055
-4068
-4004
-3975
-3915
-3809
-3724
-3663
-3689
-3659
-3493
-3085
-2433
-1680
-785
158
1049
1852
2555
3156
3649
4065
4470
4819
5191
5593
5968
6323
6550
6670
6644
6431
6116
5661
5224
4844
4455
4128
3707
3367
2997
2593
2320
2018
1700
1404
1130
966
944
926
986
1009
957
773
82
-886
-1763
-2310
-2090
-1462
-879
-625
-1047
-1877
-3075
-4345
-5260
-5914
-6095
-5943
-5621
-5126
-4705
-4214
-3745
-3389
-3002
-2700
-2447
-2363
-2418
-2425
-2292
-1743
-937
-81
796
1461
1815
1930
1761
1525
1222
928
924
1028
1267
1436
1322
1042
635
219
-191
-626
-1103
-1677
-2248
-2752
-3132
-3284
-3247
-3027
-2810
-2733
-2796
-2966
-3183
-3348
-3391
-3285
-2908
-2337
-1621
-796
-47
693
1371
1948
2500
2884
3221
3536
3773
4063
4447
4837
5236
5545
5662
5704
5493
5166
4777
4290
3877
3455
3170
3093
3092
3123
2872
2526
2191
1807
1701
1526
1326
1193
1000
1132
1270
1381
1586
1379
931
215
-738
-1346
-1626
-1476
-1073
-915
-909
-1404
-2200
-3068
-3991
-4516
-4750
-4641
-4359
-4164
-3915
-3750
-3597
-3373
-3189
-2877
-2690
-2540
-2384
-2325
-2162
-1954
-1671
-1213
-648
-38
463
744
880
811
697
574
440
411
496
670
829
792
625
304
-108
-525
-949
-1218
-1419
-1594
-1794
-2072
-2318
-2441
-2447
-2314
-2145
-1996
-1896
-1864
-1925
-1992
-1891
-1543
-981
-351
264
753
1110
1409
1685
1929
2202
2424
2660
2965
3252
3513
3711
3836
3954
3976
3917
3796
3590
3411
3229
3138
3060
2948
2886
2782
2654
2481
2266
2124
1990
1877
1711
1511
1423
1370
1307
1205
911
525
5
-464
-731
-840
-646
-495
-490
-744
-1310
-1953
-2596
-3116
-3335
-3342
-3102
-2764
-2566
-2419
-2476
-2555
-2650
-2744
-2651
-2552
-2421
-2222
-2080
-1879
-1676
-1436
-1139
-903
-545
-246
-102
-57
-216
-370
-421
-431
-291
-136
9
135
64
-67
-300
-542
-716
-893
-996
-1114
-1185
-1206
-1249
-1289
-1335
-1302
-1241
-1198
-1120
-1143
-1124
-1071
-1040
-878
-716
-488
-272
-50
258
494
742
968
1131
1321
1484
1671
1905
2134
2455
2743
3024
3252
3331
3396
3365
3308
3284
3205
3180
3157
3049
3006
2910
2784
2685
2542
2414
2250
2062
1816
1476
1139
828
557
348
146
-35
-226
-430
-657
-914
-1116
-1296
-1490
-1662
-1833
-1994
-2117
-2238
-2304
-2346
-2371
-2363
-2345
-2282
-2209
-2113
-2007
-1954
-1902
-1850
-1766
-1630
-1477
-1320
-1191
-1096
-1049
-1027
-1009
-956
-881
-771
-661
-579
-518
-485
-509
-572
-635
-718
-746
-789
-813
-817
-808
-762
-710
-660
-614
-585
-549
-501
-490
-431
-420
-411
-365
-323
-265
-201
-123
-4
114
263
410
487
583
634
706
847
1004
1208
1437
1672
1903
2070
2202
2326
2436
2598
2730
2827
2864
2850
2881
2919
2992
3058
3033
2920
2756
2548
2343
2165
1988
1823
1660
1470
1227
952
664
395
118
-148
-442
-751
-1037
-1295
-1465
-1551
-1571
-1571
-1590
-1692
-1839
-2016
-2164
-2245
-2262
-2239
-2204
-2121
-2008
-1870
-1727
-1613
-1562
-1562
-1610
-1646
-1653
-1559
-1394
-1204
-1022
-901
-831
-762
-692
-606
-519
-486
-502
-558
-561
-534
-436
-299
-163
-53
-18
-67
-167
-304
-413
-466
-463
-406
-366
-343
-323
-313
-292
-287
-284
-234
-208
-178
-170
-174
-171
-133
-53
80
247
445
609
734
833
899
992
1085
1217
1354
1497
1638
1796
1957
2118
2241
2343
2372
2351
2311
2283
2285
2305
2310
2242
2128
1954
1768
1584
1433
1274
1132
939
714
440
138
-127
-402
-609
-767
-912
-1023
-1163
-1312
-1423
-1571
-1680
-1768
-1846
-1893
-1938
-1961
-1963
-1947
-1909
-1879
-1846
-1800
-1762
-1669
-1533
-1406
-1284
-1218
-1188
-1123
-1040
-873
-682
-459
-254
-112
-12
25
47
97
148
246
335
399
441
405
382
334
306
284
259
248
192
80
-39
-164
-236
-230
-206
-162
-162
-182
-228
-276
-275
-239
-174
-91
-36
1
38
101
215
362
521
656
744
815
869
936
1056
1179
1302
1391
1429
1440
1476
1538
1629
1728
1780
1760
1676
1561
1462
1428
1410
1388
1318
1201
1002
789
609
476
417
352
247
76
-158
-433
-685
-890
-1024
-1153
-1242
-1333
-1415
-1478
-1542
-1592
-1653
-1723
-1839
-1942
-2035
-2041
-1994
-1879
-1729
-1601
-1504
-1453
-1392
-1289
-1142
-976
-812
-714
-618
-555
-452
-274
-31
241
476
638
686
674
607
574
575
633
721
774
810
802
751
701
604
509
418
303
211
100
29
-41
-103
-114
-126
-119
-126
-145
-158
-181
-190
-166
-130
-56
22
98
195
257
351
431
502
589
672
729
777
815
856
904
962
1012
1034
1045
1015
997
970
962
957
953
914
852
766
657
551
481
433
359
278
166
47
-80
-163
-237
-284
-347
-449
-586
-728
-853
-943
-984
-1020
-1031
-1075
-1127
-1182
-1226
-1241
-1263
-1268
-1277
-1298
-1306
-1289
-1233
-1113
-986
-872
-788
-741
-693
-640
-534
-412
-285
-157
-64
4
111
233
370
548
665
762
781
756
730
729
776
839
898
934
922
863
799
728
678
622
556
461
366
250
157
108
99
129
131
116
58
-6
-53
-99
-101
-77
-54
-3
23
65
119
175
251
291
331
344
341
354
366
395
422
440
459
455
453
440
423
410
379
331
273
202
147
104
76
54
9
-51
-125
-212
-290
-360
-405
-426
-453
-458
-505
-560
-624
-697
-738
-780
-787
-791
-788
-784
-801
-787
-774
-778
-769
-764
-764
-762
-767
-751
-709
-641
-562
-489
-411
-361
-311
-257
-210
-133
-66
-7
72
135
220
313
411
531
615
692
707
714
712
720
755
803
856
899
907
883
855
800
761
702
659
579
492
402
311
244
219
200
162
126
57
-10
-94
-149
-194
-212
-218
-219
-208
-193
-167
-141
-111
-89
-77
-77
-65
-57
-13
25
62
92
93
107
108
145
159
163
154
119
82
42
17
26
46
60
78
29
-44
-124
-177
-208
-225
-217
-228
-259
-287
-315
-337
-355
-388
-409
-447
-480
-523
-541
-542
-538
-519
-508
-519
-530
-546
-560
-547
-540
-512
-508
-499
-471
-423
-360
-308
-240
-170
-139
-115
-82
-46
17
91
183
262
347
424
483
552
589
626
642
661
692
727
764
781
796
796
774
727
693
636
587
533
474
416
343
275
212
142
78
32
-47
-112
-179
-242
-310
-355
-371
-388
-384
-386
-382
-379
-383
-370
-358
-341
-292
-259
-210
-167
-133
-105
-98
-62
-30
-1
43
64
76
88
89
113
137
165
181
174
153
103
59
24
19
51
74
88
68
27
-14
-57
-92
-114
-125
-135
-170
-197
-222
-224
-208
-199
-181
-200
-233
-276
-313
-322
-315
-297
-268
-241
-213
-195
-173
-141
-117
-86
-79
-77
-69
-53
-18
41
108
180
236
271
307
323
346
372
395
426
448
448
460
464
479
483
483
474
442
398
352
316
270
243
202
157
99
45
-19
-77
-122
-154
-194
-254
-304
-348
-397
-437
-444
-457
-472
-486
-493
-492
-461
-428
-378
-339
-290
-253
-230
-211
-193
-143
-104
-51
-9
58
101
146
181
231
259
280
300
298
285
262
255
254
278
292
326
318
313
279
223
175
127
104
72
60
52
38
30
19
-1
-17
-35
-63
-95
-129
-143
-165
-158
-155
-145
-120
-120
-102
-107
-98
-100
-107
-123
-121
-127
-117
-93
-50
-4
34
67
74
91
86
101
106
141
164
193
206
228
234
239
261
262
274
267
268
246
236
218
201
168
141
105
69
29
-11
-45
-82
-113
-157
-203
-259
-313
-360
-389
-422
-449
-479
-492
-496
-496
-471
-442
-416
-395
-394
-388
-373
-355
-308
-253
-196
-128
-74
-26
27
75
130
161
191
210
222
221
240
263
302
347
385
401
391
371
336
305
266
255
212
187
158
155
150
147
148
122
85
44
7
-35
-52
-69
-67
-82
-85
-95
-104
-105
-93
-79
-72
-64
-73
-95
-125
-130
-123
-105
-80
-46
-28
-12
4
8
17
25
35
46
55
51
63
68
84
104
113
138
146
147
142
139
135
117
97
72
48
16
3
-19
-33
-41
-53
-85
-132
-190
-258
-311
-359
-373
-384
-408
-431
-438
-446
-451
-447
-431
-433
-435
-436
-428
-410
-387
-342
-287
-223
-167
-108
-50
5
67
129
167
208
241
273
305
343
386
434
475
525
553
556
545
519
501
468
446
404
367
331
312
283
276
262
233
205
148
98
48
16
-12
-26
-41
-51
-69
-69
-64
-47
-20
-9
5
-9
-26
-59
-84
-75
-44
-11
18
29
35
17
18
18
3
-5
-35
-44
-64
-60
-70
-82
-85
-88
-86
-92
-95
-111
-121
-127
-126
-140
-153
-167
-185
-186
-170
-164
-164
-168
-191
-215
-252
-272
-297
-312
-326
-354
-378
-403
-422
-442
-445
-444
-423
-420
-411
-411
-436
-432
-410
-355
-287
-224
-180
-141
-91
-7
71
140
193
236
286
341
406
430
468
510
566
635
683
705
699
693
697
689
676
651
600
552
526
511
513
506
461
414
354
301
262
216
189
174
134
98
62
28
28
32
57
67
66
60
34
11
-11
-6
-10
8
25
20
31
-2
-23
-58
-114
-136
-164
-213
-247
-270
-273
-274
-315
-346
-369
-373
-334
-331
-334
-318
-280
-222
-215
-234
-242
-242
-175
-110
-90
-60
-104
-95
-176
-249
-289
-325
-260
-322
-348
-461
-519
-480
-556
-661
-810
-860
-620
-453
-405
-487
-797
-745
-709
-541
-311
-372
-160
-133
-83
5
-30
93
248
315
448
498
572
744
694
804
687
800
860
830
904
742
905
914
798
525
-113
-345
-23
494
1292
1017
67
-872
-1504
-352
657
1258
995
-95
11
355
1032
1006
163
251
1021
2352
2863
1553
219
-650
153
1659
1831
1562
279
-88
213
105
-7
-1071
-1118
-637
-194
247
-735
-1406
-1790
-1722
-781
-888
-888
-877
-1150
-588
-828
-934
-1069
-1399
-786
-521
-134
-45
-479
-629
-895
-830
-584
-523
-114
-100
-86
-350
-778
-845
-928
-589
-436
-338
-180
-319
-453
-699
-1044
-930
-766
-356
-141
-364
-389
-557
-422
-399
-611
-563
-323
232
556
482
263
116
168
425
557
746
966
1144
1283
1065
993
864
1057
1187
1128
1055
1084
1133
1138
1137
989
1104
905
1037
933
814
1158
1177
1273
1075
780
1019
971
1012
1201
794
1124
1150
822
1068
545
704
788
616
747
303
327
416
372
150
135
-92
-273
-279
-557
-921
-1080
-1169
-1302
-1472
-1857
-1727
-1999
-1961
-2197
-2824
-2887
-2961
-2419
-2204
-2098
-2069
-2433
-2178
-2044
-1873
-1502
-1322
-764
-376
-353
-172
-429
-288
41
91
617
716
930
909
624
358
-42
50
163
386
538
255
-31
-532
-921
-753
-805
-651
-588
-740
-583
-601
-779
-889
-920
-728
-120
435
677
620
476
651
963
1365
1838
2167
2321
2657
2877
2915
2847
2889
3176
3388
3801
3759
3440
3111
2945
3176
3336
3066
2466
1685
1183
1236
1169
1086
807
182
-299
-1121
-1982
-2413
-2518
-2018
-1635
-1936
-2596
-3453
-4099
-3930
-3591
-2978
-2406
-2174
-2117
-2562
-2938
-2889
-2436
-1536
-729
-308
-258
-316
-199
-160
74
290
637
1057
1408
1559
1296
958
790
735
816
935
879
877
642
265
-219
-703
-1020
-1117
-1040
-1057
-1062
-1387
-1829
-2209
-2706
-2802
-2724
-2467
-2112
-2057
-2260
-2617
-2725
-2598
-2094
-1571
-1048
-632
-496
-310
-157
157
628
1256
1929
2415
2739
2840
2973
3245
3452
3848
4197
4375
4532
4479
4282
4041
3771
3866
3857
3860
3844
3610
3475
2907
2142
1164
803
1061
1408
1527
818
-171
-1245
-2076
-2564
-2653
-2292
-1808
-1663
-2388
-3401
-4413
-4679
-4103
-3399
-2659
-2421
-2335
-2336
-2555
-2754
-2459
-1766
-751
68
405
425
194
391
577
825
1315
1793
2175
2283
2065
1544
1205
1188
1304
1211
1022
933
658
248
-348
-942
-1310
-1451
-1418
-1640
-2072
-2557
-2971
-3236
-3411
-3451
-3539
-3480
-3449
-3460
-3510
-3659
-3484
-3160
-2771
-2401
-2074
-1744
-1355
-979
-596
-23
549
1217
1774
2108
2475
2876
3307
3638
3995
4282
4589
4925
4944
4856
4748
4791
4820
4720
4683
4519
4179
3998
3794
3564
3473
3101
2361
1338
974
1371
1481
1377
658
-487
-1381
-2022
-2294
-2589
-2597
-2332
-2125
-2739
-3643
-4498
-5041
-4548
-3810
-3001
-2794
-2773
-2701
-2883
-3275
-3027
-2165
-1176
-138
341
315
67
141
304
404
911
1697
2239
2456
2285
1729
1205
1108
1319
1468
1477
1647
1275
693
224
-564
-901
-1027
-1042
-1063
-1324
-1661
-2231
-2920
-3345
-3503
-3557
-3367
-3176
-3442
-3915
-4082
-4032
-3775
-3307
-3199
-2961
-2541
-2293
-1990
-1757
-1140
-360
410
1016
1299
1366
1791
2482
3141
3861
4372
4623
4752
4855
4657
4788
5066
5429
5667
5622
5221
4819
4511
4150
3965
3841
4052
4114
3940
3285
1801
10
-175
567
1069
1522
853
-543
-2011
-3259
-3862
-4071
-3454
-2219
-1800
-2707
-3771
-5318
-6244
-5558
-4316
-2993
-2466
-2006
-2152
-3099
-3858
-3444
-2470
-911
621
1140
921
356
381
232
388
1330
2372
2996
3349
2942
1911
1203
1161
1497
1665
2038
2277
1758
1051
214
-786
-1150
-1097
-933
-816
-968
-1426
-2235
-3128
-3741
-4030
-3958
-3544
-3152
-3178
-3590
-4028
-4393
-4451
-4200
-3841
-3192
-2349
-1901
-1660
-1550
-1744
-1451
-718
241
1215
1880
2374
2572
2642
2900
3266
3592
4224
4790
5050
5174
4959
4707
4614
4579
4638
4753
4745
4468
4274
3938
3445
3303
3245
3242
3215
3070
2739
1334
-282
-141
563
943
1365
584
-982
-2201
-3318
-3849
-4170
-3472
-2049
-2077
-3414
-4510
-6070
-6656
-5336
-4167
-3028
-2764
-2381
-2511
-3577
-3995
-3118
-1984
-410
1022
1177
971
563
783
688
824
1910
2861
3361
3562
3060
2056
1598
1716
1813
1637
2040
2289
1784
1231
161
-737
-1004
-1038
-1125
-1186
-1271
-1575
-2257
-3180
-3840
-4444
-4327
-3964
-3706
-3568
-3789
-4159
-4428
-4633
-4687
-4139
-3380
-2542
-1978
-1785
-1573
-1318
-1088
-387
408
1187
2229
2739
3043
3345
3495
3865
4425
4799
5026
5364
5654
5845
5591
5266
5067
4900
5034
5045
4868
4665
4466
4113
3810
3547
3200
3072
3035
2925
2502
1005
-762
-318
420
225
674
-381
-1938
-2968
-4362
-4859
-5308
-4675
-3085
-3455
-4653
-5087
-7044
-7447
-6022
-5358
-3733
-3170
-2364
-2237
-3488
-3640
-2731
-1874
-252
1232
1680
2058
1739
2052
1453
1262
2540
3281
3819
4220
3705
2818
2519
2242
1899
1142
1684
2065
1387
1133
95
-750
-1358
-1994
-2447
-2907
-2691
-1719
-2422
-3278
-3871
-5619
-5669
-5421
-5001
-4194
-3593
-3044
-3560
-4392
-4631
-4708
-4032
-2101
-1175
-257
448
335
144
162
829
1570
3252
4302
4543
4917
4827
4769
4815
4855
5004
5578
6249
6255
5711
5503
5185
4679
4648
4114
3892
4235
4286
4154
3830
3478
2719
2274
2192
1930
2174
1847
-313
-1029
-223
-1029
-873
-569
-1844
-2475
-3995
-5122
-5951
-6751
-5207
-4246
-5002
-4609
-5551
-7560
-6796
-6718
-5251
-3928
-3056
-1252
-1986
-2863
-2391
-1889
-966
797
1783
2845
2554
3108
3247
1938
2707
3311
3674
4075
4081
3637
3276
2964
2649
1233
572
1017
331
199
14
-406
-938
-2105
-3162
-3786
-4339
-3972
-3415
-3422
-3503
-4040
-4805
-5881
-5960
-5598
-4980
-3692
-2766
-2755
-3062
-3070
-3432
-2917
-2004
-802
392
1433
2011
1871
2017
2207
2751
3316
4392
4909
5459
6037
5811
5460
5217
5229
5154
5508
5420
5359
5463
5435
4735
4130
3908
3424
3296
3469
3671
3504
3762
3266
2495
2307
1800
1297
139
-1988
-1186
-246
-1245
-65
-1066
-2650
-3756
-6064
-6742
-7686
-7277
-4503
-4612
-5341
-4527
-7470
-8137
-7349
-7198
-4756
-3895
-1535
-458
-1757
-1928
-1667
-1484
56
1514
3091
4042
3839
5075
3468
2729
3737
3763
4269
4484
4362
4088
3497
3109
2059
201
530
220
-708
-772
-1153
-1273
-2007
-3349
-4115
-4888
-5189
-4491
-4576
-4645
-4535
-4495
-5017
-5591
-5095
-4916
-4083
-2948
-3053
-3151
-2423
-1974
-1246
-246
124
921
1273
1758
1841
2022
3379
4017
4764
5042
4570
4217
4857
5134
4975
5660
5866
5653
5348
4676
3773
4170
4578
4570
4410
4231
3928
3271
3131
2549
2584
3283
3385
3117
2958
2497
2171
1916
233
-2517
-2154
-864
-2086
-659
-584
-2571
-2971
-5613
-7437
-8775
-9360
-6280
-5553
-5831
-4312
-6575
-7657
-7007
-7861
-5674
-4907
-2301
206
-1005
-480
82
380
1309
2230
3425
4368
4209
5977
5247
4456
5772
5303
5079
4007
3582
3350
2813
3067
2545
663
513
-373
-2341
-2983
-3577
-3089
-3440
-4124
-4481
-5478
-6149
-6123
-6430
-6396
-5920
-5257
-5119
-5636
-4605
-4586
-4138
-2661
-2652
-1934
-1074
-544
179
714
1728
2469
2831
3811
3777
3885
4841
4973
5479
5688
5592
5368
5542
5791
5006
5225
5315
4707
4495
3893
3316
3419
3483
3294
2792
2792
2530
1891
1846
1546
1780
2327
2615
2071
2074
2190
1479
1447
-119
-2763
-1715
-805
-2393
-505
-923
-2100
-2498
-5503
-6088
-8552
-8641
-5781
-6556
-5629
-3847
-5940
-5641
-5686
-6540
-4424
-4650
-1534
-172
-537
946
1297
2429
2454
2783
4252
4216
4176
6086
4722
5030
5810
5298
4869
3123
3165
2066
1390
1730
604
-601
-559
-2058
-3433
-4479
-4809
-4484
-5283
-5324
-5813
-6195
-6402
-6506
-6428
-5953
-5656
-4940
-5140
-4981
-3476
-3323
-2020
-922
-680
219
688
965
1395
2106
3417
3939
4531
5051
4510
4892
5254
5037
5127
5176
5004
4551
4621
4443
3895
4218
3838
3077
2657
2096
1794
1941
2182
2120
1913
1980
1596
988
1103
1331
2015
2699
2608
2289
2609
2531
1967
1350
-812
-1831
-158
-1130
-1759
-100
-1365
-1409
-3055
-5250
-6179
-8778
-7158
-6421
-7442
-5070
-4433
-5544
-4260
-5190
-4862
-3992
-3697
-978
-1200
154
1713
2606
3456
3318
4205
4924
3989
4843
5431
4062
5406
5246
5200
3921
3053
2993
1101
820
281
-1360
-1783
-2179
-3769
-4676
-5404
-4884
-5530
-6192
-6295
-6748
-6824
-7006
-6762
-6257
-5642
-5163
-4241
-4047
-3223
-2314
-1307
-940
141
1260
1152
2582
2757
3380
4233
4678
5341
5207
5269
5460
5129
5104
5075
4456
4622
4045
3692
3395
3182
2687
2024
2206
1417
1253
1121
858
1008
1107
1054
1131
1281
1331
1238
1579
2411
2544
2843
3160
3239
3310
3219
1963
22
-894
36
-487
-1152
386
-774
-1230
-2406
-5108
-6018
-8109
-7486
-6508
-7553
-5826
-4735
-5338
-4076
-4453
-3936
-3349
-3593
-1212
-1647
-357
1782
2653
4004
3930
4733
5257
4164
4896
5043
3704
4783
4386
4348
3565
2716
2924
1117
404
-441
-2282
-3009
-3652
-4702
-5344
-5942
-5266
-5845
-6692
-6427
-6866
-6852
-6864
-6778
-6181
-5718
-4829
-3751
-3247
-2039
-851
-150
422
1141
1748
2036
3002
3614
4123
5034
5469
5905
5746
5499
5549
4940
4700
4309
3837
3794
3361
2944
2813
2590
2104
1778
1627
942
712
809
470
756
1071
1288
1843
2191
2356
2354
2515
3022
3290
3584
3863
3911
3747
2498
30
-55
790
-1096
-67
253
-1676
-1370
-3755
-5225
-6747
-8653
-6339
-7478
-8275
-5536
-6796
-5745
-4107
-4713
-2582
-3382
-1892
-1068
-2421
268
1082
3037
4442
4285
6246
5331
4242
5712
3930
4105
4647
3960
4115
2105
2778
1760
140
613
-1272
-2646
-3488
-5112
-5854
-6992
-6467
-5711
-6803
-6273
-6711
-7035
-6609
-6938
-6463
-5911
-5223
-4081
-3699
-2917
-1538
-436
784
1499
2147
2522
2907
3496
3717
4357
5178
5601
5717
5672
5576
5083
4870
4726
3977
3709
3393
2643
2333
2245
2039
1890
1990
1782
1367
1290
936
810
1110
1393
1693
2198
2775
3156
3525
3914
4210
4112
4164
4093
3256
1553
20
265
270
-1138
80
-36
-1597
-1642
-4288
-5431
-7712
-8445
-6619
-8477
-7725
-5823
-6780
-5483
-4148
-3929
-2304
-2838
-579
-953
-1686
839
901
3160
3960
4999
6703
5622
5482
6093
3989
4326
4278
3539
3277
1613
2816
1141
290
321
-1573
-2457
-3933
-5404
-6566
-7704
-7111
-6967
-7750
-6524
-6676
-6806
-6620
-6684
-6079
-5791
-4834
-4190
-3895
-2747
-1416
-500
899
1865
2743
3455
3600
3770
3726
4197
4615
4992
5076
5360
5231
4733
4833
4005
3493
3210
2525
1904
1622
1522
1279
1630
1957
1606
1486
1756
1363
1375
1596
1837
2324
2699
3222
3346
4042
4735
5090
5309
5175
4758
3106
599
-282
71
-1430
-937
200
-1563
-1333
-3291
-5294
-6167
-9007
-7280
-8045
-9661
-7294
-7545
-6931
-4876
-4167
-1953
-2128
-1243
379
-1996
523
1333
2456
4528
4256
6666
6061
5676
7113
6058
5726
5877
4366
3944
1605
1792
1540
-290
954
-882
-1667
-2899
-5023
-5548
-7397
-7601
-7107
-8447
-7999
-7810
-7734
-6796
-6612
-5286
-5412
-4968
-3902
-4487
-3455
-2136
-1251
467
1287
2278
3024
3234
4139
4343
4807
5228
4761
4425
4294
4178
3992
4267
4368
3852
3659
2996
2041
1572
1533
1431
1404
1682
1600
1336
1737
1982
2081
2705
2885
3068
2897
3097
3403
3626
4554
4963
5157
5393
4504
3084
868
-414
57
-1855
-1513
-751
-2883
-2154
-4159
-5748
-5963
-9067
-7241
-8165
-9951
-7371
-8363
-7221
-5224
-4896
-1747
-2062
-625
1227
-1154
1681
1520
2521
4607
3956
6811
6236
5973
7514
5861
5891
5951
4408
4680
2074
2191
1437
-766
207
-1927
-2173
-3105
-4851
-5119
-7086
-7134
-6846
-8398
-7741
-7828
-7788
-6910
-6872
-5337
-5160
-4200
-3101
-3577
-2517
-1913
-1169
204
843
2222
2728
3341
3969
3864
4758
4772
4743
4715
4200
4018
3566
3244
3383
2980
2885
2817
2163
2013
1684
1801
1485
1674
1940
1559
1962
1995
2232
2736
3298
3589
4054
4265
4425
4418
4630
5034
4882
5137
4177
2487
652
290
-626
-2392
-1255
-1909
-3097
-2854
-5014
-5811
-7543
-8754
-7430
-9775
-9200
-7694
-8734
-6598
-5250
-3966
-1787
-1898
803
526
30
2609
1950
3822
4143
5010
6621
5598
6931
7432
6082
6828
6052
4692
3762
1762
2159
224
-124
-287
-2327
-2398
-4171
-5080
-5785
-7042
-6538
-7126
-8066
-7607
-8046
-7702
-7114
-6222
-5081
-4857
-3560
-3317
-2994
-1777
-1323
-281
445
1232
1999
2238
3249
3559
4044
4823
4337
4333
3974
3460
3429
2886
2997
2748
2233
2270
1734
1613
1698
1611
1736
1535
1770
1725
1916
2528
2595
3229
3441
3475
3963
4001
4472
5187
5510
5971
5917
5316
4766
2776
890
951
-331
-1817
-1302
-2289
-3355
-3330
-5267
-5190
-6838
-8240
-6924
-9858
-9536
-8537
-9307
-7491
-6088
-4250
-2219
-2016
855
1093
600
3268
2059
3913
4041
4307
6359
5191
6491
7351
6379
6766
6321
5376
4483
2439
2718
392
-546
-481
-2684
-2551
-3897
-4570
-5059
-6426
-5895
-6565
-7490
-6924
-7482
-7106
-6860
-6342
-5236
-5198
-3731
-2977
-2750
-1324
-744
-216
701
1106
1509
1947
2409
2523
3179
3487
3498
3753
3269
3261
2975
2364
2404
1998
1471
1422
1056
1137
1205
1478
1760
1548
2197
2019
2147
2697
2888
3666
3923
4357
4573
4591
4982
5255
5538
6020
6278
5986
5482
3561
1425
1293
-218
-2323
-1347
-2833
-3808
-3399
-5990
-5359
-7339
-8126
-6789
-9848
-8747
-8508
-9513
-7538
-6967
-5079
-2808
-2816
928
991
1264
3885
2561
4672
3924
4360
5734
4366
5850
6492
5677
6631
5962
5559
4704
2665
3174
366
-76
-736
-3037
-2986
-4727
-5201
-5448
-6448
-5763
-6300
-6867
-6520
-7242
-6622
-6968
-6288
-5226
-5380
-3882
-3335
-2773
-1312
-513
315
991
1683
1929
1847
2550
2410
2762
3406
3100
3107
3021
2650
2521
2240
2199
1992
1503
1454
935
938
955
1203
1422
1474
2057
2078
2497
3072
3362
3955
4340
4416
4875
4977
5349
5897
6097
6473
6475
6150
5418
3479
1838
1812
268
-1489
-1077
-2667
-3834
-3781
-6067
-5616
-7500
-8076
-6891
-9982
-8831
-8500
-9218
-7309
-6418
-4850
-2901
-2872
495
404
875
3814
2740
4987
4423
5050
5996
4756
6045
6435
5455
6341
5784
5280
4626
2886
3540
849
485
-385
-2751
-3093
-4536
-5346
-5899
-6672
-6108
-6532
-7063
-6288
-6929
-6199
-6314
-5720
-5057
-5179
-3854
-3547
-2955
-1551
-759
60
907
1647
2189
2128
2803
2451
2474
2739
2105
2323
2073
1940
2138
1632
1650
1370
833
727
178
490
486
642
1120
1036
1528
1834
2029
2753
3213
3963
4605
4763
5428
5400
5750
6024
6065
6582
6578
6542
6085
4425
2715
1973
1048
-1128
-1402
-1600
-3953
-3559
-5320
-6137
-6649
-8653
-7133
-9059
-9789
-8196
-9347
-8297
-6381
-5893
-2933
-2871
-570
1220
98
3292
2940
4164
4846
4598
6149
5321
5350
6847
5652
5928
6449
5206
5188
3266
3687
1879
370
354
-2045
-2834
-3701
-5105
-5448
-6288
-6277
-6084
-7179
-6396
-6697
-6379
-6054
-5695
-4670
-4828
-3922
-3130
-3188
-1981
-817
-412
802
1494
2170
2404
2770
3111
2806
2978
3008
2339
2290
2074
1548
1502
1367
1374
1087
1060
736
713
705
730
784
864
1243
1494
1922
2378
3099
3695
4247
4557
5125
5082
5555
6027
6078
6673
6620
6632
5982
4481
2817
2135
1097
-954
-977
-1787
-3774
-3473
-5421
-6059
-6656
-8284
-7118
-8882
-9213
-8184
-9222
-8159
-6793
-6176
-3510
-3222
-573
868
494
3516
2975
4209
4647
4453
5553
4876
5115
6218
5251
5823
6007
5099
5128
3285
3639
1761
508
221
-2123
-2800
-3882
-5265
-5613
-6496
-6377
-6256
-7063
-6260
-6514
-6128
-5821
-5520
-4633
-4700
-3891
-3188
-2949
-1893
-1025
-250
577
1195
2195
2217
2888
3171
2908
3287
2806
2438
2122
1697
1458
1208
1096
1052
784
853
586
658
902
806
1190
987
1364
1600
1748
2319
2918
3646
3957
4744
5161
5431
6034
6151
6380
6697
6343
6211
5437
3745
2629
2125
617
-1251
-974
-2453
-3739
-3732
-5588
-5603
-7097
-7505
-7042
-9408
-8305
-8100
-8764
-7096
-6628
-4990
-3369
-2819
326
434
1519
3793
3274
4816
4367
4905
5409
4309
5300
5395
4507
5312
4910
4732
4327
3260
3642
1327
787
-236
-2567
-3010
-4489
-5308
-5803
-6405
-5917
-6453
-6446
-5772
-5998
-5219
-5114
-4599
-4051
-4268
-3393
-2998
-2693
-1543
-741
-98
543
1631
1996
2075
2929
2882
2749
2927
2713
1904
1831
1531
897
919
587
518
464
431
501
731
957
1173
1243
1260
1632
1532
1941
2388
2884
3621
4102
4723
5029
5650
6046
6276
6789
6816
6480
6081
4452
2685
2257
1236
-863
-661
-1225
-3304
-2913
-4801
-5390
-6277
-7316
-6162
-8463
-8272
-7430
-8748
-7574
-6565
-5742
-3372
-3353
-466
525
392
3465
3055
4525
4567
4745
5475
4167
4705
5303
4189
4615
4840
4072
4068
2898
3543
1997
1054
932
-1401
-2324
-3632
-4883
-5672
-6555
-6170
-6348
-6850
-5809
-5765
-5148
-4533
-4266
-3626
-3729
-3266
-2972
-2895
-2081
-1414
-785
-115
540
1511
1803
2557
3140
3024
3362
3001
2429
1999
1460
1056
671
560
326
182
414
501
588
1163
1376
1404
1733
1773
1806
1859
2147
2448
2694
3124
3716
4120
4725
5548
5914
6321
6639
6481
6098
4869
3107
2820
1631
-800
-632
-1718
-3400
-3025
-4680
-4771
-5754
-6584
-5392
-7883
-7529
-6717
-8003
-6823
-6478
-5456
-3720
-3644
-775
-36
510
3266
3106
4597
4518
4839
5770
4318
4827
5049
3903
4004
3715
3457
2964
2303
3098
1528
1050
737
-1055
-1855
-3229
-4149
-5148
-6271
-6050
-6466
-6817
-5996
-5693
-4754
-4296
-3444
-2676
-2632
-1949
-1808
-1843
-1425
-1037
-826
-260
245
1047
1704
2084
2683
2966
2949
3018
2593
2032
1745
960
410
29
-527
-567
-610
-581
-190
191
656
971
1325
1699
1847
2093
2305
2326
2849
3054
3300
3770
4256
4843
5299
5999
6272
6635
6581
6055
4582
3172
2696
936
-1062
-821
-2427
-3727
-3383
-5499
-5090
-6634
-6707
-5792
-8139
-6767
-6739
-7537
-6285
-6209
-5022
-3645
-3591
-361
-446
844
3340
3094
5026
4592
5622
5772
4674
5486
5094
4028
4349
3655
3462
2697
2238
2790
936
1205
317
-1239
-1862
-3253
-4183
-5263
-6144
-5983
-6976
-6998
-6433
-6302
-5081
-4799
-3474
-2944
-2601
-1737
-1787
-1574
-1010
-764
-441
-129
514
1172
1396
2381
2572
2904
3323
3149
3010
2711
2242
1827
1039
508
-56
-640
-517
-793
-349
93
347
792
1114
1482
1926
2132
2492
2735
2834
3188
2913
3481
3805
4158
4944
5305
5793
6003
6188
5510
4245
3412
2933
942
-473
-608
-2906
-3366
-4142
-5416
-5359
-7046
-5930
-6439
-7714
-6255
-6841
-6813
-5863
-5698
-4170
-3789
-2730
-317
-993
1376
2459
3108
4547
4235
5911
5311
5247
6061
5232
4780
4712
4029
3768
2552
2681
2406
893
1333
2
-1043
-1848
-2984
-3738
-5066
-5460
-5751
-6911
-6764
-6720
-6481
-5699
-5334
-4131
-3739
-3004
-2220
-2080
-1459
-939
-509
-309
-38
571
915
1383
2057
2398
2899
3278
3229
3058
2886
2636
2144
1835
1264
516
295
-202
-487
-351
-148
240
486
998
1281
1537
1984
2172
2625
2914
3014
3212
3330
3593
3911
4298
4809
5075
5517
5680
5027
4162
3284
2945
1266
-252
-286
-2550
-3200
-3887
-5385
-5299
-7007
-6122
-6640
-8079
-6584
-7136
-7044
-5864
-5683
-4274
-3888
-2890
-723
-1385
962
2101
2598
4089
3940
5367
5079
5126
6133
5403
5129
5200
4471
4289
3052
3292
2850
1447
1880
348
-599
-1257
-2413
-3027
-4335
-4649
-5105
-6363
-6166
-6595
-6403
-5799
-5780
-4675
-4389
-3670
-2894
-2782
-1929
-1599
-1120
-737
-527
239
481
1048
1723
1829
2466
2865
2849
3127
3063
3161
2615
2436
1925
1074
1053
393
211
55
158
170
285
609
856
1286
1645
1917
2214
2663
2669
2988
3003
3314
3588
3800
4257
4439
4881
5007
5044
4577
3581
2744
2434
577
-411
-582
-2766
-2945
-4259
-5131
-5575
-7208
-5920
-7056
-7730
-6556
-7294
-6768
-6042
-5607
-4007
-3973
-2264
-781
-1169
1257
1622
2963
3835
3919
5602
4828
5273
6011
5306
5483
5486
5140
4624
3603
4067
3062
2154
2318
800
252
-783
-1980
-2711
-4038
-4195
-5044
-5994
-6027
-6530
-6248
-6251
-5742
-4954
-4855
-3979
-3518
-3363
-2712
-2272
-1766
-1390
-905
-342
-162
699
1278
1666
2440
2783
2999
3237
3254
3177
3031
2871
2441
1954
1549
878
621
446
195
279
471
515
766
981
1215
1582
1800
2148
2338
2581
2619
2807
3027
3216
3608
3795
4339
4605
4731
4925
4049
3041
2777
1727
53
-137
-1377
-2658
-2988
-4532
-4785
-6505
-6329
-6008
-7725
-6808
-7043
-7035
-6477
-6118
-4984
-4341
-3728
-1580
-1750
-662
999
1492
3077
2966
4642
4643
4623
5746
5511
5534
5762
5751
5395
4589
4390
4312
3066
3216
2366
1287
486
-644
-1368
-2861
-3361
-3746
-4968
-5406
-5883
-6325
-6297
-6171
-5652
-5636
-5066
-4381
-4355
-3888
-3328
-2685
-2123
-1698
-1024
-639
-101
637
1114
1785
2372
2954
3256
3429
3762
3746
3717
3621
3189
2796
2387
1939
1564
1162
999
754
632
574
550
902
1011
1390
1596
1685
1922
2050
2176
2213
2567
2692
2897
3244
3588
3759
3922
4222
3590
2524
2400
1892
63
-47
-706
-2251
-2438
-3878
-4346
-5630
-6251
-5501
-7209
-7075
-6768
-7122
-6613
-6287
-5360
-4493
-4276
-2363
-1975
-1583
380
878
2287
2395
3486
4317
3877
4914
5299
5230
5558
5666
5546
4789
4609
4961
3858
3792
3361
2219
1426
391
-467
-1633
-2411
-2725
-3997
-4782
-5211
-5942
-6049
-6274
-5859
-5861
-5700
-5055
-5020
-4643
-3918
-3422
-2970
-2524
-1885
-1544
-1047
-84
350
1228
2006
2570
2979
3382
3989
4195
4348
4485
4206
3851
3537
3031
2661
2181
1930
1540
1175
914
738
855
922
1150
1259
1379
1316
1463
1549
1519
1719
1870
2014
2074
2419
2580
2771
3030
3120
2869
2248
1876
1529
523
-135
-331
-1638
-2137
-3147
-4051
-4566
-5781
-5267
-6241
-6638
-6164
-6579
-6209
-5869
-5224
-4496
-3993
-2843
-1952
-1644
-132
452
1391
2051
2522
3513
3350
4172
4551
4652
4964
5086
5128
4862
4676
4800
4269
3813
3686
2619
2004
1159
261
-591
-1579
-2036
-3121
-3936
-4421
-5099
-5403
-5697
-5573
-5526
-5437
-4981
-4819
-4562
-4167
-3726
-3372
-3051
-2550
-2171
-1724
-1089
-541
149
873
1509
2178
2703
3242
3702
3943
4222
4091
4101
3908
3410
3337
2829
2619
2371
1970
1805
1410
1392
1328
1102
1295
1254
1104
1235
1104
1054
1113
1234
1188
1234
1469
1483
1637
1817
1996
1967
2091
2053
1419
1184
1054
300
-227
-484
-1335
-1808
-2542
-3187
-3763
-4670
-4427
-5036
-5382
-5134
-5238
-4950
-4808
-4240
-3591
-3265
-2292
-1490
-1277
-237
284
1028
1474
1897
2788
2685
3302
3679
3776
4049
4107
4353
4084
3776
3990
3515
3079
2975
2263
1615
890
249
-619
-1565
-1802
-2615
-3364
-3628
-4208
-4424
-4619
-4499
-4480
-4563
-4092
-4004
-3843
-3503
-3178
-2745
-2502
-2050
-1702
-1374
-821
-353
215
728
1237
1713
1974
2357
2656
2775
3144
3204
3329
3344
3206
3226
2963
2843
2569
2267
2106
1756
1516
1382
1088
1039
868
779
751
614
723
678
750
843
787
814
845
763
983
955
980
1078
994
1035
648
477
459
221
-74
-226
-735
-1099
-1423
-2020
-2215
-2804
-2816
-2940
-3472
-3461
-3585
-3490
-3389
-3083
-2721
-2532
-2001
-1501
-1264
-775
-145
396
823
1166
1639
1820
2115
2388
2420
2562
2500
2640
2468
2099
2233
1971
1677
1549
1192
784
469
210
-277
-779
-994
-1374
-1940
-2146
-2504
-2789
-2860
-2996
-3021
-3051
-2836
-2649
-2450
-2126
-1789
-1375
-1170
-938
-692
-533
-373
-164
-83
-3
210
239
303
446
701
926
1199
1498
1623
1826
2042
2076
2111
2211
2166
2084
1937
1726
1548
1384
1281
1119
966
894
781
750
680
683
783
833
914
910
848
820
778
715
602
512
610
481
457
455
294
271
207
167
-24
-21
-19
-209
-326
-485
-739
-958
-1123
-1444
-1648
-1817
-1966
-2075
-2154
-2106
-2056
-1874
-1706
-1467
-1111
-861
-532
-267
-142
33
177
177
258
359
339
400
410
368
302
335
368
272
341
366
276
285
169
33
-54
-221
-281
-473
-651
-736
-961
-1056
-1173
-1202
-1103
-1082
-894
-817
-747
-509
-446
-327
-161
-75
-4
-41
-73
-112
-213
-237
-292
-349
-329
-270
-162
-85
85
293
407
506
693
767
894
1081
1146
1169
1153
1167
996
878
870
789
752
749
722
761
778
845
950
913
1043
1078
1045
1019
929
946
842
809
810
698
759
741
737
770
797
979
981
1057
1054
950
899
759
663
473
333
183
-50
-301
-506
-751
-986
-1131
-1315
-1404
-1515
-1479
-1525
-1555
-1548
-1582
-1554
-1627
-1506
-1486
-1429
-1358
-1276
-1239
-1215
-1033
-964
-832
-676
-529
-456
-328
-216
-123
-30
42
128
125
168
147
150
146
75
73
5
-51
-77
-114
-139
-185
-165
-181
-157
-117
-97
-56
-69
-114
-174
-235
-280
-300
-294
-266
-263
-229
-218
-200
-189
-128
-56
10
154
238
345
400
438
465
492
496
547
555
527
556
493
546
490
568
654
639
784
818
924
1011
1135
1201
1251
1286
1283
1311
1309
1400
1412
1510
1506
1529
1571
1517
1543
1494
1422
1297
1214
1030
835
670
430
179
-105
-335
-642
-880
-1058
-1280
-1423
-1564
-1705
-1823
-1902
-1981
-1987
-2016
-2006
-1958
-1938
-1859
-1799
-1683
-1594
-1450
-1272
-1138
-998
-823
-716
-641
-466
-384
-293
-189
-159
-142
-149
-131
-104
-113
-70
-101
-158
-160
-269
-248
-275
-297
-212
-236
-180
-161
-101
-43
-31
34
45
11
52
47
36
110
79
108
91
93
138
142
250
290
319
382
369
347
335
303
291
278
255
282
287
320
389
461
558
674
822
931
1045
1184
1312
1395
1527
1618
1663
1732
1772
1799
1815
1871
1887
1897
1867
1832
1779
1692
1606
1490
1344
1137
921
678
398
137
-58
-329
-596
-800
-1069
-1260
-1424
-1545
-1663
-1769
-1824
-1911
-1972
-1991
-1980
-1970
-1922
-1889
-1806
-1731
-1664
-1520
-1466
-1357
-1263
-1222
-1142
-1071
-960
-853
-736
-619
-530
-508
-433
-440
-471
-440
-496
-477
-552
-582
-580
-636
-578
-541
-472
-357
-267
-161
-70
-26
87
116
143
205
175
240
243
290
338
339
409
420
425
477
503
541
578
563
570
514
512
491
474
509
519
540
573
610
681
765
868
1005
1095
1213
1321
1418
1502
1597
1691
1777
1849
1947
2002
2038
2083
2071
2034
1941
1864
1727
1557
1389
1207
1001
777
552
340
100
-76
-239
-431
-596
-752
-914
-1114
-1258
-1380
-1504
-1589
-1652
-1718
-1772
-1763
-1740
-1721
-1641
-1568
-1468
-1420
-1340
-1270
-1236
-1171
-1122
-1107
-1092
-1085
-1070
-1060
-1068
-1008
-1018
-1004
-987
-989
-979
-944
-915
-872
-861
-801
-750
-720
-626
-574
-501
-443
-385
-345
-296
-243
-155
-124
-62
7
56
121
190
288
352
426
488
511
522
541
543
534
529
552
534
549
569
582
633
702
793
887
964
1065
1157
1220
1290
1352
1422
1452
1475
1511
1515
1544
1588
1589
1621
1654
1691
1707
1698
1693
1646
1548
1444
1291
1123
958
775
610
410
239
80
-105
-253
-355
-496
-602
-710
-830
-948
-1072
-1150
-1237
-1316
-1349
-1395
-1427
-1426
-1451
-1422
-1409
-1373
-1339
-1343
-1289
-1243
-1215
-1154
-1132
-1079
-1044
-1042
-991
-1004
-972
-950
-978
-979
-998
-995
-988
-1026
-967
-935
-891
-791
-748
-651
-576
-493
-398
-353
-283
-204
-181
-92
-56
-8
58
90
174
225
306
416
490
567
632
676
745
732
745
739
716
724
679
667
647
643
668
686
738
806
872
947
995
1057
1111
1153
1211
1233
1270
1308
1325
1362
1369
1381
1401
1395
1387
1374
1336
1316
1254
1173
1072
954
846
711
584
464
334
200
76
-85
-219
-340
-471
-584
-702
-807
-886
-983
-1043
-1083
-1126
-1109
-1135
-1129
-1135
-1151
-1142
-1176
-1200
-1207
-1245
-1262
-1275
-1298
-1277
-1280
-1239
-1232
-1230
-1184
-1179
-1150
-1141
-1149
-1132
-1142
-1131
-1109
-1100
-1038
-996
-924
-849
-756
-628
-518
-391
-263
-155
-33
67
148
247
310
409
475
536
613
660
751
810
867
949
971
1024
1047
1043
1060
1047
1039
1023
991
996
964
953
950
915
929
910
916
931
926
949
950
930
943
920
936
942
938
957
937
942
915
860
825
767
713
659
568
501
413
334
263
189
124
58
-10
-81
-168
-248
-325
-433
-513
-598
-677
-730
-784
-821
-824
-839
-816
-796
-781
-740
-723
-706
-703
-724
-739
-768
-800
-819
-871
-883
-900
-940
-943
-971
-981
-986
-1019
-1006
-1039
-1056
-1058
-1099
-1088
-1089
-1080
-1037
-1026
-977
-916
-869
-775
-711
-609
-498
-405
-273
-177
-57
66
152
285
384
488
600
667
764
819
869
930
949
983
993
996
1024
1022
1036
1055
1054
1079
1093
1106
1128
1105
1112
1074
1028
1016
953
948
908
888
881
853
857
848
840
844
835
817
796
738
693
597
524
437
350
279
202
139
77
18
-44
-90
-155
-198
-266
-297
-358
-412
-460
-509
-544
-572
-589
-592
-598
-596
-579
-599
-586
-603
-600
-601
-605
-597
-611
-620
-623
-651
-660
-680
-715
-729
-777
-819
-878
-942
-992
-1049
-1079
-1106
-1121
-1122
-1115
-1083
-1039
-993
-931
-864
-811
-729
-679
-606
-540
-480
-402
-325
-217
-98
15
154
283
398
537
626
743
816
879
935
938
941
945
934
921
920
924
939
923
956
951
957
969
954
963
942
916
889
844
810
772
734
726
687
669
643
606
589
544
496
465
395
344
278
202
148
63
1
-69
-137
-182
-243
-302
-351
-407
-460
-502
-542
-569
-580
-578
-559
-545
-506
-490
-440
-402
-363
-316
-313
-292
-305
-315
-316
-333
-342
-337
-348
-324
-332
-320
-320
-332
-335
-376
-406
-444
-509
-575
-636
-708
-741
-798
-803
-817
-812
-772
-743
-682
-625
-578
-518
-464
-423
-370
-344
-296
-265
-225
-162
-105
-28
50
120
193
240
297
353
371
424
439
465
485
483
510
515
544
579
605
648
674
694
725
737
758
774
784
811
813
836
856
861
879
881
867
871
831
793
755
685
633
540
477
397
324
269
190
140
83
27
-16
-69
-123
-159
-211
-265
-313
-360
-398
-423
-437
-441
-439
-408
-383
-357
-332
-318
-306
-300
-309
-315
-332
-364
-383
-421
-446
-481
-497
-517
-540
-544
-563
-584
-587
-617
-637
-651
-673
-674
-701
-698
-707
-692
-670
-649
-609
-567
-518
-465
-420
-384
-339
-305
-258
-230
-181
-152
-102
-65
-29
9
44
75
96
127
134
147
152
159
162
182
200
242
265
311
361
408
466
515
569
610
655
685
716
741
770
804
831
863
893
910
925
941
940
934
910
875
836
761
711
629
570
496
431
384
319
272
215
176
116
72
23
-14
-55
-87
-120
-149
-171
-189
-206
-218
-229
-244
-240
-253
-266
-291
-309
-354
-392
-446
-484
-534
-573
-601
-648
-669
-704
-729
-760
-775
-790
-817
-836
-841
-859
-850
-837
-819
-771
-729
-657
-592
-525
-453
-386
-316
-261
-206
-165
-124
-96
-51
-19
19
55
77
113
135
164
178
192
191
180
170
154
137
126
119
117
120
136
156
196
224
271
321
358
411
418
465
473
500
517
539
566
565
595
593
610
619
621
607
588
555
516
472
413
375
327
281
245
214
192
158
141
146
129
131
141
141
158
156
174
188
191
214
219
235
254
260
263
246
226
199
147
110
56
-13
-79
-146
-233
-296
-387
-450
-523
-598
-646
-733
-773
-849
-887
-944
-967
-978
-1002
-986
-974
-936
-901
-819
-764
-685
-614
-536
-454
-412
-348
-304
-243
-216
-176
-117
-82
-28
9
78
114
167
201
238
267
261
285
267
271
241
259
259
257
279
300
332
357
400
437
482
518
557
567
604
600
589
582
566
562
513
505
479
452
430
368
385
307
259
223
177
142
42
89
-3
17
-50
-35
-3
-82
-12
-68
26
-61
39
83
88
165
143
288
234
350
371
391
397
388
435
393
414
344
323
208
167
85
51
-97
-141
-222
-339
-318
-481
-422
-601
-597
-724
-770
-833
-927
-934
-1056
-982
-1065
-979
-1012
-905
-926
-840
-813
-673
-657
-680
-587
-466
-429
-568
-130
-498
-148
-372
-165
72
-295
206
-145
437
-104
392
384
223
530
65
839
83
750
284
659
667
336
1051
299
1061
337
895
621
679
827
508
922
414
832
247
708
431
461
434
392
403
102
262
-31
243
-253
95
-96
6
-170
-107
124
-302
31
-255
79
-354
-68
-6
-58
-7
-129
336
-31
246
82
210
-243
-339
221
375
172
391
529
132
257
-97
490
-287
-337
-396
-15
-83
-521
421
-381
-25
-757
19
-360
-759
-545
-1063
-252
-1371
-320
-715
-539
-697
-987
-272
-1089
-519
-1082
-491
-819
-715
-340
-570
-158
-600
-144
-314
-112
-242
-185
-84
-209
24
72
264
139
302
210
393
367
390
399
377
373
262
479
362
514
469
639
647
628
677
520
622
351
420
485
417
427
445
486
420
393
383
408
279
203
144
96
24
-52
-4
0
-6
3
57
39
-41
-103
-85
-82
-56
-26
-17
104
164
163
221
171
128
151
178
249
212
224
133
184
244
265
281
147
99
-86
-127
-185
-208
-206
-380
-314
-330
-379
-430
-508
-496
-676
-691
-723
-675
-654
-685
-586
-654
-615
-663
-557
-524
-501
-446
-531
-426
-453
-453
-319
-294
-230
-203
-250
-187
-175
-131
-126
-22
-61
-35
69
62
216
159
282
202
273
382
320
425
392
480
475
597
618
731
684
591
686
609
616
503
603
512
477
492
465
507
367
324
249
282
127
179
147
70
75
-6
149
36
106
-1
45
56
-42
110
43
92
30
109
93
132
203
146
139
45
54
59
46
42
24
-34
-46
-60
-20
-143
-161
-226
-277
-317
-404
-307
-457
-389
-475
-410
-343
-457
-356
-486
-444
-580
-522
-453
-512
-433
-468
-333
-431
-372
-379
-356
-321
-422
-247
-290
-283
-246
-204
-209
-200
-138
-162
-113
-129
-78
-13
-31
9
62
86
101
147
165
157
225
285
266
260
318
287
301
305
351
367
298
370
378
381
328
328
346
295
268
290
323
232
243
238
226
234
189
199
194
183
210
224
231
238
208
249
215
231
245
267
322
304
338
250
328
323
302
299
284
266
165
223
147
186
134
69
86
-32
-32
-110
-141
-199
-252
-224
-240
-244
-317
-333
-421
-441
-446
-501
-464
-480
-465
-504
-489
-454
-474
-465
-458
-442
-435
-475
-429
-427
-426
-427
-375
-309
-398
-363
-372
-333
-341
-304
-257
-231
-199
-209
-139
-199
-150
-136
-115
-70
-80
17
10
60
119
130
187
184
234
234
246
249
284
268
263
338
302
345
281
293
265
238
262
229
262
226
284
265
258
237
220
247
210
231
204
238
222
250
307
291
358
322
352
325
336
344
339
358
292
345
294
325
273
265
247
157
153
75
77
15
3
-54
-92
-119
-203
-174
-263
-239
-309
-326
-320
-389
-336
-434
-374
-432
-425
-445
-440
-379
-445
-395
-462
-382
-437
-413
-364
-436
-355
-441
-366
-385
-397
-375
-389
-311
-382
-275
-307
-247
-261
-271
-191
-233
-122
-173
-76
-86
-33
17
19
123
86
176
151
206
225
254
297
316
366
308
382
373
394
352
345
356
306
342
286
335
269
250
240
209
219
156
194
135
159
125
140
178
135
186
137
206
190
199
229
203
265
218
285
263
291
292
265
303
243
272
215
232
155
129
104
53
68
-31
-10
-89
-116
-138
-182
-173
-222
-249
-294
-298
-329
-327
-336
-343
-332
-348
-311
-308
-276
-275
-274
-237
-259
-221
-229
-220
-223
-248
-244
-258
-236
-260
-247
-268
-269
-287
-309
-300
-329
-291
-306
-283
-282
-280
-252
-260
-214
-205
-141
-111
-63
-15
15
60
69
126
145
194
197
226
249
267
298
294
334
321
319
310
303
304
271
253
230
231
221
210
215
192
172
162
187
191
203
206
222
231
218
260
264
292
303
303
330
346
370
366
396
394
392
391
360
372
326
302
249
219
173
117
103
32
19
-63
-88
-116
-177
-196
-238
-243
-288
-311
-332
-331
-339
-382
-355
-348
-336
-334
-309
-295
-287
-269
-277
-226
-237
-223
-221
-221
-210
-220
-214
-224
-205
-247
-234
-237
-262
-271
-310
-288
-332
-325
-344
-319
-320
-345
-288
-303
-247
-255
-229
-185
-170
-126
-104
-40
-37
4
35
68
135
145
207
216
231
253
249
290
282
299
296
297
281
270
277
266
271
264
269
247
255
236
233
250
232
256
243
258
275
282
307
303
331
344
363
373
382
390
372
374
353
344
322
311
275
252
227
173
160
90
56
14
-49
-88
-158
-193
-242
-271
-327
-349
-361
-400
-382
-411
-399
-403
-393
-398
-377
-364
-355
-309
-311
-269
-245
-225
-198
-166
-146
-113
-95
-85
-86
-74
-86
-85
-96
-112
-101
-141
-143
-161
-177
-186
-188
-204
-194
-194
-208
-196
-200
-199
-186
-177
-167
-137
-120
-91
-54
-35
-16
43
65
97
131
150
171
174
180
195
211
205
228
238
237
228
218
225
215
215
201
215
205
189
204
184
197
191
203
230
244
246
272
298
297
316
324
341
339
333
340
344
331
316
301
279
247
218
192
165
119
74
36
-16
-52
-110
-157
-198
-248
-283
-295
-323
-355
-365
-384
-377
-379
-373
-360
-347
-340
-335
-304
-290
-262
-237
-229
-184
-181
-162
-136
-135
-141
-143
-144
-154
-145
-171
-157
-177
-194
-204
-216
-229
-247
-247
-272
-254
-268
-270
-245
-253
-248
-224
-200
-174
-147
-108
-73
-38
-21
35
66
82
115
152
188
210
235
245
287
283
294
314
322
317
309
314
311
310
293
307
321
307
303
321
326
321
325
342
358
354
360
381
385
383
388
398
408
391
386
402
389
366
344
330
301
264
224
201
154
82
50
1
-51
-107
-158
-199
-245
-301
-312
-341
-385
-420
-436
-445
-472
-488
-493
-471
-488
-480
-465
-443
-439
-427
-393
-373
-370
-359
-332
-322
-323
-328
-299
-306
-310
-316
-305
-312
-332
-329
-323
-316
-340
-330
-304
-303
-310
-285
-252
-246
-229
-193
-157
-131
-107
-63
-16
3
32
82
114
136
170
216
244
268
297
341
365
375
386
412
419
413
429
443
445
423
442
452
447
440
448
456
456
453
459
475
457
455
468
468
447
453
447
443
433
414
418
407
377
358
353
314
281
235
198
173
120
71
41
-15
-83
-111
-168
-212
-255
-301
-336
-368
-410
-440
-449
-494
-502
-509
-519
-516
-527
-524
-503
-491
-493
-465
-459
-445
-418
-416
-382
-357
-363
-345
-322
-317
-309
-294
-294
-280
-284
-289
-272
-275
-280
-272
-259
-249
-241
-231
-222
-203
-183
-167
-131
-118
-90
-52
-23
12
37
79
99
128
147
186
224
230
258
282
303
313
327
341
350
346
356
369
372
362
383
386
392
406
405
413
408
411
415
427
414
425
420
425
424
424
421
414
393
380
380
355
340
315
312
272
248
219
199
153
110
89
57
8
-40
-56
-95
-130
-169
-186
-216
-257
-283
-300
-327
-360
-375
-382
-387
-401
-417
-404
-400
-411
-407
-399
-404
-399
-390
-378
-384
-382
-369
-356
-354
-354
-340
-346
-336
-334
-323
-316
-308
-306
-284
-283
-282
-264
-249
-234
-233
-210
-192
-178
-173
-138
-106
-97
-80
-21
-2
24
60
79
123
121
141
190
198
193
224
251
266
275
286
310
336
319
341
375
361
368
378
402
391
389
399
404
401
382
407
410
389
395
393
382
370
350
347
346
313
310
296
270
251
240
204
181
169
143
128
89
71
52
14
-21
-33
-58
-89
-117
-138
-154
-178
-217
-221
-222
-272
-292
-299
-313
-334
-355
-360
-352
-381
-399
-375
-383
-404
-402
-395
-391
-401
-416
-395
-387
-408
-399
-369
-373
-382
-363
-350
-328
-333
-329
-288
-279
-276
-249
-231
-219
-193
-174
-149
-129
-114
-93
-62
-57
-25
1
0
31
41
72
86
108
127
148
162
183
219
219
235
259
287
294
310
319
346
350
346
373
389
390
392
410
421
421
403
415
426
407
396
406
397
383
362
353
360
322
288
302
293
250
244
234
212
197
160
154
149
101
84
75
56
31
18
-6
-18
-38
-71
-73
-93
-126
-140
-165
-192
-192
-227
-250
-252
-274
-301
-309
-329
-341
-344
-372
-366
-371
-387
-398
-385
-385
-379
-382
-381
-358
-364
-366
-337
-318
-322
-303
-294
-263
-259
-257
-228
-206
-208
-206
-180
-171
-149
-147
-132
-100
-91
-83
-42
-23
-27
-2
11
37
49
59
86
121
124
148
184
181
203
213
225
255
274
272
302
307
308
332
335
337
348
351
339
362
355
357
354
337
347
341
314
322
314
288
281
270
264
244
220
203
212
175
156
161
140
115
94
89
73
48
19
20
17
-10
-24
-22
-45
-67
-91
-94
-100
-143
-160
-155
-170
-200
-203
-217
-232
-253
-284
-271
-274
-303
-308
-306
-313
-321
-322
-329
-311
-332
-319
-299
-294
-282
-272
-259
-243
-228
-228
-198
-180
-174
-164
-136
-136
-115
-106
-93
-69
-61
-64
-50
-32
-23
-8
-6
18
41
42
44
82
82
82
92
121
142
143
153
179
203
193
212
243
255
243
249
276
284
275
275
299
294
271
275
284
278
259
252
266
261
227
223
223
212
183
170
159
152
123
96
102
86
70
43
38
29
6
-19
-13
-16
-39
-51
-50
-55
-79
-99
-108
-94
-124
-142
-146
-146
-172
-202
-209
-216
-228
-254
-260
-249
-258
-291
-287
-278
-293
-310
-307
-289
-300
-312
-290
-283
-288
-297
-278
-257
-248
-254
-233
-206
-216
-206
-191
-154
-152
-141
-127
-103
-90
-92
-66
-47
-30
-23
-3
26
36
40
59
83
98
97
127
149
161
169
187
224
226
230
246
269
270
282
291
310
319
320
335
339
343
332
343
348
346
337
333
339
326
313
307
299
281
270
246
234
218
204
180
174
160
127
115
97
81
50
38
22
3
-25
-32
-42
-50
-69
-93
-99
-123
-141
-170
-173
-204
-208
-233
-247
-265
-296
-310
-319
-335
-362
-355
-366
-368
-389
-385
-385
-384
-399
-396
-373
-380
-380
-373
-346
-342
-335
-322
-295
-285
-282
-257
-227
-216
-196
-175
-155
-138
-136
-112
-92
-70
-61
-41
-20
3
12
41
79
98
117
130
157
177
196
218
247
267
277
297
313
328
328
341
363
373
379
387
401
393
400
396
407
401
386
380
373
356
341
328
315
309
280
277
258
252
225
218
204
193
177
160
152
127
115
91
79
66
44
23
14
-13
-28
-52
-53
-81
-107
-116
-139
-157
-187
-198
-211
-232
-254
-266
-275
-287
-304
-317
-320
-335
-347
-344
-344
-350
-350
-342
-331
-322
-326
-313
-297
-292
-289
-268
-249
-243
-238
-227
-202
-196
-182
-173
-159
-152
-136
-119
-100
-92
-83
-67
-51
-34
-24
-5
12
29
34
52
74
91
100
128
155
174
184
198
225
234
248
262
281
286
298
310
321
325
328
328
336
333
325
329
319
298
286
285
275
268
251
242
230
222
196
190
177
161
145
134
132
116
96
83
81
58
50
32
31
14
3
-14
-23
-43
-63
-71
-82
-95
-115
-126
-151
-161
-191
-194
-213
-225
-244
-250
-255
-265
-279
-291
-292
-312
-316
-320
-307
-313
-310
-302
-288
-284
-278
-260
-251
-246
-233
-215
-206
-194
-190
-175
-168
-165
-151
-136
-114
-117
-107
-99
-85
-82
-70
-45
-42
-24
-22
-5
3
11
29
49
60
76
99
124
142
155
179
197
218
221
246
259
270
268
280
284
277
280
274
278
276
273
262
271
254
237
227
228
213
191
180
183
181
157
151
146
133
111
108
105
95
75
61
64
54
40
35
33
16
-3
-14
-18
-26
-53
-66
-78
-87
-108
-126
-129
-144
-162
-177
-172
-186
-202
-214
-219
-221
-233
-239
-231
-240
-247
-256
-248
-236
-252
-239
-223
-211
-215
-197
-181
-171
-168
-161
-146
-133
-136
-126
-103
-95
-89
-93
-66
-62
-59
-48
-27
-14
-16
-6
7
18
19
27
34
58
57
67
88
103
111
124
145
157
162
167
195
209
220
225
253
257
253
251
256
259
237
234
233
235
215
207
212
202
181
174
171
155
131
117
116
106
88
74
75
71
48
38
42
44
20
1
5
3
-15
-34
-30
-41
-59
-74
-72
-76
-94
-111
-123
-127
-151
-167
-167
-171
-194
-211
-207
-213
-230
-227
-221
-221
-227
-234
-220
-218
-220
-222
-213
-190
-194
-187
-167
-149
-146
-144
-116
-94
-87
-88
-60
-47
-45
-36
-24
-6
-13
-14
8
12
19
13
28
35
34
40
45
70
65
81
93
121
119
123
136
153
154
165
183
183
195
185
212
209
217
210
220
225
218
214
206
207
190
175
171
170
140
132
120
109
86
73
74
60
50
37
34
24
11
-4
-12
-18
-25
-44
-39
-38
-56
-72
-85
-83
-102
-109
-116
-114
-120
-132
-135
-141
-146
-161
-161
-164
-176
-191
-195
-194
-209
-223
-222
-217
-224
-221
-212
-203
-204
-208
-197
-180
-180
-174
-158
-140
-129
-123
-101
-87
-73
-61
-36
-25
-7
6
15
35
59
73
86
100
98
105
104
120
118
112
109
111
113
113
123
129
137
128
143
155
161
166
175
183
177
184
177
192
186
188
197
196
196
199
196
200
206
195
196
183
183
162
150
141
127
104
78
73
47
22
4
-7
-16
-28
-30
-35
-49
-54
-59
-66
-73
-86
-94
-104
-107
-114
-122
-130
-137
-148
-154
-148
-151
-161
-164
-154
-167
-170
-166
-174
-173
-183
-193
-201
-206
-203
-208
-210
-200
-209
-199
-189
-186
-179
-165
-152
-149
-136
-129
-109
-104
-90
-73
-69
-53
-48
-28
-16
-3
15
30
45
62
76
88
101
105
113
114
119
116
117
121
117
130
128
133
125
123
137
132
138
140
153
154
161
163
164
165
162
170
172
171
172
177
175
179
178
175
168
172
162
154
135
124
109
93
87
66
52
23
14
-8
-22
-40
-48
-62
-69
-78
-81
-82
-91
-91
-94
-90
-106
-108
-111
-113
-130
-125
-121
-123
-121
-122
-121
-120
-117
-123
-119
-124
-121
-127
-118
-129
-130
-134
-143
-134
-141
-132
-127
-111
-105
-99
-85
-76
-65
-50
-33
-28
-12
-4
12
19
28
38
47
54
61
73
69
82
90
98
104
115
111
114
117
114
120
114
119
115
114
112
110
105
100
91
87
82
86
79
82
89
95
98
88
98
90
86
79
76
69
64
60
54
47
36
32
19
13
7
3
-10
-20
-31
-41
-51
-63
-69
-83
-88
-95
-100
-101
-112
-108
-115
-114
-106
-100
-100
-99
-88
-76
-68
-63
-62
-65
-71
-71
-64
-70
-58
-66
-60
-60
-53
-56
-56
-49
-59
-57
-60
-50
-53
-55
-53
-47
-48
-42
-38
-31
-25
-22
-16
-8
3
9
27
32
43
42
49
55
63
79
74
82
87
89
85
88
97
95
88
99
93
93
100
96
100
89
92
81
81
69
62
63
52
50
38
43
38
35
32
34
34
36
34
35
37
35
28
16
19
13
8
3
2
-10
-14
-16
-20
-27
-40
-47
-61
-65
-75
-88
-94
-96
-106
-107
-105
-112
-118
-120
-120
-111
-111
-101
-89
-88
-86
-73
-73
-79
-65
-72
-68
-77
-73
-72
-73
-78
-76
-75
-76
-68
-73
-71
-71
-54
-57
-49
-46
-46
-44
-41
-38
-33
-29
-20
-7
0
15
5
24
26
36
40
47
59
63
71
77
84
76
85
81
88
88
96
97
98
101
98
94
95
99
96
104
101
104
104
108
101
99
101
98
94
98
98
96
101
85
98
87
93
89
78
85
70
76
62
62
50
40
38
31
31
17
7
4
-3
-15
-21
-29
-26
-41
-41
-51
-54
-57
-72
-67
-73
-66
-74
-66
-73
-74
-73
-67
-80
-84
-76
-83
-85
-88
-85
-95
-83
-92
-93
-101
-101
-98
-95
-98
-95
-94
-98
-92
-98
-91
-89
-80
-82
-77
-73
-61
-61
-52
-45
-41
-32
-42
-30
-20
-18
-16
-16
-2
0
3
11
15
13
16
25
39
37
43
53
47
50
48
54
49
57
53
56
57
60
60
56
60
56
60
58
65
64
64
61
60
56
58
58
57
57
59
60
52
54
53
54
50
51
44
40
34
29
24
15
14
4
3
-10
-12
-18
-13
-19
-25
-23
-28
-23
-36
-28
-26
-32
-30
-25
-31
-30
-31
-25
-28
-28
-27
-36
-35
-44
-40
-47
-51
-48
-55
-59
-57
-61
-64
-60
-57
-57
-51
-52
-53
-52
-54
-48
-41
-40
-35
-35
-24
-17
-14
-10
-11
-13
-8
0
-9
-5
-12
-6
-5
0
-3
-1
2
-6
6
6
12
10
19
22
26
39
41
50
61
57
64
67
71
65
66
69
64
65
63
67
68
69
73
75
70
66
60
69
60
63
65
62
59
69
70
67
67
69
68
70
72
69
70
55
62
49
53
40
38
35
24
20
18
13
4
-1
-10
-10
-16
-15
-25
-18
-28
-29
-27
-36
-40
-40
-37
-38
-38
-38
-44
-52
-48
-49
-55
-56
-64
-66
-69
-70
-70
-73
-73
-70
-73
-76
-71
-76
-65
-73
-63
-64
-57
-50
-57
-46
-42
-40
-41
-41
-40
-35
-34
-30
-22
-17
-17
-13
-17
-9
0
0
3
3
3
9
15
17
24
31
31
28
37
37
41
51
61
63
70
71
67
75
72
80
79
78
81
72
85
79
83
79
80
83
77
80
72
83
70
72
63
63
63
61
61
54
57
48
41
31
34
30
36
36
32
26
24
18
19
1
-5
-7
-18
-22
-30
-34
-43
-47
-51
-52
-59
-57
-72
-73
-73
-83
-82
-92
-88
-93
-93
-92
-95
-96
-98
-94
-99
-96
-94
-98
-94
-88
-92
-88
-89
-100
-98
-98
-95
-94
-85
-82
-82
-83
-77
-77
-77
-69
-66
-59
-53
-45
-40
-36
-28
-26
-28
-17
-20
-11
-2
7
8
8
9
12
20
29
33
29
37
36
35
42
46
42
47
46
58
51
59
60
61
64
64
74
66
75
66
72
64
62
61
54
53
49
45
40
39
35
34
26
23
16
16
9
13
13
6
6
-1
-3
-2
3
1
0
-2
-2
-11
-11
-13
-13
-13
-18
-14
-18
-18
-19
-19
-28
-28
-34
-35
-35
-29
-32
-34
-31
-39
-31
-33
-27
-25
-25
-26
-25
-26
-22
-26
-25
-18
-22
-18
-19
-10
-13
-10
-20
-14
-14
-19
-9
-22
-7
-15
-12
-9
3
0
6
13
15
27
22
34
35
35
32
39
32
41
32
40
40
38
45
38
43
40
48
43
50
50
54
42
40
40
41
43
35
31
28
24
26
31
21
32
25
25
14
9
3
-12
-7
-13
-7
-18
-16
-17
-21
-23
-25
-18
-19
-17
-25
-25
-28
-21
-31
-25
-25
-27
-22
-28
-16
-24
-15
-24
-17
-18
-24
-19
-19
-13
-16
-14
-18
-9
-15
-8
-12
-15
-16
-9
-8
-4
3
7
7
3
12
4
15
6
12
14
16
17
16
20
13
19
19
22
18
26
25
26
20
21
24
28
31
25
35
32
34
33
38
44
45
43
39
41
35
46
42
40
45
41
40
39
42
34
31
27
29
26
22
23
18
16
18
10
22
22
18
22
17
18
11
13
7
7
5
1
0
1
-4
-6
-15
-22
-18
-19
-18
-24
-19
-21
-25
-28
-19
-26
-34
-27
-26
-28
-33
-39
-41
-41
-40
-35
-39
-34
-30
-32
-39
-31
-31
-29
-29
-28
-34
-32
-29
-29
-27
-29
-25
-28
-17
-18
-19
-21
-19
-25
-14
-18
-11
1
-12
-1
-9
-6
-10
-4
-3
5
6
10
10
6
3
7
13
14
24
23
35
29
34
29
35
31
28
34
28
34
28
23
28
31
26
33
25
29
28
23
20
12
12
6
9
1
10
3
11
6
0
6
2
9
-4
-3
-16
-17
-19
-23
-22
-22
-27
-31
-36
-37
-36
-42
-38
-40
-33
-35
-34
-30
-26
-28
-34
-32
-30
-28
-26
-23
-27
-25
-29
-32
-34
-34
-32
-36
-35
-33
-31
-30
-27
-27
-21
-29
-25
-19
-22
-20
-14
-9
-3
-1
-5
1
1
7
7
8
8
6
0
0
3
-4
7
0
2
1
3
10
1
16
18
18
20
16
20
16
14
18
19
22
24
18
14
12
12
11
13
13
15
13
10
8
3
0
5
-1
2
6
-4
-1
-7
-9
-5
3
7
2
10
11
10
8
4
-3
-7
-9
-13
-21
-22
-26
-26
-19
-29
-28
-30
-18
-19
-23
-22
-32
-31
-30
-22
-26
-19
-18
-19
-21
-19
-21
-20
-21
-21
-20
-26
-22
-18
-21
-29
-21
-19
-17
-18
-16
-18
-14
-10
-9
-3
-2
-1
6
12
8
17
16
20
20
25
31
29
32
29
29
26
30
30
28
32
27
32
38
38
39
47
47
45
47
33
34
36
37
41
42
42
46
51
44
41
38
38
33
31
30
25
19
19
13
4
11
-1
1
2
3
10
5
1
3
1
-2
2
3
4
0
2
-4
3
1
4
-2
-6
0
-4
-4
-6
-9
-22
-17
-19
-12
-11
-13
-16
-11
-14
-13
-6
-6
-2
-7
0
4
3
-1
2
2
6
10
5
8
-2
9
6
2
2
4
9
4
14
7
16
16
22
20
25
26
21
23
20
19
10
18
13
13
12
19
18
22
23
22
21
20
18
13
10
14
16
10
16
6
13
10
8
7
5
5
3
-1
-2
3
0
-6
-3
1
-7
-5
-9
-9
-15
-10
-10
-14
-14
-17
-16
-17
-12
-18
-21
-21
-22
-17
-26
-17
-22
-22
-22
-27
-21
-40
-35
-36
-29
-32
-29
-29
-29
-35
-37
-28
-35
-32
-34
-28
-31
-23
-25
-16
-25
-19
-16
-20
-16
-18
-15
-15
-13
-10
-3
-10
-10
-17
-10
-15
-6
-5
-9
-2
0
1
-6
-5
-7
0
-1
-1
6
3
7
6
4
3
1
-5
-4
-4
-3
4
3
4
5
7
1
1
1
-3
0
-4
-3
-3
3
3
-2
-7
-3
-6
-7
-3
-4
-2
-4
1
3
2
-4
-1
-1
-8
-7
-3
-5
0
-4
-9
-7
-13
-10
-9
-7
-3
-2
-7
-1
6
9
9
7
10
3
0
-5
-7
-8
-6
-3
-8
-10
-9
-7
-5
-7
-4
-3
-3
-3
-2
-3
-3
0
6
5
7
12
16
15
17
17
17
20
9
12
10
11
2
7
2
-3
7
4
6
0
6
0
1
4
12
6
15
16
16
18
17
27
15
30
26
19
10
16
11
5
10
7
5
6
3
1
10
-1
13
5
12
12
6
16
5
3
3
3
-1
0
-1
4
5
-4
-7
-10
-9
-9
-10
-19
-19
-15
-14
-15
-19
-10
-16
-12
-12
-13
-10
-16
-12
-14
-16
-11
-17
-8
-12
-14
-7
-12
-6
-10
-8
-6
-7
-12
-6
-9
-7
-1
-6
-7
-10
0
-3
7
10
19
12
14
18
13
18
12
18
17
28
25
19
17
17
13
10
10
3
2
0
4
-1
3
0
-2
6
9
13
12
14
6
6
7
15
13
18
9
12
16
16
20
7
9
3
7
9
19
9
12
4
-6
-1
-1
4
1
7
1
6
0
0
6
5
6
7
2
3
7
1
4
3
13
8
6
2
-4
-7
-7
0
0
0
-3
1
-6
-3
-6
-2
-4
-10
-6
-4
3
-4
3
4
7
6
12
2
0
4
2
4
2
7
8
9
4
13
8
15
9
16
13
3
10
7
10
10
15
7
9
8
9
11
7
7
10
8
9
16
6
6
5
1
-1
0
4
-1
1
6
1
-1
-6
-4
0
5
4
12
9
15
17
7
5
4
10
1
5
0
-3
-6
-6
-4
-13
-16
-12
-16
-18
-14
-25
-17
-16
-11
-13
-7
-6
-5
-4
-5
6
-6
-9
-6
-10
-11
0
-2
-1
-4
-5
-7
-7
-2
-5
10
1
-2
-4
-2
-3
-5
-4
-16
-11
-9
-4
-7
0
-3
2
10
5
8
9
10
12
13
9
16
12
20
12
15
15
7
13
7
12
10
15
5
7
7
10
9
6
0
-2
3
2
13
4
9
11
8
2
12
3
2
-1
1
6
-2
10
-5
-1
4
9
1
6
7
0
-3
1
0
-1
1
-6
-4
-12
-8
-12
-10
-11
-7
-2
-7
-11
-13
-12
-8
-15
-18
-7
-4
-7
-5
-12
-3
-11
-8
-9
-9
-9
-21
-10
-25
-15
-22
-13
-25
-20
-24
-22
-25
-32
-26
-21
-20
-15
-11
-24
-12
-27
-7
-18
-14
-18
-13
-11
-19
-17
-25
-22
-24
-21
-25
-20
-19
-13
-25
-12
-18
-20
-13
-4
-6
-5
0
-16
-1
-5
-4
-3
0
-2
-3
-4
-1
4
-3
-2
-3
1
5
11
13
13
11
4
7
4
4
9
7
8
9
-4
7
15
10
15
16
20
14
10
16
8
4
13
-1
10
5
3
3
5
10
-4
5
5
6
0
8
4
6
3
6
8
7
7
3
10
7
11
6
11
10
7
6
7
1
0
-10
-7
-6
-11
0
0
-4
-8
-6
-10
-2
-5
-4
1
2
5
12
16
17
21
26
25
23
27
13
12
9
10
5
9
2
6
6
1
3
-5
-1
1
6
-3
6
0
9
4
-6
4
4
1
1
2
0
-3
-10
-6
-15
-10
-14
-10
-10
-9
0
-2
3
-7
-5
-12
-6
-3
1
3
-2
0
1
5
-5
8
3
4
3
-4
-1
-6
-7
-5
-9
-6
-10
-17
-16
-16
-9
-12
2
-5
4
8
3
14
4
5
8
4
12
16
9
16
7
9
4
6
4
0
0
-10
-4
-11
-2
-2
-6
-8
-9
-3
-6
-6
3
5
1
9
4
4
6
4
10
9
13
7
10
11
6
3
-3
-4
-8
-5
-14
-6
-4
3
-3
3
3
1
0
-3
-1
-2
7
4
13
4
8
0
6
3
3
13
8
3
12
14
0
9
0
5
1
-1
-9
-9
-16
-11
-12
-13
-5
-3
1
-2
3
0
9
3
10
8
9
11
1
4
-3
1
-4
-4
-13
-4
-4
-4
1
-8
-3
-7
-1
0
2
3
5
4
-2
2
4
0
-3
-1
-8
-4
-4
-6
-10
-7
-14
-13
-15
-13
-12
-6
-5
-16
-7
-12
-7
-8
-5
-4
3
6
4
5
4
6
3
5
4
10
5
6
4
-1
0
0
2
4
5
0
2
0
-3
-3
-3
0
-6
-3
9
1
6
1
8
7
4
5
0
7
6
12
6
7
4
6
2
6
5
2
-4
1
0
-3
2
0
5
2
6
-1
10
4
3
7
4
10
5
1
3
6
-1
5
-3
3
-2
3
0
2
6
-7
-3
-7
-5
-12
-11
-18
-13
-9
-8
-8
-12
-5
-12
-9
-15
-13
-9
-4
1
1
2
0
-3
-9
-4
-8
-7
-15
-1
-4
-1
-2
-9
-6
-12
0
-1
3
-3
-2
-6
-2
-10
-9
-10
-15
-13
-6
-8
-13
-4
-22
-5
-13
-9
1
-12
-6
-7
-3
-6
-4
3
7
5
9
6
0
-4
1
-7
-6
-7
-22
-18
-25
-23
-22
-23
-19
-20
-13
-11
-11
-3
-5
-10
-7
-2
2
-6
-3
2
-2
8
2
11
12
13
11
7
2
0
2
1
-1
1
2
-14
-4
-13
-7
-8
-4
-5
-1
-2
2
4
-2
6
1
13
7
15
5
6
7
5
6
9
6
2
3
-1
8
3
5
-1
7
9
12
15
14
17
6
12
7
13
17
16
13
16
23
20
19
18
16
3
7
8
7
9
11
15
18
18
16
13
7
16
12
15
10
9
9
15
28
23
26
22
17
11
13
15
13
18
18
17
16
16
17
19
18
15
12
15
15
11
10
16
16
9
15
12
18
17
12
12
7
14
7
12
11
7
1
1
3
0
-2
-3
4
0
4
1
0
-10
-6
-10
-10
-4
-15
-12
-15
-11
-17
-7
-8
-8
-9
-6
-4
-4
0
-10
-4
-16
-3
2
0
-5
-6
-8
-3
-3
-4
-6
-9
2
-10
-11
-9
-6
-19
-7
-4
-8
-5
-3
0
-8
-6
-9
-4
-12
-2
-4
-1
-4
-3
2
-6
8
-2
3
7
6
0
-2
-4
0
4
2
6
0
11
6
7
0
4
1
-13
-9
-12
-7
-3
6
2
4
7
6
3
6
6
6
6
4
1
-1
3
3
1
1
1
-5
-3
-3
-5
-5
0
-13
-5
-13
-12
-8
-22
-6
-18
-10
-9
-15
-7
-9
-9
-9
-2
1
4
1
0
-3
-5
-6
-5
-21
-12
-18
-25
-9
-15
-2
-14
-4
-4
-9
-1
-15
-10
-15
-13
-11
-5
-14
-9
-12
-15
-17
-23
-10
-12
-10
-16
-11
-18
-12
-11
-9
-7
-12
-13
-11
-13
-15
-11
-11
-1
-5
3
-3
3
1
1
1
-6
1
1
6
-6
4
-1
0
-3
-7
-7
-17
-12
-13
-9
-19
-11
-12
-5
-2
3
3
-6
-5
-8
3
0
12
10
12
8
7
10
9
12
12
16
18
16
6
15
9
9
12
18
22
15
19
12
12
13
10
10
13
13
19
24
27
26
18
22
18
17
13
16
11
2
7
1
0
-5
-4
-4
-5
1
0
1
6
10
4
3
3
7
10
11
15
12
18
15
10
7
3
4
7
3
3
-1
-3
-4
-4
-3
-3
5
-4
5
3
2
8
6
7
3
10
3
6
4
4
0
-3
0
-3
-3
-3
3
4
9
6
6
3
4
2
2
0
1
-1
-4
4
-1
3
1
10
6
11
11
11
10
1
-3
1
1
-7
2
-2
-4
-7
0
-6
-10
-7
-13
-10
-9
-10
-11
-10
-7
-1
0
-2
-3
5
-6
-6
-3
-12
-11
-7
-8
-9
-1
0
-6
-13
-11
-12
-11
-9
-6
-9
-14
-7
-9
-4
-5
-4
-5
-4
4
1
2
8
12
4
6
4
1
3
-4
13
12
13
17
8
13
6
4
5
-1
1
-3
2
9
11
13
9
19
12
17
23
20
22
16
25
23
19
15
13
12
15
18
14
17
15
12
18
16
13
12
15
18
14
22
16
19
22
25
26
27
27
22
24
19
22
17
14
22
26
16
20
9
4
5
-4
2
-9
2
-4
0
5
4
4
3
8
1
7
-3
-10
-16
-18
-15
-11
-8
-6
-9
-15
-10
-15
-15
-17
-16
-24
-18
-18
-25
-22
-24
-19
-22
-19
-20
-13
-14
-15
-8
-3
-7
-7
-4
-8
-3
-6
-7
-12
-16
-9
-12
-15
-10
-15
-13
-21
-23
-13
-16
-16
-13
-2
-3
-2
4
0
-5
1
-4
-3
-8
-6
-6
-6
-1
-5
-10
-15
-7
-6
-7
-9
-6
-8
-6
-8
-7
-6
-5
-17
-11
-10
-12
-11
-12
0
-15
-4
-10
-9
-21
-18
-16
-24
-15
-16
-16
-13
-9
-8
-10
-19
-17
-28
-19
-22
-16
-22
-20
-18
-24
-15
-19
-6
-6
-14
-15
-22
-22
-23
-24
-14
-14
-22
-24
-18
-24
-23
-18
-23
-27
-25
-27
-22
-26
-28
-26
-25
-22
-12
-13
-18
-20
-32
-23
-33
-22
-22
-11
-15
-14
-9
-9
-4
-8
-6
-7
4
1
7
2
8
4
7
2
8
12
13
16
12
16
13
18
7
12
14
15
13
12
8
12
7
7
6
5
14
11
12
15
15
4
13
6
9
10
2
10
12
9
2
0
-3
-3
1
1
-1
-5
-6
0
-1
-4
-3
-4
-2
-5
-8
-2
-2
6
4
0
1
8
-1
5
8
-7
-3
-9
-4
1
-2
-3
0
0
-2
0
13
6
10
15
9
7
4
9
0
6
7
4
4
3
4
9
7
9
0
4
3
3
9
5
19
7
11
11
6
4
2
-1
-2
0
-1
-2
-6
3
-5
-9
-3
-3
5
9
19
9
10
6
0
3
4
4
0
3
3
8
7
16
13
8
8
7
15
13
13
13
14
19
16
16
16
12
11
13
6
4
10
11
16
15
16
10
11
6
0
1
4
0
1
3
-1
0
-4
1
-7
-6
-5
-5
-2
-4
0
-3
-3
-8
-6
-3
-8
0
-5
-3
2
0
5
7
10
8
4
6
3
7
1
1
6
11
11
13
16
13
10
14
19
12
9
9
10
11
16
14
18
16
13
19
17
21
21
24
17
26
28
25
24
22
23
24
26
22
25
17
14
9
13
16
17
12
13
15
14
18
12
10
0
11
6
5
5
1
3
0
5
5
9
7
8
3
12
15
9
0
4
3
-3
1
-1
1
-1
-7
-14
-8
-11
-12
-16
-13
-18
-17
-19
-22
-14
-10
-4
-5
3
0
6
4
3
5
0
-2
-4
-4
-3
-4
-5
-1
-5
-14
-5
-2
-12
-8
-6
-16
-19
-15
-9
-6
-5
4
-4
0
4
3
2
6
6
7
9
5
6
1
0
-3
-1
0
0
-1
2
0
3
-4
-6
4
0
8
4
10
3
1
3
3
1
3
6
2
6
7
6
7
6
2
6
1
3
2
0
-3
-3
-11
-19
-17
-21
-17
-19
-16
-15
-15
-12
-13
-16
-20
-15
-16
-15
-24
-15
-15
-13
-9
-10
-8
-17
-19
-22
-20
-25
-27
-34
-32
-34
-34
-29
-26
-25
-22
-13
-15
-11
-16
-20
-23
-20
-23
-19
-19
-19
-12
-16
-7
-9
0
2
7
-1
0
5
-2
-1
4
7
9
12
12
8
9
8
4
6
3
4
2
10
11
9
9
16
13
9
8
9
14
5
15
13
18
19
21
16
12
12
17
16
14
18
14
19
15
15
10
10
5
9
8
11
8
3
3
10
8
4
6
-2
-1
-3
-4
-5
-2
-8
-10
-6
-4
-14
-14
-11
-13
-21
-25
-25
-33
-31
-32
-32
-38
-32
-28
-25
-21
-22
-12
-18
-19
-18
-18
-15
-22
-8
-19
-9
-6
-2
-8
-12
-9
-10
-10
-19
-12
-21
-10
-19
-12
-21
-14
-16
-8
1
-1
4
1
10
0
3
4
5
0
12
7
16
16
22
20
19
23
18
20
18
28
23
21
18
19
16
20
18
21
16
11
13
9
15
20
24
28
27
27
32
31
31
28
22
23
19
27
25
22
19
15
21
4
10
6
8
7
15
18
17
16
10
20
17
21
18
13
13
9
4
16
2
3
5
5
2
-2
3
-8
-1
-1
6
3
6
0
-2
-1
-6
-9
-12
-11
-15
-8
-10
-9
-15
-7
-12
-5
-3
-9
-6
-14
-9
-8
-3
-6
-10
-5
-3
-3
-1
3
2
1
4
6
7
2
3
4
-1
-6
-3
-4
-3
-6
-4
-4
-11
-13
-14
-13
-9
-1
-2
0
0
4
-3
2
1
4
-3
2
4
-4
4
1
11
8
15
11
9
7
8
7
3
8
2
0
0
0
1
-1
0
-4
1
12
5
11
12
14
15
17
12
13
4
0
-4
0
-6
-10
-9
-20
-13
-13
-10
-18
-19
-21
-17
-21
-10
-10
-9
-8
-6
-4
-7
1
-7
-1
-4
6
-1
2
1
7
6
3
10
3
7
4
2
6
7
0
10
10
9
-1
3
-4
-9
-4
-6
1
0
4
0
6
4
0
-3
0
1
-6
1
-8
-13
-19
-6
-6
-3
-6
-12
-10
-15
-10
-16
-10
-16
-9
-12
-16
-13
-12
-20
-17
-11
-19
-13
-16
-9
-15
-13
-20
-20
-21
-19
-22
-22
-18
-25
-19
-28
-25
-34
-23
-33
-29
-27
-25
-25
-26
-18
-16
-9
-9
-4
-13
-7
-15
-19
-23
-22
-20
-22
-16
-13
-13
-15
-9
-12
-10
-4
3
-1
-5
-3
-10
-7
-6
-9
-6
6
7
-2
0
-5
-5
-4
-2
-3
1
-2
1
-7
-10
-6
-12
-7
-6
-4
-12
-8
-16
-14
-18
-12
-12
-9
-6
-7
-3
-9
1
-6
-1
-3
2
2
6
-3
1
4
-1
-5
-2
2
-4
8
1
3
0
6
6
6
13
7
9
5
7
4
8
0
2
3
1
7
4
6
3
10
16
16
14
17
16
17
25
22
26
20
22
13
23
12
8
7
-2
16
1
6
3
5
2
0
2
2
6
7
9
6
3
4
0
-3
6
2
9
8
9
15
11
17
9
12
11
3
18
22
21
22
24
22
20
23
17
14
11
18
17
21
19
23
24
25
31
25
26
22
22
26
22
20
23
19
26
22
29
25
19
15
10
6
2
13
8
8
11
15
11
12
9
6
4
17
20
18
17
18
23
17
24
21
26
13
16
20
13
18
15
22
15
13
15
17
10
2
-1
-3
-4
1
6
-1
4
0
9
4
13
17
19
21
14
15
11
21
4
10
4
0
0
0
-7
-12
-14
-20
-11
-22
-10
-9
-4
-9
-6
-7
-7
-6
-7
-1
-5
-1
-1
3
-4
0
-6
-3
-9
-3
-4
-10
-12
-16
-13
-21
-14
-16
-13
-15
-10
-8
-9
-5
0
2
0
2
-1
-6
-10
0
-4
-5
-3
-3
-5
-1
1
-3
-3
-3
-3
-8
-12
-17
-18
-16
-10
0
-3
-4
-12
-9
-8
-11
-4
-6
-7
-2
6
10
5
0
-3
-5
-3
-12
-10
-8
-10
-16
-10
-13
-13
-12
-14
-10
-23
-12
-16
-10
-13
-8
-6
-6
3
-4
-4
-16
-10
-12
-10
-11
-9
-9
-18
-16
-16
-17
-17
-17
-16
-10
-18
-22
-25
-17
-16
-9
-12
-18
-12
-15
-9
-18
-10
-21
-16
-9
-17
-16
-20
-19
-20
-14
-21
-21
-27
-28
-31
-27
-24
-16
-16
-19
-12
-5
-7
-13
-12
-14
-9
-4
-5
-6
2
1
6
10
9
9
4
-1
3
2
2
11
3
0
1
5
1
1
-3
1
1
1
5
-6
2
-4
2
0
7
7
10
12
10
15
12
14
7
7
1
13
0
1
3
6
-1
-4
-7
-5
-2
-7
-3
-18
-4
-12
-5
-10
-6
-9
-9
-7
-7
-2
-7
-3
-11
-5
-8
-5
-14
0
-7
-6
-11
-12
-9
-13
-10
-13
4
-8
-1
4
2
-1
2
3
-1
2
0
7
5
9
9
7
5
6
5
6
6
5
2
3
12
6
17
15
20
19
24
27
19
27
20
26
14
15
11
11
10
13
17
15
18
21
19
18
24
19
31
25
32
33
31
24
24
25
26
24
26
28
16
11
10
13
-1
2
1
3
2
5
12
9
10
8
15
13
13
20
13
16
18
19
20
19
26
22
23
22
20
17
13
14
21
13
16
8
3
6
1
4
0
-1
-1
2
0
2
-5
0
0
4
6
7
3
3
3
0
1
0
3
-6
-4
-7
-1
-9
-4
-6
-3
-3
-2
7
4
7
8
10
5
8
5
3
4
12
3
4
1
4
0
-3
0
-7
-1
-4
1
-6
-5
-7
-12
-6
-12
-11
-5
-10
-12
-4
1
-1
1
7
5
7
12
13
9
4
3
-2
-1
0
-6
-7
-11
-12
-13
-5
-8
-7
-9
-8
-13
-17
-11
-16
-13
-22
-16
-15
-19
-16
-16
-10
-10
-12
-9
-10
-10
-11
-9
-13
-18
-19
-22
-26
-27
-26
-37
-25
-35
-26
-26
-23
-18
-16
-12
-9
-13
-15
-11
-11
-11
-13
-6
-12
-2
-11
-13
-18
-15
-19
-13
-7
-7
-1
0
9
5
8
-6
2
-2
-1
-2
-3
-3
4
13
18
22
16
22
13
20
19
16
17
8
12
9
6
0
3
0
-3
-7
-4
-5
-6
0
-6
5
-3
5
10
13
8
13
10
1
3
1
1
-6
-7
-13
-7
-8
-1
-3
-5
-15
-8
-6
-8
-3
0
5
-3
3
0
5
-1
8
5
8
13
9
7
0
6
2
3
-3
1
-3
-1
2
-5
-7
-13
-15
-15
-9
-7
-10
-10
-9
-9
-10
-8
-16
-18
-10
-6
-4
-7
-9
-2
-6
-3
-4
-12
-1
-8
3
-7
0
-2
0
6
2
6
1
5
2
8
3
9
1
10
4
2
9
3
1
-3
-7
-3
-7
-2
3
-3
-1
-7
5
2
11
9
9
7
3
7
0
0
1
-2
-4
6
0
0
-2
6
3
3
7
2
8
5
12
5
3
4
-1
-10
-9
-2
-4
-3
-3
1
-6
-3
-10
-9
-5
-6
-4
-12
0
-9
-10
-10
-11
-13
-12
-3
-10
-5
-12
-13
-13
-16
-11
-12
-17
-10
-13
-7
-14
-20
-14
-15
-13
-15
-9
-16
-10
-16
-17
-12
-13
-22
-22
-25
-28
-22
-21
-23
-25
-16
-16
-16
-15
-5
-9
-7
-3
0
-3
1
0
4
4
6
9
11
21
7
13
10
7
6
1
9
13
7
11
8
12
13
11
15
16
19
12
18
16
21
24
25
24
22
19
20
18
19
16
13
16
10
20
17
14
16
14
13
10
17
12
19
14
11
19
10
12
3
12
8
13
13
10
8
10
9
8
12
4
2
5
0
-9
11
-3
5
5
5
13
4
6
4
3
2
-7
-7
-3
-3
-1
-3
3
-2
3
4
4
4
4
13
4
13
12
16
18
12
13
11
5
9
2
4
4
1
12
11
8
3
5
5
7
4
7
-1
0
4
-4
-4
-16
-11
-13
-10
-9
-9
-9
-5
1
-4
4
-4
-3
-8
-11
-5
-14
-4
-7
-3
-10
-8
-10
-8
-4
-10
-9
-15
-15
-19
-17
-13
-3
-9
-7
-5
0
-2
5
9
6
7
8
9
3
2
0
3
1
6
2
3
-8
-7
-15
-19
-15
-19
-15
-19
-12
-13
-10
-13
-3
-7
-11
-7
-7
-4
-7
-3
-6
-5
-2
-3
-3
-4
-7
-4
-4
-6
-8
-14
-9
-6
-7
-15
-16
-18
-16
-10
-10
-9
-4
-3
1
10
2
3
5
6
4
7
9
4
12
13
11
12
17
9
7
5
3
1
0
3
4
13
16
18
16
12
13
9
13
13
12
14
18
22
23
27
28
25
26
25
21
10
2
0
-1
-7
3
-4
0
-4
-6
-3
-9
-2
-5
1
-6
-1
0
5
4
9
13
16
7
4
9
4
5
-4
0
-9
-1
-5
-3
-5
0
-7
-13
-12
-10
-12
-18
-8
-14
-5
-9
-3
-3
-4
2
-2
6
0
0
-2
-4
-12
-12
-15
-9
-12
-9
-3
-19
-9
-9
-11
-5
-6
-9
-6
-14
-1
-9
-1
2
0
5
-1
5
0
12
7
10
6
3
6
-4
-4
-1
-3
-9
-18
-16
-13
-18
-8
-13
0
0
1
9
0
3
3
1
-1
0
-4
1
4
3
7
3
5
7
6
3
3
-1
-5
-3
3
-2
-1
4
6
6
-2
0
1
-1
-2
3
-2
3
0
-1
0
-4
0
-6
2
-3
-2
-2
-4
-10
-9
-13
-14
-6
-12
-3
-10
0
-4
-5
-5
-5
-3
-9
-3
-5
0
-7
0
-6
-4
-3
-6
-6
-4
-2
-3
0
2
8
10
10
12
16
8
17
14
12
18
13
16
9
12
13
15
7
1
-4
-3
3
-1
1
0
0
-3
2
3
9
9
10
7
10
11
8
12
9
13
10
16
12
10
9
9
19
8
4
6
2
-5
-4
2
-3
-10
-9
-9
-7
0
4
-3
-7
-7
-5
-1
-4
-3
-7
-3
4
9
1
-3
-6
-3
2
-4
-1
1
6
-5
0
2
-5
3
4
1
-4
-1
-3
-2
4
-1
-1
8
5
4
10
16
13
14
9
13
11
11
13
16
13
8
10
9
12
9
17
10
19
13
16
17
21
28
21
27
19
17
16
26
30
34
24
26
22
21
25
21
20
12
15
13
21
19
19
14
16
13
11
11
11
12
11
17
16
18
11
17
11
10
14
6
7
-8
-2
-3
-4
-5
-8
-6
-11
-13
-9
-10
-19
-10
-15
-15
-13
-10
-8
-8
-4
-6
-10
-14
-8
-13
-20
-10
-19
-28
-20
-30
-14
-16
-29
-13
-24
-13
-10
-10
-14
-25
-16
-21
-17
-17
-17
-15
-16
-17
-18
-11
-8
-9
-3
-9
-19
-16
-25
-17
-22
-14
-14
-16
-7
-19
-12
-18
-16
-12
-7
-8
-4
-1
-4
0
5
-1
-7
-3
-6
-8
-9
-3
-8
1
-8
-7
-13
-8
-2
-3
2
-2
-2
-11
-4
-7
-5
-8
-6
-13
-9
1
0
-1
3
6
1
9
8
8
6
5
6
4
-1
4
-4
-4
-3
-7
-1
-2
5
5
-1
-3
0
-4
-4
-4
-7
-12
-12
-13
-17
-13
-13
-13
-22
-24
-22
-26
-25
-28
-25
-28
-29
-32
-29
-26
-24
-24
-22
-15
-16
-14
-18
-6
-10
-10
-3
-4
-11
-9
-9
-18
-14
-19
-19
-21
-18
-15
-16
-15
-19
-19
-16
-16
-16
-12
-7
-10
-8
-7
-9
-10
-3
0
-2
0
0
0
0
4
-1
5
9
12
5
6
9
3
12
13
14
3
5
1
-2
-6
-9
-9
-6
-10
-2
-5
-8
1
-7
-1
-16
-4
-12
-9
-2
-4
-2
-7
5
5
8
7
13
13
10
3
12
-1
4
3
3
3
4
5
-1
6
1
15
4
17
9
10
13
12
21
11
14
13
20
13
19
5
5
8
10
13
6
9
7
15
4
12
15
13
19
26
31
24
23
25
22
23
25
24
29
28
34
38
32
27
26
25
28
29
29
32
28
32
26
30
33
30
33
27
31
21
25
22
20
19
21
15
16
22
16
25
20
18
15
18
14
21
19
26
22
18
22
21
25
22
24
22
21
15
18
15
12
13
15
15
3
7
13
13
12
4
5
1
-4
-3
-4
-8
-5
-4
-4
-5
-6
-4
-6
-6
-6
-9
-12
-6
-13
-11
-13
-12
-16
-14
-16
-17
-16
-23
-16
-18
-19
-13
-9
-10
-9
-7
-4
-14
-7
-10
-10
-4
-9
-3
-3
-1
-10
-9
-10
-13
-11
-7
-20
-14
-12
-17
-9
-13
-7
-14
-13
-11
-17
-13
-15
-16
-17
-21
-13
-15
-10
-6
-12
-5
-10
-11
-14
-13
-5
-12
-9
-10
-1
0
-3
0
-2
3
1
8
3
3
1
1
2
0
7
8
10
8
15
13
10
-3
-10
-10
-8
-12
-14
-11
-7
-12
-9
-4
-7
-8
-13
-10
-7
-7
-14
-9
-5
-5
-8
-1
-3
-3
-6
-9
-2
-4
-7
-3
-7
-3
-6
-3
-5
-15
-13
-16
-6
-15
-10
-18
-9
-7
-6
4
0
3
10
10
3
6
3
6
1
11
13
13
10
14
13
14
14
9
9
5
9
6
7
2
11
7
6
15
16
16
9
14
8
10
10
6
9
10
10
9
9
1
3
0
-4
-4
-1
-3
-9
-6
-15
-13
-13
-10
-12
-12
-14
-15
-12
-16
-15
-9
-7
-13
-13
-17
-15
-20
-13
-13
-9
-12
-12
-11
-10
-9
-6
-8
-13
-2
-10
-7
-16
-8
-13
-10
-7
-9
-6
-4
0
1
3
-3
2
-15
-12
-20
-20
-23
-19
-19
-20
-12
-13
-3
-4
0
0
4
7
6
11
12
11
10
19
14
14
13
11
12
6
12
2
3
-3
1
2
6
-3
-1
7
0
1
-6
1
-13
-5
-13
-3
-6
-2
0
1
9
4
9
3
6
2
1
-1
-2
-2
5
-10
-10
-10
-10
-3
-4
-1
-3
7
0
1
4
9
4
11
17
9
8
4
7
-4
-4
-6
-1
-2
2
3
-4
-5
-9
-11
-16
-15
-16
-15
-12
-5
-4
4
13
9
5
13
13
4
8
9
12
6
3
2
0
3
-2
-5
-9
1
0
7
8
8
11
6
8
3
2
9
8
8
10
16
20
9
22
22
22
28
21
18
15
13
14
10
5
8
3
1
2
9
6
11
13
9
13
16
9
23
18
20
18
24
27
21
27
15
22
17
19
9
12
6
6
5
2
9
2
3
0
2
-9
-6
-8
-12
-15
-15
-16
-17
-5
-5
-7
-3
-3
-4
-7
-6
-6
-5
-9
-4
-3
-3
-4
7
2
1
0
-5
-1
-8
-7
-14
-7
-9
-3
-12
-15
-13
-9
-6
-5
-6
-3
-7
-13
-5
-12
-3
-8
-1
-9
-11
-8
-9
-8
-6
1
0
-3
-1
-1
-6
0
0
-2
-5
1
-2
-2
6
7
1
3
6
4
6
7
9
-5
-3
-3
0
-7
-9
-3
-2
4
0
6
13
9
12
10
11
11
11
14
11
8
16
11
10
14
14
13
0
0
-8
0
-8
-6
-5
-8
-11
-12
-9
-11
-4
-7
-2
-8
1
0
-3
-7
-3
-13
-15
-8
-18
-17
-16
-16
-16
-22
-19
-23
-30
-17
-25
-13
-12
-7
-3
-8
-7
-16
-8
-15
-10
-6
-2
-6
-8
-6
-6
-6
-6
-8
-8
-7
-11
-1
-7
5
4
0
4
-2
4
-3
-3
-4
3
2
6
11
7
16
14
11
16
19
16
16
11
7
3
3
2
-6
-5
-6
-3
-3
-5
-8
-3
-9
-6
-1
0
7
3
2
5
5
3
12
6
