SAMPLES:	24139
BITSPERSAMPLE:	16
CHANNELS:	1
SAMPLERATE:	16000
NORMALIZED:	FALSE
-10
-10
-9
-10
-11
-18
-16
-16
-15
-16
-15
-13
-7
-16
-13
-13
-14
-11
-10
-2
-3
6
2
10
10
14
15
14
11
13
14
13
16
5
11
4
4
9
6
-2
1
-1
-8
-10
-6
-13
-16
-11
-13
-8
-12
-8
-6
-5
2
-1
0
-3
-3
4
1
2
-3
-3
-9
-1
-6
-8
-8
-7
-8
-9
-3
-3
-4
-6
-4
-11
-2
-1
-4
-6
-3
-1
-4
-4
0
-1
-3
-4
4
2
-6
-1
-8
0
-2
2
-2
3
3
-3
0
-2
0
-7
2
0
0
-2
-3
-5
-9
-4
2
-3
-6
2
-5
-5
-2
1
-5
0
3
0
5
2
9
4
8
3
3
5
2
13
7
5
3
8
0
2
5
0
0
-10
-8
-8
-9
-2
-4
3
1
3
6
3
7
10
10
10
14
7
10
12
7
3
5
5
2
6
10
3
2
4
0
2
7
4
4
7
10
15
9
19
12
11
16
16
18
20
22
23
19
12
16
13
19
14
15
12
12
16
13
16
8
16
8
11
15
10
17
16
25
20
20
23
20
19
23
20
19
14
16
12
8
10
0
2
-5
-1
-8
-7
-12
-12
-14
-11
-10
-10
-16
-14
-7
-18
-8
-14
-5
-15
-12
-12
-7
-2
-9
-3
-3
2
-5
1
-6
-1
-2
-3
-6
-6
-10
-10
-6
-12
-4
-5
-5
-7
0
2
1
7
7
10
9
11
6
10
13
13
13
8
6
7
1
1
1
-2
0
-4
3
-2
2
1
-1
-3
0
-1
-2
-2
-6
-3
-9
-4
-4
3
6
2
4
6
0
0
-2
-7
-3
-12
-2
-2
1
0
-3
-4
0
2
-2
3
2
6
-3
0
-7
2
5
-1
-2
-3
3
-6
0
-6
-9
-14
-10
-8
-7
-1
-11
-11
-10
-7
-12
-9
-13
-10
-13
-13
-14
-9
-8
-16
-8
-11
-4
-4
-4
-10
-5
-8
-8
-9
-6
-6
-11
0
-3
5
4
8
4
0
1
5
4
-2
3
-3
1
-7
-9
-13
-14
-11
-13
-14
-15
-10
-14
-9
-16
-18
-16
-12
-10
-11
-3
-9
-6
-10
-10
0
5
6
7
10
7
7
9
3
4
5
3
8
9
3
-3
2
2
-2
3
3
6
9
6
9
7
6
6
9
11
6
10
9
10
8
14
13
13
11
17
18
16
15
10
13
9
13
15
12
13
12
6
8
3
9
5
9
13
11
17
8
16
10
16
13
12
7
6
7
-3
-1
-1
2
1
1
-6
7
4
8
2
8
6
9
16
3
14
3
9
9
10
8
12
13
13
11
6
7
6
6
4
9
2
4
-3
-2
0
4
1
-3
4
0
9
2
4
3
0
15
5
3
3
1
2
3
-6
-6
-9
-13
-15
-12
-10
-18
-16
-20
-16
-18
-22
-19
-23
-24
-16
-15
-16
-16
-9
-5
-3
3
3
3
3
2
5
10
4
3
0
0
-3
-4
0
-3
1
-6
-3
-1
-4
-2
-4
-2
-3
0
-2
-3
-6
-6
-6
-9
-6
-6
0
-3
6
-3
-9
-7
-9
-3
-7
-1
-1
0
4
5
-2
0
0
0
-2
5
3
9
6
4
6
4
7
3
3
2
6
7
8
2
7
4
3
2
2
6
2
3
4
7
6
0
-9
-8
-6
-9
-4
1
-3
-6
-3
1
-1
-4
-3
-10
-10
-12
-16
-14
-18
-19
-27
-21
-23
-22
-15
-15
-14
-14
-6
-13
-11
-10
-7
-12
-7
-8
-7
-8
-6
-9
-6
-4
-9
-7
-12
-8
-14
-15
-19
-15
-21
-18
-18
-13
-9
-10
-6
-6
-2
-6
6
5
5
15
16
18
25
19
21
16
13
11
5
5
-3
-5
-12
-14
-17
-18
-29
-19
-25
-23
-19
-19
-13
-17
-7
-12
1
-3
2
6
12
13
18
17
19
12
14
19
10
12
10
16
3
7
-1
6
6
5
6
10
7
6
13
14
16
12
20
14
19
15
20
18
17
19
15
14
14
20
15
20
15
9
13
10
12
8
7
3
2
-3
-1
-3
0
5
6
6
3
9
3
12
3
6
8
4
0
-1
4
4
6
7
8
7
13
13
21
10
19
20
25
19
26
21
4
11
10
13
4
12
7
10
0
-1
2
1
-1
2
4
4
8
6
9
2
9
1
4
0
0
1
2
9
11
13
5
3
2
-2
-7
-7
-15
-10
-10
-14
-12
-13
-9
-14
-15
-14
-16
-14
-16
-9
-12
-12
-16
-17
-18
-17
-23
-26
-18
-22
-20
-25
-16
-21
-22
-23
-25
-22
-22
-25
-24
-21
-25
-22
-9
-8
-9
1
-4
3
1
11
6
11
16
13
14
5
8
3
10
-4
-1
-10
-16
-13
-14
-13
-11
-9
-16
-10
-16
-18
-22
-20
-20
-17
-11
-10
-10
-10
-10
-10
-3
-3
-3
-3
-2
1
-2
-4
-2
-2
-9
-3
-2
-3
-3
-3
0
1
3
0
1
3
6
5
8
8
6
8
9
4
4
6
4
9
0
6
2
2
3
-3
2
0
3
-2
-1
-3
-3
-5
-4
4
-11
-9
-6
-2
-4
0
8
4
13
9
12
7
10
9
8
6
-3
6
1
7
11
6
10
15
5
13
14
13
8
11
8
4
9
4
7
-1
12
1
9
6
6
7
10
13
9
11
3
9
2
4
-9
-1
-1
1
-4
-1
-7
-12
-9
-14
-7
-15
-10
-15
-13
-7
-4
-11
-6
-5
-13
-7
-7
-4
-7
-3
-10
-12
-9
-2
2
-2
0
-3
7
3
2
1
1
-5
-2
-5
-5
3
-5
0
-8
-9
-14
-11
-18
-20
-13
-17
-17
-18
-12
-14
-10
-2
0
-5
4
2
11
8
8
5
6
7
3
9
-3
2
0
-1
-4
3
-3
-5
-3
-2
1
-9
-7
-5
-1
2
7
6
7
7
13
17
12
12
12
15
10
11
13
7
6
6
9
2
8
7
0
3
6
4
5
7
8
11
10
13
13
20
16
25
19
24
23
27
25
19
25
20
16
19
16
13
15
6
12
4
7
5
5
0
-1
1
-8
-1
-13
-7
-9
-9
-7
-4
-3
1
1
-1
-1
-6
2
1
-6
-9
-1
-6
-7
-1
-7
-5
-5
-2
0
3
7
7
6
9
12
5
7
3
5
10
13
9
5
0
4
10
1
4
0
1
-5
-10
-9
-4
-8
-8
-5
-9
-10
-10
-9
-3
1
3
12
8
7
4
13
13
9
9
10
8
4
6
-4
0
2
-3
4
4
-3
-1
4
3
6
0
0
7
0
9
10
6
6
10
9
5
15
5
4
0
3
-8
-7
-11
-16
-9
-11
-9
-10
-12
-20
-19
-19
-10
-15
-12
-10
-10
-12
-11
-9
-7
-8
-10
-2
-10
-5
-8
3
-3
0
3
2
6
5
16
12
14
13
18
9
17
19
13
16
9
10
7
12
5
10
13
12
7
13
11
3
5
2
2
-3
6
-3
-4
-6
-7
-5
-3
4
3
2
-2
7
0
1
2
2
1
2
3
-3
-12
-9
-4
-16
-12
-15
-13
-12
-9
-6
-7
-11
-10
-14
-20
-22
-21
-15
-15
-10
-15
-16
-20
-12
-7
-8
-3
-9
-6
-11
-9
-6
-15
-13
-7
-7
-14
-11
-20
-16
-18
-13
-3
-8
-3
-3
-5
-8
-1
-7
-1
2
5
2
2
4
5
1
-9
-8
-5
-11
-15
-7
-12
-9
-7
-5
-3
-3
-9
-5
-5
-3
2
-2
2
-6
0
-1
8
6
8
16
21
19
19
22
16
15
17
20
12
16
5
8
6
2
1
-6
1
-1
1
-9
-7
-12
-13
-10
-7
-2
-4
-8
-5
-1
-6
0
-3
-2
4
4
6
2
6
2
3
8
11
6
1
5
1
0
-2
-6
-7
-7
-9
-3
0
-3
-4
-5
-4
-3
-6
-6
-9
-14
-12
-11
-8
-4
-11
-11
-12
-11
-7
-15
-11
-18
-16
-10
-3
-10
-10
-4
-1
-3
1
12
1
4
-2
1
-6
0
-7
4
5
4
8
4
8
10
24
16
25
15
27
21
23
16
14
14
10
11
5
13
0
3
1
9
-2
4
9
2
-3
4
4
2
16
14
13
15
20
16
25
28
30
26
37
37
32
42
35
30
25
28
19
19
13
6
4
-2
-4
-10
-13
-11
-8
-12
-8
-7
-13
-14
-12
-12
-17
-15
-8
-6
-4
2
3
-1
-1
8
2
11
4
4
7
1
11
-2
10
1
10
7
3
5
-2
2
2
10
-1
9
1
3
1
6
6
5
11
8
6
0
5
-4
0
-3
6
-4
0
-2
1
-4
-12
-4
-7
-3
-16
4
-16
-13
-9
-8
3
-5
14
-4
6
0
5
4
-1
12
-5
6
-6
4
-2
0
0
2
4
3
5
-6
6
-3
-2
-11
-9
-8
-6
-10
-10
-10
-12
-3
-13
-14
-25
-15
-15
-13
-13
-9
-13
-14
-9
-6
-3
-6
1
-3
-2
-6
-3
-3
1
2
-1
-5
-8
0
-2
-5
-3
-13
-9
-9
-13
-13
-12
-4
-15
-5
-13
-12
-20
-16
-7
-19
-12
-14
-9
-6
-7
-7
1
-6
-6
-12
-6
-6
-11
-7
-11
-11
-10
6
-8
-4
-6
-7
-7
-7
-1
-6
1
-7
-2
-3
-6
-1
-9
-3
-7
2
0
3
4
-3
4
1
4
-6
2
-1
-4
1
-3
-2
-7
-4
-3
-3
-4
1
5
5
10
4
4
8
9
3
7
1
1
-2
0
2
1
1
0
5
-2
13
-6
4
-1
3
3
4
6
1
12
-2
15
6
12
13
13
13
9
17
4
12
-1
10
7
6
7
4
-3
-4
-8
-3
6
1
4
2
15
3
13
4
15
20
19
8
-1
11
-5
15
-1
8
5
-4
3
-12
-7
-15
-2
-5
-3
-5
-7
8
-8
2
-2
9
5
8
12
15
21
14
31
18
31
22
22
19
22
29
14
22
6
3
0
6
3
-2
1
-3
-8
-4
-3
-2
4
2
9
7
6
9
10
12
12
10
0
12
4
8
5
2
3
-4
10
-6
1
-4
-4
-6
-9
-6
-12
-5
-7
-1
-2
-1
-4
-4
1
4
7
9
13
9
15
15
13
6
5
4
0
-2
-3
1
-5
-6
-8
-6
-10
-6
-10
-10
-10
-16
-13
-19
-11
-17
-12
-16
-13
-13
-13
-10
-14
-3
-15
-8
-17
-9
-11
-12
-5
-6
-9
-15
-4
-10
-14
-11
-13
-8
-10
-15
-10
-12
-10
-11
-8
-17
-16
-15
-23
-19
-19
-16
-18
-21
-17
-14
-10
-6
-4
0
-1
2
2
4
1
7
6
0
7
6
9
8
5
6
8
8
1
-5
-6
-7
-12
-6
-10
-11
-7
-11
-4
2
0
0
0
4
9
7
8
13
13
12
9
9
11
7
1
-1
3
0
-4
-2
2
11
7
12
13
23
22
25
19
18
22
20
31
28
29
24
28
27
31
28
25
24
24
22
13
14
6
9
9
2
5
3
-3
6
-3
6
6
5
9
8
17
7
11
3
9
4
2
5
0
-3
-12
-1
-11
-5
-8
-9
-7
-7
2
-6
-1
0
0
-8
-7
-7
-10
-11
-12
-10
-8
-5
-10
-4
-4
-6
-2
-4
-12
-10
-17
-21
-12
-15
-17
-15
-22
-27
-22
-26
-23
-24
-23
-12
-10
-6
2
-6
-5
-3
-1
-1
-3
4
-1
5
4
0
0
-9
-9
-3
-9
-4
-7
-9
-6
0
0
-9
-2
-10
-3
-2
2
3
0
3
-2
1
3
6
0
6
1
0
4
1
3
-4
1
-1
-6
-6
-6
-7
-9
-6
-11
-10
-8
-3
-6
-3
0
0
-1
4
3
10
9
3
1
-3
5
-3
0
-7
-5
-3
-1
-4
-7
-7
-9
-13
-14
-6
-10
-3
0
4
-1
6
3
-1
1
4
6
7
6
-3
3
-5
2
1
6
10
9
10
7
10
13
13
13
9
6
3
-1
0
-3
-1
2
3
-2
5
6
2
6
6
6
2
4
6
-1
4
0
-4
-10
-4
2
-4
1
0
3
1
-2
-8
-10
-7
-6
-7
-1
4
4
1
1
2
-4
2
1
0
0
-1
1
1
-2
3
1
2
-1
6
-1
4
12
3
7
6
8
1
7
8
11
7
17
11
15
10
10
7
3
13
3
12
4
7
4
9
8
10
1
5
7
1
4
5
6
2
7
5
9
3
8
-1
-4
-9
-6
-5
-6
-3
-12
-8
-15
-14
-22
-15
-12
-6
-3
-5
-3
-2
2
-4
3
-8
0
-3
2
7
4
7
1
8
2
7
4
8
5
5
7
12
4
2
4
-1
11
3
13
13
13
9
13
10
8
13
7
9
8
13
6
0
-3
-4
-8
-3
-1
-3
-6
-6
-1
-10
-3
-6
-5
-5
-9
-11
-10
-11
-11
-10
-16
-16
-24
-19
-22
-17
-21
-19
-23
-27
-23
-20
-16
-20
-16
-22
-16
-20
-16
-15
-13
-10
-12
-3
-6
-1
0
4
0
3
6
3
2
3
0
-5
-3
-9
-9
-10
-7
-15
-8
-11
-10
-8
-6
-6
-16
-10
-7
-2
-10
-12
-16
-11
-12
-8
-6
-9
-10
-13
-6
-9
-7
-14
-9
-13
-10
-7
-14
-13
-12
-7
-6
1
1
0
0
0
3
3
0
9
10
12
18
19
26
12
14
13
13
16
19
26
30
25
19
25
17
17
16
18
19
22
22
16
17
15
15
12
15
13
14
17
19
16
14
10
15
16
19
19
13
20
13
9
12
15
13
11
9
14
10
7
6
4
6
3
6
3
1
-6
-4
-3
-3
-4
4
4
8
17
16
16
16
16
19
16
16
15
10
16
6
10
5
0
7
6
6
3
4
2
-6
-5
-2
-5
-2
-3
-3
-5
-8
-7
-6
-8
-2
0
-8
-1
-5
-3
-3
3
6
8
10
8
6
12
10
3
5
-6
6
-4
0
-6
-7
-4
-11
2
-9
1
-4
-1
-4
0
-1
-12
-9
-4
-4
-10
-4
0
-7
-16
-11
-10
-10
-15
-19
-22
-19
-25
-32
-32
-32
-29
-31
-29
-21
-23
-21
-18
-11
-11
-11
-3
-3
-2
4
1
-2
-6
-5
-4
-9
-10
-10
-10
-19
-21
-19
-19
-19
-13
-17
-20
-15
-17
-12
-4
7
1
10
13
16
12
9
12
10
20
13
17
19
18
11
12
12
6
1
1
3
2
3
-3
0
-4
0
-4
3
-3
3
4
6
6
10
19
10
22
17
19
13
9
-1
-1
-6
-12
-10
-12
-12
-25
-20
-21
-24
-21
-18
-15
-16
-13
-14
-16
-16
-14
-10
-5
0
0
3
2
6
10
17
17
14
6
0
-1
-3
-7
-7
-6
-9
-3
-9
-8
-4
-1
1
4
-2
3
6
6
6
8
10
12
15
19
19
13
19
10
15
1
9
15
14
16
19
19
12
11
5
10
4
-1
4
9
8
14
7
13
9
10
20
16
23
18
16
17
13
16
22
14
22
19
17
11
15
10
6
8
0
8
5
9
-1
2
1
0
-5
0
-4
-11
-4
-10
-7
-9
1
-9
0
0
3
3
1
6
1
2
0
3
5
11
4
-1
-3
-3
-12
-7
-10
-11
-11
-14
-8
-9
-13
-15
-9
-7
-7
-1
-4
-5
2
1
-1
1
6
7
9
7
7
10
0
2
1
0
2
-7
1
-5
-12
-9
-10
-10
-13
-9
-10
-6
-7
-4
0
8
3
7
4
7
6
2
8
-4
2
-4
-3
-9
-3
-2
-4
-7
-3
-9
-12
-11
-18
-12
-16
-8
-10
-12
-14
-10
-12
-7
-3
3
3
1
3
0
2
-1
0
-2
-5
-4
0
-9
-7
-11
-13
-16
-23
-18
-22
-19
-13
-15
-13
-19
-15
-22
-15
-16
-12
-8
-8
-5
-8
-1
-2
3
-3
6
-7
-1
-4
-6
-5
-9
-7
-7
-10
-17
-5
-12
-11
-12
-7
-8
-4
-5
4
13
8
14
12
13
13
16
13
21
18
16
14
17
12
12
15
6
10
7
12
4
3
7
0
4
-3
-6
-4
-1
7
10
9
11
9
15
16
22
20
17
20
18
12
9
8
0
4
4
4
6
6
7
7
6
5
1
-3
-5
-7
-5
-6
2
0
4
2
2
5
-1
2
3
2
-3
-3
-3
-2
-7
-10
-6
-10
-7
-7
-8
-5
-7
-6
-3
-1
1
0
1
0
4
6
7
5
10
12
10
10
10
16
7
9
10
7
4
5
9
6
-1
3
2
2
5
0
6
-6
0
3
12
14
14
13
5
3
-3
-3
-12
-10
-10
-14
-18
-14
-19
-13
-16
-9
-10
-8
-4
-10
-9
-15
-9
-11
0
-6
2
1
3
-1
-3
-3
-8
-2
-10
0
-4
0
-8
-7
-11
-6
-2
-6
-1
-9
-3
-9
-6
-10
-4
-6
-4
-1
-1
4
-1
6
5
7
6
6
8
7
3
7
5
4
9
-2
-4
-5
-7
-6
-2
-1
-1
-3
-2
9
6
12
10
12
12
16
20
20
21
16
10
9
5
4
10
11
14
4
9
0
2
-3
3
1
-1
8
2
7
-4
5
0
3
5
5
6
5
7
-5
3
-1
-1
-9
1
-4
-3
-5
-4
-1
-10
-1
-9
-3
-10
-8
-12
-14
-17
-17
-18
-26
-25
-19
-15
-24
-15
-18
-16
-19
-15
-16
-12
-6
-14
-10
-9
-6
-10
-7
-8
0
-6
-1
1
-6
-3
-9
0
-3
2
-4
3
1
4
1
-1
3
-3
3
2
13
7
16
18
18
18
19
24
18
19
8
7
7
12
13
14
16
13
10
9
7
6
7
-1
-1
-3
-10
-9
-7
-4
2
6
2
7
3
-2
0
1
1
0
6
1
9
6
3
2
3
9
-1
7
-3
-5
-6
-12
-11
-13
-6
-10
-8
-15
-13
-10
-13
-13
-10
-5
-1
-2
-2
6
-1
-1
-4
-1
-1
-3
-4
1
1
-2
-7
-11
-9
-16
-13
-20
-13
-14
-7
-9
-6
-9
-6
-4
-6
-4
-6
-1
-6
-1
-9
1
2
8
-1
3
8
3
5
-1
2
-2
-1
-5
-3
-6
-4
-3
0
0
5
3
2
2
4
6
3
9
1
10
5
6
5
6
13
5
9
10
9
-1
0
1
-1
3
4
5
0
5
6
7
1
3
-2
0
3
10
13
12
22
17
15
11
12
3
14
10
12
9
7
7
13
18
7
6
3
5
2
8
5
11
3
12
12
10
10
8
11
5
7
1
1
0
1
0
1
1
-4
-2
-2
-6
-4
-2
0
-2
-3
2
4
0
6
0
3
8
9
12
16
17
12
11
9
15
3
3
-1
2
-5
-1
-1
3
4
4
3
6
6
-5
5
3
9
-4
7
-3
0
4
-1
1
-6
0
-8
-3
-11
-3
-8
-9
-4
-7
-8
-10
-7
-16
-12
-10
-11
-10
-9
-9
-7
-6
-7
-4
-9
-6
-2
-5
-10
-11
-6
-17
-17
-15
-13
-16
-19
-15
-14
-21
-18
-17
-19
-16
-11
-6
-8
-10
-6
-4
-11
-8
-12
-8
-10
-8
-10
-11
-11
-13
-10
-12
-14
-16
-20
-24
-19
-23
-20
-19
-16
-16
-12
-5
-5
0
-1
6
7
6
8
9
12
22
17
13
11
10
5
5
-4
-5
-4
-5
-4
-6
-4
0
-3
-6
4
-2
10
6
9
7
11
11
16
22
16
22
19
21
15
21
7
5
6
7
6
4
1
12
13
9
12
0
5
6
10
6
12
9
15
10
13
13
12
19
15
18
10
10
7
9
7
8
9
5
7
1
0
0
1
-2
0
0
-8
-4
-4
-4
-9
1
-10
-9
-1
4
3
2
3
-9
-2
-8
-7
-7
-7
-6
-6
-9
-8
-10
-9
-15
-12
-13
-12
-13
-14
-11
-16
-5
-11
-3
-7
4
1
2
6
7
7
3
0
-11
-7
-13
-2
-4
-1
-6
-5
-5
-3
7
7
13
5
3
3
-4
2
3
3
2
5
2
1
7
3
5
3
6
5
5
-3
2
0
0
-3
-3
-3
-4
4
4
7
9
18
11
22
14
20
17
14
9
10
9
1
3
-10
-2
-10
-3
-8
-4
-6
-4
-8
-4
-6
-6
4
0
4
4
9
7
0
2
2
-4
-10
-9
-12
-12
-9
-9
-10
-13
-13
-15
-16
-21
-17
-14
-8
-10
-6
-2
-1
-2
0
2
-2
4
0
3
3
12
7
16
15
9
15
6
5
-2
1
3
8
10
10
4
0
4
6
12
14
16
14
8
16
11
10
14
16
16
10
25
9
15
9
12
6
7
16
-2
3
-1
0
-7
-2
-7
1
2
2
-2
3
2
0
6
-1
4
3
6
7
5
2
2
-5
2
-8
-3
-3
-5
-7
-12
-7
-14
-12
-13
-13
-13
-8
-12
-9
-10
-8
-11
-11
-9
-10
-10
-7
-6
-10
-3
-6
-6
-11
-13
-17
-9
-10
-21
-13
-12
-10
-8
-3
-3
0
-4
6
6
7
10
11
15
10
20
13
17
9
9
7
9
16
12
10
5
16
10
15
13
17
13
13
18
13
10
6
10
6
11
6
13
6
12
12
8
15
5
12
10
15
12
10
2
4
-2
-1
-7
-9
-12
-19
-15
-21
-15
-16
-13
-16
-10
-14
-14
-18
-19
-11
-13
-13
-16
-8
-12
-12
-12
-10
-12
-9
-11
-11
-4
-15
-14
-17
-19
-23
-19
-25
-25
-19
-21
-14
-15
-10
-12
-3
-4
3
-2
6
5
-2
-1
-7
4
-6
-1
-3
0
-2
1
-5
-4
-6
-5
-6
-9
-9
-9
-3
-8
-4
-13
-1
-6
6
2
-3
0
-9
-4
-7
-1
-5
4
-8
-3
3
-4
1
4
5
0
4
2
0
1
0
-2
-1
2
6
3
2
-4
3
-5
-9
-6
-6
-11
-7
-1
-1
-2
-1
6
6
5
7
12
6
10
5
8
10
13
5
4
3
0
3
1
4
1
8
8
13
1
6
5
9
12
12
16
12
18
14
8
7
3
-2
-4
-7
-6
-8
-4
-5
5
4
9
11
13
13
14
16
16
9
7
7
10
6
10
9
10
13
13
22
12
21
13
18
17
21
16
15
10
11
8
6
8
1
6
0
1
-3
4
-3
5
1
3
3
2
1
-4
2
-4
-2
-3
5
7
6
3
9
7
5
8
3
-1
-8
-9
-16
-18
-16
-19
-15
-22
-18
-22
-14
-12
-15
-3
-5
2
2
1
5
3
-3
4
-3
0
-6
-6
-7
-9
-9
-9
-4
-14
-9
-12
-5
-18
-11
-9
-7
-8
-3
-6
-7
-6
-8
-2
-9
4
0
11
11
19
14
19
17
15
16
15
17
12
20
10
9
7
7
2
1
4
5
2
4
7
3
3
3
4
4
3
9
7
13
17
20
22
26
25
25
23
21
22
15
20
11
9
10
8
1
5
-3
-4
-5
-4
3
1
11
2
6
10
9
10
8
4
-1
-10
-12
-7
-7
-13
-11
-19
-14
-13
-6
-13
-10
-11
-16
-11
-10
-2
-12
2
-6
2
-5
-4
-3
-5
-5
-8
-11
-17
-10
-18
-14
-15
-19
-15
-13
-22
-19
-23
-13
-15
-10
-9
-12
-10
-6
-6
-2
0
-4
-7
-9
-5
-12
-8
-18
-14
-17
-13
-24
-9
-14
-5
-9
-6
-3
-10
0
-6
2
-3
4
-3
7
8
9
2
3
3
3
-3
6
4
0
6
-2
2
-1
3
-1
-5
0
1
-2
2
4
4
9
8
8
9
6
17
3
6
-2
6
8
4
13
5
11
2
5
0
6
-2
-4
-3
-13
-12
-11
-9
-16
-9
-10
-4
-6
-4
-1
3
9
3
15
14
19
21
20
24
17
16
12
6
2
3
-1
1
-7
-9
-6
-15
-12
-15
-13
-13
-11
-7
-6
-6
5
5
10
12
13
24
5
20
9
6
10
2
-2
-2
-4
-12
-12
-21
-14
-19
-4
-11
-2
2
-4
7
0
0
3
6
6
13
4
13
6
4
-6
-3
-4
-5
0
0
9
-5
9
-2
7
-8
9
0
6
8
-2
0
-12
2
-13
3
-13
12
-3
4
1
3
2
3
13
-10
6
-8
8
-8
3
-5
3
4
0
4
-2
5
-9
-3
-10
0
-6
-4
-9
-10
-2
-4
-3
-7
-7
-8
4
-2
7
4
3
8
5
9
2
6
-8
0
-3
3
2
5
4
0
7
3
15
1
18
6
13
3
11
4
0
1
-6
-2
-10
3
-12
0
-15
-3
-9
-6
0
3
4
7
12
12
7
6
10
4
15
5
18
10
9
11
1
0
-4
-2
-7
-3
-4
-10
-2
-8
8
-3
12
3
14
14
11
18
-4
13
1
20
3
20
3
3
-9
-6
-9
-13
-14
-18
-6
-22
-1
-18
-4
-10
10
2
15
2
9
4
1
13
1
15
-3
6
-7
0
-7
1
-4
-12
-2
-13
-6
-17
-6
-12
-11
-2
-11
3
-18
-4
-21
-3
-11
-6
-5
-9
5
-12
6
-15
11
-11
9
-5
5
3
-1
7
-6
9
-12
8
-7
2
-9
3
-5
-1
2
-11
10
-15
13
-7
5
3
1
9
-6
14
0
16
-2
15
-12
4
0
-2
0
-10
2
-21
-10
-26
-10
-27
-9
-17
-11
-2
-3
0
-1
15
13
17
22
21
11
11
10
4
-2
1
-10
-7
-17
-11
-18
-7
-22
-5
-20
-5
-15
-2
-3
-15
6
-18
16
-25
18
-12
20
-5
11
8
3
14
-9
17
-20
17
-21
18
-23
-1
-14
-5
-5
-9
7
-19
13
-12
16
-2
23
15
14
16
16
14
6
16
5
7
5
4
13
5
9
4
10
13
1
8
0
1
-12
5
-20
3
-22
-8
-11
-12
-1
-12
1
-17
14
-14
13
-2
13
2
13
7
6
6
-6
6
-18
5
-8
0
-16
3
-20
-8
-22
-13
-15
-19
-12
-25
-16
-31
-11
-28
-4
-27
-10
-21
-19
-12
-14
-4
-18
-4
-20
-4
-18
3
-18
5
-2
-4
3
-7
5
-8
17
3
21
9
18
11
11
13
12
8
-3
1
-8
-4
-7
-10
-9
-16
-6
-20
0
-5
-8
1
-5
7
-11
14
-24
15
-7
15
-2
5
11
-3
23
-16
30
-14
35
-6
21
6
13
8
-8
17
-10
20
-24
19
-25
11
-20
4
-12
-6
-1
-14
13
-25
20
-27
16
-21
15
-6
-1
-8
-15
-2
-30
6
-21
5
-8
1
-2
-3
0
-9
-1
-8
0
2
-5
20
-4
23
-1
33
8
25
17
19
25
-3
45
-22
51
-22
42
-19
15
-10
2
-3
-25
19
-41
29
-46
40
-38
33
-24
22
-11
8
8
-20
32
-32
38
-31
44
-23
40
-15
25
-3
4
18
-5
24
0
29
-5
32
-4
31
3
32
15
28
16
35
16
42
14
40
10
28
7
12
19
-9
35
-28
49
-36
55
-40
47
-28
42
-6
15
20
-15
44
-43
71
-48
76
-57
75
-44
49
-17
10
30
-23
58
-43
63
-50
73
-35
65
-5
40
13
17
23
10
30
4
26
-15
26
-19
17
-22
14
-27
13
-38
4
-41
-3
-32
-11
-23
-8
-12
-21
1
-40
13
-53
19
-58
26
-57
31
-46
21
-22
-7
3
-32
31
-53
45
-65
58
-80
50
-60
24
-20
-13
6
-45
30
-71
43
-82
38
-68
21
-38
1
-28
-25
-20
-34
4
-43
6
-52
7
-44
10
-39
9
-43
-1
-35
-8
-23
-11
-20
-15
-14
-14
-1
-33
13
-31
31
-32
39
-35
34
-25
34
-6
7
6
-8
14
-17
16
-42
18
-56
16
-53
10
-33
9
-30
-3
-13
-5
3
-15
13
-12
20
-14
22
-21
39
-21
40
-15
19
1
18
22
22
30
13
32
1
34
7
30
21
26
17
22
4
28
5
30
2
26
-9
23
1
9
4
-1
10
-5
14
-7
8
-18
20
-11
26
-14
34
-21
33
-18
33
-6
13
16
-8
35
-28
51
-35
63
-37
57
-16
41
6
11
29
-13
33
-20
47
-29
44
-19
30
-7
27
8
17
-4
2
7
-1
22
-7
20
-10
20
-2
12
-15
11
-18
7
-16
0
-20
1
-11
4
1
6
14
-3
25
-11
37
-12
50
-19
49
-2
35
14
21
35
-2
54
-22
59
-53
42
-36
33
-25
-13
-7
-33
10
-47
28
-62
33
-62
27
-43
4
-8
-1
27
-20
56
-27
55
-33
45
-12
15
23
-10
28
-40
36
-40
28
-18
-8
8
-36
32
-67
27
-46
26
-16
-8
7
-41
38
-45
43
-45
34
-22
11
-21
-29
-14
-34
7
-35
6
-43
-11
-36
-21
-42
1
-20
16
-32
8
-28
1
-15
-3
9
-8
39
-26
37
-47
47
-23
56
-10
44
4
11
20
-14
29
-26
53
-27
53
-51
42
-48
35
-25
16
8
-9
29
-50
28
-65
49
-44
43
-49
-1
-36
-34
-20
-48
-7
-41
4
-56
-20
-68
-17
-42
0
-36
-1
-41
-12
-27
-31
-3
-33
42
-33
41
-53
22
-36
10
-3
-8
30
-20
27
-45
2
-37
21
-5
24
4
3
0
-3
-13
2
9
40
31
35
8
-8
20
-2
53
-9
75
-5
61
-6
29
30
43
81
47
93
38
83
47
76
64
79
100
96
81
69
39
86
45
94
34
67
13
20
-3
-25
-9
-44
17
-60
-14
-99
-47
-115
-62
-122
-71
-99
-81
-117
-137
-127
-143
-101
-149
-99
-167
-103
-184
-116
-201
-120
-168
-89
-125
-133
-138
-151
-107
-150
-70
-122
-20
-93
-13
-111
-22
-75
37
7
63
65
51
100
34
148
42
233
116
266
124
215
157
194
232
193
312
197
350
196
313
170
291
261
345
315
283
284
229
267
214
288
244
316
216
279
127
233
96
228
100
179
118
95
97
-63
33
-150
69
-154
24
-238
-120
-306
-247
-321
-331
-298
-416
-330
-554
-432
-646
-459
-662
-506
-690
-558
-692
-643
-712
-706
-645
-675
-526
-645
-482
-658
-432
-567
-319
-416
-196
-268
-157
-175
-103
1
16
220
138
328
160
391
250
473
353
529
479
550
535
489
555
473
635
499
661
494
626
471
562
483
503
516
538
593
505
519
477
558
517
547
522
587
539
616
551
607
502
532
474
490
504
512
542
346
196
-5
100
118
178
-35
-144
-359
-440
-637
-679
-745
-734
-751
-852
-976
-1301
-1324
-1459
-1207
-1329
-1096
-1171
-1107
-1364
-1492
-1353
-1203
-808
-815
-551
-789
-672
-781
-507
-389
-147
42
151
179
55
157
173
389
348
577
543
675
468
431
335
408
493
538
582
384
311
153
229
140
232
207
268
129
32
-13
67
153
183
237
244
239
241
326
434
548
617
779
774
810
731
907
1030
1191
1254
1312
1300
1193
1131
1117
1200
1263
1355
1352
1270
892
558
265
452
566
702
463
150
-309
-733
-865
-901
-718
-825
-732
-1009
-1293
-1825
-1990
-1890
-1751
-1535
-1377
-1233
-1539
-1958
-2143
-1981
-1537
-1131
-773
-729
-1001
-1200
-1313
-999
-740
-157
111
170
-127
-421
-304
-160
194
348
568
591
380
146
-124
0
193
508
633
419
201
-214
-116
-303
31
86
390
239
-147
-359
-562
-135
-104
365
228
294
-41
9
10
221
463
778
1032
871
795
647
927
990
1354
1537
1883
1745
1652
1344
1445
1440
1781
1918
2038
1934
1681
1676
1121
986
452
1241
1369
1609
772
126
-196
-564
-267
-532
-164
-607
-502
-903
-1322
-1984
-2194
-1760
-1450
-1333
-1515
-1493
-1818
-2265
-2541
-2182
-1553
-1028
-924
-1077
-1626
-1760
-1672
-1067
-724
-432
-208
-304
-464
-894
-660
-420
83
206
273
224
5
-170
-407
-222
22
460
521
270
-124
-461
-367
-234
89
166
262
122
-179
-439
-525
-198
93
380
297
147
-105
-105
46
311
519
798
952
922
674
590
853
1132
1506
1590
1882
1764
1637
1460
1491
1715
1924
2184
2273
2100
1902
1758
1659
1273
839
1121
1653
1996
1235
426
-242
-224
-359
-184
-255
-353
-563
-856
-1052
-2079
-2249
-2309
-1273
-1441
-1461
-1836
-1854
-2286
-2833
-2396
-1941
-911
-1134
-875
-1809
-1846
-2000
-1139
-731
-497
-268
-236
-227
-1009
-755
-790
290
62
585
60
134
-217
-383
-187
-340
481
329
749
-278
-347
-785
-316
-158
6
265
8
-28
-738
-703
-724
-125
164
406
101
-137
-433
-143
114
448
713
897
1112
714
665
609
1271
1555
1920
1939
2047
1875
1694
1736
1880
2238
2368
2657
2462
2271
1857
2053
1937
1516
970
1221
2062
1920
1203
-44
-241
-343
-389
-236
-584
-639
-1224
-1001
-1583
-2449
-2865
-2496
-1403
-1927
-1965
-2535
-2007
-2808
-2929
-2613
-1863
-1013
-1370
-1028
-2168
-1789
-1947
-572
-484
-299
-408
-187
-169
-809
-441
-369
753
236
689
-132
343
-163
54
-15
90
545
372
641
-374
-231
-754
97
-90
262
-77
20
-314
-706
-700
-532
124
76
297
-295
-223
-583
74
212
637
608
838
867
624
618
875
1611
1742
2026
1845
2110
1755
1903
1895
2280
2439
2562
2669
2489
2210
2064
2280
1930
1372
827
1675
2053
1936
616
-158
-303
-568
-429
-776
-643
-1175
-1137
-1363
-2168
-2953
-3281
-2154
-1866
-1905
-2484
-2373
-2423
-3130
-2911
-2558
-1254
-1179
-943
-1491
-1854
-1891
-1463
-407
-168
134
-192
205
-528
-438
-441
354
795
624
613
109
485
-236
98
-26
487
693
552
375
-445
-371
-684
11
55
156
105
-256
-551
-1185
-826
-467
115
109
-87
-429
-592
-652
-155
267
559
714
610
800
310
768
952
1702
1792
1897
2108
1931
2053
1674
2239
2345
2695
2674
2669
2583
2110
2342
2262
2232
1276
891
1604
1987
1932
534
73
-400
-605
-789
-920
-697
-1239
-1077
-1585
-2150
-3290
-3376
-2342
-1871
-2024
-2605
-2290
-2520
-3094
-3157
-2394
-1295
-1113
-1057
-1311
-1611
-1798
-1376
-350
-73
43
51
402
-56
-423
-342
451
889
690
624
453
565
-81
130
33
453
478
541
384
-379
-533
-738
-90
-227
-116
-165
-205
-732
-1247
-1110
-642
-154
-135
-155
-521
-651
-804
-163
138
436
489
696
848
503
804
1035
1778
1830
1956
2250
2201
2239
1897
2406
2544
2743
2925
2765
2920
2220
2606
2423
2251
1069
775
1901
2133
2182
232
66
-801
-758
-1012
-971
-657
-1480
-948
-1925
-2401
-3905
-3444
-2325
-1896
-2078
-2674
-2208
-2824
-3302
-3386
-2280
-1326
-906
-792
-1177
-1773
-1898
-1232
-195
147
236
556
521
137
-597
-12
491
1104
1002
794
787
333
243
-231
227
93
740
633
340
-433
-952
-681
-676
-131
-524
73
-511
-773
-1546
-1338
-830
-423
8
-236
-266
-887
-615
-480
264
288
880
911
1036
628
733
1307
1636
2147
2069
2653
2268
2293
1926
2391
2581
2803
2986
2924
2860
2358
2457
2225
1495
633
1020
2088
2424
1438
-26
-726
-1046
-1431
-1136
-1058
-732
-1283
-1337
-2407
-3551
-4146
-3502
-1897
-2077
-1940
-2772
-2283
-3519
-3678
-3242
-1769
-597
-635
-560
-1735
-1653
-1935
-364
70
742
568
947
662
-73
-224
229
1280
1229
1526
700
1033
166
255
-145
317
459
735
796
-184
-468
-1162
-489
-768
-242
-534
6
-447
-1036
-1546
-1433
-733
-444
205
-176
-174
-817
-514
-406
312
561
1202
1355
1122
760
856
1555
1960
2440
2358
2748
2366
2452
2032
2610
2512
2891
2984
2946
2728
2161
2514
2014
1449
121
833
1646
2212
1152
-153
-776
-1624
-1885
-1893
-1371
-1307
-1327
-1466
-2459
-4028
-4859
-3882
-2320
-2159
-2130
-2398
-2265
-3563
-4080
-3338
-1812
-456
-228
-100
-1084
-1558
-1662
-295
401
880
1184
1671
1321
279
-64
513
1399
1405
1515
1199
1357
555
227
-216
-131
91
516
754
-4
-627
-1276
-1072
-1377
-1184
-989
-260
-428
-1182
-1833
-1933
-1480
-1092
-300
-97
-20
-537
-558
-470
-88
376
1229
1844
1686
1315
1297
1734
2012
2354
2710
3316
3194
2995
2571
2649
2677
2771
3221
3235
3079
2592
2726
2433
1586
196
37
1350
1962
1758
369
-512
-1469
-2412
-2570
-2317
-1616
-1544
-1138
-1926
-3515
-5342
-5244
-3484
-2739
-2099
-2167
-1572
-2690
-4038
-4274
-2892
-1089
-89
706
269
-289
-1274
-649
9
673
1366
2267
2659
1802
663
452
1023
1051
1360
1337
1957
1524
855
-203
-748
-899
-606
197
75
-49
-1121
-1388
-2200
-2526
-2365
-1524
-535
-845
-1404
-2135
-2239
-2299
-1689
-872
-16
138
15
-46
-221
-316
370
1424
2244
2366
2149
2474
2251
2334
2283
3107
3536
3822
3652
3297
3079
2482
2864
2874
3365
2925
2901
2714
2321
1347
-255
-274
413
1401
1023
326
-755
-1609
-3000
-3602
-3284
-2871
-2212
-1735
-1756
-3492
-5234
-6027
-4504
-3808
-2799
-1954
-1071
-1542
-3460
-3797
-3354
-1458
-400
1337
1701
1374
324
95
472
600
1690
2681
3875
3119
2130
1524
1375
880
867
1205
2051
2144
1212
432
-729
-1361
-1602
-1076
-781
-701
-1085
-1302
-2080
-3155
-3469
-2989
-1899
-1608
-1492
-1516
-1633
-2029
-2143
-1704
-938
-118
510
1329
1259
962
828
1217
2035
2401
3156
3738
4017
3498
3144
3157
3292
3637
3570
4061
3682
3516
2970
2670
2543
1967
2200
1877
2261
1626
902
-764
-1364
-1133
-877
-207
-1040
-843
-2414
-3484
-4806
-4846
-4575
-3861
-2391
-2389
-2963
-5430
-5554
-5408
-4430
-3526
-1826
-200
-679
-1731
-2670
-1923
-1268
244
1738
3004
2860
2266
2137
1870
1620
1838
3154
3847
3773
2856
2482
1945
937
424
423
833
579
401
-174
-905
-1911
-2658
-2610
-2812
-2738
-2640
-2153
-2383
-3163
-3725
-3762
-3261
-2979
-2295
-1404
-761
-701
-819
-936
-534
-108
937
2132
2765
2919
2917
3252
3168
3217
3305
4254
4763
4915
4606
4417
4001
3205
3131
3059
3270
3181
3113
2774
2151
1089
722
489
726
759
416
-857
-2523
-2579
-2097
-1464
-1520
-1939
-2404
-3575
-5198
-5474
-5262
-4540
-3112
-2042
-2333
-3753
-5495
-4741
-4210
-3296
-1517
109
1353
14
-654
-940
-40
649
2413
3652
4323
3850
3310
3220
2227
2389
2652
3481
3331
2595
1886
1815
675
269
-677
-855
-975
-1834
-1860
-2973
-2912
-3885
-3715
-4105
-4113
-3846
-3918
-2939
-3942
-3513
-4331
-3435
-3019
-2783
-1069
-723
1096
409
1223
772
1091
1731
2367
4079
3864
4886
4528
4827
4000
3895
4343
4955
5205
4623
4355
3661
3026
2458
2275
2301
2494
1741
1884
881
722
187
-114
136
-603
-415
-603
-448
-1870
-3152
-3045
-1912
-1327
-1680
-1990
-2205
-2819
-4467
-4813
-4433
-4077
-2558
-1346
-1332
-2270
-4094
-3218
-2575
-2387
-917
702
2382
1284
321
215
886
1377
2462
3631
4128
3764
2951
3185
1936
1371
1476
2299
2406
1276
505
479
-226
-1431
-2419
-2665
-2607
-3480
-3496
-3666
-3476
-3955
-4378
-4535
-4910
-5196
-4654
-3488
-2966
-2662
-2502
-1751
-1634
-1677
-1047
525
1658
2091
2503
3000
3374
3382
3861
4466
4996
4944
5090
5214
4806
4520
4296
4326
3842
3281
3118
2938
2781
1980
1539
1054
540
79
-24
231
167
262
-297
-63
-571
-1262
-1312
-970
-61
-1084
-1754
-1690
-1402
-1499
-1792
-1709
-739
-1622
-2588
-1982
-3383
-3301
-3348
-1734
-541
-1529
-1942
-830
-1081
-1904
-1523
-151
1737
424
973
968
1383
1120
1175
2308
2229
1380
1614
2011
995
697
53
1335
338
-753
-1305
-1089
-1092
-2245
-2561
-2570
-2872
-3654
-3794
-3862
-3198
-3685
-3375
-3209
-3712
-3843
-3465
-2297
-1772
-1671
-1020
-236
-145
-325
60
1477
2140
2488
2978
3485
3671
3361
3681
4090
4142
4193
4175
4231
3885
3255
3385
3274
2747
2417
2131
2235
1964
1414
1311
1098
808
470
290
499
437
477
543
690
682
580
850
326
-629
-2139
-2491
-1515
-809
-497
401
339
-299
-1925
-4137
-4292
-4930
-3889
-2017
-570
-410
-795
-1269
-1246
-2270
-2596
-1141
-177
746
-43
1011
1542
1596
1508
1761
1772
1284
426
619
938
405
909
662
956
-490
-1495
-1608
-1685
-2322
-2392
-2565
-2434
-2914
-4076
-3391
-3516
-3296
-3482
-3342
-3164
-3229
-3212
-2296
-1399
-996
-641
-222
197
-88
432
1182
2271
2620
2725
3112
3331
3055
3125
3558
3898
3866
3379
3178
2657
2407
2036
2342
2410
2133
1841
1387
1048
784
847
1034
1195
857
928
1052
1250
1206
1248
1515
1740
1624
1741
2040
2390
2296
1390
642
-355
-346
-528
-214
84
-65
-35
-1053
-2558
-3691
-4424
-4304
-3490
-3477
-3014
-3004
-3084
-2800
-3071
-2703
-1979
-1501
-1169
-1672
-1519
-683
93
1269
1583
2006
1983
1307
851
450
434
1029
1544
1570
1146
477
-126
-623
-1372
-1882
-1981
-2375
-2513
-3279
-3482
-3557
-3729
-3550
-3955
-4071
-4060
-3910
-3612
-3154
-2591
-1837
-1235
-824
-389
47
574
1104
1758
2391
2702
3278
3602
3846
4276
4169
4398
4312
4014
3886
3528
3422
3175
3119
3076
2628
2488
1969
1727
1572
1314
1135
1031
1098
1051
1440
1227
1371
1417
1136
1155
1076
1566
2096
2561
2457
1605
595
-530
-734
-718
-560
-32
54
115
-1183
-2503
-3536
-4219
-3990
-3853
-3426
-3249
-3483
-3756
-3522
-3371
-2739
-1822
-1321
-1106
-1561
-1672
-1148
-633
146
697
1319
1671
1294
1360
1071
1296
1436
1227
908
137
-183
-411
-742
-840
-1083
-1280
-1394
-2765
-3181
-3839
-4385
-3852
-4308
-4030
-3890
-4026
-3473
-3309
-3111
-2428
-1954
-1290
-1228
-860
-101
322
1276
1744
2425
3296
3304
3657
3961
3961
4446
4268
4402
4237
4003
4026
3671
3835
3505
3521
3480
3057
2734
2307
2116
1920
1701
1397
1350
1515
1471
1563
1603
1525
1518
1395
1180
1235
1277
1528
1837
1036
441
-331
-750
-701
-1236
-867
-728
-1161
-1747
-2785
-3543
-3904
-4191
-3886
-3520
-3790
-3646
-3586
-3334
-3002
-2768
-1562
-1075
-899
-872
-1036
-295
-225
91
891
1206
1654
1687
1675
1760
1550
1415
1223
735
245
-378
-672
-752
-1289
-1312
-1558
-2154
-2554
-3407
-3913
-4116
-4533
-4611
-4442
-4314
-4337
-3985
-3678
-3143
-2351
-2012
-1381
-1068
-751
-405
289
987
1750
2895
3342
3849
3968
4211
4480
4664
4757
4696
4942
4441
4248
3995
3762
3857
3610
3603
3132
2782
2311
1921
1851
1422
1412
1304
1117
949
760
808
1077
1129
1209
1398
1225
1530
1406
1583
1701
703
192
-424
-640
-525
-742
-727
-561
-1027
-1941
-2719
-3532
-3855
-3944
-3811
-3709
-3911
-4100
-4071
-3617
-3191
-2719
-1621
-1087
-1185
-1543
-1756
-1213
-741
-210
358
1098
1287
1225
1291
1345
1515
1400
1378
882
266
-380
-783
-602
-896
-1003
-1031
-1364
-1941
-2976
-3518
-3780
-3770
-3914
-4173
-4022
-4130
-3933
-3512
-2992
-2223
-1614
-1130
-815
-656
-427
239
1110
1801
2454
3075
3647
3971
4212
4486
4915
5142
4876
4573
4130
3852
3707
3538
3516
3358
3249
3018
2539
2136
1691
1570
1429
1164
916
774
804
740
935
1056
1262
1517
1374
1452
1578
1580
1959
1950
1627
1168
188
-383
-757
-1156
-1001
-1011
-1121
-1299
-2250
-2841
-3501
-4251
-4230
-4502
-4432
-4340
-4630
-4282
-3989
-3506
-2582
-1966
-1384
-1219
-1345
-1229
-1262
-979
-405
63
800
1020
1195
1607
1472
1707
1734
1520
1337
615
89
-330
-776
-951
-1135
-1045
-1177
-1693
-1976
-2585
-2890
-3044
-3543
-3606
-3834
-3977
-3577
-3257
-2772
-2148
-1435
-778
-381
-67
210
782
1263
1578
2098
2633
3037
3529
3919
4231
4567
4604
4562
4356
4018
3518
3248
3029
2710
2663
2460
2398
2345
2124
2020
1876
1700
1496
1260
1196
1175
1196
1262
1194
1295
1562
1659
2046
2263
2291
2600
2229
1641
662
-449
-919
-1323
-1576
-1745
-1689
-1747
-1997
-2679
-3401
-3862
-4438
-4581
-5004
-5265
-5318
-5280
-4666
-4044
-3203
-2318
-1515
-1021
-872
-878
-893
-569
-243
190
514
792
1159
1413
1940
2270
2587
2639
2285
1877
1125
493
-30
-339
-594
-953
-1166
-1334
-1584
-1834
-2163
-2435
-2588
-3101
-3571
-3905
-4130
-3969
-3659
-3211
-2581
-1887
-1195
-560
-8
356
737
1169
1438
1779
2152
2461
2931
3361
3645
4020
4241
4282
4260
4050
3729
3347
2956
2512
2282
2175
2052
2139
2115
2088
2074
2018
1881
1731
1644
1481
1413
1212
954
1051
1356
1754
2246
2498
2675
2690
2251
1464
310
-639
-1263
-1570
-1516
-1816
-1971
-2082
-2601
-2804
-3421
-4078
-4229
-4652
-4829
-5011
-5445
-5317
-4915
-4117
-2973
-2158
-1324
-837
-623
-460
-658
-410
-55
260
795
896
1158
1523
1811
2373
2693
2823
2750
2270
1675
924
253
-146
-582
-765
-941
-1262
-1507
-1965
-2212
-2219
-2430
-2757
-3324
-3848
-4126
-4226
-4059
-3693
-3089
-2352
-1669
-1076
-626
-245
299
838
1310
1634
1814
2068
2362
2760
3180
3623
4022
4171
4246
4136
3847
3591
3370
3227
3025
2649
2272
2109
2021
1963
1938
2016
2061
1998
1871
1637
1488
1379
1380
1550
1642
1664
1828
1988
2101
2030
1742
1287
629
7
-502
-932
-1231
-1735
-2072
-2245
-2742
-3107
-3677
-4138
-4253
-4479
-4566
-4595
-4689
-4566
-4251
-3693
-3103
-2658
-2172
-1779
-1327
-998
-859
-397
10
340
834
1074
1416
1722
1911
2264
2409
2384
2309
2106
1868
1417
973
658
204
-97
-448
-842
-1165
-1733
-2059
-2248
-2586
-2952
-3485
-3732
-3849
-3860
-3673
-3511
-3146
-2727
-2368
-1899
-1582
-1278
-699
-68
565
1031
1307
1628
2040
2439
2816
3214
3529
3705
3927
3923
3786
3665
3532
3590
3503
3245
2988
2787
2681
2537
2467
2427
2262
2231
2108
2029
2033
1850
1950
2086
2069
2148
2061
2086
2190
2008
1712
931
100
-408
-783
-803
-1078
-1589
-1852
-2324
-2724
-3230
-4076
-4464
-4694
-4691
-4462
-4672
-4839
-4825
-4407
-3462
-2803
-2293
-2056
-1919
-1554
-1348
-992
-567
-233
434
1014
1410
1683
1724
2088
2509
2809
2938
2682
2244
1695
1209
990
696
341
-62
-515
-876
-1368
-1777
-2095
-2418
-2711
-3138
-3589
-4029
-4484
-4512
-4252
-3815
-3342
-3085
-2721
-2318
-1888
-1311
-741
-169
264
601
963
1248
1664
2133
2711
3327
3688
3964
4121
4162
4186
4124
4113
3970
3702
3453
3244
3252
3244
3224
3275
3179
3038
2879
2650
2541
2406
2335
2343
2280
2173
1999
1965
2055
2092
1975
1382
514
-291
-943
-1151
-1323
-1638
-1975
-2425
-2841
-3307
-3911
-4405
-4719
-4754
-4593
-4564
-4665
-4871
-4804
-4289
-3528
-2697
-2172
-1988
-1807
-1555
-1149
-670
-267
174
625
1065
1449
1729
1931
2111
2368
2674
2800
2677
2215
1628
1159
800
536
169
-333
-918
-1400
-1731
-2029
-2338
-2772
-3237
-3604
-4023
-4330
-4573
-4669
-4473
-4153
-3671
-3260
-2992
-2649
-2144
-1423
-639
-33
452
776
1076
1445
1949
2582
3169
3705
4152
4462
4614
4633
4650
4682
4701
4703
4596
4346
3978
3659
3513
3531
3598
3569
3406
3161
2845
2586
2418
2266
2153
2045
1923
1871
1754
1671
1595
1351
891
97
-659
-1222
-1559
-1679
-1855
-2113
-2468
-3011
-3444
-3901
-4360
-4578
-4674
-4541
-4455
-4526
-4548
-4467
-4088
-3399
-2658
-2045
-1851
-1778
-1592
-1303
-805
-360
33
414
689
1023
1409
1667
1910
2083
2271
2381
2243
1881
1375
923
566
323
118
-232
-689
-1240
-1730
-2051
-2391
-2677
-2979
-3394
-3788
-4142
-4370
-4391
-4346
-4083
-3649
-3189
-2738
-2348
-1984
-1550
-1004
-354
310
873
1250
1576
2041
2494
3075
3655
4147
4558
4794
4866
4899
4804
4660
4598
4571
4513
4389
4217
3947
3790
3612
3496
3452
3225
2927
2640
2318
2139
1967
1829
1776
1670
1616
1555
1485
1209
626
-100
-831
-1353
-1635
-1822
-1943
-2201
-2534
-2847
-3187
-3540
-3935
-4258
-4390
-4424
-4383
-4384
-4445
-4355
-4043
-3394
-2630
-2060
-1783
-1721
-1678
-1490
-1158
-715
-332
10
344
696
1059
1279
1448
1650
1899
2096
2127
1879
1458
900
433
162
-3
-129
-331
-606
-948
-1325
-1676
-1995
-2364
-2769
-3174
-3460
-3655
-3740
-3715
-3564
-3278
-2927
-2541
-2126
-1751
-1396
-992
-582
-134
273
626
1045
1500
2014
2642
3217
3713
4069
4288
4458
4573
4557
4536
4463
4345
4269
4184
4142
4046
3953
3842
3714
3554
3318
3036
2783
2467
2222
2030
1843
1712
1571
1482
1453
1418
1267
911
225
-624
-1387
-1880
-2132
-2212
-2323
-2494
-2734
-3067
-3420
-3840
-4249
-4542
-4632
-4556
-4446
-4452
-4447
-4270
-3820
-3177
-2510
-2012
-1781
-1725
-1670
-1479
-1132
-757
-370
39
414
787
1107
1358
1565
1719
1850
1923
1825
1518
1054
617
320
240
270
227
22
-342
-774
-1125
-1436
-1707
-1941
-2256
-2545
-2799
-2973
-3013
-2956
-2816
-2505
-2155
-1809
-1535
-1357
-1168
-920
-547
-74
390
795
1197
1641
2211
2760
3250
3661
3935
4144
4269
4330
4400
4409
4402
4434
4436
4386
4271
4109
3939
3793
3626
3436
3217
2899
2533
2212
1923
1741
1632
1535
1462
1387
1301
1126
817
242
-596
-1382
-2070
-2438
-2408
-2391
-2375
-2502
-2922
-3273
-3693
-4198
-4524
-4805
-4854
-4703
-4638
-4570
-4467
-4255
-3772
-3087
-2384
-1945
-1756
-1777
-1867
-1725
-1468
-1061
-498
-68
388
815
1064
1280
1387
1378
1419
1436
1350
1165
836
455
193
159
214
287
222
-74
-377
-702
-1013
-1210
-1465
-1745
-1953
-2134
-2200
-2175
-2082
-1912
-1666
-1394
-1159
-944
-791
-696
-506
-213
164
656
1083
1512
1950
2319
2722
3127
3468
3724
3884
3928
3938
3923
3890
3881
3934
3945
3922
3898
3740
3565
3337
3024
2803
2538
2251
1999
1696
1449
1301
1192
1129
1068
981
891
699
422
-126
-745
-1350
-1880
-2033
-2104
-2081
-2049
-2194
-2379
-2617
-3027
-3397
-3708
-4003
-4080
-4134
-4096
-4015
-3907
-3671
-3329
-2819
-2408
-2054
-1909
-1938
-1956
-1896
-1714
-1384
-1010
-695
-261
59
339
544
650
731
815
905
910
889
690
487
366
329
410
503
538
477
379
208
55
-129
-373
-582
-760
-881
-934
-890
-834
-743
-613
-493
-334
-176
-79
11
76
161
332
569
855
1137
1350
1559
1829
2073
2307
2431
2562
2618
2639
2701
2654
2677
2671
2684
2709
2731
2629
2599
2476
2290
2198
1951
1882
1704
1573
1389
1190
1026
871
845
742
682
501
319
-13
-348
-721
-1078
-1215
-1427
-1419
-1517
-1589
-1709
-1924
-2151
-2487
-2736
-3043
-3107
-3198
-3142
-3106
-3000
-2877
-2787
-2644
-2634
-2489
-2485
-2336
-2233
-2087
-1948
-1810
-1589
-1389
-1081
-845
-588
-400
-243
-102
9
101
118
122
78
124
180
260
386
451
545
561
555
442
315
169
40
-42
-100
-107
-110
-67
-79
-25
29
128
252
352
425
469
490
515
603
710
879
1116
1372
1619
1823
1970
2101
2212
2307
2374
2449
2488
2512
2519
2492
2475
2466
2471
2475
2461
2400
2316
2176
1984
1779
1565
1353
1163
985
821
696
554
408
286
127
-61
-263
-485
-717
-927
-1113
-1286
-1452
-1618
-1748
-1819
-1884
-1985
-2115
-2285
-2427
-2541
-2628
-2683
-2712
-2731
-2695
-2649
-2611
-2561
-2515
-2390
-2279
-2150
-2024
-1903
-1752
-1632
-1486
-1302
-1123
-907
-700
-522
-346
-218
-70
55
142
218
300
417
535
604
682
742
768
791
744
688
590
519
515
507
498
449
382
337
290
260
299
361
442
491
489
487
459
512
621
799
994
1144
1298
1378
1428
1457
1541
1651
1773
1856
1924
1955
1911
1893
1866
1874
1861
1858
1840
1785
1713
1597
1493
1353
1199
1034
893
752
603
469
332
216
43
-103
-266
-436
-599
-800
-958
-1144
-1329
-1514
-1646
-1724
-1801
-1848
-1887
-1958
-2084
-2178
-2256
-2276
-2282
-2276
-2200
-2173
-2107
-2070
-1993
-1902
-1799
-1650
-1491
-1316
-1218
-1084
-988
-821
-701
-531
-352
-221
-67
20
160
231
337
421
533
592
612
620
624
664
658
693
677
648
551
456
399
351
335
331
348
328
304
288
316
346
371
426
462
521
556
643
747
872
1003
1129
1258
1324
1380
1412
1482
1539
1596
1622
1652
1636
1590
1572
1555
1551
1512
1487
1433
1352
1238
1149
1046
937
783
633
515
368
279
174
102
-11
-152
-308
-458
-634
-815
-952
-1097
-1185
-1343
-1417
-1515
-1581
-1620
-1686
-1698
-1786
-1817
-1899
-1882
-1915
-1904
-1882
-1836
-1758
-1767
-1653
-1651
-1517
-1471
-1326
-1197
-1107
-989
-942
-788
-757
-576
-507
-316
-222
-123
-6
48
210
196
359
361
447
443
469
498
469
546
538
642
565
581
484
480
456
431
483
449
502
440
501
494
536
551
585
630
628
671
679
762
768
820
849
899
945
960
1016
1041
1066
1065
1070
1033
985
929
900
894
869
850
810
784
733
667
647
601
519
414
300
203
92
42
23
20
-2
-54
-125
-253
-378
-508
-581
-654
-715
-787
-856
-902
-988
-1023
-1050
-1059
-1090
-1129
-1168
-1228
-1286
-1342
-1346
-1352
-1324
-1306
-1255
-1219
-1202
-1148
-1114
-1015
-976
-905
-858
-812
-755
-691
-571
-465
-341
-229
-102
-21
65
131
205
292
333
396
455
531
605
684
764
799
799
769
759
724
715
716
737
748
711
683
623
602
551
544
542
516
485
420
386
326
314
298
329
325
314
314
312
341
335
385
377
391
347
326
307
314
366
411
486
478
483
425
405
365
337
323
286
248
186
153
120
106
77
45
-9
-85
-174
-259
-322
-380
-422
-465
-497
-541
-604
-643
-660
-663
-665
-657
-660
-689
-715
-746
-757
-759
-743
-703
-660
-611
-583
-543
-519
-497
-471
-443
-408
-398
-376
-345
-289
-233
-176
-118
-80
-50
-32
-1
34
78
116
168
211
238
259
279
323
352
393
418
446
445
428
419
414
427
427
438
424
389
358
337
348
329
323
290
241
190
136
123
117
164
184
214
206
184
145
140
162
164
177
168
176
158
189
213
255
274
268
256
217
196
158
166
151
142
116
88
69
34
34
13
7
-25
-59
-107
-161
-199
-244
-259
-281
-279
-294
-292
-285
-284
-281
-290
-309
-340
-357
-373
-370
-366
-333
-310
-285
-268
-259
-247
-242
-234
-235
-236
-234
-241
-231
-211
-185
-158
-144
-118
-120
-98
-90
-72
-46
-29
-22
-16
9
20
54
85
119
145
168
197
202
207
205
200
201
205
226
238
271
288
312
316
312
300
273
259
225
221
205
218
214
218
221
217
208
183
161
131
104
70
49
14
-6
-28
-30
-38
-39
-51
-63
-86
-112
-124
-147
-169
-189
-207
-225
-218
-206
-174
-149
-105
-91
-89
-89
-99
-102
-104
-84
-62
-29
1
31
52
79
98
105
110
101
81
44
29
16
16
38
53
64
52
38
3
-18
-29
-20
-28
-33
-61
-112
-126
-136
-108
-86
-54
-54
-60
-77
-96
-114
-112
-96
-94
-85
-81
-79
-71
-41
-6
24
39
41
20
3
-7
16
45
82
117
139
158
159
175
183
204
205
205
185
168
161
167
184
190
201
191
173
132
110
90
62
36
-8
-59
-110
-145
-167
-171
-168
-180
-206
-241
-272
-304
-324
-339
-348
-351
-352
-345
-326
-290
-250
-204
-170
-145
-138
-125
-114
-86
-48
-5
37
81
115
144
168
193
227
247
268
272
267
247
245
231
234
234
238
234
215
208
180
164
140
120
89
74
45
26
8
-6
-19
-29
-26
-33
-32
-41
-52
-76
-88
-98
-96
-94
-79
-66
-51
-39
-37
-39
-41
-28
-25
-9
3
9
13
22
31
50
73
86
100
106
96
80
73
76
69
79
81
79
73
62
41
23
15
2
-22
-46
-76
-114
-139
-170
-180
-188
-189
-201
-212
-231
-260
-279
-299
-303
-312
-303
-303
-300
-301
-282
-266
-246
-215
-190
-170
-155
-145
-133
-114
-91
-54
-17
26
56
88
112
136
158
179
207
222
235
243
247
245
251
254
262
269
271
275
262
237
227
197
184
168
163
146
132
126
112
102
93
104
95
101
95
98
89
78
74
78
84
96
111
114
104
96
94
81
86
79
91
83
80
64
46
38
36
35
35
32
7
-5
-29
-41
-61
-61
-58
-62
-70
-83
-104
-137
-163
-184
-199
-217
-237
-252
-277
-293
-316
-328
-332
-336
-337
-342
-356
-377
-393
-409
-411
-404
-379
-354
-324
-308
-283
-270
-251
-228
-196
-165
-146
-114
-110
-91
-67
-22
18
67
116
146
166
182
196
214
234
253
279
275
288
279
290
297
307
312
316
312
292
275
252
247
228
235
238
243
234
235
223
219
215
206
208
207
214
222
233
238
240
234
234
225
225
218
215
199
183
161
146
129
113
111
92
75
46
21
-13
-36
-66
-92
-114
-139
-160
-179
-187
-199
-206
-215
-228
-250
-272
-296
-323
-344
-359
-363
-367
-367
-371
-387
-390
-398
-396
-405
-401
-412
-411
-416
-419
-417
-404
-368
-346
-305
-276
-246
-236
-213
-201
-184
-165
-136
-104
-66
-29
-5
25
51
89
107
145
166
190
196
211
222
227
245
256
275
284
291
283
280
273
265
253
259
255
249
258
262
263
272
289
303
316
327
331
335
347
352
371
398
421
436
454
456
455
442
428
411
395
380
358
336
304
270
231
202
162
128
92
54
-4
-61
-120
-173
-211
-246
-265
-286
-303
-318
-332
-357
-375
-389
-405
-415
-430
-424
-430
-423
-417
-412
-399
-398
-386
-387
-392
-405
-409
-413
-415
-415
-410
-412
-409
-410
-406
-399
-391
-373
-364
-352
-350
-331
-320
-301
-271
-237
-202
-159
-123
-102
-76
-47
-27
-3
34
60
93
113
139
159
173
196
212
229
243
269
279
289
294
301
318
335
364
380
398
417
436
441
450
461
475
480
500
518
530
547
556
578
570
575
568
564
548
525
499
469
449
418
394
366
326
278
231
175
130
78
35
-19
-64
-108
-161
-200
-231
-252
-269
-283
-295
-319
-344
-359
-385
-392
-400
-390
-384
-374
-369
-370
-376
-389
-389
-393
-396
-386
-388
-393
-408
-423
-440
-453
-455
-455
-451
-456
-458
-474
-481
-492
-483
-471
-447
-432
-407
-389
-355
-322
-293
-253
-235
-191
-151
-112
-85
-42
-3
53
95
139
178
203
228
262
300
321
349
362
376
380
406
431
442
441
453
461
467
488
483
478
471
474
475
484
483
498
498
490
483
462
460
432
430
422
407
393
374
347
316
287
263
251
208
175
143
104
73
38
2
-42
-85
-97
-121
-149
-158
-177
-196
-224
-254
-278
-286
-308
-307
-306
-300
-296
-329
-351
-368
-376
-377
-358
-370
-395
-417
-439
-441
-461
-474
-483
-511
-535
-540
-537
-529
-538
-547
-549
-570
-564
-555
-536
-497
-467
-398
-353
-348
-338
-324
-276
-207
-122
-43
-4
25
70
101
148
214
297
357
394
413
419
444
486
547
582
594
579
569
539
549
583
597
594
579
550
523
516
492
496
465
442
446
437
400
364
356
367
367
325
303
246
219
234
245
232
193
167
165
155
145
145
101
82
64
62
22
23
36
10
-23
-71
-54
-83
-97
-89
-93
-146
-193
-226
-261
-293
-305
-272
-326
-366
-365
-363
-377
-438
-477
-546
-647
-622
-573
-572
-579
-617
-635
-653
-704
-673
-670
-724
-699
-658
-614
-603
-579
-556
-500
-468
-420
-377
-333
-280
-187
-173
-183
-52
-46
53
55
135
259
316
418
396
303
247
343
400
500
520
606
590
407
367
383
407
469
630
635
729
742
526
-40
-967
-817
552
1832
2367
1592
-302
-1577
-2013
-693
1137
1747
2092
1300
476
-552
-1310
-964
-408
565
2008
2418
2039
654
-1539
-1662
-1527
126
2228
2091
1759
760
-330
-232
-998
-1236
-285
21
1474
1903
1142
88
-1520
-1935
-1640
-817
512
1560
1452
343
-1368
-2444
-2309
-1327
195
719
818
-31
-839
-1509
-2063
-1527
-1119
-118
331
274
-223
-1032
-1565
-1574
-1351
-653
-27
190
215
-433
-756
-1288
-1234
-916
-435
-14
275
331
78
-371
-779
-727
-744
-228
230
762
795
389
-78
-529
-542
-183
592
1115
1153
889
366
21
2
240
757
1106
1273
1227
864
553
474
477
653
882
1152
1290
1193
824
555
186
140
615
996
1314
1124
707
192
-149
-270
246
623
809
969
519
194
-130
-296
-147
-16
234
514
380
259
102
87
-206
-431
-347
-189
102
267
375
-153
-334
-760
-577
-479
-835
-157
-22
-141
-524
-1078
-1536
-1175
-899
-518
-319
-1255
-1297
-1274
-1422
-1150
-1166
-1143
-1130
-1388
-1616
-1389
-1140
-1089
-851
-1235
-1409
-1146
-1096
-736
-622
-883
-458
-490
-460
-244
-474
-151
184
212
401
361
254
821
501
894
882
905
1237
1052
1210
1054
1264
1220
1655
1334
1524
1163
1079
1498
1445
1679
1103
1254
753
1107
1269
1529
1503
512
628
623
1019
932
1103
832
463
509
272
654
405
451
573
468
276
275
225
21
266
39
43
103
-47
-252
-326
-766
-349
-308
-288
-245
-782
-1015
-1438
-1066
-1282
-645
-1216
-1141
-1278
-1726
-1322
-1855
-1239
-1649
-1267
-1527
-1321
-1394
-1657
-1351
-1729
-1079
-1342
-872
-843
-860
-943
-1113
-922
-950
-445
-454
-166
-296
-417
-347
-367
-133
-51
15
42
134
252
372
284
148
2
102
352
658
891
830
690
290
223
298
691
1322
1617
1372
848
696
594
1067
1433
1568
1671
1447
1549
1848
1684
1410
1404
1387
1599
1970
2073
2043
1737
1081
1090
1040
1306
1734
1575
1324
988
563
161
139
-28
191
150
210
117
-582
-1007
-1138
-1200
-1307
-1108
-1208
-1106
-1433
-1581
-1731
-2039
-1956
-1820
-1571
-1588
-1321
-1393
-1377
-1546
-1759
-1620
-1470
-1127
-788
-567
-682
-742
-937
-1018
-802
-645
-316
-140
-390
-379
-510
-534
-462
-579
-483
-441
-429
-543
-564
-683
-584
-568
-652
-597
-760
-693
-555
-509
-453
-460
-326
-202
-152
-75
-2
304
466
751
826
671
728
941
1336
1572
1824
1888
1891
1918
2018
2218
2238
2396
2417
2562
2595
2539
2660
2355
2339
2174
2154
2228
2358
2329
2088
1722
980
610
268
557
702
1042
868
80
-719
-1600
-1744
-1707
-1267
-1056
-972
-1474
-1971
-2523
-2991
-2872
-2629
-2046
-1850
-1623
-1750
-1907
-2122
-2346
-2244
-1958
-1263
-731
-337
-419
-692
-914
-980
-762
-481
23
362
503
209
-195
-545
-655
-371
-97
164
-42
-286
-562
-869
-1089
-1056
-842
-844
-735
-875
-970
-1206
-1345
-1201
-1100
-751
-602
-341
-334
-488
-404
-358
-97
268
702
999
1183
1163
1145
1342
1475
1862
2199
2496
2572
2515
2491
2380
2671
2789
3052
3079
2880
2837
2657
2627
2644
2565
2562
2575
2173
1793
1018
647
791
919
1132
800
232
-423
-1069
-1731
-1915
-2006
-1688
-1283
-1452
-1756
-2773
-3347
-3540
-3286
-2679
-2195
-1609
-1594
-1868
-2526
-2751
-2508
-1733
-804
-196
164
-149
-285
-482
-451
-182
245
885
1215
1149
729
306
10
-134
-185
180
440
435
170
-645
-1247
-1627
-1743
-1429
-1144
-1129
-1173
-1529
-2008
-2437
-2680
-2287
-1682
-1036
-829
-935
-1067
-1409
-1463
-1090
-495
350
1089
1417
1361
1018
785
999
1554
2232
2884
3260
3310
2967
2689
2448
2589
3143
3540
3776
3663
3413
3012
2571
2305
2384
2571
2951
3045
2617
1738
411
-52
142
521
1022
904
344
-539
-1899
-2928
-3221
-2986
-2031
-1230
-1200
-1912
-3366
-4283
-4595
-4128
-3093
-1951
-932
-754
-1418
-2382
-2820
-2510
-1397
-236
1060
1673
1488
973
211
-59
45
823
1909
2465
2346
1870
1013
375
-322
-590
-15
263
506
299
-636
-1327
-2072
-2768
-2736
-2622
-2188
-1612
-1669
-2091
-2880
-3542
-3573
-3226
-2344
-1555
-879
-496
-979
-1434
-1689
-1352
-195
925
1815
2326
2207
1875
1489
1383
1875
2714
3856
4399
4175
3752
3066
2723
2714
2946
3520
3866
3882
3491
2723
2118
1765
1894
2135
2190
2313
1988
1313
260
-800
-924
-548
-129
51
-290
-770
-1660
-2960
-3740
-3975
-3630
-2412
-1612
-1440
-2336
-3665
-4233
-4330
-3864
-2886
-1141
142
211
-736
-1631
-1969
-1450
-325
1123
2369
2617
2527
1901
1087
432
539
1516
2471
2691
2445
1812
999
102
-773
-981
-844
-432
-403
-750
-1116
-2012
-2706
-3306
-3917
-3770
-3482
-2891
-2186
-2275
-2825
-3231
-3620
-3488
-3069
-2149
-845
8
463
33
-204
-264
82
1106
2149
3083
3704
3780
3451
2867
2448
2794
3327
4221
4562
4426
4274
3527
2846
2312
2083
2480
2895
2906
2687
2176
1581
1079
815
742
723
1042
1180
801
-175
-1438
-1631
-1331
-1078
-758
-746
-635
-1368
-2825
-3852
-4336
-4023
-2804
-1556
-935
-1394
-2698
-3383
-3775
-3810
-2952
-1034
817
1174
404
-539
-982
-1030
-507
785
2304
2929
2880
2306
1467
590
243
979
1616
1802
1690
1417
922
-172
-1317
-1626
-1484
-1362
-1405
-1587
-1798
-2367
-3037
-3560
-4011
-3938
-3672
-3202
-2657
-2644
-2689
-2634
-2597
-2616
-2329
-1556
-521
443
967
1067
1376
1442
1482
2063
2674
3495
4126
4371
4206
3796
3373
3325
3488
3644
3685
3679
3654
3115
2614
2112
1785
1650
1596
1570
1445
1257
987
699
593
595
521
664
562
464
344
-356
-1365
-1508
-1174
-781
-120
-304
-508
-1050
-2631
-3573
-3870
-3912
-2842
-1431
-577
-734
-2188
-3198
-3393
-3540
-2897
-1426
425
1226
571
-28
-420
-712
-608
291
1591
2201
2217
2064
1723
1071
312
576
1167
1075
806
590
407
-207
-1068
-1334
-1238
-1501
-1902
-2409
-2508
-2712
-3150
-2957
-3100
-3273
-3325
-3409
-3105
-2899
-2712
-2153
-1574
-1335
-1272
-962
-342
192
797
1353
1844
2387
2429
2588
2909
3088
3532
3828
3938
3755
3398
3270
3138
3005
2968
2947
2953
2574
1969
1584
1363
1299
1252
1362
1297
1002
787
515
417
635
859
1227
1435
1161
986
617
-228
-1261
-1327
-596
-74
593
297
-65
-650
-2608
-3606
-4109
-4257
-3076
-1621
-721
-850
-2170
-3003
-3255
-3877
-3493
-2193
-242
596
135
141
-172
-331
-437
70
1130
1342
1633
1708
1713
1252
735
1242
1571
1061
430
225
-98
-418
-1150
-999
-540
-942
-1497
-2329
-2675
-3112
-3476
-3172
-2969
-2813
-2763
-2764
-2586
-2799
-2874
-2399
-1668
-1307
-1106
-468
285
833
1043
1402
1805
2151
2175
2398
2943
3306
3777
3984
3957
3523
3058
2906
2776
2742
2660
2753
2818
2369
1751
1324
1140
1129
1018
1017
1112
1011
843
802
750
905
1294
1308
1493
1318
1034
1124
491
-511
-886
-489
-259
184
-101
-402
-466
-2072
-3108
-3920
-4552
-4176
-3218
-2226
-1908
-2384
-2776
-2640
-3324
-3605
-3071
-1721
-674
-714
-251
258
541
628
923
1430
1388
1276
1392
1583
1765
1664
2254
2608
1986
1175
517
154
-462
-1026
-1088
-735
-705
-1035
-1758
-2261
-2863
-3590
-3590
-3730
-3631
-3359
-3147
-2760
-2567
-2512
-2260
-1873
-1669
-1658
-1087
-258
473
1316
1774
2239
2592
2543
2486
2719
2855
3262
3689
3801
3822
3526
3436
3022
2738
2340
2011
2081
1810
1650
1445
1371
1328
1233
1092
929
828
677
582
847
974
1294
1730
1816
1954
1474
962
544
-298
-1073
-443
-132
284
681
-455
-270
-1790
-3213
-3561
-4470
-4168
-3899
-2900
-2332
-2216
-2630
-2428
-2611
-3073
-3013
-2722
-1383
-1521
-638
-136
452
1191
1000
1821
1459
1151
982
742
1158
1270
1607
2470
2265
1855
1156
163
-331
-1249
-1609
-1400
-1217
-1048
-1133
-1648
-1900
-2733
-3327
-3565
-3886
-3556
-3352
-2758
-2388
-2036
-1841
-1496
-1095
-1077
-738
-361
127
603
1206
1881
2650
2948
3063
3015
2862
2815
2725
2943
2996
3105
3107
3132
2898
2498
2181
1858
1585
1253
984
912
1180
1148
1259
1391
1485
1460
1245
1089
944
1084
1285
1661
2089
2222
2247
2179
1480
119
-1047
-835
-939
-629
-123
-413
298
-994
-2556
-3447
-4969
-5358
-4904
-3932
-3141
-2832
-2522
-1807
-2272
-2676
-2834
-2191
-1384
-2149
-1450
-875
-14
821
1311
2428
2303
1910
1456
648
338
177
629
1959
1923
1754
1537
878
145
-1047
-1577
-1716
-1729
-1917
-2250
-2314
-2211
-2401
-2226
-2504
-2764
-2924
-3339
-3213
-3218
-2471
-1620
-692
162
330
477
768
774
1182
1666
1989
2765
2833
3101
3076
3215
3505
3449
3528
3108
2757
2311
1925
1668
1693
1678
1859
1732
1509
1174
799
909
638
834
1017
1262
1401
1456
1469
1723
1899
2084
2464
2504
2647
2392
2372
1587
313
-592
-461
-936
-866
-489
-1001
-86
-1770
-2679
-3598
-5448
-5641
-5837
-4975
-4655
-4038
-3360
-2472
-2720
-2633
-2367
-2069
-1597
-2608
-1566
-1420
-592
531
1364
2673
2613
2699
2304
1395
820
667
824
1714
1393
1804
1853
1304
825
-311
-634
-1300
-1683
-2068
-2350
-2760
-2556
-2701
-2479
-2423
-2689
-2360
-2791
-2711
-3042
-2543
-2060
-1520
-677
-226
540
932
1350
1514
1912
2058
2187
2430
2472
2557
2776
3101
3109
3225
2931
2615
2353
1852
1629
1368
1274
1300
1088
1152
1031
1007
1256
1150
1369
1503
1614
1710
1759
1942
2051
2310
2614
2864
3071
3103
3076
2875
2100
604
-174
-377
-1275
-974
-1460
-1603
-1362
-2606
-2759
-4092
-5002
-5624
-5796
-5538
-5929
-5359
-4749
-3512
-3255
-2184
-1883
-1255
-1203
-1878
-1002
-1397
-80
403
1708
2476
2677
3453
2988
2823
2248
2116
1837
1865
1246
1328
1096
978
826
323
101
-896
-1148
-2041
-2800
-3142
-3262
-3147
-3022
-3193
-2881
-2822
-2772
-2557
-2481
-1905
-1969
-1449
-1118
-708
-164
562
1167
1839
2213
2340
2726
2555
2748
2465
2822
2739
2587
2640
2336
2331
2099
2008
1806
1757
1390
1169
864
713
566
750
1035
1164
1604
1763
2038
2001
2159
2112
2153
2256
2316
2606
2640
2826
3000
2898
2045
636
114
-475
-1502
-1283
-2026
-2044
-2216
-3425
-3164
-4464
-4964
-5260
-5280
-5113
-5828
-5563
-4993
-4210
-3942
-2217
-1684
-454
-616
-909
19
-820
503
582
2198
2592
2752
3577
3187
3280
2950
3105
2815
2615
1443
1408
549
324
102
-220
13
-1087
-1192
-2094
-2900
-3289
-3526
-3548
-3347
-3658
-3363
-3381
-3376
-2866
-2602
-1685
-1509
-998
-718
-448
-126
444
1061
1721
2156
2356
2715
2653
2895
2785
3096
3055
2819
2680
2206
2015
1748
1621
1767
1669
1548
1423
1145
1151
865
957
1053
1146
1393
1473
1794
1815
2047
2382
2360
2454
2509
2574
2762
2671
2786
2670
1832
532
-33
-563
-1396
-1241
-1780
-1514
-2116
-3586
-3658
-4842
-5290
-5627
-5386
-4990
-5346
-5484
-4945
-4333
-4351
-2629
-2042
-520
-715
-965
55
-498
432
618
2251
2812
3061
3264
3345
3303
3045
3264
3090
3107
1804
1716
633
213
-204
-452
-53
-968
-1362
-2057
-2776
-3329
-3598
-4025
-3620
-3884
-3913
-3632
-3804
-3181
-2713
-1996
-1456
-1160
-792
-439
-77
366
938
1647
2174
2420
2459
2735
2851
2999
3202
3092
3079
2712
2319
1980
1861
1732
1862
1845
1603
1458
1098
1140
925
1053
1232
1377
1577
1465
1663
1626
1990
2357
2462
2664
2791
2835
2897
2785
2717
2958
2122
1051
194
-464
-1258
-1553
-1891
-1864
-1844
-3188
-3098
-4595
-5284
-5855
-5982
-5315
-5974
-5328
-5203
-3919
-4245
-2894
-2082
-1212
-496
-1075
418
-326
782
757
2127
2690
2731
3749
3438
4098
3198
3704
3509
3129
2241
1702
1178
215
-66
-754
-412
-1195
-1686
-2089
-2714
-3190
-3803
-3868
-4223
-4287
-4613
-4432
-4185
-4055
-3197
-2644
-1718
-1391
-1001
-649
-150
270
618
1595
1804
2522
2456
2703
3015
3056
3404
3393
3571
3184
2908
2415
2246
1957
1910
2005
1788
1752
1374
1398
1239
1216
1350
1463
1657
1613
1726
1807
1996
2220
2482
2570
2746
2836
2752
2863
2678
2795
2357
1195
376
-298
-1163
-1447
-1918
-2161
-1859
-3166
-3227
-4233
-5200
-5299
-5896
-5171
-5694
-5375
-5247
-4373
-4218
-3448
-2304
-1609
-422
-971
350
-12
763
1088
1702
2660
2381
3334
2990
3498
3189
3426
3656
3484
2752
2155
1541
467
42
-747
-763
-1283
-1828
-2274
-2873
-3274
-3667
-3778
-3857
-4289
-4383
-4683
-4546
-4586
-4189
-3181
-2729
-1612
-1493
-652
-206
364
933
1417
2260
2125
2856
2468
3119
3087
3367
3863
3521
3952
3034
3349
2687
2634
2517
2136
2319
1526
1599
1122
1200
1137
1320
1554
1500
1720
1611
1814
1866
2048
2220
2318
2294
2440
2422
2372
2532
2560
2561
1638
464
-36
-833
-1743
-1689
-2469
-2087
-2640
-3770
-3426
-5144
-4936
-5577
-5200
-5002
-5541
-4955
-4801
-3878
-4115
-2476
-2159
-686
-920
-436
454
24
1430
890
2600
2161
2616
2951
2720
3121
2700
3312
3152
2909
2015
1845
991
379
-231
-723
-899
-1702
-2176
-2806
-3228
-3406
-3707
-3543
-3843
-4279
-4033
-4493
-4086
-4108
-3587
-2683
-2514
-1682
-1507
-679
-46
628
1398
1918
2494
2454
2982
2813
3261
3445
3648
3941
3547
3828
3162
3477
3016
3081
3064
2508
2590
1692
1820
1272
1325
1287
1316
1462
1269
1515
1413
1760
1796
2055
2051
2064
2002
2027
2095
2036
2279
2243
2062
1124
196
-313
-1022
-1496
-1734
-2160
-2069
-2929
-3468
-3807
-4840
-4813
-5341
-4873
-5151
-5328
-5098
-4675
-4010
-4051
-2561
-2241
-1071
-1176
-627
128
104
1100
913
2233
1807
2283
2494
2549
3018
2660
3400
2999
2849
2103
1904
1293
650
273
-438
-501
-1505
-1995
-2551
-2872
-3019
-3309
-3300
-3764
-3865
-3984
-4132
-3842
-3764
-3191
-2712
-2481
-1951
-1728
-847
-376
568
1186
1824
2464
2432
3106
2869
3684
3609
3930
4024
3684
3860
3224
3666
3112
3495
3206
3101
2958
2139
2198
1525
1536
1127
1193
1072
938
1121
1026
1428
1374
1530
1602
1511
1610
1557
1813
1896
1908
1942
1539
792
-215
-453
-1111
-1377
-1653
-2148
-1959
-3048
-3286
-3878
-4356
-4558
-4943
-4677
-5293
-5207
-5521
-4596
-4394
-3931
-2758
-2473
-1118
-1677
-594
-333
204
911
834
2023
1310
2095
1905
2330
2652
2553
3300
2912
2952
2137
2180
1472
1074
710
49
-39
-1141
-1440
-2172
-2314
-2661
-2951
-2870
-3442
-3301
-3724
-3457
-3403
-3344
-2807
-2722
-2251
-2253
-1658
-1265
-484
132
616
1619
1726
2518
2657
3303
3651
3788
4143
3830
4060
3476
3709
3546
3529
3649
3296
3474
2887
2680
2354
2161
1888
1642
1487
1109
1001
697
857
805
895
965
954
1091
913
1229
1286
1483
1563
1433
1269
455
-244
-594
-993
-1438
-1676
-2167
-2130
-2829
-3320
-3384
-3998
-3893
-4416
-4248
-4624
-4868
-4922
-4666
-4117
-4171
-3160
-2848
-1870
-1873
-1177
-436
-9
837
727
1783
1444
1858
1895
2155
2514
2300
2953
2647
2823
2262
2331
2133
1677
1500
810
644
-259
-817
-1402
-1839
-2193
-2631
-2779
-3229
-3388
-3633
-3472
-3446
-3315
-3065
-2916
-2485
-2524
-2038
-1735
-1092
-573
-119
524
932
1687
1988
2817
3147
3739
3931
4046
4173
3860
4079
3766
4087
3790
3706
3553
3204
3043
2570
2536
2190
2111
1752
1542
1254
924
835
568
639
400
454
395
337
448
455
742
607
727
624
329
-64
-592
-715
-1226
-1577
-1914
-2213
-2440
-3006
-3150
-3357
-3681
-3876
-3956
-3894
-4115
-4197
-4084
-3711
-3678
-3387
-2919
-2474
-1901
-1694
-846
-480
133
560
961
1530
1487
2004
2160
2496
2514
2645
2798
2702
2659
2379
2450
2083
1871
1443
1050
657
8
-400
-966
-1325
-1852
-2259
-2556
-3037
-3245
-3373
-3422
-3308
-3330
-3076
-2851
-2664
-2397
-2096
-1552
-1220
-598
-252
376
859
1261
1936
2255
2939
3125
3604
3704
3891
3983
3858
4170
3814
3943
3617
3431
3180
2756
2632
2246
2070
1644
1445
1112
823
591
325
214
51
16
-103
-149
-233
-159
-35
-44
57
65
136
-14
-224
-403
-657
-799
-1129
-1333
-1621
-1865
-2124
-2413
-2627
-2912
-3011
-3194
-3152
-3389
-3415
-3392
-3327
-3085
-3112
-2667
-2396
-1907
-1706
-1300
-824
-530
45
270
889
1110
1496
1763
1958
2211
2240
2566
2589
2718
2565
2515
2402
2114
1869
1513
1327
911
497
1
-452
-913
-1351
-1646
-2059
-2277
-2510
-2632
-2706
-2829
-2747
-2680
-2494
-2355
-2115
-1803
-1494
-1065
-686
-208
211
708
1138
1544
1969
2313
2679
2859
3089
3152
3269
3316
3292
3303
3144
3056
2783
2572
2222
1965
1726
1413
1229
894
691
414
189
10
-101
-113
-199
-230
-265
-290
-270
-261
-165
-39
-51
48
-19
-103
-249
-431
-496
-709
-821
-1052
-1173
-1447
-1659
-1836
-2118
-2148
-2415
-2435
-2610
-2681
-2706
-2769
-2607
-2618
-2279
-2209
-1915
-1686
-1510
-1119
-961
-529
-382
9
253
499
795
943
1304
1370
1682
1732
1861
1887
1821
1908
1688
1659
1403
1242
916
578
310
-27
-318
-662
-855
-1175
-1322
-1567
-1645
-1704
-1778
-1698
-1702
-1564
-1499
-1311
-1122
-878
-578
-298
9
278
550
791
1097
1309
1526
1694
1879
2011
2046
2156
2156
2238
2200
2159
2082
1912
1778
1617
1536
1338
1189
1065
928
743
592
490
398
322
204
158
67
37
-15
4
54
85
122
84
67
-30
-88
-183
-253
-396
-574
-667
-840
-957
-1121
-1208
-1295
-1391
-1507
-1625
-1667
-1774
-1766
-1785
-1751
-1754
-1719
-1611
-1585
-1436
-1305
-1131
-979
-857
-704
-567
-343
-163
55
268
423
547
627
716
750
837
864
896
854
709
569
435
316
138
44
-81
-239
-429
-585
-703
-804
-842
-825
-789
-786
-769
-744
-665
-567
-446
-290
-137
0
115
215
356
507
629
778
908
1022
1109
1186
1297
1359
1418
1464
1502
1489
1415
1391
1396
1349
1297
1279
1199
1132
1051
989
964
940
907
841
778
683
562
513
471
421
378
341
261
130
18
-113
-158
-248
-345
-446
-534
-661
-818
-882
-980
-1021
-1087
-1073
-1119
-1199
-1210
-1251
-1217
-1229
-1195
-1132
-1101
-1056
-1034
-957
-897
-818
-743
-636
-535
-456
-304
-230
-88
-12
75
159
194
284
282
337
361
280
210
123
46
-61
-129
-160
-250
-301
-404
-471
-550
-562
-555
-512
-452
-461
-431
-439
-392
-381
-267
-156
-81
40
63
117
180
261
364
468
612
695
772
828
861
903
965
1029
1072
1093
1076
1076
1044
1049
1019
1011
1026
989
979
959
936
916
895
868
828
768
702
634
572
497
394
296
170
22
-123
-243
-327
-452
-531
-645
-758
-863
-965
-1015
-1070
-1073
-1079
-1095
-1111
-1129
-1159
-1121
-1083
-1006
-936
-872
-813
-791
-725
-698
-605
-518
-421
-357
-288
-232
-215
-143
-98
-21
41
123
152
139
161
129
136
114
93
65
16
-7
-94
-120
-182
-208
-230
-282
-295
-325
-316
-345
-315
-299
-298
-271
-241
-183
-154
-66
-9
34
93
121
193
253
354
461
543
643
685
714
755
807
866
910
958
983
960
915
885
882
884
903
926
948
909
858
831
807
790
772
783
724
641
547
444
348
267
189
98
2
-113
-264
-378
-472
-579
-648
-702
-752
-831
-887
-929
-952
-973
-964
-960
-953
-936
-939
-882
-847
-803
-756
-696
-652
-611
-545
-489
-420
-376
-312
-284
-259
-224
-195
-128
-87
-19
4
23
34
19
45
59
83
74
70
45
-2
-31
-70
-75
-80
-76
-101
-127
-152
-202
-209
-223
-214
-199
-175
-148
-137
-88
-65
-23
35
87
146
208
282
326
377
426
474
518
557
607
645
686
693
710
712
698
694
697
711
723
738
742
720
707
676
646
642
619
596
550
510
423
341
279
211
165
105
60
-21
-107
-199
-278
-345
-410
-466
-526
-578
-656
-711
-775
-806
-842
-865
-856
-869
-860
-856
-838
-815
-787
-747
-700
-658
-605
-559
-510
-468
-427
-390
-344
-297
-249
-183
-135
-73
-30
25
58
114
161
199
255
267
296
288
292
280
263
272
261
258
235
221
194
171
159
149
135
142
143
129
138
141
148
161
180
195
215
229
260
261
293
310
327
357
373
404
418
456
465
477
474
473
473
478
493
494
501
491
468
441
424
403
385
373
347
310
263
199
144
89
56
25
-19
-53
-111
-166
-227
-275
-314
-352
-386
-445
-490
-553
-605
-667
-697
-724
-755
-772
-794
-809
-818
-798
-790
-765
-739
-710
-688
-647
-611
-569
-526
-487
-443
-399
-354
-293
-234
-174
-98
-40
34
81
145
199
254
316
346
385
395
404
396
387
382
374
361
342
326
299
282
250
252
239
230
234
219
216
201
206
206
206
224
225
222
231
235
243
246
269
281
290
306
326
342
355
371
367
376
362
363
354
356
352
338
322
297
269
240
215
195
183
156
116
64
20
-41
-79
-113
-139
-171
-206
-250
-292
-344
-377
-400
-430
-443
-472
-506
-552
-583
-616
-633
-648
-658
-683
-695
-717
-735
-726
-717
-707
-689
-655
-632
-594
-559
-516
-469
-413
-359
-312
-256
-190
-116
-52
14
80
140
205
282
337
402
461
505
537
562
578
581
593
591
589
583
564
528
503
475
451
432
415
400
374
357
324
295
267
262
244
231
233
215
203
188
180
168
175
184
187
185
186
186
186
186
181
174
168
158
128
117
92
68
31
16
-17
-43
-54
-84
-104
-136
-153
-201
-215
-250
-276
-297
-316
-337
-367
-380
-402
-409
-420
-412
-422
-415
-416
-428
-438
-443
-444
-453
-444
-444
-451
-459
-465
-473
-477
-471
-461
-461
-446
-426
-412
-386
-352
-316
-275
-224
-181
-136
-79
-28
18
75
136
193
258
316
380
437
490
544
581
620
654
679
694
709
712
706
694
676
652
634
614
585
560
529
487
450
425
388
362
340
319
293
268
243
212
193
177
161
136
126
91
76
64
42
26
10
2
-29
-47
-70
-105
-141
-165
-194
-222
-243
-269
-301
-325
-344
-376
-385
-403
-414
-426
-429
-443
-455
-456
-464
-463
-453
-436
-430
-411
-402
-387
-377
-360
-342
-319
-297
-273
-258
-254
-240
-243
-237
-236
-218
-224
-220
-219
-234
-236
-244
-236
-237
-223
-214
-204
-183
-165
-154
-128
-88
-48
-7
38
83
123
171
221
264
321
376
425
473
518
549
568
596
607
615
632
639
631
619
598
581
558
536
510
491
464
436
401
369
338
301
280
262
252
222
205
174
140
113
83
62
47
36
13
-12
-32
-63
-88
-105
-130
-155
-179
-206
-245
-281
-312
-342
-363
-383
-404
-420
-443
-462
-486
-493
-501
-503
-495
-487
-482
-479
-465
-455
-440
-413
-380
-351
-320
-291
-264
-242
-211
-192
-164
-135
-122
-109
-101
-97
-99
-92
-82
-75
-79
-61
-65
-69
-64
-69
-66
-61
-38
-25
-6
10
28
40
70
94
131
176
210
248
281
326
345
383
415
445
462
499
510
510
520
519
518
503
515
497
485
468
443
406
382
366
338
312
287
267
233
214
191
168
149
138
121
107
82
59
41
28
14
-6
-18
-43
-64
-97
-123
-159
-190
-215
-247
-269
-302
-332
-367
-392
-423
-453
-467
-491
-512
-515
-521
-531
-537
-534
-524
-509
-484
-463
-444
-415
-393
-369
-331
-289
-263
-230
-188
-160
-130
-101
-74
-56
-23
4
22
41
60
63
71
80
94
102
126
145
155
170
186
200
203
231
246
271
285
308
316
336
355
373
392
416
437
449
468
468
477
465
467
466
456
443
436
409
387
358
330
311
282
258
234
204
176
148
122
95
71
58
38
31
23
8
-14
-26
-35
-45
-63
-64
-76
-88
-101
-130
-148
-170
-180
-204
-219
-240
-274
-302
-327
-369
-392
-409
-436
-459
-474
-498
-518
-531
-540
-539
-539
-530
-527
-513
-503
-487
-466
-449
-420
-387
-358
-334
-308
-284
-255
-224
-197
-164
-131
-107
-84
-63
-38
-30
-4
19
41
62
79
92
107
126
143
169
194
222
242
277
291
312
332
363
383
402
423
441
452
460
476
478
498
494
505
507
505
495
491
477
461
442
431
407
385
361
323
299
258
241
212
185
151
135
109
85
61
44
24
6
-6
-19
-36
-67
-80
-100
-119
-133
-147
-177
-202
-222
-258
-281
-304
-328
-360
-386
-408
-442
-473
-502
-519
-547
-562
-580
-594
-603
-609
-609
-610
-596
-593
-571
-547
-525
-503
-466
-443
-407
-370
-329
-297
-263
-222
-201
-166
-132
-94
-70
-32
-8
19
35
54
79
97
127
151
177
197
219
229
253
275
296
323
350
370
393
414
433
460
475
499
507
525
531
539
544
544
550
540
539
530
520
507
490
476
459
437
408
385
364
338
300
281
259
225
202
186
159
134
116
94
74
55
41
17
-3
-24
-45
-69
-88
-114
-136
-160
-191
-219
-255
-287
-324
-350
-386
-411
-442
-470
-505
-528
-546
-569
-583
-602
-600
-606
-601
-605
-594
-585
-567
-550
-525
-491
-464
-431
-404
-359
-329
-283
-242
-203
-159
-118
-81
-51
-12
10
40
78
105
128
149
179
195
205
234
252
266
284
306
326
337
364
380
399
420
433
452
463
476
477
490
497
506
506
505
503
493
479
461
448
420
408
379
357
334
303
272
246
213
186
164
142
113
88
70
57
43
25
21
16
9
-8
-5
-15
-32
-41
-44
-55
-62
-81
-95
-112
-140
-167
-189
-221
-250
-273
-313
-339
-384
-417
-466
-482
-519
-554
-570
-600
-614
-641
-651
-652
-659
-648
-636
-621
-603
-597
-558
-546
-495
-476
-424
-373
-350
-298
-267
-203
-195
-140
-88
-55
-14
22
73
101
121
164
209
228
254
271
313
310
335
354
380
417
421
456
474
511
496
523
540
559
560
544
582
565
563
521
551
532
489
486
470
456
395
382
349
316
268
233
224
184
147
118
117
78
55
32
18
13
-28
-17
-29
-18
-24
-43
7
-7
6
-16
-21
11
-34
-35
-51
-54
-71
-125
-123
-144
-174
-208
-277
-243
-309
-362
-387
-433
-456
-546
-526
-607
-567
-604
-686
-602
-655
-637
-692
-658
-629
-666
-651
-719
-531
-520
-656
-416
-422
-360
-364
-363
-100
-273
-173
-219
5
59
-168
242
85
293
206
222
509
319
426
264
560
431
392
530
451
704
418
569
554
759
546
343
940
306
753
365
520
908
21
902
94
937
271
117
1006
-341
964
-411
564
323
-338
695
-623
841
-480
126
202
-406
482
-762
365
-296
-132
-60
-359
230
-310
-80
-63
-31
-19
-240
-113
154
-396
42
-355
13
-128
-520
212
-585
128
-617
-226
-186
-705
-38
-998
1
-775
-585
-334
-905
-56
-1033
-253
-756
-435
-436
-989
28
-995
-120
-764
-318
-172
-697
173
-890
503
-659
-79
122
-510
601
-789
735
-314
340
340
-314
1118
-442
880
130
344
857
-185
1023
87
773
601
190
1126
227
857
535
474
1034
159
869
474
589
762
84
1041
155
653
430
199
793
-119
607
16
363
136
-35
373
-236
282
-189
30
-24
-150
44
-240
61
-242
-76
-107
-273
-8
-258
-87
-170
-121
-77
-164
-23
-236
-63
-113
-256
-81
-266
-81
-264
-335
-61
-390
-135
-528
-168
-333
-606
-190
-736
-55
-795
-396
-338
-679
-130
-943
5
-715
-442
-313
-778
73
-796
-138
-482
-274
-142
-605
116
-449
-6
-266
-238
163
-251
22
-84
69
104
-94
205
136
189
154
133
432
188
352
292
400
414
272
517
365
568
403
460
627
435
635
513
521
611
400
587
372
511
429
281
492
137
564
92
319
258
56
326
-190
358
-188
166
-82
-117
236
-307
295
-243
167
-65
-108
113
-281
228
-293
38
-52
-57
165
-190
173
-44
14
-95
-136
67
-245
-138
-179
-159
-103
-325
-100
-230
-283
-311
-406
-272
-486
-378
-490
-415
-392
-475
-370
-473
-352
-450
-524
-373
-415
-403
-382
-374
-220
-342
-251
-238
-149
-174
-281
-78
-163
-99
-99
-71
23
-11
-1
56
65
129
17
122
148
103
283
101
370
261
257
342
257
463
236
448
328
448
426
365
590
388
551
360
517
383
368
369
267
350
179
307
193
270
175
171
99
78
34
-55
-24
-122
-67
-146
-76
-103
-32
-71
-76
-55
-93
-88
-158
-98
-153
-104
-152
-49
6
-40
27
-19
10
-95
-104
-135
-158
-192
-260
-150
-231
-195
-167
-217
-201
-297
-300
-355
-396
-383
-431
-423
-407
-347
-326
-325
-271
-266
-295
-304
-272
-249
-255
-269
-189
-160
-131
-69
-19
31
-12
63
16
51
65
26
97
58
116
131
185
188
234
243
203
245
245
243
231
266
257
303
289
355
391
382
405
394
433
373
399
383
352
346
331
348
334
323
319
277
240
213
185
149
108
76
44
18
-17
6
-21
-52
-79
-64
-95
-106
-91
-121
-100
-138
-114
-107
-96
-101
-84
-74
-83
-31
-62
-28
-44
-54
-68
-84
-60
-95
-73
-129
-100
-126
-163
-156
-177
-167
-274
-244
-270
-308
-303
-327
-301
-325
-349
-309
-314
-287
-313
-305
-261
-312
-234
-271
-187
-183
-175
-122
-146
-40
-102
-64
-31
-31
15
-24
55
51
42
51
51
139
67
90
120
95
117
86
136
162
153
164
167
221
209
206
250
235
287
246
278
314
314
317
283
348
306
308
289
285
285
216
212
200
210
161
152
146
126
89
37
63
22
7
-21
-22
0
-18
-8
-12
5
-9
-29
0
-12
-2
-10
-34
29
-13
10
6
17
24
-46
0
-63
-40
-91
-124
-96
-158
-133
-185
-155
-202
-252
-230
-303
-266
-319
-317
-312
-349
-318
-348
-301
-319
-310
-284
-307
-270
-279
-249
-228
-218
-172
-180
-116
-98
-76
-51
-56
-28
-41
-17
-15
1
-5
17
33
51
51
67
88
55
87
57
100
84
91
126
110
167
144
200
210
188
246
215
251
249
259
285
264
300
277
300
308
271
290
264
246
250
200
221
177
176
164
118
177
93
124
83
61
81
-2
54
10
18
12
-16
42
-1
32
27
5
43
-16
21
1
-6
11
-42
10
-46
-27
-41
-75
-58
-131
-122
-170
-168
-198
-227
-217
-244
-243
-263
-263
-287
-286
-320
-308
-307
-314
-304
-302
-278
-290
-256
-239
-230
-198
-197
-171
-151
-139
-105
-98
-64
-63
-47
-22
-34
-4
-18
-9
6
-7
8
8
18
19
17
25
39
38
47
48
58
74
60
110
109
144
160
183
214
212
257
252
287
284
278
308
296
309
303
304
299
281
283
250
252
222
197
169
161
134
119
113
83
94
55
69
47
51
35
6
34
-11
16
14
8
36
10
40
19
26
18
-15
12
-39
-24
-51
-69
-64
-111
-103
-149
-151
-179
-206
-213
-257
-272
-296
-311
-316
-328
-343
-342
-347
-338
-340
-331
-320
-328
-303
-301
-270
-250
-241
-202
-194
-161
-149
-130
-102
-107
-74
-79
-58
-38
-41
-18
-13
0
0
9
19
9
13
14
11
26
24
38
61
69
92
90
127
123
131
173
158
211
197
239
262
262
312
285
348
324
345
362
319
364
315
340
325
306
320
258
286
235
228
215
164
175
117
125
107
85
98
53
80
50
42
48
19
41
12
19
13
14
17
9
13
1
-12
-12
-33
-38
-53
-81
-89
-123
-131
-155
-170
-189
-212
-231
-253
-269
-287
-307
-313
-326
-341
-345
-345
-329
-335
-315
-319
-301
-288
-278
-262
-255
-224
-215
-182
-174
-138
-120
-107
-85
-80
-65
-70
-54
-54
-51
-35
-36
-26
-22
-16
-10
-16
-3
-9
0
9
15
37
41
67
78
104
128
139
164
173
195
201
216
237
248
266
282
294
316
314
327
322
312
317
288
293
262
259
247
225
226
195
194
162
148
133
92
95
70
63
59
51
59
34
51
38
34
39
13
22
4
7
1
-9
-12
-35
-35
-59
-70
-93
-108
-129
-149
-169
-191
-200
-212
-218
-232
-241
-255
-262
-278
-282
-284
-285
-284
-275
-272
-266
-259
-243
-238
-225
-202
-202
-177
-166
-150
-129
-118
-100
-89
-72
-56
-51
-38
-36
-28
-18
-22
-10
-12
4
2
7
23
22
41
31
47
54
60
82
81
101
113
129
146
153
180
190
207
220
231
254
249
263
261
269
274
267
277
264
260
250
236
227
207
199
177
161
150
135
129
111
114
90
80
71
55
55
42
44
35
28
26
17
23
13
8
10
-6
3
-16
-23
-37
-57
-59
-80
-82
-113
-125
-144
-174
-176
-205
-215
-234
-238
-244
-268
-253
-274
-262
-262
-267
-240
-259
-235
-232
-220
-195
-199
-165
-167
-139
-126
-121
-94
-98
-75
-74
-57
-40
-45
-21
-27
-15
-5
-11
12
-2
18
10
19
31
26
47
37
60
63
76
95
98
117
126
142
157
161
193
191
209
228
221
246
233
254
245
253
256
236
249
220
234
213
205
200
171
171
144
132
121
94
91
70
75
67
54
63
33
50
24
15
14
-7
3
-30
-19
-32
-41
-41
-60
-48
-73
-69
-79
-102
-96
-123
-125
-145
-158
-165
-187
-187
-210
-214
-227
-247
-243
-266
-255
-255
-263
-249
-255
-246
-241
-229
-216
-212
-193
-184
-170
-159
-149
-133
-127
-104
-100
-86
-77
-71
-55
-59
-38
-47
-38
-38
-25
-11
-12
6
4
15
21
34
50
53
74
89
96
119
118
144
142
154
173
164
189
181
198
198
208
221
218
230
221
225
222
215
222
202
207
195
183
189
167
174
143
145
133
116
123
94
100
80
76
74
56
60
44
39
36
25
24
7
7
-8
-16
-16
-36
-36
-55
-57
-67
-85
-88
-109
-115
-137
-149
-158
-177
-171
-194
-193
-202
-206
-201
-209
-205
-205
-199
-191
-191
-184
-186
-180
-178
-173
-163
-164
-142
-148
-131
-128
-125
-109
-107
-89
-90
-76
-72
-69
-53
-57
-39
-38
-31
-18
-25
6
-1
19
23
26
52
50
82
85
94
117
119
146
147
158
171
162
197
182
206
202
200
210
194
212
194
196
193
181
190
176
174
170
146
163
137
152
131
130
130
104
116
85
100
79
78
76
55
66
50
43
45
18
27
3
-4
-13
-28
-27
-57
-54
-83
-89
-107
-115
-123
-143
-144
-161
-167
-181
-192
-199
-206
-208
-218
-215
-216
-217
-213
-220
-210
-200
-193
-190
-188
-171
-169
-157
-144
-141
-124
-130
-111
-107
-98
-95
-96
-86
-96
-79
-80
-77
-69
-66
-48
-35
-31
-11
-10
11
13
36
43
56
81
78
112
111
140
146
157
181
183
196
208
218
224
219
231
224
224
230
208
216
195
198
190
184
189
179
184
171
172
163
156
160
144
142
138
133
132
121
116
105
94
84
73
73
53
53
43
19
23
-4
-11
-28
-44
-62
-74
-86
-104
-114
-126
-130
-149
-153
-160
-168
-179
-185
-188
-191
-198
-199
-208
-205
-206
-207
-200
-204
-195
-203
-183
-196
-189
-185
-180
-160
-164
-149
-145
-142
-138
-131
-123
-109
-110
-100
-99
-86
-88
-77
-68
-69
-54
-56
-34
-35
-25
-13
-6
10
21
38
55
64
86
92
110
126
137
151
149
169
169
179
182
183
196
192
191
186
184
186
179
185
175
177
173
165
166
159
161
151
148
145
139
134
132
127
124
112
115
111
108
101
89
85
78
75
66
58
54
43
38
25
10
-3
-22
-28
-44
-53
-69
-76
-91
-101
-104
-116
-124
-129
-142
-143
-151
-155
-149
-163
-158
-164
-153
-164
-152
-152
-153
-146
-146
-146
-137
-132
-125
-121
-117
-107
-119
-98
-111
-96
-101
-93
-85
-88
-79
-82
-73
-72
-66
-53
-49
-48
-31
-38
-20
-21
-4
0
9
25
26
47
46
60
69
80
85
98
105
107
120
126
121
123
121
121
124
119
120
113
113
110
97
94
83
81
81
76
73
68
66
61
63
54
57
57
58
55
56
53
42
41
31
28
13
9
4
-9
-14
-19
-28
-34
-53
-59
-74
-75
-76
-87
-91
-100
-94
-103
-109
-103
-102
-107
-108
-106
-98
-113
-101
-101
-103
-98
-105
-93
-100
-80
-85
-83
-76
-78
-63
-63
-51
-48
-44
-34
-39
-36
-30
-22
-17
-16
-5
-4
-1
7
8
19
15
28
32
33
41
38
47
56
62
67
76
86
93
88
103
111
114
114
121
130
123
133
127
130
130
126
126
124
118
113
105
105
101
84
82
76
69
62
62
53
51
45
47
48
40
44
37
31
25
28
19
16
9
7
3
-8
-14
-26
-30
-46
-44
-54
-64
-66
-77
-82
-88
-94
-96
-101
-102
-105
-111
-106
-112
-108
-111
-102
-103
-108
-102
-106
-102
-108
-104
-105
-100
-97
-91
-92
-89
-80
-77
-72
-64
-60
-63
-54
-51
-45
-36
-32
-20
-17
-13
-9
-12
1
3
18
26
31
39
37
54
44
50
61
61
75
79
81
83
84
98
95
104
109
114
117
116
126
120
121
113
111
108
108
105
109
100
99
94
89
85
82
83
77
81
70
69
54
54
41
35
33
30
30
21
23
21
15
4
6
-7
-10
-15
-32
-30
-44
-50
-60
-57
-67
-74
-80
-92
-92
-110
-108
-114
-112
-116
-114
-111
-110
-107
-106
-105
-105
-103
-103
-101
-102
-89
-91
-84
-84
-73
-81
-73
-72
-68
-59
-56
-47
-50
-39
-36
-28
-29
-23
-18
-11
-10
2
6
9
17
26
26
32
36
34
43
45
48
46
50
46
53
56
60
64
71
76
77
83
86
86
82
85
92
90
93
90
89
80
74
72
63
63
53
53
48
46
38
35
29
28
16
16
13
7
7
1
2
-12
-10
-27
-25
-34
-36
-41
-40
-44
-44
-47
-59
-57
-70
-71
-79
-76
-85
-83
-87
-86
-89
-93
-97
-99
-91
-95
-85
-86
-81
-79
-80
-68
-71
-71
-59
-57
-54
-50
-46
-48
-44
-39
-39
-31
-32
-28
-22
-22
-18
-23
-16
-10
0
6
6
15
7
18
23
26
28
36
45
47
55
54
60
65
63
75
68
76
85
79
86
86
94
89
91
89
92
85
85
91
85
84
79
79
72
67
67
65
65
66
57
60
51
44
40
38
32
30
26
21
25
16
16
10
14
7
12
5
3
-3
-6
-13
-20
-22
-34
-41
-46
-41
-55
-58
-66
-60
-68
-64
-72
-74
-78
-83
-77
-82
-76
-81
-75
-80
-71
-73
-66
-65
-65
-63
-57
-52
-51
-47
-50
-39
-43
-35
-35
-26
-21
-19
-10
-10
-10
-8
-3
-5
4
3
19
19
16
24
28
28
26
35
33
47
50
58
59
57
54
61
71
67
74
67
71
63
63
62
67
67
60
67
66
60
60
62
58
59
52
56
42
49
50
49
48
40
39
28
22
19
9
13
4
-2
4
-9
-9
-23
-15
-24
-25
-24
-28
-21
-32
-25
-44
-41
-45
-48
-45
-48
-38
-51
-48
-61
-55
-65
-74
-69
-78
-71
-84
-70
-79
-68
-82
-78
-74
-76
-67
-70
-58
-67
-53
-55
-31
-46
-33
-30
-30
-25
-24
-18
-18
-2
-3
7
-3
6
-2
9
10
18
16
26
27
26
34
28
40
38
47
49
51
48
63
62
61
64
67
70
63
68
69
64
70
73
67
65
64
63
60
61
58
55
52
58
55
50
51
48
43
37
31
27
23
25
15
15
13
6
-3
-10
-11
-16
-13
-20
-24
-31
-28
-32
-34
-41
-36
-42
-46
-43
-42
-46
-57
-49
-53
-46
-51
-53
-59
-57
-60
-61
-60
-63
-60
-57
-60
-58
-60
-64
-61
-67
-58
-55
-51
-47
-39
-39
-32
-28
-17
-11
-6
0
3
7
10
14
10
17
17
17
19
18
20
29
29
36
32
36
34
38
47
42
52
45
59
54
56
60
59
61
61
67
66
69
70
64
58
63
56
58
51
52
42
44
42
31
34
17
22
12
14
11
11
7
0
-2
-5
-5
-16
-18
-28
-19
-29
-28
-29
-36
-41
-41
-41
-55
-51
-51
-52
-60
-60
-69
-67
-66
-69
-70
-70
-74
-70
-66
-66
-71
-64
-56
-67
-56
-63
-52
-55
-47
-51
-57
-46
-48
-38
-50
-35
-43
-35
-29
-27
-21
-17
-7
-12
0
-4
12
14
27
34
32
35
37
42
42
49
47
51
51
58
51
53
51
51
52
57
58
55
63
55
62
51
57
59
61
58
63
60
53
60
48
47
38
38
32
28
23
21
20
12
12
8
12
8
8
9
7
5
0
0
-6
-6
-12
-21
-25
-25
-32
-38
-31
-35
-34
-41
-45
-46
-50
-52
-52
-51
-49
-54
-58
-58
-58
-53
-56
-50
-55
-45
-44
-36
-34
-37
-31
-33
-31
-28
-14
-21
-12
-12
-15
-10
-13
-12
-6
-6
-9
2
9
13
14
21
21
21
27
32
37
38
39
44
41
43
44
45
45
42
52
51
47
40
38
32
27
30
22
23
17
19
13
10
13
6
16
13
20
24
23
24
23
28
21
26
20
22
17
17
13
10
9
0
3
-6
-4
-12
-10
-12
-11
-14
-20
-19
-24
-26
-26
-33
-32
-30
-34
-26
-29
-21
-23
-22
-21
-29
-26
-29
-30
-37
-29
-35
-30
-24
-28
-30
-24
-17
-23
-20
-19
-16
-10
-4
0
6
-3
6
4
-1
6
-1
7
0
2
6
8
10
7
10
13
4
7
12
15
18
8
15
7
15
9
14
18
22
32
26
32
26
33
27
34
28
29
20
19
16
10
12
5
3
-1
3
0
2
-6
-3
-2
-4
-1
-3
-4
-5
0
-5
-8
-9
-1
-9
-7
-10
-13
-13
-25
-18
-25
-22
-28
-26
-28
-37
-39
-34
-34
-42
-40
-41
-42
-33
-29
-31
-24
-19
-10
-15
-13
-8
-6
-14
-12
-3
-18
-22
-24
-28
-30
-29
-26
-30
-29
-22
-20
-21
-9
-19
-15
-13
-5
-6
-3
-4
-5
8
4
12
6
19
7
17
16
15
29
20
27
27
31
25
26
22
23
17
29
29
28
29
27
36
29
30
34
36
34
37
36
29
28
24
25
18
16
16
11
5
12
11
8
13
10
13
9
15
9
4
12
16
14
17
18
9
10
10
7
7
12
-1
0
6
3
-3
-4
-3
-5
-4
-3
-6
-6
-10
-15
-6
-9
-14
-17
-13
-9
-10
-11
-7
-8
-6
1
1
6
1
-3
-3
-4
-3
-3
-3
0
-4
6
2
3
2
0
5
4
7
8
12
7
19
13
19
17
14
14
14
13
11
14
13
7
5
10
1
8
0
6
1
5
3
2
0
-5
0
-6
6
0
6
7
1
-1
2
3
8
4
7
14
2
0
-3
1
-4
1
-5
-3
-4
-9
-7
-7
1
-13
-6
-9
-4
-11
-8
-11
-9
-8
-13
-8
-18
-9
-18
-4
-15
-8
-12
-15
-12
-13
-9
-15
-9
-16
-11
-16
-5
-9
-3
-3
4
3
5
13
8
17
13
16
9
15
10
12
8
6
4
4
8
7
8
3
8
8
4
2
7
2
4
5
4
9
5
11
8
10
9
15
12
12
11
7
9
3
13
6
4
6
3
6
13
4
6
-1
1
5
-4
2
-5
-1
-5
0
-4
-3
-9
-14
-10
-13
-10
-20
-14
-18
-14
-14
-18
-25
-28
-26
-28
-21
-21
-16
-25
-20
-23
-19
-15
-19
-16
-14
-9
-10
-7
-9
-7
-11
-3
-7
-8
-8
-9
-7
-9
-9
-12
-6
-15
-6
-10
-10
-8
-8
-5
-9
-4
-8
0
-2
2
0
-1
4
3
-3
-3
-1
0
6
-3
1
-1
-9
-10
1
-4
-3
4
8
7
3
11
8
12
15
18
14
14
19
18
14
17
17
12
13
12
12
8
10
9
11
13
12
13
13
14
12
13
10
5
10
5
8
7
2
5
3
13
9
8
12
6
1
0
3
3
6
10
9
0
-1
-4
-1
-5
0
-4
-5
-2
-6
-7
-7
-8
-9
-8
-7
-4
-10
0
-3
4
6
6
9
7
3
3
10
6
4
-4
4
-1
-4
-3
-4
-6
2
2
1
7
1
6
4
4
9
8
5
4
-1
-2
3
-5
-3
-7
-10
-16
-10
-14
-13
-11
-10
-7
-12
-6
-15
-12
-17
-8
-16
-17
-15
-17
-15
-13
-6
-10
-5
-9
-2
-10
-3
-6
-8
-6
0
0
-6
-1
-7
-7
-9
-3
-13
-12
-11
-6
-10
-10
-6
-13
-18
-20
-13
-13
-15
-21
-21
-20
-22
-25
-20
-20
-22
-15
-15
-10
-9
-6
-3
6
6
10
5
5
6
3
9
7
6
-1
3
0
0
-6
-6
-3
-9
0
-2
3
3
6
3
0
-1
4
7
4
8
7
15
4
10
7
16
12
7
11
11
15
7
11
4
10
-2
3
1
3
-2
0
3
3
9
3
12
10
13
11
14
10
13
13
20
25
22
26
25
23
20
26
20
22
25
19
16
15
16
12
16
10
13
13
13
14
4
8
10
11
10
18
10
13
15
13
9
8
12
5
4
4
4
1
1
-2
6
-4
-4
-3
0
-4
-3
-7
-6
-1
-3
4
0
7
4
6
8
10
8
7
6
3
0
6
3
6
3
1
0
-1
3
-2
6
-2
10
10
18
10
9
10
7
8
13
22
16
19
12
17
9
15
10
9
16
15
8
13
13
11
7
7
13
6
13
0
9
3
4
6
4
5
5
9
5
6
3
5
0
-1
-8
-2
-2
-6
-4
3
4
-3
6
-2
0
3
5
5
0
6
-7
-3
0
4
0
5
9
7
0
-3
0
-6
-4
-9
-4
-13
-7
-16
-6
-11
-13
-15
-18
-10
-19
-11
-17
-13
-22
-13
-21
-17
-25
-23
-15
-21
-10
-15
-19
-22
-13
-17
-13
-24
-14
-19
-16
-19
-21
-18
-19
-13
-15
-4
-6
-4
-5
-3
-6
-3
-8
-5
-5
-5
2
0
-5
-11
-16
-21
-26
-23
-24
-26
-24
-22
-26
-28
-31
-34
-26
-20
-22
-19
-10
-19
-3
-12
-3
3
1
8
-3
1
5
5
4
3
-7
-2
-12
-4
-10
-4
-5
-4
-3
-4
0
-1
3
-2
8
4
9
0
9
3
5
-1
0
-6
-5
-4
-13
-9
-16
-8
-18
-15
-22
-16
-25
-20
-19
-14
-14
-17
-10
-13
-3
-6
1
-5
4
7
10
11
10
13
6
7
0
-2
-6
-7
-6
-6
-2
-4
3
-4
6
6
-1
5
5
5
4
15
11
13
12
18
16
19
16
15
11
17
15
17
21
12
18
10
15
11
13
5
10
7
13
12
13
18
13
20
20
21
17
27
18
19
13
16
14
5
7
3
-3
-2
-7
-10
-14
-12
-13
-14
-10
-16
-9
-10
2
1
-5
3
1
-8
0
-7
-2
0
-6
-3
-6
-1
-12
-10
-14
-13
-19
-14
-15
-19
-18
-13
-13
-16
-19
-19
-10
-18
-9
-15
-7
-11
-1
-8
-5
-2
-4
-1
-4
6
-2
-6
-11
-4
-12
-6
-6
-6
-5
-10
-1
-9
-5
-8
-9
-1
0
1
1
4
3
12
3
10
8
6
12
8
6
7
12
5
7
0
5
4
6
5
7
6
6
12
9
13
8
12
9
13
9
13
5
7
5
3
9
4
9
6
10
11
17
6
11
12
19
14
9
8
8
9
5
12
7
9
4
10
13
13
13
18
16
15
25
26
23
13
10
9
7
0
0
-3
-6
-9
-10
-12
-19
-12
-9
-3
2
0
10
9
13
12
19
13
19
15
15
19
18
17
7
14
7
6
6
8
1
6
0
-3
-4
-4
-5
2
6
4
13
5
11
5
8
6
11
9
16
13
11
9
-1
2
-4
-3
-12
-4
-5
-5
-3
-1
-4
-8
-6
0
-1
0
13
13
21
18
18
17
15
19
13
15
15
10
6
0
-6
-6
-8
-9
-4
-3
1
3
-1
2
3
-1
4
4
5
9
13
7
0
7
4
4
0
2
6
3
5
5
0
2
6
2
0
8
3
4
-2
0
6
3
12
3
6
8
9
0
10
7
9
10
7
10
1
1
-8
2
-2
0
-1
3
-4
1
-3
0
-2
-14
-7
-14
0
-10
-4
-12
-10
-14
-16
-14
-10
-7
-11
-9
-16
-14
-25
-23
-24
-13
-14
-10
-10
-7
-7
-15
-9
-15
-9
-16
-14
-18
-21
-26
-28
-32
-34
-27
-36
-27
-26
-19
-12
-10
-11
-9
-3
1
5
1
5
-4
-4
-18
-16
-19
-22
-29
-31
-22
-31
-28
-32
-28
-27
-23
-22
-16
-16
-6
-1
5
9
9
19
13
22
13
15
16
17
12
11
4
0
-7
-16
-10
-16
-12
-12
-3
2
9
13
23
24
24
31
26
25
25
25
18
10
6
-1
-9
-9
-16
-22
-25
-23
-21
-26
-21
-20
-14
-3
7
16
17
32
28
28
30
27
22
16
13
4
-4
-18
-22
-35
-35
-40
-39
-40
-36
-32
-23
-16
-11
-3
3
18
18
28
33
38
29
31
22
17
4
-3
-12
-22
-22
-30
-29
-37
-41
-49
-41
-35
-32
-23
-7
6
16
26
32
38
39
47
45
44
35
30
18
5
-6
-24
-32
-37
-44
-50
-38
-35
-29
-26
-10
-1
6
22
18
27
36
45
46
37
33
25
17
3
-7
-11
-14
-18
-29
-30
-26
-37
-32
-28
-17
-2
13
33
39
53
52
55
54
46
38
32
28
20
15
-3
-18
-19
-31
-38
-39
-36
-30
-22
-10
-3
6
16
24
27
42
52
56
52
53
54
41
32
17
6
-3
-7
-10
-13
-18
-19
-26
-28
-32
-28
-22
-14
4
14
39
46
53
52
57
53
47
47
40
34
23
19
0
-15
-27
-34
-41
-33
-28
-20
-7
4
13
12
23
18
29
28
39
43
45
46
37
26
15
10
-9
-6
-22
-24
-32
-33
-47
-48
-54
-53
-44
-36
-14
-7
16
20
37
31
29
22
25
14
7
8
-9
-21
-36
-47
-65
-70
-72
-62
-59
-45
-34
-23
-13
-5
3
15
22
28
35
38
44
36
28
11
-1
-15
-22
-27
-26
-25
-36
-39
-47
-60
-63
-59
-54
-43
-19
-3
10
24
38
42
45
43
42
43
35
30
18
9
-12
-21
-45
-57
-62
-66
-59
-47
-35
-31
-13
-12
-4
-3
11
18
37
48
50
53
54
49
32
27
14
6
0
-4
-16
-27
-44
-53
-67
-66
-63
-49
-31
-16
1
16
35
33
40
38
41
34
30
29
18
6
-9
-24
-44
-51
-58
-59
-54
-42
-30
-30
-23
-19
-21
-11
-2
6
16
22
31
29
18
15
8
-3
-1
-2
-8
-6
-13
-24
-35
-50
-60
-58
-54
-47
-25
-12
4
12
30
37
43
50
53
60
58
65
58
46
29
13
-6
-13
-13
-16
-18
-15
-10
-5
0
-5
-7
-3
6
16
28
37
50
48
54
50
40
35
28
22
18
16
2
-3
-16
-26
-44
-45
-46
-34
-24
-12
6
16
26
31
39
36
41
35
42
34
35
21
8
-6
-16
-25
-35
-34
-34
-21
-26
-18
-25
-15
-18
-10
-10
-4
10
16
30
32
37
28
18
5
13
3
-1
-6
-9
-16
-25
-32
-44
-44
-51
-45
-34
-23
-16
4
17
16
26
27
25
26
36
35
35
28
18
-3
-15
-23
-36
-35
-42
-33
-29
-24
-23
-18
-18
-15
-5
2
15
27
45
48
61
61
60
48
41
36
28
27
13
11
-6
-16
-31
-32
-37
-36
-31
-16
1
16
28
35
41
39
46
48
52
51
57
46
37
23
9
-4
-20
-24
-31
-28
-28
-25
-27
-22
-19
-15
-7
2
12
16
34
32
32
27
21
21
10
9
-1
-3
-13
-19
-28
-36
-45
-51
-53
-53
-50
-47
-31
-26
-16
-12
-4
-5
3
7
7
11
15
13
9
4
-6
-10
-24
-29
-37
-37
-42
-44
-49
-46
-45
-44
-38
-31
-25
-22
-2
1
10
15
22
26
27
25
19
18
15
14
4
2
-12
-16
-28
-34
-29
-29
-26
-10
-4
-6
7
7
9
19
19
19
25
31
34
25
19
15
6
2
-4
-6
-6
0
-1
-3
4
3
5
6
9
15
18
18
19
19
19
17
13
6
6
3
-1
0
-3
-4
-8
-13
-19
-24
-25
-20
-23
-20
-9
-4
-2
5
14
17
15
15
22
12
10
9
4
2
-6
-17
-24
-31
-28
-26
-28
-24
-18
-16
-16
-3
-10
3
6
15
18
27
31
28
34
23
27
23
22
14
18
13
8
-5
-6
-12
-15
-16
-17
-8
-10
4
4
5
7
19
15
17
16
15
19
9
15
10
0
-7
-15
-19
-21
-27
-28
-25
-26
-28
-28
-18
-25
-17
-12
-6
2
4
10
10
12
0
-1
-7
-3
-14
-11
-19
-24
-26
-32
-28
-40
-34
-39
-34
-30
-19
-19
-11
-3
3
0
3
6
11
17
13
18
10
9
-2
2
-5
-7
-12
-11
-13
-13
-9
-15
-1
-7
-4
7
13
17
25
34
34
32
40
38
29
28
21
14
13
10
5
-2
-4
-10
-7
-10
1
0
1
9
4
12
9
10
10
19
17
26
28
26
25
22
11
13
12
7
16
7
13
10
3
4
3
3
6
4
8
6
14
20
20
23
19
15
9
12
5
4
1
-2
-9
-7
-8
-13
-14
-17
-17
-19
-13
-13
-12
-3
4
6
7
9
4
8
10
9
3
10
6
-4
0
-5
-7
-7
2
-7
-7
-8
-15
-12
-14
-7
-11
-7
2
1
11
11
10
12
8
10
4
6
3
-7
-9
-7
-14
-11
-10
-10
-12
-10
-6
-6
1
-1
3
-2
1
2
0
-3
-4
-2
-1
3
-1
2
0
1
3
-1
4
7
5
3
7
5
3
3
2
5
16
12
6
6
7
2
2
4
3
6
-2
-3
-3
1
-8
-10
-6
-14
-7
-4
-7
-5
-2
4
7
9
15
10
13
12
19
13
14
11
8
7
8
6
-2
-2
-12
-7
-9
-7
-11
-8
-7
-5
-3
3
1
4
19
15
21
16
21
20
16
15
6
4
2
-2
-1
-2
-5
0
-14
-10
-13
-15
-12
-13
-12
-15
-6
-4
3
2
5
9
15
15
18
15
12
19
7
11
1
2
0
-4
-6
-13
-12
-15
-14
-15
-9
-10
-9
-10
3
-4
4
5
6
9
8
9
1
3
-1
-3
-7
-3
-9
-7
-9
-7
-5
-15
-10
-11
-9
-16
-9
-7
-11
-7
-3
3
-5
5
4
0
-4
-7
-11
-11
-12
-16
-18
-26
-26
-32
-33
-32
-20
-16
-4
-3
6
9
9
15
10
19
12
9
5
1
-5
-5
-3
-2
-8
-5
-13
-16
-14
-19
-19
-16
-6
-9
-1
-5
3
4
9
10
4
11
10
14
9
8
0
6
0
0
2
-3
-10
-17
-14
-22
-18
-18
-15
-15
0
6
11
19
13
22
21
24
25
28
22
17
13
6
-1
-7
-10
-16
-17
-19
-14
-18
-8
-8
-6
-2
-5
1
-2
7
8
5
6
2
1
3
-1
-4
0
-8
-13
-17
-22
-16
-20
-16
-9
-10
-8
-6
-2
2
3
1
6
0
2
3
0
0
3
6
-7
-8
-11
-12
-16
-13
-14
-14
-21
-12
-12
-8
-4
1
9
3
15
15
24
24
22
22
22
12
12
12
9
4
2
8
-7
-6
-12
-11
-14
-4
-2
2
6
3
11
5
8
13
17
12
16
10
16
9
-1
0
-4
-15
-20
-25
-32
-20
-28
-12
-17
-10
0
0
11
7
16
16
25
19
24
23
23
13
12
6
-3
-3
-16
-19
-29
-27
-35
-29
-23
-15
-11
2
6
9
16
19
30
25
34
30
26
22
23
19
11
3
0
-5
-17
-14
-27
-26
-22
-22
-23
-18
-9
-7
-3
4
17
13
25
29
29
27
32
30
18
15
3
-1
-13
-17
-25
-33
-38
-32
-29
-26
-23
-26
-10
-6
-3
4
16
15
23
35
38
37
31
28
19
9
-2
-6
-20
-21
-25
-28
-28
-29
-21
-25
-14
-1
3
14
27
25
32
32
36
32
28
35
25
18
12
3
-10
-16
-26
-32
-36
-38
-39
-39
-33
-25
-16
-9
7
3
12
17
18
25
21
17
15
12
9
0
-13
-13
-21
-22
-32
-33
-33
-35
-26
-24
-21
-17
-7
-5
6
8
8
13
18
16
10
19
8
4
0
-9
-13
-13
-18
-24
-22
-23
-20
-12
-5
-1
10
14
13
19
16
12
23
23
22
22
26
23
14
11
4
-6
-9
-2
-4
-2
1
10
13
23
32
38
42
42
47
53
51
50
53
48
41
32
21
13
10
-4
-8
-15
-14
-16
-17
-16
-9
-5
-4
12
8
17
20
22
22
31
26
24
22
14
9
3
0
-12
-6
-12
-16
-21
-18
-19
-23
-22
-19
-16
-12
-1
2
7
5
4
2
9
4
4
-4
-1
0
-11
-7
-15
-17
-28
-23
-23
-17
-13
-8
-3
-6
-2
-7
-4
-10
-7
-8
-7
-6
-5
-8
-9
-6
-12
-8
-4
-1
-5
-3
2
1
6
12
19
18
24
25
29
29
25
25
22
12
13
2
-5
-10
-21
-21
-28
-28
-29
-25
-26
-18
-18
-14
-11
-10
-1
0
7
8
9
4
11
0
2
0
-10
-11
-19
-20
-23
-19
-19
-19
-19
-16
-15
-16
-13
-7
-3
-2
13
4
6
6
4
2
-12
-10
-18
-18
-24
-29
-40
-35
-38
-39
-33
-34
-30
-24
-10
-7
4
6
9
12
12
7
4
-3
-6
-11
-13
-19
-29
-25
-37
-35
-39
-37
-32
-27
-26
-22
-7
-10
-1
6
19
22
33
37
38
41
35
34
26
23
7
3
-12
-14
-23
-33
-34
-36
-38
-32
-25
-21
-7
-3
12
22
35
37
42
48
46
38
35
28
13
3
-12
-18
-33
-34
-41
-44
-36
-34
-29
-27
-20
-14
-3
9
16
27
33
37
36
34
35
23
14
10
-1
-10
-17
-24
-38
-49
-50
-53
-54
-49
-44
-38
-25
-9
6
25
32
45
49
58
58
50
47
40
40
19
9
-1
-6
-20
-27
-38
-42
-41
-41
-35
-30
-12
-13
12
22
44
63
74
76
80
88
82
79
67
60
42
27
12
7
-9
-12
-28
-34
-30
-30
-12
-10
10
15
38
47
57
67
72
72
65
62
47
41
23
26
4
-7
-18
-27
-34
-38
-31
-35
-25
-18
-12
-8
9
20
29
41
50
59
60
57
53
42
28
20
6
-7
-20
-28
-40
-50
-61
-62
-60
-53
-40
-36
-19
-6
12
21
28
34
39
35
35
36
21
16
-3
-9
-28
-32
-45
-60
-64
-74
-73
-79
-67
-63
-48
-34
-13
-2
13
29
35
41
39
45
35
38
28
12
0
-7
-19
-34
-37
-53
-57
-54
-54
-54
-41
-34
-14
0
16
32
38
53
53
62
55
59
46
41
32
13
0
-16
-27
-34
-38
-44
-45
-47
-36
-34
-25
-9
2
10
26
37
48
57
57
53
39
38
27
15
1
-7
-17
-27
-34
-41
-44
-52
-45
-47
-35
-28
-20
-9
3
16
26
38
38
43
40
45
32
25
19
8
-2
-16
-29
-42
-47
-53
-61
-65
-57
-57
-48
-43
-33
-24
-12
2
7
21
23
35
34
30
21
11
7
0
-6
-20
-26
-35
-48
-48
-48
-47
-48
-41
-29
-25
-5
7
19
22
34
40
44
41
40
35
25
18
9
-2
-14
-11
-25
-24
-37
-33
-38
-32
-28
-28
-24
-16
2
2
16
15
31
26
29
22
26
19
12
5
-4
-8
-17
-23
-30
-28
-36
-31
-34
-20
-20
-11
-6
7
16
14
23
21
26
21
30
23
18
13
3
-1
-7
-16
-22
-25
-34
-27
-30
-18
-22
-15
-4
0
11
16
25
30
41
35
36
27
26
26
20
13
4
-7
-14
-15
-22
-23
-32
-30
-27
-22
-16
-2
6
11
19
21
36
36
37
39
40
34
24
26
19
7
5
-8
-15
-10
-22
-16
-10
-8
-6
3
11
16
23
30
42
47
43
42
43
31
31
25
14
3
-6
-12
-20
-24
-32
-33
-34
-31
-26
-21
-8
-3
14
23
34
37
41
44
39
44
36
28
20
9
-3
-6
-25
-27
-38
-39
-42
-41
-44
-41
-28
-26
-13
-4
6
16
26
29
44
38
42
31
26
16
6
1
-12
-20
-37
-35
-48
-53
-60
-53
-50
-44
-28
-19
-9
5
17
25
37
47
53
51
57
45
41
30
16
0
-16
-23
-26
-33
-41
-36
-35
-32
-21
-20
-13
-4
13
24
29
34
38
45
39
42
35
27
17
12
6
-2
-15
-14
-26
-33
-37
-43
-33
-36
-16
-12
2
12
23
32
42
48
50
49
45
40
35
32
13
5
-6
-14
-22
-23
-34
-38
-41
-38
-33
-25
-17
-9
1
11
25
32
37
36
41
28
25
19
15
3
-10
-27
-31
-45
-53
-55
-60
-50
-50
-30
-26
-9
-3
19
29
41
48
52
54
49
51
38
33
19
12
-10
-20
-37
-41
-50
-51
-49
-42
-36
-31
-18
-7
11
16
34
39
51
57
60
54
53
44
30
22
10
-2
-20
-29
-47
-51
-62
-68
-62
-61
-45
-40
-20
-10
5
20
31
40
39
49
50
48
38
35
19
7
-6
-25
-35
-44
-56
-62
-60
-59
-55
-49
-37
-27
-9
-3
16
28
40
40
45
51
41
32
25
18
-1
-10
-25
-32
-46
-52
-60
-61
-60
-58
-42
-25
-13
5
26
28
41
46
56
61
60
55
50
39
21
10
-5
-20
-35
-47
-47
-51
-48
-47
-36
-34
-19
-13
7
22
26
40
43
54
52
58
53
53
35
33
16
7
-7
-22
-24
-33
-35
-46
-41
-41
-33
-30
-14
-5
21
25
37
45
50
54
43
45
36
28
13
12
-12
-26
-38
-55
-70
-77
-77
-77
-71
-62
-47
-41
-30
-20
-4
10
25
28
32
42
40
41
34
25
10
1
-12
-22
-28
-48
-50
-59
-57
-56
-54
-41
-29
-15
0
9
21
40
42
56
61
63
56
49
38
32
23
10
2
-15
-22
-32
-32
-32
-25
-28
-26
-14
-9
-5
3
10
7
23
25
28
31
32
23
19
17
12
4
-4
-1
-5
-8
-10
-9
-10
-5
-3
12
14
16
31
34
41
47
46
51
38
35
27
18
12
7
-1
-10
-12
-24
-22
-35
-32
-31
-26
-21
-7
-3
9
16
24
31
29
44
35
39
35
38
22
16
7
-4
-9
-21
-21
-39
-40
-41
-40
-38
-39
-30
-23
-17
-4
1
6
18
17
31
24
26
20
18
19
7
6
-9
-7
-18
-14
-16
-13
-19
-16
-13
-8
-1
3
16
16
28
28
34
33
35
30
28
25
20
12
11
7
-6
-4
-13
-12
-17
-19
-16
-5
-3
-3
1
10
17
25
32
35
43
38
38
31
28
25
12
0
-9
-19
-33
-40
-48
-50
-52
-54
-55
-50
-45
-38
-25
-24
-12
-13
-4
0
3
5
5
2
-6
-2
-12
-13
-26
-29
-43
-47
-54
-50
-50
-49
-43
-41
-34
-34
-19
-18
-11
-10
2
1
3
-5
-9
-14
-18
-16
-21
-21
-25
-13
-26
-23
-26
-26
-25
-24
-18
-5
0
4
16
16
24
21
20
17
13
11
6
10
3
0
-4
-10
-13
-19
-10
-19
-13
-5
1
6
9
19
26
29
31
42
42
42
47
47
39
35
25
8
6
0
-7
-6
-14
-9
-7
-2
-2
-1
2
1
6
7
13
11
18
21
24
24
19
19
16
6
5
6
-2
-4
-6
-5
-15
-13
-11
-5
-3
0
6
11
12
15
19
22
19
20
24
14
12
5
4
-4
-6
-13
-14
-16
-17
-15
-18
-12
-5
1
-1
13
13
23
24
29
25
31
34
30
28
16
22
15
8
-4
-1
-6
-8
-8
-10
-10
-12
-6
-8
-8
0
3
5
11
19
23
19
24
21
17
13
10
9
6
4
-6
-7
-17
-15
-20
-19
-16
-19
-3
-7
-1
-4
7
4
7
13
8
7
4
9
2
6
-1
4
-4
-3
-12
-15
-19
-21
-24
-31
-22
-23
-22
-23
-21
-21
-10
-7
2
0
7
8
12
13
11
13
9
8
3
-1
-7
-4
-12
-9
-6
-10
-9
-10
-5
-3
-2
3
3
9
13
12
19
18
12
15
13
14
17
20
16
13
10
4
1
-3
-6
-10
-1
-9
3
4
4
3
6
10
3
6
-3
10
1
3
-2
4
-2
-4
-1
-5
-6
-13
-12
-22
-23
-34
-29
-28
-19
-25
-17
-10
-13
-6
-9
-6
-8
-5
-3
-6
-6
-3
-9
-9
-16
-13
-17
-19
-15
-26
-23
-28
-22
-31
-32
-28
-25
-19
-19
-9
-12
-9
-1
-2
-3
1
-1
-3
2
-4
-3
-6
-3
-6
-10
-10
-18
-20
-23
-22
-28
-25
-19
-19
-16
-16
-16
-9
-11
-3
4
5
6
5
10
0
7
7
12
15
18
23
24
29
23
22
23
23
23
20
19
14
13
20
13
13
10
13
13
17
12
10
16
13
15
17
18
15
16
13
18
20
18
21
21
16
20
20
26
18
21
16
20
26
15
26
19
18
12
16
11
13
7
4
7
6
8
8
11
8
12
9
19
10
15
7
5
3
-2
-2
-7
4
-6
-4
-10
-7
-9
-5
-8
-9
-5
-7
0
-4
3
0
4
3
9
6
3
6
-1
-6
-9
-3
-7
-3
-8
0
-8
-13
-1
1
4
6
13
15
19
18
22
22
26
21
19
21
14
9
4
6
-2
-4
-10
-4
-12
-13
-12
-20
-16
-14
-7
-4
0
0
6
7
12
9
15
14
13
12
14
14
12
13
4
10
6
2
-5
-3
-8
-17
-14
-12
-16
-17
-13
-20
-14
-11
-13
-15
-17
-10
-12
-14
-11
-6
-10
-11
-6
-10
-11
-13
-18
-22
-20
-22
-23
-22
-17
-17
-14
-15
-12
-16
-12
-7
-12
-10
-9
-3
-9
-4
-3
-2
-5
0
0
-6
-2
-6
-9
-12
-4
-9
-7
-16
-12
-12
-12
-19
-18
-16
-21
-16
-19
-10
-15
-12
-9
-4
-6
-1
-4
-6
4
4
13
6
9
16
15
5
7
7
-2
4
-3
-6
-13
-18
-20
-23
-17
-18
-19
-16
-14
-20
-18
-12
-11
-12
-8
-10
-3
1
3
3
1
7
6
8
11
13
6
3
3
5
2
3
3
-3
1
3
1
-3
-3
0
3
-1
2
3
-2
2
6
6
3
6
7
6
10
13
13
13
13
10
11
15
9
4
3
1
-5
4
-1
1
0
-3
9
1
6
3
8
5
15
10
10
16
13
14
7
18
15
18
16
23
14
22
20
22
21
22
24
16
25
20
23
19
23
18
20
13
8
1
10
0
-2
6
3
5
-7
3
-2
-3
-5
0
2
-3
3
4
6
-2
3
0
-3
3
5
2
1
3
-7
0
-4
-2
-3
-12
-6
-8
-4
-7
-6
-9
-14
-12
-12
-15
-12
-14
-14
-7
-2
2
0
-1
-6
-7
-3
1
-2
1
-6
-2
-2
-2
0
-1
0
5
4
-2
4
1
-2
-6
6
-2
-5
-2
-1
0
-1
-2
-12
-3
-6
-3
1
-2
4
4
10
11
10
9
12
10
7
16
16
15
12
13
8
6
2
3
-1
7
-3
-2
0
-5
-1
0
6
0
5
1
3
4
6
0
4
4
5
5
6
8
5
10
5
10
4
3
0
0
-2
0
-1
0
3
-4
-3
-3
-3
-4
1
1
9
0
2
2
2
3
-3
3
-7
-3
-3
2
-2
4
10
6
10
9
15
12
17
13
11
9
5
10
6
6
3
4
1
0
-6
-4
-1
-3
2
3
6
2
3
3
4
6
6
3
6
5
6
12
6
8
8
4
3
3
1
-3
-9
-9
-9
-15
-11
-11
-22
-15
-15
-15
-11
-8
-8
-9
-3
-1
7
0
3
-8
-6
-5
-4
-5
-9
-8
-9
-10
-13
-6
-10
-4
-2
5
-1
2
-3
-4
-6
-8
-9
-5
-3
-5
-3
-5
-2
-15
-13
-16
-9
-14
-13
-14
-9
-15
-19
-18
-23
-18
-26
-13
-19
-16
-17
-12
-16
-16
-9
-12
-6
-10
0
-10
-10
-10
-12
-10
-12
-7
-19
-16
-22
-16
-21
-17
-15
-18
-17
-19
-14
-16
-6
-10
-5
-12
-9
-11
-10
-10
-9
-6
-10
-4
-3
0
-6
-3
-4
-1
-10
-2
-7
-6
-1
0
1
-7
-3
-11
-6
-8
-6
-4
-9
-9
-4
-7
-7
-9
-6
-8
-7
1
-4
-1
-1
-1
0
-4
0
1
-2
-4
-1
4
6
3
5
9
7
12
9
13
8
9
4
1
-4
-5
-5
-4
-7
-9
-4
-14
-5
-10
-4
-9
-5
-3
-8
-9
-9
-13
-12
-4
-9
-2
-7
-1
-1
5
7
6
2
6
3
7
4
-2
2
-4
0
5
6
-1
9
4
11
13
9
18
10
10
9
19
9
14
19
16
15
10
9
9
16
9
13
8
10
14
21
20
17
21
19
17
13
21
20
18
16
15
10
15
10
8
9
12
15
9
9
7
9
7
18
16
24
28
24
29
26
29
28
29
32
33
41
38
36
34
31
27
22
25
13
10
14
11
15
16
15
11
9
6
3
2
-5
-7
1
-3
2
3
10
11
11
13
9
13
9
9
8
10
9
7
2
2
3
-3
-1
-6
-3
-13
-9
-10
-11
-9
-6
-10
-13
-6
-6
-8
-12
-11
-19
-9
-16
-8
-15
-14
-12
-13
-7
-8
-9
-14
-7
-16
-13
-16
-12
-23
-20
-19
-20
-22
-19
-17
-29
-19
-24
-19
-18
-5
-10
-9
-9
-11
-11
-14
-9
-10
-7
-15
-16
-21
-18
-18
-22
-21
-24
-21
-25
-20
-19
-16
-9
-4
0
3
3
1
0
1
2
-9
-3
-3
-3
-5
-8
-14
-15
-23
-22
-19
-21
-18
-21
-16
-21
-17
-17
-11
-17
-15
-13
-10
-4
-5
1
1
11
3
6
5
13
10
4
6
-1
4
-3
3
3
0
-1
3
5
4
8
3
11
4
14
11
12
10
13
12
8
15
8
12
6
11
4
13
10
12
11
13
10
9
15
11
15
13
18
11
16
7
13
10
7
18
17
11
14
16
10
18
19
16
12
18
14
15
13
15
20
19
25
21
24
16
18
17
14
15
8
10
5
10
3
9
14
9
5
4
6
-4
6
-2
-3
-9
-11
-10
-13
-13
-6
-3
3
8
3
8
6
7
3
10
9
5
5
9
3
2
11
4
5
10
0
-1
3
-1
-6
-6
0
-7
-6
-8
-4
-3
1
3
0
2
3
6
10
6
15
15
16
22
17
22
16
19
20
15
12
13
9
6
7
5
-1
-3
0
-6
2
-1
9
1
-1
-2
-6
-4
-5
-2
-3
3
6
6
1
11
-3
6
7
5
0
4
7
-5
-1
-8
-4
-12
-13
-15
-16
-17
-14
-13
-14
-9
-8
-6
-6
3
3
6
5
3
3
3
-3
-3
0
-7
-2
-10
-4
-6
-9
-14
-17
-12
-25
-20
-21
-18
-15
-5
-2
0
-4
-4
3
3
18
10
18
13
13
9
6
-2
-7
-7
-12
-11
-16
-10
-9
-7
-9
-1
-6
-1
-3
1
-3
-7
0
-5
-1
-4
-2
-6
-3
-8
-9
-9
-6
-11
-6
-7
-8
-10
-16
-18
-25
-16
-28
-24
-28
-26
-22
-25
-25
-24
-23
-24
-17
-17
-19
-17
-12
-15
-13
-6
-13
-17
-17
-10
-9
-5
-7
-6
-2
-5
0
-7
-6
-10
-7
-13
-11
-15
-21
-24
-22
-25
-22
-21
-28
-23
-28
-21
-28
-23
-24
-19
-18
-13
-7
-8
-6
-4
5
-2
1
4
3
2
7
1
3
7
5
7
8
12
11
7
8
8
3
3
0
-1
0
4
5
3
6
10
5
13
18
13
13
14
17
14
13
18
15
8
13
19
15
10
11
10
9
10
14
12
13
10
5
9
3
5
1
0
-4
1
12
12
10
9
7
12
9
12
8
9
9
4
10
4
2
-2
-4
-10
-10
-14
-7
-12
-10
-16
-12
-15
-16
-6
-6
-3
-5
1
4
2
4
9
2
11
8
13
7
14
3
7
9
6
12
-1
9
-2
1
-2
2
-3
-1
-5
0
0
-2
3
7
7
6
9
4
12
10
16
6
6
2
4
-7
-1
0
-4
3
-3
6
-2
9
6
6
8
10
15
10
17
10
20
17
18
19
22
16
16
20
15
20
8
17
6
4
-5
1
-4
-5
-1
-9
-4
-7
4
-4
-1
4
6
1
2
3
6
3
3
7
-3
-3
-5
-9
-17
-6
-9
-12
-10
-12
-10
-13
-11
-7
-4
-12
-10
-7
-6
-10
-8
-12
-6
0
-1
2
1
4
3
12
6
6
10
11
11
11
12
9
7
0
4
-4
3
-3
-3
-1
-2
1
1
4
3
8
11
13
7
12
11
8
11
10
5
2
7
10
6
3
6
-5
-7
-9
-12
-16
-18
-11
-18
-18
-17
-19
-13
-13
-9
-5
-9
0
2
-2
-3
-3
-3
-5
-7
-6
-8
-9
-10
-13
-17
-12
-13
-8
-7
-14
-16
-15
-19
-18
