SAMPLES:	22349
BITSPERSAMPLE:	16
CHANNELS:	1
SAMPLERATE:	16000
NORMALIZED:	FALSE
19
17
10
-1
-2
7
20
18
3
7
3
0
-1
0
14
15
24
29
10
5
7
6
11
22
32
31
28
25
13
19
18
28
30
30
28
21
15
3
2
6
23
26
25
12
10
4
9
11
14
27
32
39
17
0
-11
-2
3
9
3
0
-3
-10
-12
-22
-20
-9
6
11
8
-8
-16
-12
-10
-8
-1
7
11
6
-5
-18
-16
-3
3
12
10
5
0
-6
-19
-21
-14
-4
2
-3
-11
-21
-22
-24
-16
-5
10
19
10
10
-5
-8
-1
-2
6
4
17
11
1
-14
-15
-6
0
12
11
9
0
-1
-5
-1
-5
12
21
38
21
9
5
-4
7
12
25
26
28
19
10
-3
-8
-2
15
15
15
3
-9
-15
-20
-17
-8
-2
0
3
-6
-10
-14
-6
-1
7
17
14
12
-2
-9
-8
-8
4
2
3
-2
-10
-24
-30
-28
-26
-19
-9
-12
-19
-26
-36
-37
-46
-38
-31
-20
-23
-32
-32
-37
-36
-25
-23
-21
-18
-19
-25
-35
-36
-31
-23
-22
-13
-26
-27
-31
-32
-25
-23
-11
-7
-1
-2
-4
-10
-3
4
11
12
15
11
7
3
0
4
-1
6
7
7
3
-7
-12
-6
-1
-1
0
-3
-4
-9
-10
-13
-11
-4
6
15
17
12
8
3
5
2
12
9
10
9
1
0
-5
-4
-6
8
2
5
-7
-12
-9
-12
-18
-14
-8
-16
-2
-7
-14
-16
-12
-19
-11
-10
-10
-5
-11
-12
-17
-16
-16
-10
-7
-6
-11
-10
-13
-16
-18
-16
-4
-7
8
2
3
0
4
8
11
21
9
19
6
14
-3
-3
0
-11
-1
1
6
-5
-4
-5
3
-1
7
7
3
6
1
-4
-13
-7
-9
2
5
-3
-4
-12
-13
-13
-12
-1
5
5
3
3
-1
0
2
2
15
16
20
25
26
23
28
27
29
28
33
32
26
28
16
16
10
13
3
7
6
-3
4
-3
3
-2
-1
-2
-1
-3
-4
6
-1
9
2
6
2
3
0
6
16
11
16
17
22
12
15
7
11
0
-4
2
1
1
-4
-1
-6
-4
-6
4
4
4
6
11
8
7
8
7
9
1
1
-6
-3
-4
-2
-7
-6
0
-3
2
-1
0
0
4
6
10
13
13
12
17
16
18
20
24
34
28
31
27
26
12
18
19
13
16
10
1
-4
1
-13
-7
-15
-7
-8
-11
-10
-6
-8
-8
-5
-2
6
0
6
0
6
6
8
8
11
11
6
12
8
8
3
9
12
7
4
6
-3
-6
0
-3
-4
-3
-3
-5
-6
-6
-8
-12
-14
-13
-12
-13
-12
-19
-23
-23
-19
-16
-19
-10
-9
-14
-12
-10
-10
-9
-9
2
-4
8
6
-3
0
-2
0
0
7
0
8
5
3
-5
-4
-10
-11
-9
-7
-7
-12
-15
-22
-16
-20
-14
-25
-17
-17
-21
-19
-22
-15
-19
-8
-4
1
-5
1
-1
-4
3
1
6
-2
-1
-4
0
-6
4
5
2
9
6
15
9
12
9
23
19
25
26
25
17
16
24
15
6
6
12
-2
3
2
-1
-3
0
3
7
1
4
6
-4
12
10
13
12
13
16
16
18
24
16
15
24
16
17
14
12
10
13
10
9
0
1
0
-3
2
1
1
0
8
3
2
-3
-1
-4
2
9
6
9
3
4
6
3
4
2
-3
2
-2
0
0
-6
3
1
7
7
11
9
7
4
5
8
7
18
18
20
13
19
13
9
10
12
18
10
15
-1
2
-9
-7
-6
-1
2
2
0
-2
-3
-12
-9
-12
-5
-16
-10
-13
-11
-18
-15
-9
-10
-2
-3
-1
-7
-7
-15
-16
-20
-7
-2
-4
-10
-16
-19
-21
-16
-16
-7
-12
-12
-15
-11
-14
-16
-13
-11
-9
-5
-1
-8
-8
-6
-11
-13
-12
-16
-15
-18
-19
-22
-19
-12
-20
-18
-17
-19
-12
-16
-16
-17
-12
-12
-11
-3
-4
-4
-10
0
3
-6
-4
-7
-5
-5
-6
-3
-10
-2
0
2
1
1
-2
-6
-1
1
-5
3
-5
-6
-1
-5
0
2
11
5
12
7
12
2
6
7
6
4
-2
4
-10
-6
-8
-3
-8
-2
-4
3
1
6
3
4
3
0
5
2
2
-10
2
-10
-6
-6
-5
-6
-7
-3
-5
-3
-10
-15
-10
-3
-10
-3
-16
-12
-15
-20
-12
-9
-6
-10
3
1
-1
-4
-2
-6
-7
-4
-1
-2
-8
-1
-10
-7
-5
-9
-7
-2
-3
-4
-2
-5
-6
-6
4
7
1
0
0
-6
-4
-4
3
-2
-6
-2
-13
-9
-15
-9
-7
-4
1
-6
3
-1
0
4
10
13
13
16
15
12
10
12
13
18
14
18
19
19
14
12
12
14
13
12
16
7
9
8
11
7
10
12
9
10
4
4
3
5
7
7
6
10
3
0
-1
-7
-12
-13
-13
-17
-16
-15
-16
-16
-7
-5
-3
-5
1
-6
-3
1
-1
3
6
11
6
12
12
14
9
9
7
7
7
4
6
-3
-4
-10
-7
-6
-3
-1
-3
-5
-8
-3
-10
-3
3
3
3
12
11
5
5
13
13
9
14
17
16
11
16
9
6
6
12
10
7
10
2
9
4
8
8
5
-1
3
3
4
5
1
8
10
10
11
17
8
3
2
6
3
-3
-4
-9
-7
-15
-7
-6
-1
-2
-1
6
6
7
10
11
10
18
20
18
8
10
8
6
6
10
1
0
3
-2
2
-3
-4
-5
-1
1
0
-3
-2
-8
-4
0
1
-5
6
6
9
10
6
4
8
9
5
9
4
5
-3
2
4
3
0
5
-2
5
4
9
12
10
24
14
13
13
11
7
8
6
10
10
11
9
5
3
4
7
2
3
-4
-1
-4
-6
-9
-15
-14
-12
-4
-3
2
-3
-7
2
6
15
10
15
9
9
14
12
7
7
7
3
7
5
0
-6
-2
-1
1
3
6
3
8
0
3
3
-2
3
4
6
4
10
-3
5
1
-3
1
2
0
-6
-1
-8
-9
-14
-16
-16
-15
-19
-17
-15
-17
-16
-15
-6
-1
0
2
9
7
9
10
10
11
9
14
8
7
3
4
3
-7
-4
-4
-1
-9
-7
-8
-10
-8
-6
-16
-8
-5
-7
-11
-9
-9
-12
-5
1
7
-1
4
-2
1
-6
-8
-10
-11
-15
-16
-12
-21
-16
-19
-19
-19
-16
-12
-5
-6
-2
1
3
7
2
8
6
6
8
7
4
-2
4
-5
0
0
-3
-3
3
-1
-9
-4
-11
-9
-11
-3
-7
-7
-8
-1
-2
0
5
6
10
11
14
4
4
-1
4
-1
-2
-3
-9
-5
-9
-9
-9
-13
-16
-12
-7
-7
-2
-3
-10
-2
0
-1
0
7
6
7
7
14
10
2
7
6
7
7
4
3
0
-5
-5
-7
-10
-12
-6
-3
-6
-8
-9
-6
-5
3
0
-3
2
-1
-7
-3
-10
-10
-9
-13
-13
-21
-18
-24
-27
-32
-25
-28
-25
-22
-28
-26
-29
-20
-19
-19
-13
-10
-12
-6
-10
-6
-9
-6
-5
-1
-6
-8
-4
-6
-6
-12
-4
-10
-7
-7
-5
-7
-8
-2
-9
-13
-16
-5
-10
-5
-7
-5
3
-3
6
4
11
3
12
5
8
9
7
6
1
8
-1
4
4
9
-3
12
4
5
7
6
9
4
5
6
12
6
15
13
14
11
19
16
22
18
17
15
16
17
10
18
13
9
6
5
10
9
0
5
3
-4
4
10
9
6
7
10
8
12
12
11
13
11
5
7
-2
0
2
0
1
-5
7
-2
-1
-6
3
-4
0
3
3
4
1
5
-4
2
-2
0
-9
-1
-6
-1
0
0
-4
-9
-3
-5
-4
-9
-4
-12
-11
-11
-5
-6
9
4
2
5
6
7
6
10
2
7
3
5
1
-1
1
-1
2
-3
-7
-3
-7
-4
1
-2
-3
-3
-3
3
-2
-2
1
2
3
3
3
3
3
3
2
1
6
-3
-3
-6
-1
-3
-7
-6
-4
-3
-3
-3
-3
3
2
6
0
6
7
8
5
8
15
15
20
19
18
10
8
10
16
10
12
16
14
9
16
7
5
8
6
7
9
6
9
15
11
16
15
19
11
21
19
27
26
21
18
21
22
19
25
14
15
14
17
11
17
9
18
13
16
14
10
15
5
5
1
5
0
6
-2
3
0
-3
-2
-7
-9
-9
-12
-13
-14
-18
-16
-21
-15
-18
-16
-21
-12
-13
-11
-6
-10
-3
-2
-5
-2
3
-5
-4
-6
-7
-13
-19
-17
-26
-26
-28
-29
-27
-31
-27
-32
-26
-29
-26
-29
-26
-19
-14
-13
-13
-16
-18
-18
-22
-23
-28
-21
-22
-17
-19
-14
-22
-19
-16
-19
-13
-13
-13
-12
-8
-2
-4
-4
4
0
4
6
15
10
11
16
16
19
13
9
2
3
-1
0
-4
-9
-12
-11
-7
-3
-5
-6
-2
1
4
7
9
9
12
20
13
16
16
17
21
20
25
19
25
23
24
22
22
20
16
7
6
7
4
9
3
6
1
3
1
14
9
12
13
12
20
16
18
15
19
14
8
3
6
3
6
3
1
2
1
1
-4
-2
-7
-1
-1
2
8
9
10
16
13
19
22
21
26
25
28
32
31
31
32
26
23
18
18
7
2
3
-3
-3
-5
-7
-2
0
2
3
2
7
8
3
9
7
10
12
10
13
12
15
16
19
16
19
15
13
12
13
9
10
4
0
0
-9
-9
-9
-9
-10
-8
-7
-4
-2
-3
1
0
-3
-3
-3
3
7
3
7
3
-2
1
-3
-12
-9
-17
-19
-21
-22
-24
-28
-28
-23
-23
-25
-22
-25
-23
-25
-23
-29
-22
-23
-19
-24
-18
-16
-17
-18
-19
-13
-17
-13
-26
-19
-28
-28
-27
-29
-29
-33
-31
-28
-31
-31
-27
-35
-32
-31
-26
-27
-29
-31
-31
-25
-28
-27
-26
-28
-20
-15
-18
-9
-14
-10
-9
-11
-8
-14
-8
-15
-13
-12
-10
-12
-5
-1
-1
7
-4
-3
-10
-6
-16
-12
-13
-15
-10
-10
-7
-8
0
-7
4
0
-1
1
6
0
4
8
10
10
-1
3
1
4
1
9
6
6
3
7
3
4
7
-1
3
2
7
1
2
3
2
-3
2
1
-2
1
3
12
7
7
3
-4
-3
-1
2
-5
2
-8
-9
-6
-5
-2
4
9
6
15
13
12
6
12
10
12
8
13
8
6
7
10
10
7
18
10
19
13
11
4
4
0
6
1
5
11
14
12
4
10
12
19
15
21
20
22
16
22
17
18
19
19
27
16
21
19
21
23
22
21
16
19
22
21
18
22
19
20
18
25
22
20
22
23
28
21
27
23
26
23
22
16
18
17
11
14
7
6
2
5
2
0
0
0
1
7
5
7
5
5
3
5
4
6
9
8
9
3
7
4
3
0
0
-5
-1
-1
-2
-1
-7
-4
-9
-2
0
-1
-7
3
3
-2
1
0
-3
-2
8
6
8
3
7
-1
7
3
3
-4
-5
-3
-6
-4
-6
-3
-10
0
-15
-5
-9
-2
-9
-7
-4
-7
1
-7
-4
-6
2
0
3
-6
-1
-2
-3
-7
-8
-11
-9
-5
-9
-4
-10
-7
-16
-10
-16
-16
-11
-13
-4
-13
-4
-4
-9
-4
-3
-9
-7
-12
-15
-10
-7
-3
-10
3
-4
1
-5
-3
-4
-10
-6
-10
-5
-10
-7
-13
-8
-13
-8
-17
-14
-15
-15
-9
-3
-7
-16
-9
-18
-19
-21
-15
-24
-19
-24
-21
-20
-11
-9
-12
-3
-8
-2
-3
-3
-9
-6
-10
-7
-10
-9
-8
-11
-6
-5
-2
-14
-10
-6
-6
-7
-7
0
-5
-6
-4
-3
-3
0
-2
1
3
4
10
10
9
6
11
13
13
13
16
13
10
8
4
4
-1
3
3
9
7
8
0
8
7
7
9
6
12
12
22
15
20
12
21
17
15
12
11
13
2
7
4
-5
-14
-9
-10
-5
-5
-6
-6
-5
-6
-3
0
0
-2
-4
-3
3
7
5
11
9
16
10
14
13
6
5
-1
3
-1
-3
-5
-7
-5
-1
4
0
6
5
10
13
7
11
9
13
8
10
13
15
11
6
3
4
6
6
-1
2
3
-2
0
3
1
-8
1
3
4
1
0
0
-1
1
4
5
3
12
11
11
14
16
10
15
16
12
12
13
9
6
12
9
-1
0
7
2
6
6
8
9
6
3
6
4
5
9
6
4
9
1
-1
1
-6
4
-3
7
-3
-3
-3
-3
-1
-7
-10
-12
-15
-13
-13
-20
-13
-24
-15
-19
-16
-19
-16
-12
-19
-11
-19
-15
-17
-17
-15
-16
-16
-16
-22
-26
-24
-21
-20
-22
-19
-19
-16
-12
-9
-15
-13
-8
-9
0
0
5
6
7
0
4
4
1
5
3
5
-1
2
-4
-2
-2
-1
-3
-1
-6
-4
2
1
3
-3
-1
0
0
3
10
4
4
0
-1
-4
-6
-3
-5
-1
-4
-3
-3
1
1
6
0
4
3
6
10
9
12
9
7
3
9
8
1
3
9
1
8
13
3
6
-1
0
-4
-6
-3
-11
-4
-3
1
-5
4
0
-6
-1
-6
2
1
1
-3
1
1
3
5
5
-5
0
-6
-4
-6
-6
0
-6
3
3
2
-3
3
-1
1
-3
3
-6
-6
7
3
5
-1
8
4
6
7
6
12
6
6
5
10
5
7
1
-2
-7
-6
0
-4
-3
-3
2
3
9
8
10
5
8
11
6
3
-4
-3
-6
0
-7
-10
-13
-6
-14
-17
-5
-12
-10
-13
-11
-10
-9
-6
-10
-6
-4
-8
-7
-4
-2
-4
5
14
6
3
6
5
-3
-2
0
-11
-13
-14
-16
-15
-12
-6
-8
-10
-9
-5
-1
-6
2
1
0
0
3
-1
1
4
-3
0
-3
-1
-3
5
2
0
-2
-3
-5
-3
1
1
2
6
6
6
10
-1
8
4
10
12
16
13
15
17
13
21
15
15
10
9
12
12
5
5
-1
10
9
9
6
6
10
7
13
9
12
9
14
16
10
6
8
10
10
10
14
19
9
13
9
8
6
3
6
-5
5
5
2
-3
-1
-3
-3
-3
0
-3
-2
6
0
3
1
9
0
8
-2
-4
-2
-1
-7
-13
-7
-10
-7
-15
-7
-7
-4
-9
-6
-9
-6
-5
-4
-2
-6
-4
-10
-7
-9
-4
-1
5
0
-3
1
-1
-5
-3
-4
-7
-9
-10
-11
-12
-11
-14
-10
-19
-13
-15
-19
-6
-8
-1
3
3
6
6
18
15
16
7
11
7
4
5
8
4
1
3
1
8
2
10
2
20
10
13
12
12
10
9
11
3
6
0
8
2
9
4
7
7
6
4
5
2
-4
-9
-9
-7
-11
-10
-16
-13
-20
-10
-10
-12
-12
-10
1
3
8
0
-1
0
-4
-2
-5
-2
-8
-10
-13
-13
-18
-6
-8
-12
-7
-8
-7
-13
1
-5
-3
-1
0
-1
7
6
1
7
8
6
1
9
4
5
2
3
5
1
-5
-1
-6
-8
-7
-8
-5
-6
-2
-7
1
-4
-4
2
-1
5
16
13
10
7
10
3
-3
0
0
-3
-10
-10
-11
-16
-12
-6
-10
-8
-11
-4
-11
-8
-3
-9
0
0
-1
-8
-3
-6
2
1
6
0
7
3
-2
5
-3
-2
-13
-7
-15
-11
-21
-23
-27
-21
-25
-27
-21
-29
-26
-28
-18
-16
-10
-15
-6
-12
-6
-6
-8
-9
-12
-12
-15
-13
-13
-13
-19
-12
-21
-9
-5
-13
-12
-10
-10
-14
-7
-13
-6
-9
2
4
3
9
7
12
4
13
9
7
8
7
10
13
16
8
10
6
3
4
9
7
11
11
13
13
10
19
18
20
19
24
20
18
21
26
21
26
24
15
19
20
24
13
19
16
15
6
14
8
1
6
8
8
7
12
9
14
13
17
14
13
12
17
14
18
15
8
20
14
12
10
10
13
10
9
10
9
7
6
7
6
1
9
3
4
6
4
8
12
12
9
9
5
10
4
1
-4
-7
-9
-9
-10
-19
-11
-9
-9
-9
-6
-12
-8
-7
-4
-3
-1
0
3
3
0
3
1
10
7
7
4
6
3
1
7
10
7
8
10
7
6
7
8
3
4
7
8
10
4
11
10
6
13
10
10
13
12
12
10
9
4
3
10
7
8
8
3
2
2
7
1
4
7
6
6
12
13
13
9
16
13
8
9
2
2
-2
4
0
3
7
7
3
-2
-5
-6
-6
-6
-9
-6
-3
-3
-7
-5
3
-5
6
7
11
7
9
12
9
9
10
0
1
0
0
1
-9
-5
-22
-8
-12
-8
-13
-10
-11
-9
-7
-10
-1
-14
-6
-13
-5
-9
-1
-7
-2
-6
-4
-4
-6
-3
-10
-4
-12
-6
-19
-8
-15
-16
-13
-18
-16
-19
-16
-15
-9
-13
-4
-6
-3
-7
-7
-1
-3
-7
-10
-7
-15
-8
-16
-13
-22
-19
-22
-28
-23
-27
-23
-29
-25
-29
-27
-34
-23
-22
-23
-20
-20
-16
-19
-16
-19
-12
-18
-15
-18
-15
-19
-16
-23
-24
-21
-24
-22
-28
-19
-31
-20
-28
-26
-31
-29
-21
-26
-16
-20
-15
-18
-16
-17
-13
-8
-3
-8
-4
-2
-4
-3
-3
-4
-2
-3
-6
2
-4
0
4
3
7
2
11
9
11
13
7
14
10
19
5
16
14
9
11
15
20
18
16
13
19
16
15
19
25
20
25
18
26
17
24
22
21
21
26
24
18
22
15
17
10
18
12
18
13
12
5
4
5
5
4
7
16
4
7
13
6
10
16
17
19
15
17
13
19
12
9
1
6
1
0
1
2
7
1
6
4
9
0
6
1
6
6
4
1
1
3
5
4
8
12
7
10
7
15
10
15
13
14
14
7
5
3
0
-1
-5
-7
-7
-7
-3
-3
6
4
-1
4
-1
0
6
1
8
0
8
7
7
9
2
-2
-6
1
-6
-7
-8
2
-1
1
1
-3
-3
-4
-14
-10
-16
-11
-7
-13
-3
-10
3
-2
3
-3
6
6
6
0
1
2
-4
5
-9
-7
-12
-2
-16
-12
-12
-9
-15
-14
-4
-12
-5
-6
-1
-9
0
-1
-3
-7
-4
-8
-4
-6
-10
-12
-11
-10
-10
-6
-15
-11
-9
-8
-13
-8
-11
-16
-16
-14
-11
-16
-12
-14
-7
-1
-3
6
-3
-7
-10
0
-2
-7
0
-4
-1
1
4
4
12
6
7
7
5
0
1
-7
2
3
-2
3
6
8
1
8
-1
3
2
2
0
5
2
4
5
1
5
3
2
5
6
5
12
5
9
-6
8
8
1
4
9
6
1
6
3
3
1
0
1
-3
-2
-1
0
2
1
4
1
8
0
8
4
11
8
10
8
4
9
10
15
5
6
0
5
-3
3
-6
-4
-9
-7
-14
-12
-13
-16
-14
-11
-6
-5
5
-6
7
-2
8
3
8
7
7
13
8
16
11
12
1
9
4
5
6
7
7
4
6
-2
0
-2
2
6
8
9
4
2
4
10
9
15
16
19
13
10
6
2
2
1
10
7
5
-4
-1
-8
-3
3
-1
3
5
11
9
10
10
6
9
13
9
15
5
2
7
11
9
10
11
5
3
3
1
-6
-3
-1
-4
-6
-4
-12
-6
-6
-6
1
0
12
6
10
14
11
15
12
18
13
19
15
10
10
6
16
16
16
15
15
8
10
12
11
15
14
11
7
6
10
6
9
6
7
3
1
-3
-10
-7
-9
-19
-16
-28
-29
-34
-35
-32
-44
-36
-49
-40
-47
-42
-44
-44
-41
-34
-32
-33
-32
-27
-21
-22
-14
-22
-8
-21
-12
-16
-12
-8
-3
1
3
7
10
23
25
37
31
40
31
41
36
38
38
35
44
31
32
35
40
32
37
38
37
26
30
20
20
18
19
16
8
20
7
7
-2
2
-2
2
-5
-4
-11
-17
-24
-30
-25
-33
-33
-38
-38
-43
-51
-52
-61
-64
-52
-55
-60
-69
-58
-72
-63
-57
-50
-53
-43
-51
-43
-44
-31
-20
-21
-1
-11
2
-14
10
-11
8
7
18
13
12
13
14
17
17
26
14
37
26
38
23
42
38
52
59
68
79
85
82
91
98
116
121
116
124
114
122
115
114
115
105
112
99
82
82
58
70
45
46
25
18
-8
-25
-45
-48
-66
-76
-102
-120
-133
-157
-159
-194
-195
-225
-224
-251
-253
-267
-275
-288
-287
-302
-296
-301
-291
-278
-268
-248
-255
-230
-225
-185
-166
-122
-96
-71
-55
-30
-7
37
87
141
174
207
232
245
280
311
370
410
457
460
466
457
470
488
524
553
562
534
495
446
428
414
420
420
378
338
217
134
29
15
-8
-32
-72
-194
-299
-426
-505
-530
-537
-518
-564
-636
-724
-821
-818
-805
-715
-665
-641
-643
-695
-682
-659
-551
-417
-312
-212
-202
-162
-141
-66
66
178
328
390
440
443
446
502
566
667
752
791
800
728
699
654
663
705
709
720
619
540
409
315
289
252
257
197
109
-10
-174
-245
-320
-300
-307
-342
-389
-536
-596
-696
-677
-653
-615
-545
-594
-598
-668
-666
-613
-543
-411
-355
-285
-278
-295
-256
-219
-99
27
133
214
201
225
198
272
359
457
574
583
615
537
517
517
538
621
648
662
609
511
467
378
405
408
433
426
314
255
115
85
48
56
68
14
-17
-143
-219
-277
-318
-272
-293
-266
-334
-394
-445
-508
-485
-490
-444
-429
-454
-475
-529
-539
-537
-514
-460
-465
-419
-459
-450
-471
-461
-420
-397
-329
-318
-280
-283
-266
-261
-220
-159
-84
-15
49
80
116
126
195
251
361
467
538
632
624
702
703
776
855
938
1057
1080
1105
1058
995
1011
969
1063
1072
1090
1047
831
709
440
432
402
422
430
199
13
-331
-579
-670
-726
-553
-612
-688
-959
-1315
-1416
-1541
-1288
-1173
-1021
-1020
-1235
-1350
-1510
-1367
-1084
-821
-538
-577
-577
-692
-699
-479
-304
123
270
413
360
250
305
352
616
827
959
1072
927
892
740
729
860
910
1110
978
931
698
506
440
337
455
432
386
237
-84
-243
-477
-479
-448
-471
-440
-702
-823
-1095
-1181
-1145
-1130
-941
-1011
-1026
-1135
-1277
-1202
-1209
-906
-754
-621
-498
-626
-454
-468
-213
39
245
576
595
736
743
801
1081
1198
1550
1641
1744
1814
1656
1800
1647
1868
1908
1954
2007
1717
1728
1404
1311
1156
960
1074
830
774
427
20
-167
-577
-548
-762
-785
-851
-1168
-1317
-1796
-1925
-2000
-1910
-1694
-1771
-1749
-1986
-2085
-2136
-2116
-1749
-1531
-1197
-1182
-1258
-1241
-1252
-922
-665
-306
-26
21
144
29
139
268
526
865
956
1066
923
907
858
846
984
1035
1170
1066
900
741
516
545
435
497
420
260
104
-169
-240
-425
-387
-439
-478
-537
-758
-774
-899
-832
-800
-750
-579
-694
-542
-597
-412
-242
-127
121
212
484
549
725
882
1071
1300
1482
1652
1746
1823
1875
1896
2027
2006
2143
2109
2021
1746
1419
1356
1295
1352
1146
879
482
140
-317
-484
-678
-569
-690
-914
-1393
-1935
-2106
-2204
-1884
-1911
-1833
-2061
-2153
-2392
-2464
-2325
-1945
-1579
-1413
-1505
-1607
-1513
-1398
-1051
-836
-440
-304
-132
-191
-166
-85
200
458
701
789
804
902
841
824
760
933
1121
1284
1195
1056
891
787
624
613
667
832
695
538
137
-184
-143
-387
-104
-337
-302
-497
-843
-943
-1349
-1057
-953
-812
-795
-1088
-1038
-1053
-944
-766
-600
-100
-67
135
70
156
575
750
1264
1324
1651
1786
1791
2050
1911
2221
2413
2414
2672
2306
2615
2229
2153
1804
1489
1947
1604
1773
1041
709
406
-73
-116
-554
-387
-286
-775
-914
-2039
-2020
-2221
-1884
-1587
-1967
-1714
-2446
-2337
-2850
-2709
-2272
-1803
-1502
-1718
-2072
-2029
-2118
-1533
-1412
-940
-544
-696
-445
-969
-515
-512
150
388
501
603
543
579
584
552
821
1046
1337
1255
1029
982
605
868
617
944
891
822
560
187
29
-111
-206
-39
-210
-161
-407
-837
-935
-1304
-797
-924
-458
-821
-903
-928
-1061
-688
-691
-132
85
317
351
238
449
827
1049
1649
1725
2136
2136
2109
2141
2037
2557
2581
2946
2818
2624
2612
2148
2043
1520
1624
1955
1624
1813
534
373
-173
-531
-280
-947
-251
-898
-976
-1764
-2705
-2559
-2684
-1957
-1905
-2067
-2274
-2905
-2917
-3273
-2900
-2128
-1872
-1276
-2068
-2074
-2362
-2048
-1331
-1284
-313
-531
-231
-473
-735
-355
-134
613
825
913
928
655
824
681
833
1128
1344
1626
1286
1186
703
707
758
791
1075
976
710
233
-216
-383
-331
-153
-12
-276
-563
-1105
-1608
-1448
-1396
-851
-647
-847
-1146
-1784
-1546
-1529
-597
-236
201
241
-39
-124
-185
692
1253
2114
2260
2153
2038
2071
2211
2789
3043
3566
3410
3440
3018
2712
2872
2797
3197
2673
2410
1604
1634
1434
1144
1041
239
145
-464
-821
-1051
-1590
-1159
-1875
-1797
-2638
-3064
-3009
-3051
-2614
-3004
-2876
-3315
-3209
-3352
-3183
-2932
-2333
-2379
-2157
-2607
-2152
-2058
-1471
-1118
-1207
-522
-892
-179
-462
85
154
672
800
889
901
1091
1275
1425
1442
1369
1570
1532
1685
1381
1662
1264
1395
896
844
781
730
661
311
193
-157
-546
-969
-1352
-1081
-820
-617
-912
-1760
-1912
-2527
-1803
-1998
-1242
-868
-637
-564
-1540
-1514
-1525
-172
751
1483
1582
1404
1148
1136
1310
2291
3110
4107
4030
3582
3248
2675
3504
3439
4263
4090
4057
3778
3058
2672
2028
1841
1921
1891
1715
1329
585
-159
-917
-1516
-1746
-1707
-1523
-1480
-1997
-2742
-3950
-4224
-4379
-3489
-3268
-2722
-3131
-3580
-4049
-4709
-4027
-3461
-2181
-1808
-1674
-2283
-2482
-2706
-1881
-1335
-138
261
440
327
-144
12
195
1145
1432
2193
1933
2093
1662
1362
1305
1534
2034
2283
2200
2004
1452
1032
732
373
721
691
770
432
-132
-919
-1407
-1524
-1353
-1288
-1216
-1868
-1959
-2510
-2573
-2587
-2426
-1779
-2139
-1487
-2364
-2050
-1868
-1287
-238
18
479
164
487
870
1332
2247
3011
3424
3750
3237
3531
3496
4495
4801
5004
5320
4444
4687
3915
4192
4210
4202
4407
3484
3031
1878
1203
1195
1052
1108
469
-132
-1257
-2003
-2774
-3122
-3204
-3162
-3235
-3541
-4173
-5005
-5465
-5672
-5005
-4982
-4151
-4371
-4018
-4302
-4589
-4410
-3932
-2854
-2221
-1467
-1445
-1142
-1328
-833
-642
375
1059
1794
2126
2041
1833
1839
2239
2540
3138
3176
3448
3184
2881
2258
2147
2175
2337
2199
2100
1565
1051
507
-98
-331
-615
-744
-1153
-1235
-1657
-2177
-2541
-3139
-3493
-3239
-3287
-2790
-3113
-3109
-3483
-3204
-2968
-2954
-2230
-1949
-890
-1006
-321
-517
447
1126
1807
2541
2711
3362
3507
4119
4349
4983
5255
5814
5489
5684
5336
5675
5846
5601
5316
4894
4750
4318
4176
3448
3429
2758
2207
1121
214
-349
-365
-550
-977
-1948
-2899
-3819
-4689
-5111
-5633
-5389
-5192
-5155
-5904
-6554
-7415
-7175
-6988
-6072
-5475
-4712
-4337
-4428
-4474
-4527
-3589
-2578
-1038
-456
470
464
777
817
1287
1919
3009
3879
4262
4247
3831
3891
3623
3965
3823
4250
4199
4214
3555
2827
2119
1796
1575
1259
1091
670
255
-563
-1294
-2217
-2595
-2891
-2889
-3022
-3189
-3622
-3968
-4697
-5034
-5001
-4598
-3698
-3516
-3067
-3423
-3164
-2947
-2622
-1635
-900
466
933
1526
1620
1866
2672
3331
4489
4910
5531
5753
5758
5856
5740
6175
6445
6621
6624
6020
5991
5657
5375
5035
4407
4232
3780
3567
2907
2422
2024
1262
567
-954
-2004
-2290
-2186
-1909
-2701
-3272
-4867
-5859
-7090
-8012
-7676
-7030
-5511
-5724
-6188
-7816
-8576
-8525
-7554
-6000
-4272
-2910
-2443
-2742
-3772
-3603
-2553
-390
1196
2759
3128
3219
2798
2586
2678
3489
4833
5561
5976
5447
5046
4524
4046
3561
3346
3240
3517
3186
2756
1665
855
80
-862
-1473
-1817
-1743
-1898
-2134
-3093
-3998
-4872
-5244
-5303
-5089
-4757
-4244
-4316
-4534
-5018
-5120
-4406
-3757
-2414
-2016
-1196
-748
-573
-15
81
1320
2253
3547
4180
4449
4707
4827
5373
5598
6158
6475
6828
6800
6546
6262
6080
6035
5904
5423
5377
4934
4865
4380
3735
3459
2836
2661
1821
1424
1089
780
170
-1363
-2937
-3421
-3525
-3300
-3336
-3893
-4612
-5941
-7285
-8860
-9422
-8357
-6743
-5474
-5513
-6448
-7601
-7921
-7845
-6542
-4548
-2464
-480
-452
-1004
-1777
-1171
169
1586
3245
4497
4952
5172
4611
4148
4190
4589
5446
5377
5228
4921
4847
4323
3488
2456
1700
1062
650
236
-331
-372
-664
-1711
-3118
-4381
-4951
-4891
-4727
-4279
-4351
-4576
-5093
-5754
-6215
-6177
-5185
-4061
-3252
-3007
-2773
-2323
-2041
-1327
-760
325
1247
2048
2554
2632
3654
4349
5108
5309
5536
5564
5825
6213
6551
6819
6804
6645
5949
5386
4891
4994
5330
5407
4860
4436
3509
2897
2480
2314
2478
2453
2192
1347
391
-399
-1461
-2350
-2797
-2965
-3074
-3217
-3821
-4802
-5323
-6932
-7211
-8445
-8282
-7796
-7158
-6090
-6325
-6092
-6629
-6396
-6385
-5222
-4343
-2026
-766
186
744
584
1284
1487
2253
3331
4469
5344
6091
5670
5785
4882
4989
4796
4350
4416
4049
3938
3520
2634
1593
642
-457
-1123
-2135
-2477
-2563
-2716
-3184
-4091
-5127
-5637
-6370
-6285
-6014
-5687
-5069
-4914
-4714
-4997
-4784
-4503
-3790
-3009
-2272
-846
172
903
1513
1559
2070
2372
3043
3775
4584
5885
6576
6749
6391
5863
5697
5668
5806
6443
6603
6899
6518
5775
4962
4075
4123
4119
4031
4100
3752
3630
3068
2312
2173
1397
1493
1096
19
-917
-2591
-2911
-3030
-3721
-2814
-3766
-4541
-5333
-7891
-8314
-9531
-8811
-7169
-6606
-5948
-6058
-6962
-6736
-7097
-6192
-4121
-3472
-803
-508
117
815
1145
2316
2984
3349
4501
4475
4907
5669
5458
6576
5974
5790
5057
3608
3152
3093
2463
2677
1811
1181
115
-1828
-2412
-3733
-4091
-4051
-4595
-4941
-5496
-6245
-6196
-6944
-6841
-6557
-6656
-6067
-6106
-5434
-4696
-4267
-2946
-2345
-1910
-976
-433
610
1215
2169
3243
3525
4502
4895
5079
5858
5967
6478
6522
6434
6718
6556
6709
6484
6254
6083
5463
5259
4946
4700
4857
4661
4424
3928
3471
3149
2936
2788
2555
2630
2244
976
-661
-2563
-3070
-3244
-3187
-2261
-2935
-3389
-4855
-7474
-8932
-10341
-9607
-7661
-6918
-5520
-5608
-6249
-5921
-6724
-5662
-4585
-3107
-921
-493
344
1357
2219
3659
4032
4245
4801
3980
4438
4665
5119
6297
6449
6568
5511
3425
2653
1603
1142
1275
618
782
-423
-1669
-2774
-4325
-4727
-4868
-5452
-5705
-6403
-6519
-6374
-6611
-5985
-5882
-5837
-5839
-6145
-5701
-5251
-4010
-1926
-763
-217
234
746
418
816
1636
2535
3888
4869
5453
5376
5374
5475
5340
5391
5422
5388
5712
5363
5435
5431
5254
5190
4913
4602
4082
3980
4116
4275
4308
4646
4820
4364
3964
3321
2778
2051
74
-1021
-1690
-2114
-2137
-1834
-2271
-3208
-4180
-6939
-8968
-10482
-10308
-8623
-7321
-6062
-5528
-5963
-5924
-6530
-5947
-4748
-3601
-1002
-568
119
1043
2371
3738
4596
5173
5351
4533
4034
3704
3690
4940
5647
6660
6062
4432
2874
1422
25
-522
-992
-1035
-1320
-1941
-2695
-3856
-4241
-4581
-5120
-5918
-6728
-7171
-6940
-6704
-5649
-4716
-4289
-3989
-4337
-4647
-4767
-4012
-2214
-694
674
1467
1888
2161
1848
2269
2961
3567
4350
4688
4738
4565
4849
5384
5351
5430
5123
4501
3789
3555
3503
3713
4450
4783
4978
4547
3972
3963
3784
4177
4490
4470
5007
4319
4080
3303
1173
407
-252
-995
-1252
-1743
-2046
-2536
-3694
-5146
-7336
-8659
-8689
-8402
-7648
-6815
-6356
-5513
-5217
-5108
-4312
-3978
-2673
-1636
-1128
-385
249
1845
3262
4088
5076
4852
4502
3965
2832
2898
2854
3357
4121
3876
3331
2434
1435
427
-839
-1624
-2445
-3375
-3748
-4133
-4419
-4143
-4087
-4078
-4377
-5349
-5919
-6635
-6535
-6107
-5235
-4029
-3542
-2432
-1880
-2014
-1401
-1082
-475
108
345
1401
1751
2743
3856
4169
4742
4508
4194
3574
2871
3095
3270
3814
4557
4497
4466
3929
3363
2961
2473
2651
2926
3426
3816
4157
4564
4786
4912
4868
4823
4636
4278
3344
1491
449
90
-127
238
73
-254
-918
-2562
-4704
-7260
-8677
-8480
-7805
-6602
-5660
-5118
-4567
-4368
-4382
-3971
-3476
-2453
-1444
-913
-300
452
1801
3241
4283
5017
5070
4489
3639
2410
1987
1987
2586
3214
3076
2658
1777
901
-46
-1020
-1753
-2429
-3443
-4328
-5171
-5447
-5027
-4499
-3742
-3566
-3981
-4744
-5663
-6100
-6058
-5168
-3970
-3129
-1740
-979
-635
147
430
1131
1395
1380
1716
1644
2263
3009
3753
4789
4904
4834
4143
3043
2499
1822
1963
2216
2338
2711
2489
2536
2538
2363
2560
2497
2728
2687
2366
2893
3323
3989
4910
5226
5363
4894
3160
1165
-194
-683
-494
-46
16
-275
-909
-2307
-4292
-6327
-7173
-7230
-6883
-6314
-6156
-5655
-4615
-3660
-2494
-1641
-1043
-494
-532
-622
-602
101
1547
3136
4528
5071
4977
4674
3741
2822
1907
1183
1272
1224
936
532
220
129
-236
-887
-1901
-3126
-4228
-5350
-6246
-6404
-5884
-5050
-4088
-3687
-3831
-4170
-4524
-4781
-4753
-4286
-3763
-2773
-1573
-773
31
1120
2108
2919
3284
3226
3164
3140
3287
3483
3883
4522
4891
4932
4679
4091
3541
2940
2377
1878
1433
1248
1137
1170
1436
1768
2171
2562
2719
2660
2447
2512
2698
2857
3488
3850
3739
3086
1505
369
-186
-346
-48
-213
-587
-1260
-2695
-4413
-6196
-7127
-6581
-5827
-4950
-4473
-4461
-3922
-3444
-2615
-1552
-650
459
918
915
1081
1304
2338
3520
4596
5406
5129
4689
3760
2622
2028
1400
1278
1341
772
102
-842
-1467
-1722
-2343
-2816
-3631
-4689
-5570
-6661
-7288
-7148
-6629
-5609
-4891
-4532
-4423
-4887
-4974
-4859
-4512
-3533
-2568
-1483
-399
500
1291
2158
3315
4116
4654
4963
4947
4810
4823
5000
5131
5470
5694
5511
5015
4306
3605
3003
2428
1948
1364
892
656
517
588
864
1374
1809
2165
2239
1983
1904
1943
2110
2411
2153
1200
61
-785
-1149
-1000
-548
-453
-758
-1527
-3056
-4914
-6470
-7208
-6889
-5782
-4549
-3778
-3363
-2979
-2392
-1273
21
961
1726
1881
1758
1863
2025
2704
3818
5117
6143
6380
5777
4509
3121
2086
1266
921
660
18
-522
-1226
-1837
-2128
-2510
-3002
-3693
-4739
-6089
-7472
-8345
-8589
-8052
-6906
-5869
-5041
-4699
-4874
-4984
-4924
-4707
-4063
-3216
-2234
-1004
148
1245
2477
3750
4886
5792
6331
6263
5984
5756
5611
5714
5918
6079
6110
5934
5472
4832
4043
3323
2666
2006
1389
770
327
155
417
979
1653
2192
2310
2158
1825
1483
1347
1152
501
-549
-1583
-2180
-2267
-1851
-1303
-1162
-1328
-2220
-3913
-5727
-7335
-7966
-7377
-6177
-4768
-3713
-3022
-2280
-1338
-19
1178
2039
2537
2475
2389
2369
2499
3185
4218
5454
6530
6777
6234
5015
3651
2484
1620
1128
379
-362
-1004
-1688
-1966
-2212
-2658
-3014
-3601
-4553
-5811
-7285
-8429
-8927
-8584
-7769
-6826
-5907
-5496
-5320
-5159
-5013
-4562
-3883
-3043
-2061
-1077
-99
856
2021
3451
4947
6387
7396
7771
7636
7213
6845
6591
6485
6493
6460
6369
6065
5450
4740
4008
3452
2968
2434
1902
1240
799
490
506
876
1187
1521
1677
1643
1538
977
-123
-1519
-2778
-3460
-3616
-3198
-2814
-2635
-2578
-3221
-4170
-5322
-6521
-6986
-6891
-6278
-5331
-4605
-3723
-2669
-1221
602
2065
3296
3797
3691
3699
3427
3413
3817
4261
5146
5885
6276
6183
5358
4493
3439
2520
1719
493
-557
-1631
-2522
-2837
-3278
-3530
-3810
-4418
-4931
-5943
-7084
-8036
-8911
-9045
-8879
-8483
-7818
-7453
-6744
-6118
-5470
-4321
-3610
-2767
-1901
-1342
-377
521
1663
3144
4542
6238
7400
8127
8538
8428
8438
8176
7886
7599
6965
6540
6056
5608
5372
4892
4535
3982
3352
2803
2008
1470
1041
822
926
854
839
888
848
819
234
-1001
-2580
-3763
-4182
-4116
-3544
-3245
-3465
-3807
-4919
-6082
-6944
-7515
-6937
-6013
-4929
-3958
-3678
-3166
-2327
-914
1200
2651
3870
4370
4143
4329
4209
4371
5068
5631
6466
6810
6402
5626
4316
3525
2948
2537
2170
978
-236
-1561
-2878
-3395
-3982
-4320
-4444
-5147
-5787
-6904
-8183
-9030
-9609
-9397
-8900
-8459
-7970
-7941
-7711
-7075
-6397
-5219
-4038
-3075
-1977
-1056
-211
890
2101
3633
5193
6658
7773
8168
8317
8302
8388
8735
8821
8757
8316
7526
6798
5915
5413
5061
4778
4613
4064
3516
2694
1765
1350
1078
1192
1255
1101
930
545
329
-599
-1777
-2866
-4296
-4512
-4567
-4674
-4147
-4628
-4800
-5197
-6384
-6661
-7397
-7217
-6158
-5649
-4277
-3623
-2850
-1100
99
2201
3596
4166
5014
4595
4688
4632
4344
5193
5445
6187
6763
6169
6020
4777
3768
3319
2086
1625
400
-1021
-1754
-3043
-3336
-3692
-4330
-4276
-5226
-5980
-6898
-8430
-8982
-9500
-9373
-8818
-8725
-8179
-8151
-7837
-7016
-6556
-5195
-4189
-3310
-2094
-1537
-447
589
1690
3476
4852
6476
7588
8030
8517
8460
8706
8765
8593
8565
8062
7735
7283
6600
6281
5702
5375
4999
4301
3833
2965
2312
1948
1631
1591
1502
1295
1150
1010
418
-762
-2135
-3526
-4300
-4403
-4316
-4085
-4234
-4505
-5233
-6185
-6960
-7719
-7589
-6963
-6141
-5067
-4594
-3979
-2989
-1726
181
1816
3177
3947
4197
4397
4207
4271
4580
5021
5965
6512
6642
6391
5509
4903
4303
3759
3295
2293
1209
-56
-1336
-2138
-2939
-3267
-3446
-4009
-4510
-5739
-7120
-8219
-9332
-9437
-9343
-9322
-8875
-9229
-8985
-8484
-8177
-6787
-5978
-4770
-3497
-3180
-2075
-1593
-453
1485
2843
5198
6380
7338
8190
8003
8737
8798
8979
9410
8828
8878
8170
7570
7473
6731
6971
6470
5858
5362
3999
3377
2539
2004
2076
1691
1733
1330
937
473
-314
-1169
-2749
-3281
-4261
-4544
-4040
-5125
-4707
-5467
-6559
-6242
-7886
-7433
-7226
-7318
-5371
-5670
-4493
-3645
-3566
-1102
-549
1169
2707
2374
3957
3611
3950
4987
4338
5824
5931
6118
6977
5561
5714
4865
3989
4594
3232
3195
2356
740
643
-1038
-1611
-2142
-3433
-3266
-4503
-5284
-6074
-7929
-8060
-8949
-9151
-8656
-9519
-9121
-9483
-9545
-8506
-8540
-6976
-5982
-5117
-3306
-3135
-1899
-1071
-143
2044
3263
5313
6414
6958
7921
7820
8604
8819
8941
9474
8935
8999
8440
7722
7616
7002
6943
6677
6007
5385
4224
3464
2767
2324
2215
1790
1579
1217
801
100
-1000
-2226
-3412
-3904
-4255
-4178
-4157
-4701
-4755
-5698
-6280
-6748
-7531
-6951
-6792
-5904
-5083
-4956
-4039
-3672
-2308
-751
277
1834
2063
2504
2814
2545
3182
3400
4132
5181
5559
6125
5780
5093
4766
4022
3985
3782
3199
2922
1917
1205
487
-521
-906
-1664
-2137
-2602
-3624
-4482
-5911
-7024
-7614
-8145
-7916
-7914
-8111
-8013
-8399
-8454
-8275
-8166
-7189
-6343
-5172
-3955
-3483
-2424
-1803
-602
1174
2509
4405
5284
6096
6764
6797
7569
7673
8124
8607
8369
8598
7959
7449
7088
6347
6222
5622
5035
4361
3300
2673
1857
1481
1270
797
885
485
281
103
-804
-1232
-2102
-2567
-2515
-2811
-2275
-2370
-2293
-2098
-2892
-2896
-3715
-4131
-3752
-4000
-2931
-2549
-2235
-1282
-1499
-586
-86
38
983
641
987
1079
520
1039
654
1088
1850
1781
2661
2321
2045
2069
1170
1408
1021
643
913
102
191
-229
-1016
-975
-1875
-1858
-1988
-2657
-2705
-3737
-4282
-4625
-5224
-4953
-5097
-4878
-4582
-4629
-4286
-4314
-3996
-3485
-2891
-1956
-1278
-670
-218
186
804
1463
2237
2955
3505
3877
4053
3986
3691
3490
3144
3019
3080
2767
2774
2395
1900
1910
1349
1405
1327
914
1237
763
904
981
649
1278
1120
1555
1927
1614
1974
1564
1435
1499
1155
1289
1092
1027
1104
1046
1183
1132
1030
950
843
866
907
927
918
858
799
615
426
197
22
67
-12
-54
-258
-732
-1019
-1438
-1665
-1769
-2054
-2133
-2370
-2544
-2546
-2710
-2692
-2647
-2686
-2555
-2602
-2736
-2794
-2959
-2973
-3007
-3066
-3075
-3181
-3071
-3026
-2901
-2652
-2563
-2239
-2020
-1786
-1432
-1289
-1014
-819
-666
-356
-165
176
516
865
1283
1566
1849
1988
2089
2188
2192
2242
2199
2128
2076
1937
1950
1869
1863
1923
1855
1929
1884
1789
1756
1618
1638
1691
1675
1789
1732
1748
1802
1732
1770
1653
1594
1562
1409
1439
1331
1303
1373
1239
1279
1137
999
931
745
751
689
674
710
660
702
698
677
627
450
320
87
-161
-357
-676
-887
-1091
-1317
-1435
-1624
-1755
-1896
-2087
-2213
-2440
-2626
-2818
-3040
-3136
-3241
-3220
-3146
-3082
-2931
-2889
-2828
-2754
-2778
-2697
-2600
-2507
-2310
-2152
-1927
-1725
-1515
-1210
-993
-651
-345
-133
143
264
406
547
651
865
1049
1301
1513
1654
1734
1725
1722
1694
1720
1767
1767
1747
1689
1549
1447
1359
1287
1341
1359
1389
1335
1208
1109
978
951
952
936
879
812
680
588
589
583
686
734
721
743
658
690
694
712
878
901
1030
1091
1117
1249
1351
1505
1646
1653
1650
1564
1415
1350
1192
1090
968
774
614
360
161
-31
-280
-420
-666
-881
-1118
-1423
-1647
-1889
-1992
-2117
-2203
-2305
-2494
-2595
-2742
-2831
-2884
-2940
-2920
-2897
-2882
-2841
-2816
-2773
-2633
-2484
-2267
-2105
-1976
-1833
-1705
-1455
-1211
-911
-623
-400
-158
18
256
460
702
1011
1189
1427
1537
1573
1659
1672
1776
1852
1881
1905
1834
1769
1736
1686
1677
1654
1572
1500
1352
1227
1124
1005
954
867
777
661
491
310
173
88
35
27
-48
-89
-98
-98
1
72
191
314
402
531
608
703
833
962
1154
1324
1475
1603
1630
1637
1590
1460
1359
1186
1003
865
706
588
442
301
122
-46
-190
-379
-553
-771
-1016
-1255
-1516
-1725
-1899
-2028
-2095
-2173
-2265
-2397
-2531
-2682
-2764
-2794
-2817
-2789
-2784
-2754
-2697
-2601
-2447
-2262
-2050
-1819
-1627
-1409
-1215
-1012
-751
-515
-210
56
291
546
745
975
1232
1444
1658
1827
1959
2062
2143
2241
2299
2388
2446
2466
2507
2497
2470
2411
2296
2127
1912
1669
1415
1180
964
742
510
243
-51
-324
-588
-794
-970
-1139
-1248
-1336
-1406
-1419
-1389
-1289
-1140
-957
-772
-617
-446
-279
-64
162
389
611
816
987
1131
1236
1333
1401
1420
1425
1370
1280
1177
1072
981
893
803
703
543
377
176
-66
-299
-570
-835
-1065
-1283
-1433
-1570
-1697
-1821
-1954
-2090
-2212
-2342
-2433
-2491
-2522
-2477
-2461
-2394
-2329
-2232
-2063
-1885
-1671
-1439
-1272
-1082
-904
-717
-482
-259
24
309
603
904
1178
1451
1731
1967
2221
2406
2554
2666
2734
2817
2869
2915
2944
2914
2849
2740
2578
2389
2121
1823
1490
1131
781
412
57
-294
-634
-939
-1235
-1499
-1713
-1882
-1987
-2047
-2102
-2145
-2172
-2156
-2065
-1916
-1724
-1509
-1282
-1037
-797
-540
-267
-15
230
422
587
723
821
951
1093
1238
1387
1472
1505
1482
1416
1355
1274
1207
1116
1000
863
678
506
302
90
-95
-304
-501
-691
-916
-1102
-1287
-1451
-1565
-1686
-1764
-1846
-1895
-1896
-1915
-1877
-1848
-1796
-1686
-1592
-1442
-1292
-1137
-946
-777
-572
-366
-172
66
287
520
761
986
1240
1462
1704
1923
2099
2247
2322
2357
2388
2396
2434
2448
2441
2404
2276
2132
1912
1658
1372
1075
759
426
85
-238
-547
-806
-1044
-1267
-1477
-1683
-1843
-1962
-2014
-2050
-2049
-2043
-2014
-1965
-1873
-1731
-1521
-1283
-1031
-780
-561
-337
-147
39
208
367
505
606
715
820
949
1083
1180
1240
1225
1163
1098
1010
956
899
807
702
519
350
159
-15
-130
-243
-338
-471
-636
-796
-957
-1071
-1129
-1185
-1185
-1224
-1233
-1237
-1230
-1182
-1130
-1042
-963
-907
-841
-781
-716
-591
-474
-305
-158
-10
138
272
435
597
780
964
1116
1266
1403
1508
1614
1679
1760
1814
1862
1895
1878
1864
1807
1729
1622
1462
1289
1078
867
655
426
205
-36
-259
-464
-648
-786
-934
-1052
-1156
-1275
-1349
-1446
-1500
-1524
-1521
-1472
-1396
-1300
-1168
-1041
-888
-757
-641
-523
-462
-353
-272
-159
-46
49
148
224
294
369
404
450
458
430
421
373
363
316
269
220
142
55
-29
-107
-150
-192
-206
-235
-291
-320
-367
-367
-372
-370
-356
-377
-384
-378
-359
-302
-253
-188
-149
-159
-162
-188
-193
-175
-167
-132
-114
-62
13
97
225
337
448
538
598
668
731
797
891
968
1070
1151
1221
1284
1324
1346
1319
1268
1174
1053
930
813
728
654
567
471
333
173
-8
-181
-329
-468
-572
-663
-761
-851
-941
-1018
-1065
-1089
-1081
-1075
-1065
-1052
-1047
-1011
-964
-898
-818
-754
-695
-664
-622
-582
-519
-420
-333
-246
-214
-212
-225
-257
-237
-216
-170
-89
-61
-27
-46
-84
-111
-171
-168
-167
-118
-55
-1
53
102
135
166
195
209
247
263
305
320
363
408
435
483
499
496
492
456
441
435
427
438
410
415
399
401
432
470
509
546
567
568
567
563
572
584
626
654
693
727
737
740
709
668
600
515
442
384
339
311
275
238
174
82
-13
-142
-265
-396
-508
-594
-658
-696
-711
-722
-737
-762
-798
-838
-874
-882
-875
-822
-783
-730
-689
-650
-619
-590
-553
-515
-477
-450
-412
-407
-406
-413
-408
-413
-396
-379
-367
-363
-371
-373
-379
-373
-374
-373
-367
-375
-371
-345
-291
-212
-137
-56
-17
4
11
38
62
109
177
237
285
340
388
440
483
533
549
536
525
514
551
586
672
730
777
787
784
766
770
778
811
845
861
874
876
888
871
884
851
816
747
671
589
538
500
484
463
417
345
236
136
16
-77
-166
-239
-318
-387
-460
-507
-554
-574
-588
-614
-638
-685
-714
-733
-726
-697
-662
-619
-583
-563
-531
-502
-465
-425
-396
-379
-384
-400
-415
-446
-443
-430
-411
-402
-396
-403
-428
-459
-496
-542
-591
-618
-647
-633
-613
-560
-514
-472
-432
-411
-391
-374
-356
-334
-303
-257
-200
-145
-54
26
114
187
247
290
317
339
370
403
444
519
584
670
746
803
866
904
927
945
960
968
973
976
966
957
959
964
964
960
923
851
756
639
536
449
409
388
376
346
275
170
48
-70
-161
-227
-278
-319
-379
-418
-464
-473
-478
-455
-436
-440
-458
-496
-531
-550
-522
-481
-406
-360
-314
-299
-295
-300
-294
-293
-294
-317
-351
-388
-445
-474
-501
-497
-481
-472
-474
-483
-505
-541
-589
-625
-659
-665
-642
-595
-515
-439
-359
-296
-263
-244
-233
-225
-209
-174
-138
-84
-26
48
133
212
302
360
402
410
420
415
430
460
515
575
635
683
707
725
739
751
756
765
740
723
678
635
587
559
540
531
526
516
497
443
405
347
290
237
205
170
141
108
75
39
-7
-43
-78
-101
-139
-161
-176
-188
-188
-175
-159
-142
-120
-116
-122
-123
-118
-98
-63
-28
0
30
28
28
5
-23
-55
-110
-170
-232
-301
-360
-396
-431
-448
-492
-531
-588
-646
-706
-737
-775
-808
-832
-851
-838
-817
-750
-681
-599
-531
-482
-461
-443
-416
-381
-317
-246
-179
-105
-51
22
102
189
287
341
389
376
364
354
357
408
456
527
572
595
611
620
635
661
683
690
665
614
575
543
544
567
591
617
609
574
532
471
447
432
408
381
306
217
123
38
-7
-34
-50
-67
-113
-171
-229
-271
-293
-300
-292
-295
-316
-330
-339
-331
-277
-214
-133
-70
-41
-19
-17
-2
-7
-1
-1
-18
-35
-74
-110
-148
-180
-215
-248
-296
-342
-404
-462
-506
-551
-588
-619
-645
-659
-656
-645
-605
-551
-488
-426
-380
-359
-356
-355
-319
-275
-201
-127
-76
-27
13
69
135
213
264
287
276
239
207
205
256
340
421
498
500
493
455
463
515
560
633
621
598
520
464
424
439
493
547
588
561
527
421
361
304
265
263
193
142
48
-35
-88
-126
-122
-148
-155
-214
-277
-346
-410
-407
-413
-366
-365
-371
-386
-397
-355
-299
-187
-127
-58
-61
-58
-58
-86
-40
-51
-21
0
-22
-44
-78
-102
-114
-122
-168
-183
-279
-328
-366
-426
-390
-418
-401
-414
-409
-411
-405
-376
-343
-294
-278
-254
-272
-291
-303
-241
-198
-101
-20
-4
49
20
60
104
148
222
265
321
339
353
370
439
514
617
690
705
664
661
606
591
690
652
712
597
530
496
392
444
384
369
355
297
256
240
186
213
133
64
3
-119
-103
-152
-131
-86
-121
-130
-161
-229
-203
-436
-586
-725
-824
-461
-250
-145
-73
-726
-894
-1289
-1487
-473
-630
508
197
-437
-311
-1810
-942
-1045
-290
683
242
635
-262
-339
-553
-242
-147
328
632
526
1024
275
752
-320
-80
-145
-65
904
429
1207
475
117
-158
-916
-705
-128
56
753
756
-48
362
-536
-173
396
-22
1176
684
1143
1499
979
1263
917
1090
1547
1802
2232
2072
1944
1619
773
867
206
950
1039
905
838
-532
-820
-1774
-1882
-1709
-1627
-1192
-1790
-1906
-2738
-3201
-3140
-3436
-2679
-2610
-1883
-1917
-2074
-1947
-2283
-1898
-1767
-1138
-648
-144
352
451
542
582
497
704
1052
1531
2094
2407
2438
2225
1943
1574
1310
1333
1579
1693
1643
1342
793
184
-286
-555
-739
-801
-769
-946
-1285
-1474
-1596
-1885
-1946
-2058
-1998
-1628
-1316
-602
-480
-85
-71
-296
363
599
1583
2224
2622
2940
2783
3075
3098
3396
4037
4383
4574
4534
3890
3042
2177
1897
2249
2395
2569
1651
663
-395
-2018
-2170
-3154
-2692
-2321
-2820
-2617
-4505
-4873
-5674
-5791
-4969
-4850
-3558
-3821
-3489
-3390
-3841
-3126
-3381
-2146
-1547
-827
515
463
1318
1074
1084
1280
1294
2173
2692
3506
3743
3446
3325
2468
2152
2082
2209
2662
2732
2558
2153
1283
589
124
-239
-85
-199
-111
-595
-1239
-2231
-3061
-3338
-3303
-2929
-3308
-3380
-4223
-4558
-3921
-4339
-3477
-3366
-3079
-2567
-3500
-2029
-2298
-888
1056
873
2209
1414
2390
2774
3482
5300
5101
6747
6098
6258
6281
5555
7257
6533
7258
7127
6348
6650
5142
4296
2807
1996
2500
2292
2128
900
-526
-1984
-3703
-4061
-5535
-4947
-4305
-4746
-4411
-6570
-7171
-7860
-7960
-6904
-6779
-5064
-4693
-4066
-3776
-4549
-3992
-4119
-2638
-1786
-477
1118
1394
2535
1868
1717
1878
2142
3384
4047
4885
4997
4761
4534
3536
2974
2629
2762
3074
3142
2907
2250
1483
321
-718
-1428
-1833
-1751
-1446
-1717
-2304
-3406
-4592
-5428
-5856
-6138
-5400
-4449
-4952
-4070
-4768
-5699
-5000
-5721
-3587
-3354
-1434
912
-560
1958
557
1103
2406
2844
5875
5532
8276
7372
7138
7795
5849
8024
6997
8876
8891
8217
9233
6276
7456
5322
4712
4227
2000
3495
2142
2593
1381
-465
-1567
-4470
-4530
-6031
-5915
-4894
-5017
-4694
-6868
-7608
-9085
-9482
-8385
-8219
-6047
-5095
-4757
-4337
-5146
-5267
-5337
-4042
-2393
-1249
854
1406
1999
1887
1224
1529
1983
3188
4372
5453
5899
5486
5252
4350
3446
3082
3204
3768
3970
4166
3362
2311
1130
-433
-1272
-1762
-1978
-1624
-1625
-2266
-3690
-4706
-5550
-6819
-6642
-6692
-6407
-5454
-5305
-5153
-5815
-5870
-5655
-5518
-3891
-2603
-1008
605
1474
2022
1812
2513
3337
4468
6582
7606
8738
9032
8746
8138
7606
8076
8270
9261
9579
9384
8783
7696
6663
4851
3129
2563
2899
3091
3008
1661
32
-2156
-4465
-5398
-7256
-6794
-5825
-5446
-5172
-7185
-8256
-9994
-10201
-9961
-9522
-7095
-6046
-4633
-4462
-4881
-5470
-5764
-4028
-3157
-892
980
2227
3593
2794
2449
2078
2565
3725
4923
6653
7034
6970
6718
5433
4080
3183
3188
3607
4103
4164
3628
2613
939
-835
-2128
-2959
-3394
-2851
-2638
-3379
-4293
-5058
-6392
-7405
-7833
-8458
-8076
-6923
-5605
-5533
-5039
-4988
-6388
-5587
-5241
-3756
-1821
1022
3499
2848
4138
3067
2901
4425
5887
8420
9296
11483
10523
9464
9068
7275
8328
8558
9945
9922
9611
9190
6851
6162
3830
1920
1244
1784
2218
1752
1332
-1153
-3276
-5615
-7486
-8868
-8919
-7083
-6622
-5693
-7308
-9025
-10214
-11431
-10953
-10262
-7378
-5386
-3694
-2703
-3772
-4296
-4953
-3648
-1925
246
3084
4600
6064
4955
3983
3408
3181
4524
6184
7931
8408
8410
7680
5887
4022
2616
2311
2821
3260
3362
2931
1755
-238
-2245
-3956
-5152
-5449
-4752
-4291
-4587
-5506
-6402
-7459
-8777
-9135
-9139
-8380
-7286
-6281
-5077
-5387
-4974
-4593
-5040
-3695
-2934
-673
1158
3103
5082
4453
5486
5099
5544
6698
7897
9975
10219
11423
10504
9376
8774
7645
8218
8013
8754
8635
8145
7628
5583
4742
3224
2054
765
-707
101
-8
-566
-908
-2993
-4438
-7011
-8548
-9440
-10483
-8016
-7137
-5941
-6553
-8545
-9240
-10912
-10111
-9408
-6461
-3044
-2075
-85
-1201
-2423
-3231
-2422
76
1584
5133
6518
7440
6876
4325
3878
3406
4321
5986
7547
8411
7334
6648
4676
2157
721
349
994
1265
1340
578
-549
-2249
-4480
-5834
-6749
-7265
-6749
-5991
-5987
-6647
-6850
-7587
-8506
-8761
-9104
-7941
-6623
-5344
-3813
-3259
-2289
-2540
-2112
-1195
-854
1480
3305
5402
6933
7383
7876
7124
7259
7373
8046
9475
10232
11196
10594
9673
8343
6844
6290
5783
6454
6642
6635
6554
4941
3549
2174
1106
-54
-1930
-2334
-1469
-1599
-1654
-2256
-3957
-5292
-8211
-9661
-11279
-11332
-8173
-6736
-4845
-5880
-7239
-8253
-10022
-9720
-9076
-4708
-1261
1113
2685
940
-214
-2071
-1010
578
2868
6698
8590
10218
7900
5132
3710
2548
3494
4929
7004
7794
7290
6141
3404
370
-1658
-1781
-1248
-669
-715
-1161
-1712
-3751
-5918
-7295
-8280
-8446
-7737
-6861
-6719
-6768
-6430
-6830
-7254
-8018
-8475
-7061
-5788
-4060
-2291
-409
882
373
968
389
245
2214
4538
7273
8596
9953
9515
8016
7071
5806
6513
7785
9665
10634
10257
9164
6535
4843
3383
3052
3921
4877
6087
5701
4264
2298
536
-419
-1914
-3536
-2890
-1445
-1687
-1324
-1960
-4095
-6146
-8662
-10086
-12319
-11129
-7404
-5668
-3566
-4304
-5655
-7328
-9233
-9680
-8342
-3524
84
3413
5180
3429
1352
-358
136
587
3521
7288
9703
11373
8826
6289
4207
2592
2698
3874
5850
6554
6484
5635
2790
-546
-2487
-3066
-3072
-2856
-3195
-3239
-3494
-5082
-6632
-7617
-8420
-9094
-8845
-8541
-8430
-8142
-7014
-5821
-5954
-6454
-6617
-5690
-5151
-4166
-1076
688
2348
3729
3671
3190
2367
3954
5100
6879
9169
9629
10258
9288
8127
6566
6168
7014
7253
8315
8191
7485
6180
4772
3811
2996
3101
3223
3959
3908
2862
2305
1624
7
-2399
-3536
-3033
-3033
-2396
-1607
-2811
-3768
-6420
-8782
-11220
-12579
-9586
-7681
-4434
-3553
-4182
-4392
-6851
-7725
-8242
-5244
-1643
1666
5063
5060
4428
2718
2321
1897
2716
5126
7137
9700
8968
7529
5997
4588
3674
3048
3613
3518
3464
3024
1807
-53
-1625
-2451
-3316
-4078
-5611
-6521
-6497
-6875
-7119
-7130
-6987
-7404
-8294
-9011
-9507
-9769
-8766
-6565
-4747
-3754
-3490
-2733
-2623
-3211
-1691
185
2234
4553
6104
6729
6050
6143
6246
6385
7361
8347
9144
9471
9127
7828
6946
6438
6158
5924
5626
5482
4753
4186
3455
2980
2953
2770
2906
2712
1963
1332
541
-1097
-3606
-3848
-2635
-2817
-1523
-1994
-3259
-4867
-8217
-9960
-13027
-11415
-8057
-5927
-2773
-3470
-3509
-5035
-6804
-7481
-6797
-2645
704
4276
6141
6138
4824
3977
3580
2924
4629
6003
8352
9329
8350
7170
5795
5238
3733
3230
2797
1988
1480
917
-172
-1739
-2201
-2986
-4043
-5651
-7557
-8525
-8598
-8254
-8421
-7741
-6959
-7325
-8165
-9099
-9808
-9963
-8584
-6173
-4092
-2721
-1510
-350
-570
-1031
-317
1241
3452
5286
7088
7781
7786
7981
7490
7416
7361
7686
8218
8285
7878
6892
6461
6095
5448
4803
4289
3983
3358
2762
2244
2166
2230
2284
2526
2386
2036
739
-1734
-4497
-4702
-3535
-3645
-1469
-951
-2220
-3911
-7774
-10244
-13958
-11868
-7873
-6328
-2331
-2371
-1787
-3150
-5686
-5952
-5369
-1334
1226
4232
6608
6581
6218
6353
6032
5395
6723
7004
7944
7207
6009
5895
5419
6175
4754
4572
3498
607
-1097
-3054
-4136
-4888
-4122
-3554
-4149
-5558
-7800
-9356
-10517
-11108
-11177
-9404
-7863
-7608
-7313
-7705
-7934
-8117
-7133
-5148
-3584
-2535
-741
865
1233
1833
3286
5611
6003
6993
7941
7090
7417
7366
8059
8412
8941
9441
8287
7725
5867
4414
4024
3753
3756
3849
4359
3676
2821
1947
1335
985
1021
1713
1593
2108
1430
-1459
-3963
-4312
-3361
-3733
-1807
-804
-2528
-3786
-7433
-10040
-13010
-11707
-7312
-6343
-2741
-2654
-2540
-2538
-5332
-4941
-3830
81
2286
4027
6387
5888
6005
6732
6916
6761
8240
8340
8283
6979
4864
4823
4460
5648
4699
4372
3999
652
-1276
-3593
-5088
-5719
-5395
-4861
-5640
-6717
-8267
-9518
-10063
-10392
-10662
-9214
-8442
-8807
-8921
-8998
-7923
-7081
-5054
-2992
-1858
-725
-885
247
907
1506
4336
6762
8544
8572
8696
8783
7208
7318
7839
8017
8455
8511
8155
6788
5465
4848
4253
3860
3511
2739
2636
2037
1359
1464
1563
2139
2221
2252
1764
564
-1057
-4412
-5465
-3704
-4330
-2745
-832
-2078
-2567
-6565
-8614
-12066
-14265
-8744
-9012
-5700
-2869
-3489
-599
-3116
-3022
-2465
-1180
2386
2091
4660
6177
5669
8356
9572
9147
10386
9888
9258
7619
4665
4687
3723
5309
5726
4220
5369
2259
-464
-2374
-5062
-6154
-7301
-6708
-7126
-8631
-8682
-9441
-9718
-9397
-10225
-9600
-9128
-9804
-10047
-10487
-8998
-7472
-5693
-2594
-809
262
471
912
1373
876
2321
5413
7287
8315
9179
10163
9428
8126
8573
7739
7234
7245
6672
6358
5132
4799
4964
4628
4432
3568
2983
2306
1085
681
1090
1399
2147
3112
2895
2767
923
-3177
-4790
-4391
-5284
-4558
-2431
-2459
-3070
-5567
-7248
-10733
-13666
-9464
-9985
-8317
-5457
-6204
-2925
-3536
-2600
-1238
331
3863
2588
3844
4812
3685
6053
8459
9538
11410
12042
11762
9663
6108
5034
3083
4089
5035
3409
4868
3169
568
-1242
-3448
-4689
-6433
-6324
-7123
-9475
-10061
-10736
-10833
-9783
-9457
-8646
-7782
-7804
-8899
-10106
-9521
-8661
-7296
-4350
-1806
-166
825
2080
3130
2508
3631
5085
6162
7173
6272
8018
8045
7698
9456
8908
9333
8047
7107
6068
3417
3354
3235
3575
3989
4137
4129
3317
3179
2578
2139
2192
2536
2603
2526
2741
1063
-1555
-3193
-2076
-3222
-3793
-1418
-3645
-3596
-6454
-9255
-10398
-14686
-9366
-9549
-9402
-5220
-7410
-3922
-4693
-4661
-1766
-1105
3008
3173
3360
5113
4180
5687
8230
8337
10570
11676
11264
10612
6881
6122
4525
3858
5306
2904
3486
2965
331
-443
-2613
-3661
-4768
-5982
-6590
-9398
-10725
-10571
-10978
-9619
-9026
-8501
-7112
-7623
-8012
-9152
-9208
-7574
-7149
-4512
-2609
-1350
501
1254
3351
3190
3902
6049
6078
6990
5897
6303
7126
5896
7796
7861
7824
8141
6905
6584
4345
3138
3264
2567
2527
2495
2698
3012
3093
3525
3873
3767
3932
3844
2948
2824
1666
-592
-2285
-2114
-1623
-3309
-1346
-1801
-3846
-4289
-8330
-8881
-13014
-12311
-8607
-11859
-7631
-7647
-6697
-3719
-5303
-1555
-596
1191
3361
2122
3543
3738
3650
6900
8093
8852
11162
11093
11111
8791
6730
6712
4260
4668
3846
1872
2414
337
-350
-786
-2453
-2768
-4304
-5358
-7274
-10248
-10416
-10600
-10652
-9530
-9060
-7800
-7192
-7164
-6776
-7198
-6261
-5800
-5361
-3615
-3146
-1813
181
1935
3536
4079
5693
6872
6099
6382
6124
5622
5722
5182
5726
5606
5325
5864
5766
5620
4645
3841
3819
2264
1231
1373
1391
1975
2825
4180
4926
4780
5436
5137
4314
4300
1761
-1025
-1677
-2007
-3517
-3144
-1606
-3196
-3157
-5237
-7523
-9829
-13167
-9380
-11044
-11338
-8260
-9562
-5671
-5807
-4526
-331
184
3562
3882
3317
4431
2741
4267
6564
6454
8646
9832
10798
10526
7570
7762
6525
4827
5052
2572
1712
601
-1389
-1243
-2361
-2993
-3250
-4028
-4475
-7280
-9186
-8927
-9770
-9763
-9540
-9149
-8028
-7834
-6945
-6213
-5512
-4019
-3689
-2363
-1564
-2310
-1034
539
1705
2687
3551
6210
6653
6211
7473
6395
6263
5705
4972
5274
3431
3851
4060
3815
4331
3213
4065
3815
2486
2481
1668
1940
2253
2610
4282
4166
4478
5847
5226
5411
3863
414
55
-481
-2995
-2822
-2728
-4090
-3626
-6344
-7347
-9160
-12454
-8347
-10176
-10620
-8280
-10356
-5943
-6515
-6123
-1113
-1024
2754
3965
3339
5222
3691
5544
7224
6301
8467
8200
9216
9735
6302
7190
6867
5474
5837
3240
2158
568
-1702
-1514
-3200
-4014
-3954
-4922
-4898
-7203
-8802
-7966
-8507
-8164
-8141
-8640
-7489
-7831
-7367
-5974
-5677
-3551
-2782
-1541
-260
-1295
190
1504
2321
2857
3111
4870
5129
4962
5705
6206
5809
5734
5640
4719
3436
2514
2989
2602
2537
2820
2817
3152
2359
2242
2194
1910
3028
3275
4049
4673
4688
5407
5490
6195
4415
1892
1117
183
-1776
-2753
-2078
-3879
-4006
-5461
-7944
-8943
-11865
-9553
-9558
-10523
-8656
-9916
-7322
-6590
-6667
-2621
-559
1937
3988
4026
4934
4402
4912
6904
6701
7742
8641
8832
9516
7219
6606
7080
5845
5734
4250
2709
1137
-948
-1579
-2716
-4020
-4413
-5140
-5523
-6951
-8792
-8249
-7859
-7821
-7529
-8000
-7756
-7539
-7861
-6688
-5607
-4443
-2715
-1728
-389
-634
-371
1937
2609
3257
3662
4772
5389
4555
5194
5412
5316
5161
5476
5105
3442
3073
2879
2464
2487
2025
2062
2355
1975
1792
1811
2037
2846
3330
3877
4347
4351
5017
5540
6106
5074
2370
1384
1082
-2110
-2579
-2026
-4643
-3182
-5603
-7894
-8165
-12302
-8964
-9786
-10729
-7795
-10727
-7000
-6385
-7593
-2386
-1422
1577
4495
3562
5936
5195
5509
8135
6622
8166
8355
7790
9361
6473
6348
7355
5612
6473
4363
2413
1662
-1354
-1534
-2572
-4257
-4006
-5365
-5793
-6934
-9396
-8400
-7991
-7761
-6803
-7544
-6838
-6544
-7264
-6010
-5436
-4514
-2710
-2252
-652
-575
-461
2555
2824
3638
4391
4137
5503
4165
4465
5200
4547
5272
4423
4166
3119
1691
2609
1814
2003
2343
1494
2285
1619
1165
1744
1826
2866
3281
3663
4351
3810
4942
5198
5634
6329
3296
2222
2167
-1017
-2265
-1812
-4176
-4221
-5388
-8186
-8232
-11798
-9697
-8813
-11062
-7129
-10152
-8472
-5774
-8495
-3566
-1594
36
3964
3211
5189
5646
5221
8500
7591
8619
9715
7807
9335
7077
5383
7330
5463
5867
5412
2876
2560
-53
-1133
-1713
-3682
-3625
-5114
-6152
-6462
-9172
-8740
-7909
-8489
-7330
-7772
-7399
-6732
-7038
-5459
-4586
-3689
-2255
-2330
-1107
-981
-982
1884
2888
4081
4993
4985
5670
4498
4707
5037
4967
5512
4553
4502
3239
1674
1989
1320
1407
1484
1122
1581
1080
1211
1730
2034
2925
3140
3486
3867
3347
4056
4486
4873
5694
3605
1796
1735
27
-2086
-940
-2458
-4254
-3823
-7993
-8590
-11283
-12067
-8424
-11725
-7867
-8151
-9755
-4552
-7499
-4699
-663
-1031
3317
3512
3874
5778
4475
7459
8135
7537
9929
7899
8481
8475
5263
7311
6380
5031
5772
2888
1840
219
-1532
-1125
-2965
-3500
-4134
-6202
-6131
-8099
-8978
-7151
-7825
-7092
-6726
-7807
-7074
-7249
-6384
-4370
-3789
-2263
-1156
-777
106
-821
1106
3285
2934
4879
5072
4594
5179
4740
4923
4954
4569
4858
3887
2961
2404
1132
1959
1797
1128
1215
268
665
236
511
1908
2011
3353
3853
4130
4276
3948
5267
5367
5822
5269
2477
1763
1081
-1267
-1901
-1305
-3646
-3902
-5412
-8306
-8899
-12022
-9107
-9896
-11229
-7716
-11134
-7889
-6098
-7538
-1890
-847
931
3985
3020
4993
5156
5861
8919
7618
8672
8880
6949
8520
6262
5573
7590
5573
5783
4920
2375
1687
-342
-739
-1599
-3761
-4040
-6029
-7215
-7395
-9458
-8392
-7180
-7951
-6860
-7413
-7739
-6698
-6698
-5009
-3737
-3473
-1955
-1571
-720
-243
-259
3052
3637
3830
5607
4818
5192
5344
5647
5818
4754
5223
4211
2789
2239
1183
1264
1261
1506
1189
274
669
569
365
1113
1815
2213
2742
3528
3871
3693
4645
5818
5937
6361
5244
2904
1998
1742
-445
-1707
-788
-3713
-4803
-6075
-8659
-9640
-11301
-8416
-9890
-10432
-8414
-10743
-7791
-6569
-6587
-2225
-731
882
2856
2987
4565
5011
6601
8840
7775
8374
8141
7076
8265
6181
6150
7702
5798
5449
4443
2415
1687
467
165
-1037
-3150
-4116
-6154
-7176
-7826
-9499
-8300
-7440
-8378
-7784
-8220
-8177
-6958
-6553
-4968
-3803
-3611
-2532
-1727
-848
-470
233
3251
3515
3421
5174
4638
5445
6096
6452
6842
5488
5901
4684
3031
2908
1539
1687
1527
1044
819
-343
477
697
393
1493
1784
2205
2575
2997
3655
3405
4497
5751
5604
5402
4393
2360
1619
1665
-1075
-1226
-1240
-4403
-4230
-7004
-8090
-9155
-10782
-7383
-10588
-9997
-8758
-10740
-6735
-6740
-5603
-1519
-978
1158
2458
2831
4841
5114
7237
8718
6907
7952
7351
6420
7566
5359
6215
7028
4997
5209
3665
2469
2147
639
854
-944
-3144
-3610
-5861
-6617
-7345
-8950
-7571
-7725
-8648
-7811
-8412
-7464
-6254
-5926
-4107
-3730
-3540
-2301
-1771
-891
-632
398
2766
2359
2835
4362
4205
5391
5993
6637
6462
5516
6131
4858
3821
3564
2347
2065
1426
788
319
-137
776
1005
939
1630
1897
2162
2536
3226
3919
3698
4991
5660
4782
5094
4068
2418
1500
1362
-368
-2046
-1388
-3798
-4950
-5725
-7465
-8439
-9835
-7843
-10007
-10309
-8726
-10125
-7381
-6703
-5505
-3012
-1515
610
1516
2918
4220
5019
6676
7493
6772
7139
7139
6324
6943
5695
5542
6205
5120
4797
4052
3356
2579
1663
1510
-213
-1964
-2814
-4614
-5725
-6843
-7915
-7986
-8061
-8616
-8587
-8562
-8014
-7105
-6336
-4879
-4323
-3388
-2540
-1933
-1001
-1108
-136
997
1439
2037
2754
3995
4412
5102
6314
5950
5866
6317
5821
5478
4610
4104
3406
2166
1931
877
479
841
623
986
1033
1691
2271
2276
3433
3827
4086
4671
5143
5197
4667
4742
3415
1338
1204
33
-2189
-1989
-3382
-4614
-4935
-6873
-6749
-9285
-8356
-7822
-10574
-7922
-9590
-8428
-6564
-6833
-3953
-3405
-1007
626
1244
3136
4118
5257
6786
6940
6557
7240
6043
6405
6135
4701
5769
4767
4668
4259
3200
3307
2228
2271
1815
-209
-917
-2170
-3959
-4883
-6120
-7159
-7521
-8145
-8496
-8810
-8927
-7998
-7486
-6388
-5223
-4624
-3318
-2638
-1716
-988
-955
141
524
879
1465
2159
3095
3450
4702
5190
5026
5545
5854
5941
5545
5595
5335
4418
4100
3206
2511
1983
1559
1416
1129
1213
1581
1987
2209
3194
3593
3986
4631
4845
4790
4416
4622
3089
1402
1089
-241
-2190
-2579
-3617
-5299
-5295
-6717
-6915
-8400
-8326
-7172
-9424
-7375
-8063
-7933
-5578
-5849
-3929
-3254
-1681
-62
485
2089
2963
4086
5200
5826
5782
6087
5647
5851
6180
4831
5327
4758
4175
3909
2963
2891
2110
2138
1584
241
-398
-1592
-2719
-3423
-4351
-5715
-6036
-6754
-7406
-7748
-8195
-7405
-7227
-6321
-5692
-5230
-4088
-3576
-2484
-1574
-1242
-537
265
408
968
1387
2018
2741
3167
4001
3554
4166
4663
4420
5209
4901
5412
5199
4711
5015
3858
3741
3542
3050
2618
1997
2118
1902
2035
2459
2568
2851
3407
3305
3109
3356
3177
2914
2350
1389
421
-100
-1397
-2041
-2645
-4270
-4186
-5636
-6022
-7159
-7853
-6420
-8027
-6731
-6612
-6786
-5174
-4750
-3536
-2808
-1184
-255
623
1608
2162
2477
3070
4235
3451
4145
4088
3696
4470
3439
3695
3542
3315
3391
3099
3047
2401
2221
2104
1360
357
-79
-1071
-1917
-2284
-3729
-4206
-4705
-5441
-5609
-5987
-5734
-5603
-5071
-4470
-4356
-3730
-3288
-2761
-2027
-1909
-1433
-701
-485
-148
37
512
707
940
1666
1481
1929
2561
2868
3450
3686
4020
4234
4391
4485
4191
4206
4163
3709
3472
2815
2339
2187
1821
1927
1764
1663
1671
1507
1467
1050
1087
1289
1197
1445
1350
1031
801
471
210
-469
-698
-1266
-1902
-2154
-3101
-3213
-3982
-3808
-3691
-4425
-3707
-4012
-3509
-3047
-2649
-1932
-1833
-1080
-945
-728
-556
-193
132
332
596
184
479
277
382
633
517
932
856
1048
953
997
1158
1102
1255
1227
1020
631
676
343
-138
-171
-630
-911
-1143
-1477
-1605
-1679
-1562
-1552
-1497
-1505
-1656
-1435
-1220
-1010
-625
-465
-331
-282
-447
-627
-571
-365
-297
-64
55
123
172
401
692
761
1205
1392
1490
1724
1628
1733
1933
1960
2052
1824
1695
1540
1139
1125
765
559
507
97
205
86
-53
289
488
681
804
941
1140
1193
1392
1644
1529
1788
1798
1524
1561
1261
1156
1043
828
663
301
16
-75
-325
-618
-718
-934
-1164
-1367
-1552
-1668
-1682
-1644
-1617
-1704
-1863
-2038
-2185
-2162
-2284
-2338
-2308
-2380
-2404
-2544
-2469
-2330
-2029
-1570
-1444
-1049
-764
-677
-239
10
176
414
692
881
769
913
914
787
1023
866
753
908
802
776
782
691
630
516
586
568
440
592
526
562
601
358
394
316
73
68
-54
-176
-166
-186
-170
-214
-237
-179
-317
-368
-389
-709
-593
-647
-827
-630
-665
-508
-337
-222
96
258
538
862
1047
1346
1562
1756
2100
2224
2383
2666
2637
2808
2831
2764
2844
2678
2643
2486
2274
2088
1732
1454
1080
677
342
-46
-225
-470
-773
-884
-1160
-1456
-1556
-1848
-2042
-2185
-2459
-2526
-2821
-2992
-3014
-3272
-3093
-3089
-3153
-2787
-2731
-2462
-2152
-1957
-1573
-1381
-1097
-857
-773
-464
-295
-82
267
307
523
719
686
737
712
743
812
854
984
907
977
1025
879
994
882
782
857
735
605
451
235
106
-114
-304
-455
-648
-604
-660
-762
-740
-990
-1123
-1135
-1338
-1343
-1347
-1252
-1072
-997
-810
-707
-456
-113
95
485
795
1078
1465
1780
2060
2337
2596
2827
3011
3098
3209
3225
3275
3224
3121
3115
2922
2792
2608
2349
2148
1764
1508
1149
725
481
114
-155
-379
-663
-930
-1162
-1552
-1894
-2149
-2458
-2562
-2721
-2823
-2873
-3046
-3037
-3133
-3098
-2915
-2859
-2459
-2270
-2142
-1875
-1882
-1710
-1556
-1476
-1182
-960
-658
-332
-125
131
174
279
445
428
630
819
957
1242
1350
1412
1456
1418
1387
1321
1353
1306
1162
1138
876
567
319
-57
-301
-508
-692
-852
-987
-1132
-1336
-1421
-1480
-1598
-1604
-1569
-1596
-1486
-1387
-1294
-1059
-877
-664
-412
-160
63
335
767
1074
1420
1778
2024
2300
2506
2660
2800
2930
3028
3090
3101
3091
3000
2961
2984
2801
2640
2446
2055
1792
1446
1065
850
672
437
206
-46
-481
-844
-1140
-1425
-1674
-1790
-1894
-2088
-2126
-2307
-2525
-2449
-2527
-2548
-2350
-2375
-2260
-2124
-2105
-1982
-1963
-1859
-1716
-1623
-1326
-1176
-915
-559
-523
-343
-224
-234
-27
142
319
612
780
992
1054
1107
1165
1111
1245
1236
1141
1147
981
797
677
427
240
59
-181
-453
-699
-881
-1120
-1185
-1209
-1381
-1429
-1476
-1585
-1532
-1471
-1394
-1213
-1035
-907
-812
-583
-420
-180
229
484
759
1023
1231
1435
1645
1872
2079
2272
2472
2498
2541
2689
2668
2836
3007
2969
2994
2875
2623
2413
2098
1851
1631
1417
1241
886
643
345
-77
-289
-618
-944
-1070
-1358
-1469
-1539
-1736
-1744
-1818
-1931
-1956
-2092
-2108
-2106
-2190
-2113
-2178
-2182
-2094
-2103
-1945
-1797
-1680
-1423
-1276
-1129
-971
-870
-638
-489
-321
-86
33
232
424
526
737
876
963
1103
1106
1037
977
899
831
727
652
509
358
214
-11
-169
-310
-449
-529
-629
-761
-906
-1031
-1053
-1126
-1106
-1076
-1068
-997
-1029
-996
-901
-792
-559
-333
-94
144
260
497
649
804
1065
1219
1449
1639
1669
1803
1879
1927
2098
2211
2359
2411
2417
2409
2259
2151
2033
1867
1804
1613
1390
1229
935
701
462
215
52
-214
-361
-486
-681
-739
-863
-955
-996
-1145
-1273
-1368
-1492
-1619
-1712
-1774
-1881
-1951
-1916
-1935
-1878
-1768
-1726
-1572
-1464
-1418
-1283
-1135
-1008
-885
-728
-614
-523
-360
-218
-22
194
341
530
612
604
583
543
560
516
466
422
266
144
-2
-124
-156
-201
-202
-204
-296
-429
-560
-613
-636
-663
-600
-594
-604
-605
-686
-666
-598
-531
-347
-174
-37
91
227
389
509
648
794
920
1052
1125
1243
1378
1489
1596
1699
1751
1751
1782
1792
1838
1839
1838
1808
1722
1580
1394
1210
1062
890
700
627
431
253
155
-26
-109
-186
-284
-265
-313
-348
-422
-484
-576
-812
-927
-1099
-1297
-1356
-1430
-1462
-1408
-1457
-1451
-1410
-1414
-1381
-1299
-1161
-1077
-1007
-932
-936
-945
-917
-863
-735
-591
-443
-266
-141
-75
-85
-44
-31
-67
-37
-73
-75
-101
-145
-135
-156
-141
-145
-124
-85
-171
-169
-145
-192
-170
-189
-189
-139
-175
-145
-96
-79
-3
41
120
181
180
296
388
464
568
607
709
725
720
793
853
967
1065
1154
1232
1220
1213
1224
1258
1289
1372
1457
1511
1526
1414
1353
1252
1084
965
857
708
610
503
427
400
302
275
257
223
183
123
155
107
-6
-81
-298
-485
-692
-941
-1020
-1115
-1190
-1166
-1188
-1201
-1254
-1290
-1258
-1276
-1283
-1244
-1222
-1226
-1227
-1218
-1179
-1149
-1101
-1004
-930
-850
-776
-704
-615
-615
-642
-654
-684
-707
-662
-604
-481
-372
-313
-201
-192
-189
-133
-111
-12
28
41
158
145
181
253
286
391
419
457
508
500
524
570
633
696
700
732
767
715
742
775
815
923
917
940
947
854
800
759
724
718
725
789
840
849
867
876
849
769
665
563
480
403
370
366
383
392
399
447
429
426
459
475
484
430
351
266
120
-53
-221
-367
-519
-651
-724
-782
-825
-831
-860
-870
-913
-1024
-1043
-1064
-1112
-1080
-1069
-1022
-1010
-1030
-988
-1013
-974
-939
-889
-816
-846
-852
-825
-879
-870
-860
-819
-725
-701
-616
-565
-528
-491
-460
-407
-355
-369
-309
-248
-228
-156
-86
35
148
259
365
472
547
603
664
737
761
822
916
965
1027
1052
1107
1151
1179
1190
1217
1249
1197
1160
1093
986
874
799
768
741
726
727
737
720
618
533
449
326
265
185
173
158
128
188
192
209
253
261
325
324
252
265
178
86
-10
-158
-234
-392
-517
-585
-730
-770
-816
-855
-782
-863
-857
-816
-885
-853
-879
-847
-751
-758
-676
-645
-672
-636
-685
-652
-619
-657
-574
-557
-568
-560
-600
-559
-547
-549
-481
-481
-484
-526
-599
-617
-726
-738
-705
-692
-656
-648
-606
-543
-487
-385
-238
-65
92
216
359
430
480
567
653
740
844
924
1034
1114
1143
1196
1249
1291
1284
1268
1239
1140
1043
980
904
870
836
812
844
808
733
724
661
619
571
527
535
472
461
472
427
484
480
520
624
576
599
579
470
395
247
128
62
-112
-177
-309
-478
-571
-770
-841
-889
-1002
-940
-937
-965
-923
-988
-921
-888
-861
-739
-712
-666
-665
-739
-717
-759
-772
-674
-656
-611
-580
-600
-562
-577
-567
-497
-493
-456
-492
-544
-578
-682
-708
-708
-727
-686
-683
-660
-602
-572
-494
-383
-281
-190
-84
11
106
203
321
448
559
674
746
833
905
952
1021
1092
1135
1138
1134
1088
1009
932
835
751
689
616
570
552
531
515
532
526
519
494
475
481
457
492
493
510
562
559
619
681
683
753
730
677
625
494
421
329
250
212
113
16
-102
-315
-427
-575
-686
-689
-776
-783
-810
-870
-847
-869
-837
-771
-761
-708
-733
-793
-815
-894
-891
-866
-859
-782
-738
-699
-632
-613
-571
-533
-565
-553
-610
-662
-699
-746
-745
-778
-807
-796
-804
-790
-701
-623
-492
-378
-302
-232
-196
-159
-75
31
189
347
482
660
728
811
892
937
1050
1110
1176
1239
1226
1205
1154
1084
1003
889
791
695
585
519
455
420
409
368
379
372
363
379
388
423
415
414
439
419
461
497
560
640
636
636
588
509
437
365
345
325
269
243
146
25
-107
-257
-364
-468
-572
-635
-677
-709
-713
-704
-667
-669
-670
-693
-737
-772
-806
-811
-796
-800
-809
-801
-768
-747
-678
-573
-516
-457
-483
-518
-585
-681
-724
-753
-759
-786
-836
-865
-908
-930
-874
-783
-639
-515
-418
-334
-295
-275
-206
-110
16
155
301
460
563
664
745
834
923
961
1023
1073
1108
1135
1147
1154
1090
1011
913
793
687
600
555
549
524
521
525
522
539
547
587
611
611
614
596
569
576
569
613
627
609
610
559
530
491
453
423
364
289
208
105
18
-89
-186
-269
-381
-522
-643
-746
-799
-811
-775
-722
-690
-687
-712
-747
-816
-832
-855
-845
-853
-853
-845
-824
-794
-732
-641
-560
-487
-468
-446
-479
-503
-528
-550
-590
-630
-703
-746
-791
-800
-757
-700
-601
-523
-442
-376
-302
-249
-161
-90
17
102
180
271
360
453
549
647
718
793
835
888
933
966
991
985
952
906
816
755
683
615
578
519
480
460
450
492
547
607
682
704
695
667
615
600
600
601
631
607
597
543
478
462
433
434
440
397
351
271
158
63
-42
-136
-217
-327
-433
-534
-659
-699
-755
-773
-764
-774
-759
-778
-793
-802
-819
-855
-875
-925
-948
-967
-963
-897
-842
-771
-691
-664
-622
-620
-620
-570
-561
-532
-524
-536
-561
-610
-629
-605
-597
-534
-457
-407
-333
-279
-198
-98
-13
98
196
294
367
430
497
573
626
661
728
759
811
853
898
945
954
942
925
861
807
753
697
665
578
505
456
373
323
324
365
433
476
529
551
546
517
493
460
442
405
372
368
300
279
252
263
255
235
246
225
217
160
152
89
19
-44
-148
-190
-262
-293
-290
-318
-335
-365
-427
-456
-519
-544
-532
-558
-575
-627
-695
-748
-820
-836
-789
-780
-723
-699
-702
-697
-755
-778
-762
-790
-752
-736
-728
-694
-720
-682
-685
-682
-657
-659
-616
-601
-545
-457
-344
-253
-155
13
111
226
316
407
516
555
612
634
682
718
751
817
848
851
838
861
847
879
907
916
919
811
748
663
563
557
520
600
654
622
676
624
653
624
616
642
524
484
361
250
160
37
70
42
46
29
-68
-52
-179
-183
-168
-198
-188
-279
-258
-314
-388
-385
-373
-308
-288
-265
-260
-270
-257
-322
-311
-352
-423
-434
-478
-509
-572
-528
-455
-502
-474
-432
-458
-484
-543
-518
-553
-573
-577
-596
-550
-545
-448
-492
-458
-478
-524
-472
-539
-497
-545
-473
-451
-486
-324
-248
-144
-43
105
214
304
357
208
223
317
480
502
557
576
612
619
332
38
34
1035
970
875
931
337
982
452
721
505
574
1855
753
1113
670
999
1344
834
1283
371
1109
618
358
457
-63
492
-204
130
-206
-362
18
-485
-131
-583
-384
-404
-617
-327
-758
-547
-604
-641
-529
-664
-508
-659
-595
-481
-644
-431
-465
-533
-506
-626
-394
-535
-450
-316
-453
-315
-426
-240
-354
-299
-235
-383
-358
-545
-366
-406
-279
-320
-388
-198
-405
-460
-416
-334
-182
-256
-301
-291
-346
-233
-216
-146
-2
98
190
166
164
168
157
271
229
362
403
333
506
413
491
357
474
575
522
730
644
774
708
714
831
803
915
800
801
1007
894
952
940
803
758
631
710
478
353
318
235
174
-74
-53
-220
-231
-181
-405
-336
-403
-306
-274
-428
-416
-464
-478
-474
-468
-330
-252
-356
-359
-492
-453
-503
-464
-415
-462
-404
-493
-617
-286
-220
-613
-91
-554
-464
-344
-612
-137
-679
-266
-198
-509
-591
-337
-345
-462
-355
-408
38
-735
133
-368
-119
46
-712
275
-717
332
-171
-19
137
-65
301
-278
352
-35
305
97
317
-29
116
245
56
392
166
425
72
368
427
333
345
506
689
466
614
699
895
773
803
902
636
1026
717
858
810
619
805
465
488
388
284
146
296
-175
124
-85
-36
-124
-418
-29
-566
-227
-474
-244
-405
-359
-240
-338
-130
-351
34
-208
-240
-108
-213
-259
-148
-260
-278
-242
-246
-212
-232
-237
-195
-304
-345
-321
-457
-365
-301
-305
-507
-409
-463
-397
-611
-485
-544
-406
-294
-464
-129
-336
-89
-392
-332
-263
-208
-305
-154
51
-97
-64
-90
241
-32
134
76
97
-32
135
216
67
310
221
224
50
208
309
326
194
454
394
431
533
503
591
709
775
650
707
583
922
549
760
538
525
597
311
616
131
383
41
78
-36
-23
-40
-79
13
-278
13
-382
1
-311
-250
-238
-261
-109
-382
49
-168
104
-183
-16
-45
-194
-25
-272
-93
-240
-211
-175
-169
-319
-133
-322
-308
-218
-420
-144
-323
-343
-363
-333
-379
-455
-333
-439
-468
-595
-428
-322
-312
-262
-244
-111
-428
-251
-140
-258
-116
-110
-154
9
-119
-46
136
31
159
2
110
72
153
36
232
222
142
95
237
411
62
429
243
459
321
449
535
601
574
437
747
491
704
528
674
558
528
300
376
402
47
300
14
107
-197
-110
-66
-195
-81
-201
-42
-239
-243
-164
-143
-279
-274
-207
-244
-111
-203
-27
-13
-61
-3
-19
63
8
20
-17
59
-52
-83
-52
-65
-45
-249
-128
-216
-179
-193
-193
-125
-278
-308
-343
-340
-435
-406
-495
-359
-396
-454
-417
-337
-307
-416
-293
-341
-198
-304
-222
-123
-183
-179
-142
17
-40
-29
13
72
65
77
94
161
205
128
146
242
220
280
336
354
419
365
401
417
402
448
494
444
406
462
504
445
483
467
397
365
236
205
167
82
38
-28
-120
-139
-183
-216
-211
-130
-194
-189
-152
-227
-161
-264
-241
-214
-195
-219
-179
-140
-115
-37
-58
36
49
142
54
98
83
99
139
72
112
89
105
-17
61
-15
62
21
-22
67
-40
-52
-146
-136
-170
-180
-223
-191
-230
-254
-262
-304
-257
-318
-247
-245
-307
-273
-286
-289
-290
-285
-190
-168
-158
-137
-64
-53
-41
-3
23
114
67
116
143
170
246
278
357
421
416
477
458
432
465
405
503
465
464
460
435
458
400
366
339
366
250
157
80
25
-85
-158
-178
-184
-216
-275
-273
-272
-268
-309
-250
-301
-262
-321
-338
-313
-357
-295
-309
-213
-226
-180
-125
-86
-98
-57
7
-9
9
-37
23
4
-10
21
32
36
44
-2
7
19
-5
37
-52
-17
-37
-128
-129
-192
-180
-177
-220
-213
-225
-248
-196
-177
-191
-142
-149
-141
-171
-209
-153
-151
-114
-108
-70
10
12
14
69
70
118
114
105
183
172
224
248
297
343
376
388
384
376
410
410
402
433
445
481
405
416
393
405
374
347
347
287
237
102
56
-10
-64
-130
-161
-168
-163
-184
-217
-189
-185
-222
-263
-295
-332
-306
-384
-385
-337
-328
-317
-318
-255
-232
-221
-203
-154
-110
-108
-108
-57
-79
-63
-60
-77
-31
-28
-29
-51
-9
-11
19
19
21
50
8
-45
-55
-98
-132
-95
-141
-89
-90
-82
-66
-56
-44
-43
-9
-13
-14
-40
-26
-46
-35
-51
-28
21
0
24
73
73
139
168
159
223
186
225
245
262
330
390
404
419
417
383
378
322
364
333
354
354
301
340
280
247
221
168
139
81
-33
-77
-117
-192
-220
-244
-238
-237
-268
-310
-287
-275
-297
-310
-328
-291
-340
-361
-370
-331
-283
-332
-273
-259
-231
-204
-194
-145
-76
-53
-79
-54
-73
-72
-101
-124
-85
-62
-82
-70
-53
-41
-22
-50
-25
6
36
-9
-21
2
-12
-14
-49
-8
44
72
69
124
162
198
184
150
180
174
149
99
131
132
135
102
97
127
115
96
108
145
147
186
158
183
219
225
244
268
317
316
318
289
329
314
295
297
286
322
281
274
238
237
211
136
86
53
8
-63
-137
-180
-172
-246
-276
-303
-288
-269
-326
-332
-307
-302
-353
-384
-378
-354
-384
-417
-366
-308
-296
-333
-304
-233
-206
-215
-203
-112
-53
-106
-151
-121
-120
-162
-225
-198
-111
-107
-130
-133
-80
-54
-94
-123
-79
-44
-47
-98
-90
-34
-44
-60
-59
33
73
79
79
167
208
178
183
160
214
190
159
188
237
255
224
207
238
249
211
206
246
313
308
300
332
348
356
313
318
372
404
372
389
416
383
357
273
308
313
256
254
252
262
208
108
54
51
-19
-117
-168
-155
-159
-247
-294
-294
-270
-314
-392
-361
-313
-310
-360
-387
-355
-343
-445
-489
-431
-385
-362
-368
-304
-208
-206
-266
-244
-190
-143
-182
-199
-134
-100
-178
-241
-210
-154
-156
-218
-176
-106
-75
-174
-183
-123
-94
-151
-199
-134
-87
-72
-139
-46
51
69
62
78
176
205
181
186
284
316
279
263
287
350
311
283
326
399
394
358
379
441
467
388
401
446
499
461
430
474
509
483
395
375
399
366
272
241
256
262
199
107
107
119
21
-44
-72
-49
-77
-189
-224
-219
-250
-334
-377
-339
-288
-328
-361
-340
-302
-323
-419
-418
-358
-376
-417
-446
-355
-308
-346
-363
-311
-260
-271
-285
-270
-162
-179
-189
-202
-180
-187
-279
-313
-286
-246
-277
-272
-246
-209
-246
-299
-280
-255
-233
-259
-227
-153
-140
-160
-165
-109
-52
-28
-7
97
177
219
235
252
303
292
271
285
333
370
366
371
417
417
402
378
405
433
434
438
475
507
479
455
428
453
420
401
394
407
392
331
300
260
230
164
136
131
131
96
63
61
21
-18
-80
-88
-98
-133
-160
-155
-140
-170
-189
-199
-158
-183
-189
-178
-154
-148
-199
-180
-195
-178
-225
-241
-221
-202
-206
-214
-175
-157
-145
-203
-185
-184
-210
-261
-278
-272
-280
-328
-385
-347
-347
-350
-377
-332
-278
-284
-318
-310
-258
-256
-272
-284
-206
-167
-163
-166
-96
-10
-2
10
46
130
132
116
125
204
240
211
221
244
291
263
243
273
352
358
331
360
404
421
359
359
405
435
396
362
385
410
371
297
301
306
278
193
167
193
159
113
76
89
88
38
-29
-22
-12
-38
-73
-82
-43
-83
-126
-139
-106
-93
-105
-123
-88
-69
-127
-157
-190
-161
-192
-237
-209
-176
-183
-193
-185
-141
-102
-153
-133
-116
-120
-147
-200
-180
-181
-217
-270
-264
-262
-269
-304
-269
-224
-246
-233
-257
-211
-214
-231
-211
-171
-148
-142
-151
-132
-71
-93
-64
-32
23
48
35
52
92
112
107
132
165
210
203
221
275
306
325
332
361
401
399
388
405
428
438
415
395
406
370
328
293
291
283
240
192
170
146
87
46
15
40
21
-10
-26
-46
-71
-121
-158
-159
-150
-174
-176
-167
-150
-152
-174
-154
-139
-149
-161
-167
-160
-171
-199
-223
-208
-231
-239
-253
-228
-196
-190
-171
-157
-138
-155
-165
-186
-161
-165
-166
-165
-158
-156
-199
-208
-199
-185
-193
-180
-155
-127
-135
-157
-141
-138
-127
-138
-117
-82
-78
-71
-49
-13
-5
3
10
55
79
98
118
153
198
192
209
219
258
268
292
323
379
410
401
429
434
454
424
419
426
428
391
356
342
306
266
196
184
155
124
78
53
49
29
0
-25
-19
-39
-57
-97
-85
-85
-117
-127
-130
-115
-131
-140
-129
-98
-97
-85
-74
-60
-65
-102
-101
-107
-121
-143
-145
-141
-132
-148
-140
-122
-127
-117
-138
-117
-118
-138
-145
-137
-139
-173
-186
-189
-186
-221
-222
-210
-187
-183
-205
-189
-189
-189
-224
-208
-188
-183
-181
-173
-145
-160
-159
-165
-110
-72
-48
-29
28
84
85
104
123
183
180
197
238
289
318
312
347
383
415
399
411
434
458
430
406
422
395
348
267
256
227
184
116
101
104
58
16
-21
5
-35
-52
-64
-37
-37
-68
-98
-99
-85
-129
-144
-143
-104
-116
-112
-104
-71
-56
-69
-68
-62
-46
-66
-83
-82
-64
-69
-91
-85
-63
-51
-61
-60
-41
-21
-37
-58
-58
-57
-68
-110
-112
-113
-114
-157
-178
-181
-177
-194
-224
-211
-197
-197
-236
-229
-199
-187
-215
-225
-194
-168
-195
-219
-180
-126
-113
-110
-60
15
42
29
53
115
150
143
154
212
276
272
272
321
395
394
378
411
464
462
405
396
404
385
300
251
248
239
162
98
96
91
25
-50
-60
-52
-76
-123
-117
-87
-79
-129
-151
-132
-128
-164
-189
-156
-117
-126
-149
-134
-101
-108
-136
-125
-99
-87
-121
-135
-119
-114
-135
-148
-121
-79
-70
-75
-56
-33
-23
-55
-61
-57
-44
-56
-64
-44
-28
-42
-79
-95
-92
-105
-135
-139
-124
-99
-128
-133
-129
-113
-120
-146
-132
-104
-100
-132
-123
-99
-69
-72
-49
6
57
80
88
124
154
171
157
194
236
262
266
286
348
361
377
354
390
381
363
348
334
347
307
285
245
236
177
139
98
77
43
-3
-32
-56
-68
-107
-114
-122
-117
-135
-129
-138
-144
-164
-180
-177
-171
-167
-159
-136
-131
-130
-126
-114
-115
-121
-124
-113
-110
-111
-116
-110
-99
-101
-104
-89
-77
-72
-77
-70
-48
-51
-60
-55
-40
-38
-35
-39
-30
-34
-58
-73
-74
-66
-70
-75
-62
-50
-50
-70
-68
-56
-61
-74
-85
-66
-57
-69
-72
-53
-29
-4
-6
31
76
97
100
118
156
177
183
198
236
269
278
275
300
302
303
283
284
291
277
251
219
220
198
159
111
95
76
30
-22
-48
-57
-92
-124
-142
-136
-144
-155
-166
-159
-156
-178
-191
-192
-169
-164
-164
-152
-123
-120
-124
-122
-107
-95
-101
-82
-72
-55
-60
-50
-53
-53
-37
-44
-34
-34
-9
-9
-8
-10
-1
0
-3
-4
9
19
0
3
-9
-4
-21
-34
-36
-27
-23
-26
-34
-30
-29
-51
-50
-55
-43
-42
-42
-35
-26
-15
-27
-19
-3
8
24
34
63
85
104
102
119
132
153
167
172
204
224
236
224
249
244
243
220
226
225
218
195
167
158
124
93
37
28
-8
-32
-72
-87
-102
-122
-151
-167
-162
-183
-180
-195
-176
-177
-181
-187
-171
-158
-156
-142
-113
-91
-77
-67
-55
-39
-42
-35
-31
-10
1
-2
9
8
14
7
1
12
7
9
9
19
16
12
12
15
0
-8
-6
0
-6
-12
-8
-6
-7
-22
-19
-8
-6
-24
-13
-2
-5
-26
-31
-19
-9
-17
-18
6
17
24
16
42
63
77
73
91
126
133
134
143
164
179
164
159
176
181
171
151
164
164
143
110
105
99
75
45
26
22
-2
-39
-69
-70
-87
-110
-139
-139
-143
-167
-182
-176
-164
-181
-188
-185
-162
-153
-155
-139
-124
-108
-116
-109
-93
-73
-64
-63
-42
-23
-22
-25
-3
3
9
4
19
23
17
9
7
16
10
13
4
9
3
-3
-9
-13
-17
-25
-32
-29
-27
-22
-25
-31
-31
-24
-21
-22
-13
-6
0
-2
7
4
9
16
18
30
44
55
62
83
83
91
100
105
118
120
126
137
138
135
134
127
129
123
115
106
95
85
69
58
38
22
-2
-17
-35
-59
-74
-89
-100
-119
-124
-134
-150
-161
-165
-161
-167
-159
-152
-152
-149
-152
-136
-120
-121
-117
-108
-99
-87
-93
-76
-55
-47
-42
-33
-13
-7
-8
-8
11
21
21
19
33
43
44
39
53
58
55
51
56
73
66
58
57
66
59
48
42
34
33
24
13
18
22
8
7
11
11
15
0
9
16
19
12
17
34
38
49
48
63
77
85
86
98
105
117
114
114
129
133
123
121
123
121
106
88
92
80
73
57
51
44
39
25
1
-10
-16
-29
-50
-55
-57
-61
-89
-98
-100
-98
-107
-115
-107
-108
-110
-121
-114
-101
-105
-116
-111
-101
-89
-99
-101
-82
-76
-77
-80
-63
-47
-40
-38
-34
-15
-5
-11
-1
22
28
27
27
50
62
57
47
64
85
73
60
68
85
64
49
43
51
48
19
9
13
15
3
-14
-2
8
-17
-23
-18
-7
-23
-29
-17
0
-2
-6
1
12
26
20
26
49
64
54
56
73
72
74
65
71
75
73
67
63
72
63
54
43
56
46
31
20
16
14
0
-12
-19
-23
-34
-41
-51
-48
-60
-65
-80
-75
-70
-83
-92
-95
-87
-91
-93
-95
-95
-93
-87
-84
-72
-71
-63
-57
-51
-37
-38
-26
-29
-19
-8
1
9
13
26
30
38
43
47
48
50
48
62
74
71
63
64
72
57
42
36
37
22
17
7
3
-3
-19
-26
-27
-22
-28
-34
-33
-25
-30
-31
-35
-25
-26
-25
-13
0
19
16
25
35
53
54
57
73
79
84
86
91
95
89
74
64
65
59
44
38
39
35
22
7
1
-1
-13
-26
-29
-30
-40
-46
-60
-61
-63
-73
-74
-72
-67
-66
-69
-65
-55
-60
-56
-63
-55
-60
-56
-52
-50
-46
-44
-37
-40
-25
-18
-7
0
19
20
32
38
46
54
58
62
63
70
67
70
60
72
61
62
56
44
42
31
21
7
-1
-11
-25
-33
-35
-41
-45
-48
-53
-44
-42
-45
-45
-38
-32
-25
-17
-6
8
4
12
11
29
25
31
42
46
54
55
56
57
64
48
52
47
49
38
37
30
25
14
3
-2
-9
-12
-28
-26
-31
-28
-45
-49
-53
-60
-73
-79
-78
-80
-82
-79
-73
-71
-58
-66
-60
-54
-47
-45
-42
-33
-25
-14
-10
-7
2
12
15
29
34
43
44
45
48
46
59
57
65
65
71
67
66
68
60
61
51
55
48
47
35
34
19
11
8
-9
-16
-24
-35
-60
-60
-70
-76
-85
-80
-89
-86
-88
-88
-77
-76
-69
-67
-58
-49
-30
-31
-18
-8
3
5
15
28
38
46
38
48
42
41
37
39
29
28
17
3
6
-9
-8
-16
-19
-23
-24
-25
-31
-32
-31
-37
-31
-20
-28
-22
-24
-16
-19
-19
-20
-14
-11
-16
-9
-13
-9
-15
-16
-15
-6
-12
-5
2
0
6
6
15
16
20
26
32
35
46
47
51
60
65
66
67
67
71
69
63
68
65
56
53
49
44
37
25
26
12
1
-6
-14
-22
-29
-34
-38
-40
-47
-38
-41
-39
-41
-37
-38
-29
-26
-19
-3
3
13
15
28
29
41
35
46
47
50
52
55
53
44
47
38
39
19
25
13
10
-4
-7
-7
-18
-17
-27
-26
-32
-32
-37
-35
-47
-36
-39
-38
-37
-38
-35
-38
-31
-34
-27
-31
-29
-34
-32
-34
-34
-34
-34
-33
-34
-35
-43
-38
-43
-34
-37
-29
-22
-16
-10
-2
13
9
22
25
43
51
51
59
66
64
66
64
58
52
41
39
23
18
12
8
-4
-13
-17
-24
-32
-37
-41
-47
-40
-45
-42
-42
-37
-30
-19
-14
-6
1
8
25
26
34
34
39
39
41
37
36
33
28
26
20
15
9
4
4
8
4
2
-6
-10
-9
-10
-12
-16
-16
-22
-18
-16
-20
-16
-23
-12
-11
-8
-8
-10
-10
-4
-7
-9
-7
-12
-10
-14
-11
-22
-17
-22
-13
-8
-6
-6
-6
4
4
11
15
18
25
32
32
40
42
51
51
57
62
59
62
66
65
59
51
46
40
29
27
16
12
5
-3
-9
-19
-32
-41
-37
-38
-44
-47
-43
-50
-44
-44
-38
-32
-29
-18
-16
-11
-3
5
10
20
26
38
40
40
45
48
51
50
51
45
39
37
32
26
13
6
2
-6
-6
-10
-15
-15
-11
-15
-19
-24
-25
-25
-25
-27
-25
-17
-15
-15
-12
-13
-9
-8
-9
-13
-10
-9
-9
-7
-8
-10
-6
4
-2
-4
-3
1
2
11
10
16
19
24
34
35
43
38
46
49
55
48
50
49
52
48
43
35
31
27
18
13
-1
0
-14
-17
-36
-39
-38
-41
-49
-53
-50
-48
-53
-45
-35
-41
-30
-29
-12
-18
-17
-7
-2
-5
1
10
10
16
18
28
30
35
30
33
32
29
27
24
23
12
16
11
15
12
7
-4
-8
-16
-20
-18
-28
-23
-26
-33
-38
-35
-44
-45
-45
-47
-49
-48
-44
-48
-40
-45
-38
-36
-37
-35
-27
-21
-22
-17
-18
-13
-13
-7
-6
1
3
7
12
12
21
23
22
25
31
28
32
28
35
27
31
32
24
32
22
23
25
20
16
13
4
-7
-7
0
-10
-11
-13
-19
-19
-22
-24
-28
-35
-31
-26
-33
-30
-28
-27
-21
-18
-14
-13
-10
0
6
8
4
1
7
3
4
9
7
16
12
21
16
9
12
9
7
6
10
0
-4
-10
-10
-15
-17
-20
-14
-16
-19
-19
-17
-22
-23
-22
-22
-19
-29
-16
-24
-24
-20
-22
-16
-16
-16
-9
-6
-11
3
4
10
17
17
20
22
34
33
33
35
35
31
28
35
31
35
39
41
37
34
31
26
25
26
22
22
26
23
21
12
9
4
-3
2
0
-6
-7
-11
-13
-14
-19
-25
-26
-21
-22
-17
-16
-14
-14
-17
-14
-9
-10
-6
-7
0
3
6
6
10
19
11
10
14
9
6
7
3
2
-4
-1
-10
-6
-8
-15
-8
-15
-16
-20
-19
-17
-13
-19
-12
-21
-13
-17
-16
-19
-16
-7
-15
-6
-10
-7
-14
0
-5
3
-1
3
1
-1
0
-3
3
-3
0
0
14
12
14
16
21
20
18
19
21
22
25
23
22
25
22
21
16
19
14
13
7
1
4
-3
1
1
0
0
-8
-1
-9
-7
-10
-4
-6
-3
-3
-5
2
5
0
-4
-3
-5
-4
-9
-8
-10
-6
-9
-10
-13
-10
-12
-16
-21
-12
-13
-13
-9
-15
-3
-7
-1
-6
-5
-9
-9
-15
-20
-19
-17
-23
-19
-19
-30
-23
-21
-17
-23
-14
-13
-9
-8
-9
-12
-13
-9
-11
-5
-8
-2
1
6
13
8
10
7
9
10
11
10
2
7
1
2
2
10
13
20
19
21
20
22
22
20
22
17
27
18
16
16
13
13
20
9
10
3
6
5
1
4
1
1
-6
4
-5
-4
-6
3
-5
3
2
-3
1
-10
-2
-3
4
0
4
3
-1
-2
-1
-5
-8
-1
-2
-5
-6
-6
-10
-9
-6
-11
-13
-15
-14
-14
-19
-19
-17
-17
-19
-16
-14
-10
-14
-7
-7
-10
-9
-9
-9
-7
-7
-4
-7
-11
-10
-16
-11
-9
-3
-7
4
9
3
5
10
19
18
23
31
31
33
35
32
32
31
34
38
35
32
30
23
28
27
24
21
21
16
15
14
5
6
3
4
1
6
4
-2
-4
1
-3
1
2
3
3
-3
2
-2
2
-10
-1
-7
-4
-3
-7
-9
-10
-5
-9
-4
-9
-6
-10
-3
-7
-10
-15
-13
-17
-17
-15
-22
-16
-26
-19
-22
-25
-27
-25
-20
-20
-12
-17
-9
-15
-9
-10
-4
-2
-2
0
-4
5
-1
5
-4
7
-3
5
-4
1
3
-1
4
-2
5
-2
5
2
6
0
15
4
9
6
7
10
5
12
7
12
9
18
19
19
6
16
15
13
11
6
9
7
17
5
8
7
4
6
2
5
-4
-5
-2
-3
-3
-3
-4
-7
-3
1
-3
-2
2
-2
-3
-7
-7
1
-6
-13
-14
-19
-16
-16
-19
-14
-29
-18
-21
-15
-16
-14
-12
-12
-4
-12
-6
-15
-1
-10
-4
-9
-7
-10
-17
-18
-16
-13
-18
-14
-18
-13
-15
-11
-17
-5
-11
-11
-6
-3
-3
-3
12
10
14
9
12
3
9
10
10
6
7
8
8
5
5
3
-2
6
3
6
3
8
9
11
14
12
14
9
10
8
11
13
16
17
16
13
6
13
-1
3
-1
-4
0
-3
2
-3
-4
-6
-2
-10
-7
-7
-11
-9
-7
-4
1
2
-1
-1
-2
3
5
16
7
5
7
7
-3
-9
-10
-13
-13
-15
-12
-13
-11
-8
-8
-9
-8
-10
-9
-14
-4
-5
-6
-6
6
3
2
6
1
7
4
6
5
11
2
2
4
10
9
11
7
6
6
15
15
12
23
14
28
26
37
35
37
38
37
37
28
37
36
31
32
31
25
29
20
21
20
13
13
14
8
4
8
11
10
3
10
15
8
12
10
10
8
7
8
5
10
9
1
1
1
0
-6
-4
-4
-13
-9
-13
-9
-11
-14
-17
-20
-20
-22
-19
-18
-19
-18
-11
-12
-8
-7
-6
-10
-6
-14
-20
-14
-10
-10
-12
-8
-18
-17
-17
-12
-21
-20
-18
-15
-17
-18
-18
-16
-9
-7
-1
-6
2
-7
-1
-3
-4
-2
-3
-6
-3
1
-1
0
-3
-6
-4
-4
-6
-4
-7
-5
0
6
1
6
22
20
17
21
19
21
20
22
17
17
22
16
18
14
13
9
6
7
2
-7
-1
1
2
-1
0
3
-2
0
-1
5
-2
1
1
0
-5
-7
-8
-10
-10
-4
-11
-13
-11
-15
-3
-8
-11
-12
-3
-10
-8
-8
-5
-6
-7
-1
-4
-6
-7
-4
-8
-6
-12
-9
-9
-3
-2
-15
-10
-8
-14
-14
-9
-11
-10
-5
-3
-3
-1
3
0
9
5
8
9
10
9
6
15
11
11
10
8
7
13
10
16
15
15
14
14
22
16
15
8
16
12
8
13
12
16
16
18
18
13
19
16
20
10
13
9
4
6
-12
-8
-13
-12
-19
-13
-21
-24
-32
-25
-22
-22
-11
-19
-17
-17
-14
-19
-13
-16
-13
-15
-13
-15
-14
-16
-12
-16
-19
-16
-19
-10
-16
-13
-23
-10
-18
-16
-16
-14
-13
-13
-8
-9
0
-6
0
-2
10
4
11
7
8
12
9
10
7
9
2
7
4
5
11
6
3
6
7
6
11
10
4
6
9
10
7
7
16
14
19
21
16
19
10
15
13
15
12
10
14
9
12
13
8
1
8
-2
3
1
6
3
0
-3
-5
-2
-2
2
-3
1
0
-3
-10
3
-6
-1
4
2
4
-4
0
-4
-3
-7
-6
-9
-8
-6
-7
-7
-4
-5
-4
-8
-10
-6
-10
-4
-6
-5
-13
-15
-19
-25
-21
-25
-22
-25
-16
-21
-19
-13
-10
-1
-5
-7
-3
2
-2
7
9
7
11
11
12
10
16
11
16
12
19
17
13
11
11
8
10
12
12
18
12
16
11
19
17
22
24
28
22
22
25
22
19
19
22
7
13
8
12
6
5
5
-1
0
0
3
4
6
6
6
7
9
8
15
10
9
10
5
7
3
12
8
13
13
3
6
-2
-1
-6
-4
-7
-9
-7
-7
-6
-7
-6
-9
-9
-8
-3
-10
-11
-4
-4
-12
3
5
7
9
4
5
1
3
-6
-1
0
2
-1
-6
-8
-12
-12
-13
-13
-7
-4
-6
-4
-6
0
1
6
4
12
17
15
11
12
11
12
18
18
8
10
11
4
9
0
2
-3
2
-1
4
0
2
2
-3
0
-3
-6
-2
4
-6
-3
-9
-6
-10
-7
-12
-13
-21
-20
-22
-28
-26
-34
-32
-38
-34
-38
-32
-37
-35
-37
-37
-29
-27
-25
-24
-23
-25
-18
-19
-14
-14
-19
-19
-18
-15
-16
-20
-21
-15
-21
-18
-15
-14
-14
-19
-16
-20
-18
-23
-15
-18
-12
-13
-13
-15
-13
-5
-5
-1
-6
1
-10
-3
-3
0
0
-2
0
-2
-3
-9
-6
-15
-7
-8
0
-7
-3
-3
-1
3
6
7
-1
5
4
11
8
16
14
9
8
10
3
7
10
4
10
7
6
7
13
8
3
4
9
6
6
9
3
9
6
9
5
6
8
5
14
9
13
2
11
6
7
3
4
3
-3
3
-5
0
-3
6
2
14
14
10
13
13
12
11
11
9
15
11
15
16
15
6
9
13
6
-1
2
-1
0
4
2
4
7
9
3
15
9
13
12
12
19
17
22
15
18
9
10
4
5
0
-3
-3
-6
-3
-2
2
1
9
-3
5
-5
0
0
-9
-3
-6
6
-3
-1
-2
-4
-6
-7
-7
-5
-11
-7
-2
-6
-4
-16
-10
-12
-11
-11
-10
-6
-11
-5
-5
0
0
2
0
4
6
9
6
4
6
0
4
0
0
-4
4
6
3
7
8
6
5
6
3
3
9
10
2
-3
-2
3
-2
-2
0
-4
2
0
-6
-1
-6
5
-4
-3
-4
0
-1
-9
-4
-10
-7
-14
-9
-12
-10
-10
0
-7
-2
-2
4
7
11
16
10
15
3
17
9
10
6
7
4
5
6
7
5
9
14
4
13
6
13
6
4
1
3
7
-1
8
2
8
9
12
10
11
11
4
0
0
-3
-10
-10
-13
-13
-18
-13
-13
-6
-3
2
0
-2
2
0
4
1
9
7
12
11
9
13
10
10
7
2
-1
2
-1
4
-6
-8
-7
-10
-7
-12
-6
-9
-7
-4
-3
-7
-5
1
6
4
9
15
9
13
15
12
10
13
-3
1
4
1
5
8
15
5
12
8
13
2
10
16
10
13
15
16
12
24
18
23
13
19
20
21
19
16
22
25
23
20
22
18
18
10
9
2
0
-5
-8
-11
-12
-15
-10
-6
-7
-3
-5
2
3
6
-3
0
-4
-5
-4
-6
-11
-20
-15
-16
-13
-16
-9
-13
-18
-16
-22
-21
-25
-23
-20
-18
-22
-18
-23
-22
-16
-24
-16
-22
-19
-22
-18
-12
-20
-19
-17
-18
-22
-16
-16
-15
-11
-9
-9
-5
-1
5
3
7
13
9
7
10
6
0
7
6
7
1
1
-1
-2
1
0
3
4
6
2
0
1
4
4
3
1
-1
-6
-7
-5
-3
-4
2
-3
-8
-6
-6
-5
-13
-13
-16
-20
-22
-22
-23
-19
-19
-15
-22
-15
-14
-14
-10
-7
-4
-16
-4
-15
-13
-11
-6
-6
-11
-9
-6
-6
0
4
-5
4
-5
4
-3
10
-1
0
4
0
6
0
8
3
9
4
8
5
6
10
10
14
14
21
19
17
12
18
20
15
16
14
12
12
14
8
16
6
13
12
11
16
6
11
15
18
19
27
23
32
23
35
30
28
25
23
26
16
19
9
18
7
12
6
11
10
9
13
11
14
9
10
14
16
10
19
15
16
9
11
9
4
6
3
6
3
5
0
5
-5
-6
0
-1
0
5
9
2
3
5
7
4
7
9
5
16
10
16
10
9
9
5
5
7
5
0
9
1
12
7
10
0
2
5
4
-3
0
-5
-10
-4
-6
3
-6
6
3
6
1
3
-2
0
1
4
5
-1
10
4
7
5
4
2
4
5
3
3
3
0
3
7
3
8
-3
4
6
9
8
12
9
9
13
3
7
-1
1
-7
-9
-16
-12
-15
-21
-20
-25
-24
-36
-28
-35
-32
-31
-30
-25
-22
-16
-15
-11
-19
-13
-15
-19
-22
-17
-18
-19
-25
-27
-25
-33
-29
-28
-25
-28
-18
-23
-29
-21
-22
-20
-18
-15
-15
-11
-6
0
-1
3
0
2
-1
-2
3
4
-3
-7
-4
-8
-3
-4
-2
-5
-5
-8
-6
0
-10
-13
-13
-9
-1
-1
6
5
13
9
12
15
4
6
-1
2
-10
-6
-11
-12
-10
-15
-16
-15
-2
-9
-13
-12
-13
-26
-16
-17
-12
-19
-17
-18
-20
-16
-22
-13
-12
-6
-15
-5
-7
-9
-13
-18
-20
-19
-17
-24
-15
-19
-13
-19
-13
-18
-19
-22
-13
-4
-5
3
-5
2
-2
2
1
6
4
6
6
9
5
0
6
-2
1
0
3
-4
3
3
0
9
7
2
3
6
3
6
0
6
2
5
5
2
6
7
8
6
16
12
14
12
17
12
16
17
19
21
16
25
22
28
24
28
26
30
26
32
30
18
21
19
23
21
28
26
29
23
21
23
17
21
22
27
25
25
18
15
13
7
15
10
11
7
7
4
-1
-3
2
-4
-6
-7
-13
-14
-13
-10
-12
-9
-9
-1
-3
2
4
3
-1
9
9
3
3
0
2
-10
-5
-13
-10
-13
-15
-19
-20
-16
-15
-13
-11
-12
-15
-13
-20
-15
-20
-13
-19
-15
-16
-15
-7
-12
-9
-12
-2
-3
5
1
4
3
-3
0
-8
-4
-8
2
0
-3
1
4
7
7
12
14
18
13
17
15
16
19
15
19
20
28
24
22
19
22
22
19
20
19
18
10
9
10
3
3
3
6
2
2
4
2
3
-3
3
4
2
3
12
7
15
9
12
10
6
11
-1
7
0
2
4
2
4
1
-2
5
-6
-2
2
2
-4
-7
-6
-13
-4
-11
0
-8
-3
-1
2
3
-4
-3
-8
-11
-13
-11
-15
-14
-16
-14
-20
-13
-18
-21
-19
-18
-17
-18
-12
-17
-13
-14
-12
-13
-6
-11
-7
-3
-9
-1
-1
1
-5
1
-6
-4
-10
-13
-7
-13
-4
-7
-4
-8
-7
-11
-13
-16
-13
-16
-8
-9
-22
-5
-7
-3
-10
-7
-5
-3
-1
-3
-4
-2
-5
-3
-2
-2
1
-2
5
-1
0
-2
0
-6
2
3
1
1
-2
0
-5
2
-4
3
-5
-10
-6
0
-6
-5
-6
-12
-6
-4
0
0
2
-2
-3
-3
-6
0
-5
1
-1
1
9
3
5
-2
4
-12
-4
-8
-11
-9
-11
-6
-5
-1
5
5
2
8
7
15
8
19
14
18
20
20
19
26
16
18
27
18
19
16
15
6
15
3
7
3
5
3
3
9
7
12
6
15
13
20
21
18
21
19
18
22
24
22
23
26
25
18
21
15
13
11
12
10
2
8
9
11
8
14
12
9
15
10
11
16
19
16
17
19
16
13
14
9
5
4
-5
1
-10
-9
-11
-21
-17
-12
-16
-17
-17
-19
-20
-21
-20
-24
-22
-16
-15
-20
-10
-13
-12
-6
-4
-8
-6
-8
-14
-13
-12
-13
-22
-19
-19
-20
-27
-23
-34
-28
-30
-29
-28
-31
-29
-34
-23
-22
-16
-15
-9
-9
0
-4
-3
-7
-1
-5
-9
-7
-9
-6
-15
-8
-16
-13
-13
-3
-4
1
-1
-1
-2
1
2
3
5
8
18
11
16
13
20
9
13
10
10
7
6
8
3
9
3
10
-1
7
7
12
15
13
16
10
14
3
9
16
12
16
24
25
17
16
13
8
10
13
6
10
12
10
7
1
6
-3
2
4
9
4
10
10
8
8
8
10
7
14
9
13
5
6
0
5
4
-3
4
-2
-4
0
3
6
3
-2
0
-9
-5
-8
0
-6
-7
-1
-5
1
2
7
4
0
1
7
-3
3
3
-3
4
-3
-2
-4
3
-3
-2
5
-5
2
2
6
4
9
12
17
10
14
19
17
22
15
18
9
12
12
13
11
7
9
6
-2
-1
-4
-5
-5
-16
-6
-10
-14
-8
-6
-7
-7
-6
0
0
6
7
0
-3
-11
-12
-18
-15
-15
-16
-16
-21
-20
-22
-29
-26
-28
-32
-32
-31
-24
-28
-28
-25
-22
-29
-28
-12
-16
-14
-13
-12
-15
-14
-8
-3
-5
-9
-4
-5
-14
-10
-11
-13
-9
-4
-10
-17
-13
-14
-17
-16
-16
-15
-13
-12
-11
-4
-3
-2
1
1
6
4
12
9
11
15
15
14
9
12
13
14
13
12
13
13
12
8
8
15
15
12
5
13
14
14
16
18
17
10
15
12
6
4
2
7
4
6
14
9
12
4
10
13
13
6
9
5
6
6
2
5
1
6
0
4
-7
-7
-6
-3
-9
-2
-6
-7
-4
-9
-9
-20
-13
-19
-10
-9
-12
-9
-9
-9
-7
-3
1
0
-3
3
-8
-6
-14
-13
-12
-16
-6
-18
-16
-19
-22
-24
-22
-16
-15
-14
-16
-12
-3
-2
1
10
4
15
10
19
16
16
17
12
15
16
19
15
14
13
20
8
16
6
11
15
14
22
13
15
17
18
19
26
25
29
23
23
25
31
38
35
32
34
30
27
28
22
26
25
8
8
0
0
3
4
8
6
4
-2
-10
-8
5
0
16
12
8
0
6
5
3
8
9
13
-3
5
3
5
-3
9
-5
-3
-7
-13
-9
-11
-6
-15
-6
-9
-7
-13
-8
-15
-3
-6
-10
-12
-6
-11
-16
-6
-12
-5
-11
-11
-16
-15
-12
-13
-20
-13
-14
-7
-5
-10
-1
-4
1
-4
-2
-1
-7
1
2
0
0
-1
-5
-6
-6
-6
-3
-2
4
-2
1
-6
-4
-6
-6
-5
-10
-10
-10
-9
-8
-4
-6
0
-4
-11
-11
-5
-6
-4
-11
-7
-10
-12
-11
-12
-7
-18
-14
-16
-16
-19
-17
-15
-15
-9
-12
-16
-13
-16
-19
-12
-8
-6
-10
-7
-11
-13
-13
-9
-11
-10
-17
-22
-18
-19
-20
-14
-10
-16
-10
-18
-8
-11
-9
-13
-4
-6
-3
-1
3
7
4
13
7
14
8
13
7
12
3
10
15
7
11
9
17
8
9
9
10
5
6
3
13
16
13
16
17
16
13
20
14
16
12
14
8
6
13
5
8
0
3
6
8
5
3
-1
1
3
2
9
3
5
0
15
4
13
10
9
11
3
6
-1
5
3
6
-1
3
0
6
5
6
2
4
-2
1
7
-2
-1
-8
-5
-9
-6
-8
-10
-6
-6
-13
-11
-11
-14
-15
-11
-16
-22
-18
-14
-12
-10
-6
-9
-3
-5
-3
0
-5
3
3
4
4
6
14
8
12
11
14
16
17
16
19
12
16
21
14
21
11
15
12
15
11
14
10
7
6
7
9
6
9
6
16
7
12
8
11
1
6
3
3
2
1
7
-1
8
-3
0
1
7
7
6
6
9
5
9
14
17
15
8
14
7
16
10
6
9
1
0
-3
0
-6
-8
-5
-9
-10
-9
-6
-8
-10
-4
-6
-7
-3
-3
-4
-9
-9
-8
3
0
5
13
13
14
4
14
10
6
10
4
2
-1
-6
-7
-4
7
0
-3
6
-2
1
-1
3
9
5
3
7
3
-3
3
3
1
0
-2
-7
-9
-6
-2
-4
-3
-6
-7
-7
-6
-8
-9
-9
-11
-13
-11
-12
-16
-9
-14
-4
-6
-8
-7
-8
-13
-15
0
-6
-14
-12
-7
-15
-7
-12
-8
-12
-6
-1
-6
-8
-5
-2
-7
0
-11
-4
-12
-10
-17
-11
-11
-17
-18
-16
-13
-15
-7
-15
-3
-11
0
-2
-4
0
-4
-7
-4
-2
-14
-6
-8
-10
-13
-7
-9
-4
-7
-5
3
-3
6
-4
-6
-10
-1
0
-6
-1
-3
-1
-3
6
6
8
9
12
6
8
9
7
10
9
10
10
11
6
8
2
3
0
5
4
6
6
2
7
-3
2
-3
-8
0
3
-8
-8
-2
0
-6
-1
3
-1
5
1
12
9
7
7
7
4
1
3
0
-3
-6
-1
-9
-7
-4
-6
0
3
2
-1
3
-1
1
-4
0
-7
-6
-1
-2
0
-2
1
-6
-4
-6
2
-3
-3
0
-9
-1
4
4
4
13
6
6
4
5
8
3
9
12
9
9
15
14
16
19
18
15
10
13
10
9
12
3
3
5
1
1
7
3
3
6
1
0
-1
2
6
6
7
2
0
3
3
4
6
7
9
3
2
4
1
2
6
4
-1
3
-4
-7
-6
-10
-14
-16
-9
-8
-13
-9
-10
-12
-7
-8
-3
-7
-13
-9
-13
-16
-21
-21
-20
-27
-22
-17
-22
-20
-21
-22
-22
-22
-17
-16
-13
-16
-13
-14
-13
-6
-10
-5
-3
-5
-5
1
1
0
-6
-7
-7
-10
-12
-5
-14
-9
-11
-13
-8
-3
-1
-7
-3
-5
-7
-6
1
-2
-2
-8
3
-3
3
-1
-3
1
-3
1
-9
6
0
6
1
3
0
5
12
11
16
16
11
12
12
11
19
9
18
9
12
9
3
9
4
1
-3
2
-1
2
-7
-6
-7
0
-1
-3
-3
-6
-1
-2
3
-3
3
3
4
6
8
4
2
9
2
12
7
7
1
0
-2
-3
-6
-3
-7
-4
3
-7
-6
-7
6
-4
-1
1
-3
-2
-5
0
0
7
6
6
6
10
7
6
6
2
-3
-3
1
-7
-11
-13
-19
-21
-13
-13
-11
-12
-2
0
-1
5
7
13
11
18
19
21
22
26
19
22
29
25
25
17
20
15
19
12
12
9
6
15
7
11
4
7
5
8
8
9
14
12
16
16
16
10
5
9
9
1
9
4
-3
-6
0
-4
-10
-10
-11
-12
-15
-8
-15
-13
-18
-11
-16
-16
-7
-12
-12
-11
-9
-13
-10
-15
-14
-13
-17
-13
-13
-15
-11
-12
-9
-5
-10
-2
0
-1
-1
3
6
0
9
8
7
1
5
4
1
8
1
0
-5
-1
-4
0
2
-4
-6
-6
0
-3
-2
2
-4
-3
5
-2
0
4
2
0
8
8
7
9
8
10
6
12
10
4
13
10
12
13
13
9
2
6
6
8
9
10
10
9
10
12
12
10
9
12
13
15
18
12
17
9
9
9
8
11
10
13
15
13
9
16
7
15
11
17
16
17
14
14
25
19
28
24
25
28
26
18
21
13
17
6
6
5
-1
9
3
5
4
8
4
7
3
5
3
0
-3
-3
2
0
3
-4
2
-6
-1
-3
-4
-7
-6
4
-5
1
-13
-10
-16
-16
-13
-15
-16
-17
-13
-21
-16
-21
-20
-25
-24
-25
-25
-32
-29
-25
-34
-23
-21
-26
-26
-25
-32
-20
-22
-23
-27
-23
-20
-29
-19
-23
-28
-29
-26
-31
-28
-33
-25
-28
-29
-22
-26
-16
-13
-16
-12
-17
-21
-17
-19
-21
-24
-18
-23
-17
-21
-18
-19
-19
-7
-10
-4
-3
-3
-3
-3
1
-6
2
6
5
14
9
12
7
13
19
11
12
18
17
22
19
15
13
11
15
2
15
10
13
11
10
16
16
14
16
20
23
20
22
23
17
20
18
22
14
17
14
11
6
12
7
10
6
6
16
4
14
13
15
3
9
10
2
5
6
10
6
10
6
0
2
3
-1
-2
-3
-3
-3
4
5
-1
4
0
3
7
4
3
3
0
0
2
5
4
-1
5
4
4
5
6
1
-7
-1
-4
-7
-5
1
-6
-8
-4
-3
-2
2
3
0
2
8
11
10
22
20
17
28
25
23
27
22
25
14
18
12
13
11
9
12
1
7
-3
3
3
9
4
9
10
12
16
11
15
12
12
16
11
8
16
14
24
13
23
15
14
6
3
6
3
-1
-7
-1
-12
-3
-8
-7
-11
-8
-7
-5
-6
-10
-1
-5
0
-4
1
-6
-13
-14
-19
-16
-19
-18
-15
-13
-22
-20
-20
-19
-25
-19
-20
-21
-23
-22
-13
-22
-8
-16
-10
-9
-4
-7
-2
2
-6
-3
0
2
-2
3
-3
5
-4
5
-3
-2
6
2
7
9
11
1
11
3
9
7
13
13
10
13
10
3
0
2
0
2
0
8
0
7
6
4
1
6
10
-2
0
1
-2
-6
-4
-1
-4
-7
2
-7
-4
2
-1
0
-3
1
-3
-3
-7
-17
-14
-19
-13
-23
-19
-20
-19
-16
-19
-14
-24
-14
-22
-20
-23
-21
-26
-19
-20
-16
-23
-20
-17
-28
-21
-22
-21
-25
-23
-31
-22
-32
-25
-32
-25
-19
-29
-19
-23
-19
-20
-12
-16
-7
-10
1
-1
-1
3
2
2
3
9
5
9
-1
6
0
-3
-3
2
1
-3
-3
-1
6
-3
3
5
2
6
14
12
17
16
13
17
7
12
9
8
8
3
7
6
1
-2
0
-3
-2
-3
-3
-6
-2
0
-1
0
4
4
10
21
17
20
24
25
18
31
22
21
20
13
15
6
9
7
5
-5
-4
-2
-4
-13
-9
-5
-12
-3
-7
-10
-3
-3
-2
0
2
11
3
10
9
10
10
9
10
1
7
5
2
6
4
4
9
3
17
10
15
18
19
20
13
22
23
16
19
22
16
21
22
21
13
16
11
8
1
10
-1
0
6
1
6
0
6
3
7
0
1
3
0
4
6
4
6
10
9
13
3
11
10
7
12
7
4
0
-1
-5
-3
-3
-5
-11
-3
-2
4
3
-1
9
0
5
-2
-1
-3
0
1
4
0
3
4
-4
0
1
5
-4
0
2
3
-2
-2
-7
-11
-6
-9
-5
-12
-11
-5
-9
-8
-4
-5
-3
3
2
-7
-5
-6
-8
-9
-15
-7
-13
-15
-10
-9
-12
-9
-6
-10
-3
-13
1
-8
-7
1
-5
7
2
7
2
11
6
6
7
3
-1
-6
6
2
7
6
1
1
4
-3
1
-1
-1
1
1
3
5
3
1
6
5
6
10
12
1
9
-1
2
2
3
5
-1
0
-6
1
-3
-7
-5
-4
-9
-5
-3
-4
4
-4
-1
-3
-6
1
-1
-3
1
1
-2
-1
-4
-3
-8
-4
-10
-7
-12
-17
-16
-24
-22
-21
-16
-23
-18
-25
-24
-25
-23
-19
-22
-16
-17
-19
-12
-6
-16
-19
-25
-15
-9
-22
-16
-23
-25
-28
-28
-26
-32
-26
-29
-33
-28
-24
-28
-29
-23
-16
-16
-6
-4
-10
-5
-1
3
-2
-4
-3
-13
-3
3
7
28
29
-3
-6
4
3
6
-3
-10
-13
-13
13
21
15
10
-16
-1
0
6
-6
-6
-1
-13
-7
-9
12
3
15
7
13
16
7
3
-7
0
0
9
10
16
2
13
8
3
4
8
4
-2
-2
5
19
7
12
6
-5
-3
3
-5
-1
3
-4
4
5
6
6
6
6
12
13
16
20
16
10
6
19
17
20
15
10
4
13
12
13
21
6
3
2
12
7
11
3
7
7
7
11
12
14
6
10
9
16
12
19
11
13
19
16
23
21
11
3
-1
-7
-7
-14
-16
-19
-15
-12
-10
2
-9
-12
-3
-4
-1
1
8
-1
-5
6
6
19
21
20
19
10
22
6
9
11
1
-1
4
12
3
12
6
17
13
14
13
6
9
10
5
10
27
15
27
23
29
26
27
26
18
12
9
12
16
15
10
6
3
9
-6
0
-7
-10
-16
-8
-4
-4
-1
-3
2
-2
12
7
11
10
3
5
8
10
7
3
3
7
1
4
3
-1
-10
-14
-5
-12
-11
-16
-13
-14
-7
-5
-9
-6
-6
-10
-16
-4
-3
-3
-8
1
0
-3
3
4
2
-3
-3
5
-3
-10
3
-7
-3
3
-3
2
5
-4
-4
2
2
-9
-7
-3
-10
-9
-8
-2
0
2
-3
-6
-4
-13
-11
-14
-8
0
-16
-10
-10
-9
-15
-9
-6
-13
-3
-5
-4
-5
-7
-5
1
-3
-3
-13
-5
-9
-14
-6
-8
-4
-14
-4
-4
-1
-5
-1
-1
5
10
1
4
2
2
-4
2
3
3
3
15
12
6
3
2
6
0
3
-3
12
1
3
8
7
12
1
10
13
10
5
13
9
6
3
4
13
10
12
7
13
8
10
6
13
1
-4
-3
-4
0
-18
-12
-16
0
5
5
14
29
11
-3
3
4
-10
-11
0
-12
-3
-3
17
13
8
-2
-4
-4
-4
-9
-13
-11
-9
-7
-7
13
7
11
4
9
2
-3
-7
-10
-3
-13
-7
3
6
-3
-7
-6
-8
-15
-17
-20
-26
-37
-29
-19
-17
-19
-26
-20
-17
-19
-13
-17
-12
-13
-15
-7
-3
-1
-2
3
5
15
8
5
-1
0
-9
-7
-4
-6
-9
-8
-3
-2
0
-5
8
-3
-2
-8
1
5
4
6
10
10
11
6
8
14
0
3
-7
-7
-9
-6
-3
8
10
2
8
7
4
-5
-4
-6
-12
-9
-8
0
6
12
21
29
42
33
28
28
18
12
4
7
12
2
13
21
24
22
15
9
5
0
-8
-7
-3
-10
-2
2
3
16
14
18
17
25
18
14
15
13
7
3
19
13
8
10
15
11
15
15
12
5
6
8
6
6
7
6
2
8
8
1
-3
3
6
1
3
10
8
8
10
17
12
-2
0
-2
-5
-10
-9
-12
-11
-8
-2
7
1
-6
-3
-4
-8
-8
-13
-13
-11
3
-3
9
16
12
13
16
19
1
0
-10
-9
-12
-12
-8
-5
-6
9
15
15
13
6
4
-8
-5
-12
-12
-15
-11
-1
-3
1
5
8
-5
-9
-2
-15
-28
-23
-32
-25
-24
-10
2
-5
8
5
2
-6
-4
-19
-15
-13
-27
-29
-21
-4
-20
-1
12
-5
-31
-25
-27
-35
-35
-32
-38
-39
-28
-19
-12
-25
-16
-24
-32
-33
-30
-31
-38
-23
-7
-18
-13
-9
-16
-11
-7
-1
-17
-16
-22
-22
-26
-25
-13
-18
-19
-12
-12
-22
-22
-22
-22
-25
-10
-7
-10
1
9
12
-4
7
12
0
-6
2
12
-4
5
9
11
12
11
22
20
19
20
9
-5
9
3
-7
-5
11
16
8
32
48
32
10
22
18
0
-13
0
-7
-20
-9
13
17
11
16
5
0
-2
-7
-18
-18
-20
-13
-12
5
14
13
19
31
32
15
10
-3
-14
-25
-17
-9
-13
-23
-12
-6
-23
-25
-19
-25
-33
-20
-23
-29
-11
-4
-6
-1
13
14
6
14
17
13
3
2
5
0
-7
0
9
7
6
17
26
19
7
4
5
6
5
3
