SAMPLES:	14279
BITSPERSAMPLE:	16
CHANNELS:	1
SAMPLERATE:	16000
NORMALIZED:	FALSE
5
8
7
-1
1
7
-11
-4
-7
-10
-10
-8
-10
-12
-16
-9
-12
-14
-10
-16
-7
-10
-7
0
2
0
3
2
9
4
3
10
0
5
4
0
8
6
9
7
-2
2
-3
-6
0
-8
-13
-11
-9
-12
-15
-11
-15
-16
-15
-12
-18
-15
-15
-10
-6
-10
-8
-11
-8
-11
-4
-7
-1
-3
3
-1
1
-4
-8
3
-5
4
1
2
-5
-12
-12
-3
-2
-3
-7
0
-3
2
7
-1
-1
-5
-3
-12
-12
-18
-19
-25
-17
-17
-18
-19
-16
-16
-14
-7
-10
-4
-9
6
1
7
5
2
0
2
-1
0
-3
1
-3
-7
-1
-4
-1
-9
3
0
8
1
18
10
8
14
9
4
1
4
-1
5
1
6
-2
6
0
8
12
13
13
10
11
9
7
5
6
-3
-4
-7
-7
-10
-9
-13
-9
-11
-12
-6
-6
-4
-1
0
4
3
4
0
0
0
1
-7
-5
-3
-10
-6
-5
-4
-6
-3
-4
0
-1
7
7
11
8
9
13
7
13
13
19
21
22
16
19
13
16
12
10
5
4
9
7
9
5
9
10
15
17
18
17
24
22
23
24
25
21
26
25
14
18
12
16
16
8
15
13
13
9
8
13
8
5
4
2
0
2
-3
3
1
-1
-1
7
7
10
19
19
22
18
18
11
14
6
3
-4
3
-2
-5
-7
-3
-3
-9
1
1
4
1
10
3
5
9
9
9
6
13
9
9
10
13
13
15
9
10
12
9
15
12
9
10
3
3
5
-7
-4
-2
0
-10
-4
-3
-9
-3
-2
5
5
16
18
16
26
27
24
22
20
16
16
12
10
7
6
0
-5
-3
-1
-4
-8
-8
-5
-6
-6
-3
-4
-6
3
6
6
3
3
3
0
0
0
-1
-3
2
0
-6
-2
-13
-14
-5
-11
-10
-12
-14
-19
-26
-25
-27
-30
-23
-28
-32
-33
-33
-31
-37
-32
-33
-37
-35
-32
-32
-32
-31
-26
-29
-28
-30
-30
-28
-22
-28
-20
-23
-18
-11
-19
-16
-22
-10
-14
-5
-5
1
4
0
-1
-4
-10
-14
-13
-10
-7
-8
-5
-10
-6
-13
-11
-12
-10
-18
-23
-15
-22
-14
-20
-12
-16
-10
-10
-14
-16
-20
-17
-26
-12
-15
-10
-13
-16
-18
-15
-15
-14
-11
-9
-4
-6
0
-7
0
-6
2
4
1
0
-3
0
-7
0
-5
-2
-4
-7
-7
-4
-5
-5
-2
-3
-2
-4
-4
-9
-11
-12
-3
-9
0
9
6
6
9
7
5
5
3
10
7
15
10
6
4
-2
-2
3
3
5
2
2
12
2
4
3
2
13
9
15
14
17
18
23
20
17
22
10
15
7
8
1
6
5
4
1
6
6
6
8
6
15
13
21
16
15
10
19
15
24
22
22
27
29
32
26
31
22
25
20
19
13
16
12
7
8
7
7
4
10
4
2
3
13
6
9
10
10
12
11
19
19
20
19
17
13
14
9
4
0
-2
0
-6
-6
-10
-5
-3
-7
-8
-8
-7
-10
-5
-2
0
3
6
3
5
4
7
-3
4
4
6
6
-2
3
-6
-6
-7
-6
-12
-9
-9
-9
-6
-3
-3
2
5
4
12
18
18
15
21
20
19
15
22
18
13
12
18
13
11
13
13
11
15
22
15
26
23
23
15
16
15
16
12
13
13
13
17
10
15
6
12
6
9
3
4
0
-10
-10
-13
0
-2
0
1
2
-8
-3
0
-7
-4
6
7
-2
0
-1
-4
-7
-8
-13
-13
-17
-15
-19
-22
-19
-20
-19
-22
-19
-19
-18
-21
-17
-18
-17
-13
-15
-13
-19
-12
-17
-11
-14
-9
-7
-5
-7
-8
-6
-13
-14
-21
-16
-28
-27
-31
-28
-25
-22
-13
-16
-12
-13
-9
-8
-2
-7
-7
-4
-9
-4
-3
-7
0
-6
-8
-7
-7
-3
-8
-3
-6
-4
-9
-12
-11
-13
-10
-12
-6
-11
-4
-5
-2
-6
-2
-2
4
11
11
21
11
16
9
12
6
3
3
-1
1
1
6
1
3
-1
6
4
6
2
2
2
-3
6
8
10
7
6
6
7
1
0
-4
-6
-9
-9
-10
-12
-8
-13
-9
-10
-3
-2
-10
-6
-6
-9
-6
0
-6
-4
0
0
1
8
8
12
9
7
12
6
9
9
6
4
10
4
8
12
9
10
10
4
0
7
5
4
-2
6
-2
1
0
0
6
0
8
6
15
13
10
14
10
9
14
16
16
12
16
12
12
19
14
9
5
10
4
3
0
2
-9
-6
-2
-7
-3
-13
-7
-7
-10
-10
-15
-14
-13
-20
-12
-10
-11
-10
-8
-8
-9
-2
-3
-3
-6
-2
-2
-1
0
1
3
4
7
4
-1
2
2
0
-3
-7
-3
-9
-6
-2
3
-2
-2
2
1
5
0
8
6
10
3
10
10
6
9
9
12
10
12
12
12
11
16
10
12
7
4
10
12
13
14
21
26
30
28
33
35
36
32
34
35
35
28
17
21
13
14
6
10
7
2
2
-4
-6
-9
-2
-9
-4
-6
-1
-3
-7
-8
-4
0
-1
3
6
13
7
13
16
14
8
9
2
-2
4
-8
-10
-10
-9
-16
-21
-22
-24
-25
-22
-28
-25
-21
-21
-17
-13
-11
-13
-3
-6
-3
0
4
0
-3
3
-8
-10
-15
-12
-19
-18
-21
-26
-26
-24
-22
-19
-13
-20
-16
-20
-15
-15
-8
0
-4
2
6
7
6
13
7
7
4
6
3
-3
-4
-6
-9
-13
-7
-16
-10
-17
-16
-14
-13
-12
-13
-15
-15
-9
-9
-7
-11
-5
-9
-5
-6
0
-4
-3
-2
-7
-1
-12
-8
-15
-6
-3
-2
-10
-10
-11
-10
-7
-12
-10
-17
-11
-16
-12
-12
-11
-12
-12
-4
-3
2
-2
6
0
-3
-1
-4
-4
-4
1
-5
-3
-5
-10
-13
-10
-10
-15
-14
-9
-8
-7
3
6
8
10
11
9
13
15
8
10
10
8
3
9
7
6
6
8
9
15
13
7
16
14
12
9
2
4
1
-1
4
3
-3
-2
3
5
10
5
7
3
10
4
3
6
2
9
6
9
2
6
3
6
7
11
9
15
7
10
14
10
9
8
9
0
6
-3
1
-6
-2
-9
-2
-10
-10
-8
-9
-1
-4
3
-3
-1
-6
6
-4
1
-2
-5
-3
-6
-3
-12
-3
-6
-4
-5
-6
-6
-5
-10
-6
-6
-6
-6
-13
-3
-8
0
-7
-2
-3
2
7
5
12
0
3
2
7
4
13
3
6
6
4
4
1
4
-3
1
-3
-2
-10
-6
-1
3
6
5
3
3
8
8
17
10
15
14
19
22
23
19
22
24
18
18
16
20
15
18
17
13
10
12
7
6
4
4
8
4
3
5
9
7
10
10
10
7
0
8
-1
-2
-2
-4
-4
-6
0
-3
-1
-3
-3
-2
5
-4
0
1
4
4
1
5
0
3
3
3
1
5
-3
0
-4
-4
-9
-6
-11
-16
-10
-12
-3
-8
0
-6
-2
-4
0
-3
-4
1
0
6
1
8
3
10
5
7
7
4
10
3
3
2
0
3
3
-1
0
6
6
6
8
10
8
9
7
5
0
3
0
3
-1
-1
0
-9
2
-9
-12
-14
-14
-14
-16
-16
-19
-16
-14
-9
-13
-7
-6
-14
-13
-10
-13
-6
-3
-1
-1
-6
-3
-4
-12
-8
-2
-6
-2
-3
-4
-3
-4
-6
-3
-4
-3
-5
3
3
7
6
7
8
9
6
1
7
4
12
11
14
17
14
6
0
-7
0
-5
-7
-4
-7
-2
-14
-8
-16
-13
-19
-16
-16
-13
-8
-7
-3
-6
1
0
7
6
7
3
3
3
6
-4
-1
-4
-3
-1
-3
0
-3
5
0
5
5
3
1
4
3
-1
2
6
6
10
12
9
19
13
17
14
5
15
9
11
9
7
4
1
-3
-12
-13
-14
-11
-18
-17
-15
-14
-10
-4
-9
-8
-5
-5
-1
-2
3
-1
5
3
2
-8
-9
-10
-14
-10
-9
-13
-18
-12
-13
-14
-20
-16
-22
-16
-10
-8
-7
-3
-2
-4
6
4
10
7
16
10
16
12
12
11
5
5
3
9
4
8
6
6
6
7
6
4
2
1
0
4
2
-2
6
6
7
8
9
6
4
10
10
15
14
13
14
13
12
10
9
3
4
-2
2
-3
2
1
0
-3
-4
-4
-3
2
0
8
1
-1
-2
5
0
3
5
2
0
1
0
0
6
-4
5
-4
1
-5
0
-2
-8
1
1
2
0
9
4
6
2
8
7
6
11
9
3
-1
-1
-10
1
-7
-3
-3
-4
-3
-5
6
1
1
-4
-6
-2
3
3
2
-2
-3
-3
-1
-5
-6
-8
-10
-10
-12
-7
-12
-13
-13
-13
-14
-14
-9
-16
-12
-10
-13
-9
-14
-8
-7
-7
-1
-6
5
-4
2
4
-1
-1
-7
-2
-6
-10
-10
-18
-19
-20
-18
-19
-22
-7
-25
-17
-28
-15
1
-15
3
-21
-4
-7
-14
6
-23
7
-2
-18
9
-10
14
-10
-5
-2
-22
9
-24
-2
-7
-10
9
-20
1
-11
6
13
-1
17
-5
11
10
13
23
4
25
12
20
13
0
20
-4
8
-6
-1
0
-8
0
-22
-2
-13
-16
-9
-13
-1
-2
-1
5
-2
6
2
13
11
11
23
12
25
16
24
22
22
32
26
24
20
18
9
6
8
6
6
0
-1
7
2
5
-4
1
-4
-3
8
3
13
4
7
12
6
16
13
8
17
7
10
9
9
17
7
13
3
10
5
10
10
0
16
5
15
9
9
8
-7
9
-7
-1
-6
-6
1
-4
-3
-10
-5
-3
-6
1
0
-8
3
-13
5
-8
-3
-2
-11
-4
-16
-8
-18
-16
-16
-16
-10
-11
-8
3
-7
8
-2
2
4
1
6
-5
7
0
-2
0
4
-1
0
3
0
5
7
2
-10
-7
-6
-6
-9
-13
-4
-17
-16
-14
-14
-4
-6
-3
0
-4
4
-4
6
3
3
10
4
15
6
19
16
18
20
13
19
9
13
10
6
11
12
11
9
10
20
9
10
10
5
10
6
9
5
1
5
10
7
7
12
11
6
9
7
-1
1
2
-3
-1
-8
-2
-9
-12
0
-7
6
-10
2
-4
-12
0
-15
-3
-15
-3
-8
-13
-2
-16
-3
-13
-7
-6
-15
-6
-18
-10
-13
-19
-10
-25
-16
-24
-17
-11
-14
-9
-8
-6
-4
-11
-8
-9
-4
-1
-4
3
-11
-8
-12
-3
-3
-8
-4
-6
1
-5
-4
-1
-9
-7
-5
-9
-3
-9
0
-8
-5
0
-4
5
0
9
-1
0
3
0
4
0
0
-9
-6
-4
-7
-6
-5
-9
-3
-5
-2
-2
-5
-3
-1
6
0
13
10
16
7
5
12
3
15
11
10
6
4
6
-2
3
-1
0
10
2
17
8
13
3
6
12
-2
12
-4
11
3
9
18
9
21
7
9
16
9
10
-3
6
6
-1
8
1
10
5
5
13
6
18
8
12
14
9
15
1
15
6
10
6
5
14
2
8
3
6
5
-2
-5
-7
-8
-6
-18
-10
-17
-16
-15
-16
-11
-15
-7
-7
-1
0
-1
-4
1
2
-1
2
3
-2
-3
-7
-8
-7
-10
-10
-16
-9
-12
-7
-6
-10
-2
-7
2
-3
-6
-3
-7
0
-2
1
0
3
7
3
8
10
9
5
3
0
-10
-6
-6
-15
-7
-10
-7
-8
-9
-5
-10
-4
-5
0
-3
-5
7
3
5
3
7
6
-4
5
-2
0
-5
2
5
-1
3
1
5
2
4
0
4
5
-1
-4
1
-1
-4
-1
5
5
6
10
4
6
8
12
13
6
2
3
0
0
0
6
1
4
2
-4
5
-3
-1
-3
-8
-10
-6
-6
-2
-9
-1
2
-3
2
1
5
4
10
4
12
3
3
6
0
2
-2
-6
-7
-8
-9
-6
-9
-2
-6
2
3
5
4
5
10
10
9
12
17
7
10
6
3
2
1
-4
-6
-3
-9
-6
-11
-6
-9
4
-1
1
-2
-2
6
-5
5
-3
5
1
5
1
2
5
-3
8
6
6
3
3
-6
-3
-10
-10
-8
-10
-12
-9
-7
-9
-10
-15
-9
-14
-10
-10
-8
-9
-14
-10
-10
-15
-18
-15
-15
-17
-15
-7
-11
-8
-6
-8
-5
-8
-6
4
2
4
4
4
3
-7
-3
-6
-2
-2
-1
0
-8
-2
-9
-12
-16
-14
-4
-10
-4
-9
-8
-5
-5
4
5
0
4
5
1
9
10
9
10
15
13
18
19
18
19
19
18
15
12
12
10
4
7
3
0
3
5
1
6
5
5
6
7
14
13
13
13
19
14
18
20
14
7
7
-2
-7
1
-5
-6
-10
-9
-6
-7
-9
-8
-15
-13
-16
-15
-11
-13
-10
-8
-1
0
2
2
3
9
6
7
2
-1
-1
-3
-3
-6
-5
-9
-10
-10
-6
-3
-3
-4
-4
-4
-1
0
-2
0
0
-6
-11
-9
-13
-11
-9
-3
-8
-5
-4
-4
-4
-5
-4
-5
-4
-6
-6
-10
-10
-7
-5
-7
-3
-8
-9
-13
-7
0
1
3
9
12
8
15
16
20
23
20
16
19
13
15
14
18
13
13
12
5
10
4
12
4
13
10
11
3
7
6
8
12
13
19
15
19
18
20
10
18
4
6
8
6
1
2
-1
-10
1
-5
-4
-6
0
0
5
5
8
9
6
10
9
12
17
17
6
13
9
8
6
1
5
6
8
3
6
-1
4
0
6
0
-1
-5
-6
7
4
10
3
9
6
6
2
7
2
0
6
1
6
0
-2
-3
6
0
2
1
1
-3
3
2
-2
4
0
2
-3
3
-3
-1
-1
6
3
10
6
5
5
6
3
4
9
-6
-1
-2
-4
-9
-4
-7
-15
-7
-10
-9
-11
-9
-3
-6
-7
-6
-9
-8
-4
-9
-8
-8
-12
-16
-16
-27
-27
-27
-32
-31
-30
-24
-28
-27
-28
-29
-32
-26
-26
-25
-29
-22
-25
-25
-21
-28
-17
-17
-10
-16
-16
-19
-22
-28
-25
-22
-30
-27
-30
-32
-35
-32
-35
-33
-32
-31
-28
-29
-27
-21
-18
-18
-13
-2
-3
1
2
-3
-6
-6
-6
-12
-10
-9
-17
-9
-9
-8
-5
-6
-4
2
2
-2
4
-4
3
9
7
10
12
16
12
24
9
16
22
19
23
23
28
13
15
12
13
8
6
13
15
20
15
19
18
23
29
28
29
29
33
25
31
33
29
29
30
30
22
33
22
21
18
17
16
9
13
9
8
4
2
2
1
4
7
6
10
7
19
10
18
9
16
18
16
25
14
21
18
17
7
14
5
6
2
5
0
-1
-1
0
-1
-6
6
4
6
0
7
1
3
-2
3
-5
4
5
2
6
1
3
-7
2
-6
-1
-3
-7
2
-1
7
6
3
3
6
10
5
10
16
13
10
17
19
22
12
15
12
12
19
14
14
2
7
-3
0
3
5
5
7
4
4
3
-3
6
8
9
6
9
10
18
12
13
15
13
7
9
4
2
0
-5
8
1
1
-3
2
3
-4
-2
-2
-9
-4
-2
-2
2
0
1
-1
4
6
7
10
7
2
-4
-3
-6
-5
-4
-9
-10
-15
-13
-16
-12
-19
-16
-19
-21
-17
-18
-13
-12
-11
-15
-7
-9
-8
-6
-5
-5
-3
-2
6
2
-3
5
3
3
0
2
-6
-3
-9
-8
-13
-9
-8
-8
-1
-6
2
-6
3
-8
-4
-4
-9
-5
-10
-12
-16
-8
-12
-6
-12
-7
-5
-6
-7
-3
-4
-6
-1
-1
4
4
9
1
3
0
4
0
-6
-4
-6
-9
-14
-9
-13
-12
-13
-9
-12
-16
-17
-17
-12
-12
-6
-8
-4
-13
-9
-4
-2
-7
-9
-9
-16
-9
-12
-7
-11
-9
-10
-6
-3
-7
-2
-6
-6
-6
-2
0
-4
-7
-7
-6
-11
-13
-13
-11
-10
-7
1
-3
-1
3
3
1
8
0
-1
-2
0
4
0
5
-1
3
-8
2
1
7
12
10
11
10
15
14
13
16
18
16
15
13
19
11
20
15
13
11
10
3
2
9
3
10
11
13
10
15
17
12
10
7
4
3
0
0
1
3
5
3
-4
3
1
0
-6
-2
-4
-9
-3
-8
-10
-15
-10
-14
-10
-10
-5
-8
-7
-11
-14
-16
-16
-15
-12
-14
-18
-6
-14
-7
-15
-13
-15
-16
-19
-12
-13
-16
-8
-9
-13
-16
-13
-9
-4
-7
-5
-6
-1
0
6
1
6
3
6
7
3
0
-5
-3
-6
0
-7
-3
-7
-4
0
-6
4
6
9
12
11
17
9
17
16
18
19
22
21
23
24
16
23
17
16
11
15
8
7
11
6
-4
0
0
-2
-2
-9
-3
-12
-5
-3
-1
-2
7
7
8
10
15
7
4
4
-3
4
-2
-4
-10
-4
-9
-9
-8
-10
-13
-11
-12
-18
-13
-18
-13
-16
-12
-9
-5
-5
-4
-5
-8
-1
0
3
-3
-8
-6
-10
-13
-17
-14
-17
-13
-13
-10
-15
-22
-14
-18
-14
-10
-9
-9
-3
2
3
1
4
7
6
6
12
16
16
23
21
26
23
23
18
19
16
16
13
7
9
2
5
2
2
4
4
5
2
10
13
11
17
15
15
16
20
11
10
6
9
10
4
9
3
6
-1
2
3
-2
0
5
-2
3
-2
-1
-4
-6
-2
-11
-3
-13
-5
-12
-4
-5
-2
-1
-6
-4
-8
-4
-5
-4
-8
2
-6
1
-2
0
2
0
1
2
10
1
4
7
3
3
2
-2
-1
-7
-9
-7
-10
-9
-6
-1
-11
-6
-13
-12
-10
-4
-3
-13
-5
-14
-6
-13
-10
-10
-3
-7
-1
-1
-4
0
-7
5
-3
1
-6
-4
-9
-5
-8
-3
-11
-15
-7
-10
-4
-9
3
1
9
8
8
7
10
6
7
14
13
15
10
18
7
13
13
13
8
6
4
0
-2
-4
-3
-6
-6
-6
-3
-4
-7
-1
-2
1
6
8
8
7
8
10
7
6
9
3
7
1
6
-1
0
3
1
-4
-3
-4
-8
-4
-2
6
-6
-1
-11
-4
-9
-1
1
6
7
5
6
2
6
3
6
1
4
-4
-1
-9
-4
-13
-13
-13
-20
-16
-12
-6
-3
-4
-2
4
1
10
8
9
13
12
13
17
20
20
16
21
13
14
15
14
19
14
17
13
6
10
6
1
4
6
5
-4
2
-3
-5
-3
-2
0
0
3
4
0
3
4
1
3
1
7
3
9
4
1
3
4
2
6
11
3
8
6
10
-2
3
0
-1
4
8
5
-2
4
0
-1
-4
0
-6
-1
-3
-6
-3
-9
-5
-1
-3
5
-7
-3
-3
-3
0
-2
8
-3
2
3
4
-2
-2
-5
-1
-2
-1
-1
-3
-6
-6
0
1
0
-6
6
-6
2
-1
3
1
-4
0
-7
1
3
-7
-6
-6
-11
-1
-13
-3
-12
-10
-3
-17
-4
-7
-15
-17
-18
-5
-10
-16
-1
-12
-1
-3
-6
10
-1
22
17
7
21
9
5
12
0
8
-3
-13
-5
-34
-13
-25
-32
-12
-26
-16
-19
-28
-8
-22
-11
0
-19
6
-12
-6
-9
-15
4
-12
-9
-1
-9
3
-8
-11
1
-22
-12
-22
-23
-9
-25
-22
-20
-19
1
-11
-3
2
-3
7
-26
-8
16
-3
9
-1
9
23
-13
7
-10
1
37
-22
5
3
3
19
-36
13
2
-15
4
-38
-7
4
-25
4
-13
10
16
-25
29
10
39
39
0
42
29
29
16
0
37
2
-5
6
-24
19
-12
-6
-2
-10
28
-31
-12
16
-15
17
-18
-19
20
-21
10
-26
-4
25
-41
7
-19
-20
17
-34
-25
-13
-28
3
-28
-18
14
-23
14
-14
-8
38
-7
18
17
10
32
-12
-5
-2
-9
5
-28
-22
-17
-17
-23
-31
-19
-13
-12
-22
-10
-6
3
6
-1
-5
23
13
-10
19
21
15
13
18
4
6
26
-4
-4
10
14
-4
-11
33
10
28
32
-7
55
31
13
39
19
48
21
24
49
-14
40
25
-27
52
15
-2
37
4
42
9
15
77
-14
57
52
13
102
4
31
80
13
35
36
37
15
9
35
7
-19
44
18
-56
61
23
-20
37
20
23
45
6
-19
113
-5
-20
74
10
40
-45
41
26
-109
116
-70
-148
123
-104
-70
24
-50
-6
13
-29
-12
71
-16
25
-23
120
1
-144
238
-84
-113
177
-149
-63
101
-150
-52
-22
-57
-9
-161
54
-37
-75
113
-115
10
196
-99
-31
245
-30
-32
197
-17
-15
127
-74
62
-76
20
45
-314
282
-206
-181
228
-358
160
-24
-200
169
-54
87
0
-36
300
-85
42
242
-158
216
1
-64
85
-93
53
-183
-62
-11
-217
-40
-140
-120
1
-190
-25
6
18
-14
-3
133
141
94
-3
252
64
166
41
-89
213
-127
37
-200
-155
80
-268
-161
-172
-85
-43
-127
-142
78
37
86
40
77
353
46
180
171
109
209
73
-21
65
9
-69
-167
-158
-68
-226
-182
-245
-189
-125
-181
-235
-49
-22
-56
47
-4
167
136
180
170
123
249
143
39
111
0
-29
23
-260
-138
-209
-272
-207
-310
-161
-210
-102
-70
-53
63
218
150
263
386
293
485
305
390
383
208
244
2
-37
-6
-316
-231
-288
-436
-228
-454
-371
-242
-280
-91
-143
-105
136
47
137
230
151
380
316
290
256
202
233
91
-20
-137
-188
-300
-357
-561
-561
-451
-559
-500
-465
-339
-193
-77
21
199
428
650
716
741
912
876
817
724
500
419
216
-119
-265
-559
-606
-763
-779
-745
-881
-507
-667
-330
-142
-56
368
236
604
549
546
762
590
692
455
124
215
-256
-471
-429
-757
-568
-835
-850
-720
-841
-370
-476
-339
60
-110
167
272
208
767
665
652
857
601
699
488
420
409
124
56
-114
-455
-483
-508
-605
-535
-852
-623
-270
-452
-88
125
269
788
512
623
793
860
1269
539
833
816
442
748
-41
302
485
-21
-167
-316
-277
-420
-620
-779
-846
-1008
-978
-1178
-1106
-764
-714
-652
-476
-466
-448
-124
-200
-14
78
-26
178
240
327
389
491
595
278
43
-4
-246
-231
-454
-607
-535
-703
-734
-627
-288
142
482
829
1074
1265
1670
1750
1641
1843
1742
1370
1069
723
566
333
180
66
-110
291
-4
151
659
461
1005
288
-478
-252
-824
-1270
-2484
-2857
-1608
-2934
-3309
-2593
-2988
-1235
-1861
-1896
-198
-298
1435
1046
1101
3422
3055
3353
3122
2595
4140
2525
834
1356
-148
-753
-1812
-3245
-2474
-3343
-3271
-2651
-3214
-1518
-584
-542
705
1267
2141
2624
1929
2668
2618
1891
2054
1102
529
147
-569
-788
-1598
-1700
-1265
-2209
-2482
-2096
-2047
-1903
-1874
-1449
-980
-975
-1612
-1537
-12
166
73
1099
647
1386
1325
-42
415
717
1953
-354
113
1724
-476
2228
1030
1200
3501
2410
2233
1827
3173
2320
2276
2571
1101
1745
1963
707
1002
1728
1256
792
-670
-3075
-4319
-3040
-4509
-6287
-5468
-5504
-5155
-5790
-5913
-4327
-1505
201
-465
1656
3770
4892
6229
5580
7098
8730
6815
4631
3347
2889
1379
-1914
-3144
-4118
-5892
-6203
-7320
-7056
-4889
-4447
-3492
-2009
-911
1615
2623
3119
4768
5215
5374
4781
4263
4199
3007
2162
1066
-880
-1702
-2487
-3757
-4454
-4820
-4439
-4381
-4685
-3721
-2521
-1483
-289
486
1679
2724
3235
3756
3691
3966
4099
2991
1779
988
356
-1121
-2726
-3245
-4752
-6121
-6656
-7114
-6634
-5046
-3900
-3042
-129
396
1628
3584
3767
5642
5428
6393
5371
5212
6326
3352
5025
4136
2121
2634
1093
200
-125
71
-863
-191
463
-257
906
2106
2433
2516
2946
2182
-157
-2233
-2403
-2749
-4874
-5510
-6793
-5830
-6311
-8990
-5759
-5002
-2729
-1118
-1462
2390
3392
5340
6733
6164
9114
9287
5221
5457
3838
2255
979
-3362
-2630
-4408
-6871
-6206
-6824
-6225
-4734
-5009
-3552
-2308
-1922
826
602
1558
3658
2792
3324
3836
3364
3872
2806
2214
1865
-352
-667
-1331
-3024
-3488
-3966
-3930
-4212
-4598
-2745
-1922
-1371
391
1017
2272
3149
3385
4094
3800
3854
3643
1688
1162
706
-566
-1056
-2446
-2510
-2341
-3712
-3701
-4314
-4539
-3311
-3651
-2527
-2023
-1087
1270
158
2113
2962
3313
5073
3414
5294
4173
4022
4756
2242
3593
2359
1906
1457
456
870
164
682
490
566
1382
1812
2179
3218
3907
4322
5309
4786
4183
3497
-753
-4124
-4916
-5303
-8046
-10801
-9155
-9416
-9503
-10723
-10070
-5989
-3442
-2059
-1579
2863
4727
6633
8247
8167
11563
12527
8956
7193
6824
4469
2198
-2825
-3822
-5773
-9298
-10023
-11492
-10441
-9124
-8505
-6704
-4257
-2608
1055
2566
3986
6705
7082
7437
7349
6800
6243
4944
3391
1883
-793
-1673
-2767
-4692
-5320
-5559
-5232
-5641
-6036
-4324
-3036
-2485
-964
227
2034
3331
4110
5342
5941
6421
6465
4950
4134
3576
1468
-722
-2721
-3421
-5236
-8571
-8706
-7645
-7711
-5788
-5013
-3365
727
1421
2638
3970
6264
7596
5897
7544
5588
6201
7409
2276
4065
4043
1501
781
28
-689
-1208
204
-2392
-2026
146
-258
238
2493
4054
3813
5429
5633
4666
5519
2916
-2487
-3218
-3840
-7550
-10081
-10327
-10978
-9907
-10712
-12922
-8370
-4902
-3546
-2340
1551
5011
6148
9214
8525
10499
13716
10855
8056
7470
5197
3599
-370
-3841
-4190
-7200
-9152
-11302
-11458
-9955
-9822
-8829
-6674
-5453
-2134
862
1268
4773
6899
7304
8286
7857
7488
7298
5312
3676
1296
-759
-1980
-4422
-5514
-6213
-6210
-5902
-6491
-5487
-3429
-2615
-1287
343
1739
3399
4170
4967
5700
6197
6913
5853
3926
3368
2612
615
-2428
-4149
-5849
-6754
-7097
-8855
-6898
-5771
-3419
-2390
-2089
3039
3408
6475
6979
6292
9953
7650
6832
6249
5609
4973
2735
1699
-528
-267
-473
-2059
-1217
-637
57
625
1134
2705
3631
4499
4648
3829
4607
3374
710
-3619
-6615
-4306
-6674
-10559
-10717
-9757
-7829
-10509
-12328
-7062
-4402
-2108
-2217
-573
6005
6126
8148
8858
9899
14333
11566
7031
6926
5069
3038
-1118
-6252
-5407
-8232
-10672
-11202
-11529
-8945
-7751
-7582
-4640
-2674
-438
3058
2943
5204
6878
6699
7413
6640
5948
5924
3927
2103
253
-1842
-2161
-4533
-6089
-6027
-6348
-6032
-6233
-5442
-2301
-1244
-421
1664
2900
4908
5484
5613
6173
6324
5224
2320
686
1432
-1067
-3718
-3835
-6898
-5156
-6159
-8408
-4771
-5123
-1249
-2696
0
4184
1796
9270
5410
7538
10673
6951
8085
5911
7240
3474
3559
1559
-1206
315
-1737
-2044
-1000
336
-66
2267
3564
3417
5515
5954
4542
5729
4330
-202
-5507
-7221
-5396
-9819
-10964
-12364
-11437
-6517
-12877
-11983
-5308
-4383
-27
-2072
593
7449
6056
8908
9325
10133
15465
10862
6957
7720
3708
3351
-1836
-8033
-6363
-9937
-13210
-12455
-13293
-10045
-7887
-8518
-3265
-1710
1360
5334
4447
7666
8502
7199
7981
5862
5211
5874
2049
863
-647
-2665
-2293
-5226
-6232
-5523
-6674
-6398
-6902
-6459
-2905
-2642
-1449
973
2438
5830
6160
6845
8095
6590
5857
3513
1418
-149
-1813
-3755
-5852
-5370
-8036
-6775
-5967
-5652
-2201
-2750
1845
1481
4209
6737
4841
9605
7389
7356
8250
6685
5782
5579
4524
2040
2293
1221
590
573
1245
449
1200
2989
1447
2858
3756
2297
3634
2440
-630
-5682
-8293
-5037
-8582
-11091
-10699
-10985
-6134
-10865
-12641
-4240
-3572
197
-1158
598
8557
6209
8528
9523
9134
14124
9744
4731
6624
2096
1502
-2390
-9042
-6594
-9657
-12764
-11757
-11844
-9048
-6761
-7751
-2763
-742
784
5496
4917
7329
8275
6625
7942
6249
4529
5229
1649
238
-1384
-3957
-3035
-5682
-6339
-5486
-6337
-5532
-5996
-5137
-1878
-1699
-899
1157
2565
5074
4707
4880
5295
4263
4712
1339
-548
1919
-1566
-3319
-2377
-6388
-4811
-4691
-4769
-3400
-2201
2633
-705
4469
6216
3731
10327
7602
6874
8316
7470
4943
5082
5364
1572
2773
3000
591
2003
3668
1902
4008
5149
3205
4157
4754
2086
1315
-50
-8233
-10651
-7747
-10292
-14160
-12328
-11791
-9086
-8400
-12212
-5855
-628
1850
-460
3171
9034
7263
10949
9405
9884
14781
10632
5764
6386
2777
1912
-2490
-8997
-8241
-11210
-13167
-14809
-14048
-9925
-8769
-7942
-2819
-370
2889
7061
6290
9202
10164
8115
8357
6167
4475
4524
449
-1907
-2921
-4877
-4909
-7346
-7596
-6630
-7400
-6159
-7031
-5475
-2420
-2636
-413
1176
2096
5212
5197
4355
5077
4806
4879
1684
497
272
-1976
-2110
-5262
-5363
-4150
-3487
-3050
-2542
1406
1843
3793
5441
5390
8371
8297
6989
7130
6717
6190
4689
3674
3289
3156
3406
1743
2676
4245
4655
4846
5035
6539
5380
4766
1749
-3867
-7748
-9196
-8467
-13087
-15258
-14415
-12527
-11024
-14917
-10604
-3785
-125
165
1156
7635
10313
10918
11525
12532
14813
14127
8607
6579
4571
2386
-632
-6879
-8886
-10077
-12594
-14977
-14430
-12710
-10356
-9766
-7002
-2502
104
4211
6410
8720
10257
10158
9903
9702
7396
5836
3834
169
-2033
-4652
-6204
-8127
-9306
-10024
-9454
-9458
-9305
-7625
-5856
-2579
-2313
-274
2843
3836
6448
6318
5896
8864
7848
5576
4636
2733
2448
-1063
-3647
-4848
-6687
-5291
-7742
-7169
-3378
-3005
25
2516
4593
7210
9645
9330
9147
10578
8653
7870
6361
4737
3868
3360
3270
2508
4001
4798
3239
5610
5322
4628
4483
-2632
-6030
-9376
-7221
-12145
-16604
-11994
-14594
-9282
-14063
-12714
-3763
-1618
2295
-263
6461
10870
9607
12131
11448
13187
16228
8592
5638
5378
1064
203
-7128
-9727
-9863
-13029
-15213
-14956
-13143
-9904
-9055
-7509
-1436
242
4862
7500
8614
11626
10832
9609
9393
7008
5144
3988
-208
-2554
-5281
-6052
-7115
-9951
-9344
-9219
-8969
-9136
-8607
-6401
-3648
-2525
-2118
227
2225
4457
4929
5362
7263
8549
7083
5709
4724
3419
2745
-871
-2658
-3584
-3701
-5387
-5549
-3420
-2474
-63
369
2538
4345
6973
7119
7086
8762
7529
7718
6740
6108
6252
6462
5425
5691
6549
6541
6596
6505
6288
2672
-3717
-9364
-7155
-8720
-16013
-16574
-16420
-13176
-15332
-19803
-11077
-5484
-672
-545
1306
12950
11879
13982
17169
15584
21119
17708
10111
9986
5242
2638
-1746
-11599
-12003
-14296
-18414
-19530
-20059
-15933
-12561
-13140
-7503
-2543
897
7351
8118
11862
14632
13375
14123
12092
9195
8681
4715
154
-2821
-6153
-7358
-10631
-13212
-12618
-11881
-12370
-11823
-10806
-7023
-4819
-5109
-738
124
3806
6991
5462
8124
9365
8883
8200
6574
5752
3588
1365
-817
-5079
-5490
-5679
-7767
-6773
-4605
-3959
-650
2487
2709
6812
9437
8968
9799
10582
9277
9488
9090
6655
7187
6867
5443
5849
6787
6423
5918
5164
1145
-5878
-8346
-7070
-11744
-15118
-16180
-16981
-12876
-16977
-17338
-8671
-5756
369
31
4638
14228
11981
16492
17834
17051
21253
15208
10233
9699
3314
1598
-4462
-12956
-12197
-15867
-19227
-19453
-19689
-15354
-13139
-13088
-6085
-1634
2911
8306
9370
14291
15893
14658
16039
13517
9960
8073
3529
-404
-4964
-7743
-9279
-12489
-13688
-14393
-13379
-12231
-10953
-9455
-6167
-3404
-3056
353
1644
4149
7402
6480
8740
9000
8088
7967
5256
4694
2090
-550
-3011
-6394
-6259
-8393
-8682
-6988
-6420
-3419
-987
1726
4633
7498
9272
10198
11209
10674
10523
9943
8721
7502
7169
5990
4768
5964
5745
5780
6040
4418
634
-5929
-7708
-5637
-10532
-14484
-15107
-14430
-11602
-17864
-16037
-8496
-5070
-772
-2919
6035
12100
11104
16636
15812
18167
21081
14060
11354
9112
3741
2497
-6297
-11756
-12098
-16379
-18534
-20162
-19258
-15074
-14605
-12910
-6362
-3246
2725
6461
8464
13681
13960
14748
15961
12739
11068
9777
4966
881
-3037
-5702
-7692
-11207
-13632
-13099
-12691
-12027
-11940
-10423
-4997
-5471
-3300
-320
206
5900
5863
5947
9329
9025
9982
7994
6245
6783
2244
1478
-2883
-6171
-5464
-10094
-9079
-9483
-8104
-5584
-3576
382
2171
7063
8731
10296
12390
11633
12482
11785
10229
9314
7932
7039
5365
5040
4882
4170
3854
-639
-6606
-7684
-5591
-9407
-14351
-13673
-13111
-11219
-15573
-16833
-8072
-4388
-845
-2287
4810
13373
11668
16775
16690
18606
22582
15282
10861
9999
4586
2358
-5473
-12371
-12179
-15752
-18862
-20470
-19109
-15728
-14905
-14322
-8232
-4291
160
4364
6552
11889
13213
13849
15751
14378
13103
11486
6570
3753
-640
-4148
-6335
-11079
-12351
-13749
-13582
-13661
-13785
-9045
-7727
-6165
-3027
-2445
2572
5139
4818
7882
8655
10805
9390
7848
9100
6115
6107
1277
-1643
-2147
-5955
-7001
-9748
-8482
-8385
-7402
-4938
-3462
1492
3735
6149
8729
10373
11557
11537
11471
10830
10542
9009
7324
6601
5659
5202
3806
1239
-4354
-8980
-6730
-7980
-13296
-13901
-14294
-11664
-12990
-18183
-11722
-6848
-2430
-1544
-962
10211
11807
14158
18106
17536
23198
21433
14506
13468
9106
6053
1376
-8540
-11301
-13688
-17833
-19821
-21558
-19228
-16225
-16824
-12803
-8189
-4039
1759
3413
7998
11731
12225
14637
14122
12875
13108
10126
6200
2774
-406
-3137
-6576
-10230
-11956
-12206
-13853
-13395
-13555
-10434
-7362
-7342
-3319
-1493
1699
5342
6392
7706
10782
11120
10793
10014
8675
8689
4456
3111
-1324
-3672
-4356
-8648
-8824
-8643
-8606
-7827
-4789
-3018
247
4110
5990
8350
10410
11478
11847
11951
11629
10834
10097
8681
6116
6478
4654
1566
-3637
-9282
-7972
-8309
-12988
-14887
-14427
-12664
-12118
-16978
-13066
-8097
-2874
-763
-2260
8581
10138
13925
17816
15834
22177
22176
16379
14134
10181
7225
3664
-6120
-9221
-12237
-16225
-18731
-20766
-18364
-16866
-17247
-13301
-9365
-6318
-699
1011
6009
9263
9379
12822
13700
13226
12908
10086
7884
5510
1959
-342
-4003
-7004
-9017
-11132
-13167
-13898
-13672
-11603
-10761
-9476
-5965
-4822
-420
2431
3643
7491
8653
9847
10686
9575
10502
8685
7174
5652
558
453
-2696
-6065
-6530
-7898
-8357
-8742
-6567
-5644
-2210
614
1992
6031
8195
9151
10407
12137
11892
11745
10939
8767
7880
5965
4921
4221
3875
81
-6799
-7591
-7615
-9396
-12723
-14113
-12208
-10042
-13396
-15774
-9121
-5817
-992
-2192
1936
9923
9137
14573
13966
16434
20566
16357
13850
10959
7488
6347
202
-5974
-8150
-11637
-13457
-16353
-17179
-15073
-14870
-14339
-11223
-9453
-4797
-1346
952
5506
6211
8850
11468
11339
11268
10190
8521
7108
3362
763
-365
-3709
-5993
-7863
-9829
-9643
-11161
-10328
-8516
-8530
-5624
-6200
-2994
-342
-255
3159
4425
6146
7294
8281
8313
8859
8506
6465
5329
3036
107
-1640
-3853
-5619
-7321
-8030
-7262
-6989
-4366
-2889
121
3428
5079
7316
9302
10315
10855
11036
10046
9480
8136
7681
6139
5692
4795
2886
-1379
-7477
-6102
-6285
-10324
-12279
-13414
-10991
-11960
-16913
-13293
-9929
-5091
-4128
-4177
6055
6138
10323
14954
13625
19576
19267
16473
15287
10838
9419
7237
-369
-4524
-7253
-9256
-12489
-16881
-15342
-14344
-15683
-14366
-13431
-9608
-5624
-5238
-569
2072
3833
7497
8455
9666
10182
9489
8794
6528
4818
3889
1743
-209
-3341
-4024
-5073
-7629
-7466
-7669
-6906
-8199
-8384
-6525
-5467
-3620
-3626
-1099
1629
1855
4174
5712
7471
8967
8028
8228
6377
5706
4261
1297
470
-2363
-3423
-4452
-5169
-5121
-3956
-2154
-1676
836
2002
3749
5597
6011
7646
7749
8182
7514
7063
7166
6016
7339
6599
6187
3031
-2230
-1859
-2799
-6469
-9454
-10459
-10999
-12508
-16251
-15583
-13467
-9968
-7907
-7537
444
605
5325
10660
10023
15883
16798
16544
15987
13052
12419
11164
6076
2042
-204
-2846
-6921
-11288
-11345
-12224
-14817
-15064
-15766
-13492
-11184
-10913
-6595
-4339
-2373
1510
3364
5321
6854
8545
8862
7740
7148
6552
6322
4363
1731
1811
775
-1846
-2413
-3696
-3802
-4650
-6335
-6123
-6761
-6637
-7064
-6230
-4827
-4233
-2010
-506
1441
3896
5233
6574
7230
7173
7505
6549
4839
4225
2464
1350
-46
-980
-541
-919
-302
-461
831
1486
1652
2688
2886
3831
3854
4371
4100
4111
4446
4313
5398
5823
4783
1962
678
840
-1471
-3714
-5359
-6113
-6546
-10478
-11064
-11470
-9805
-7852
-9517
-4438
-4069
-1792
1722
1564
5695
7395
9103
9238
8697
9402
10117
8669
6698
5906
4600
2719
-946
-1589
-2906
-5232
-6080
-8637
-8910
-9192
-9714
-8283
-8459
-7867
-6341
-5022
-4243
-3925
-1639
-62
-443
253
1341
2390
3032
2192
3838
5087
4340
4693
4298
4948
4299
3047
2556
803
302
-1542
-2919
-3665
-4999
-4721
-5195
-5645
-4980
-3945
-3077
-2382
-1700
-381
290
1153
1402
1848
3075
2602
3835
3631
4009
4852
4748
5467
4853
5649
5466
5225
4904
4356
4631
4205
3816
3074
3506
3211
3128
3076
1384
582
-1045
-1466
-2143
-4127
-4271
-5766
-5786
-7053
-8542
-7206
-7943
-5978
-6002
-5068
-2633
-2804
387
977
1987
4031
5012
5801
5352
5403
5857
6039
4463
3835
2986
2443
925
-636
-516
-1838
-2103
-3114
-3554
-3194
-3845
-3588
-3830
-3801
-3567
-3991
-4023
-4408
-4566
-4289
-4571
-4707
-4379
-4202
-3335
-2448
-1929
-58
577
1661
2847
3111
4363
4646
4955
4663
4544
4068
3205
2904
1947
1319
571
-155
-1003
-1366
-1376
-1723
-1787
-2218
-2173
-1959
-2087
-1667
-1287
-473
-258
-108
703
1153
1704
1800
2233
2515
2371
2061
1986
2111
1755
1576
1401
1658
1787
1927
2177
2501
2737
2657
2718
2558
2617
2395
2291
2289
1991
1774
1552
1274
888
407
-400
-767
-1461
-2128
-2361
-2977
-3082
-3080
-2985
-2715
-2521
-2043
-1643
-1293
-1129
-1101
-805
-841
-1225
-1269
-1043
-1372
-1320
-1162
-1043
-669
-986
-700
-555
-496
-623
-828
-984
-1652
-1791
-2077
-2322
-2491
-2439
-2180
-1742
-1647
-1170
-101
63
556
908
1078
1493
1260
1199
1209
708
574
429
180
63
-100
182
149
-33
118
195
304
34
-199
121
23
-43
-18
-6
293
259
379
538
688
797
824
901
805
711
762
863
595
556
807
1012
1109
1173
1555
1668
1803
1810
1821
2366
2401
2579
2990
3013
3230
3259
3166
3221
2772
2349
2103
1170
706
196
-552
-845
-1544
-1620
-1745
-2088
-1969
-2051
-1777
-1994
-2401
-2161
-2285
-2325
-2523
-2759
-2394
-2455
-2682
-2231
-1870
-1487
-1146
-1359
-905
-517
-491
-347
-854
-835
-681
-1268
-1316
-1513
-1372
-984
-1444
-1390
-1055
-892
-636
-645
-613
-90
12
106
217
195
733
767
666
783
862
971
704
306
262
420
163
-415
-703
-737
-766
-952
-1063
-655
-330
-199
-16
505
1246
1590
1725
1938
2322
2372
2191
2096
2069
1920
1454
1301
1209
946
852
623
655
742
517
707
952
1289
1729
1852
2299
2772
2816
3070
3267
3117
2854
2382
1953
1341
513
33
-508
-1215
-1731
-2201
-2312
-2330
-2589
-2647
-2461
-2448
-2444
-2368
-2289
-1924
-1755
-1700
-1612
-1525
-1050
-1110
-1525
-1477
-1447
-1429
-1755
-1926
-1851
-2035
-1953
-1792
-1587
-1115
-993
-826
-341
-94
268
469
597
931
1095
1201
1415
1453
1355
1102
909
611
205
69
-323
-647
-725
-776
-659
-463
-412
-273
-188
-259
-70
-36
-95
-3
68
140
60
266
562
650
692
544
761
944
608
588
781
715
691
589
837
1125
862
973
1217
1312
1457
1498
1721
1916
2070
2285
2339
2310
2241
2239
2192
1866
1499
1246
873
531
161
-39
-136
-450
-740
-932
-914
-879
-898
-998
-1183
-1206
-1328
-1745
-1797
-1722
-1814
-1821
-2029
-1927
-1661
-1664
-1408
-1210
-1031
-872
-1017
-1000
-975
-932
-1002
-1160
-1163
-1308
-1287
-1106
-1163
-1062
-901
-912
-839
-888
-742
-328
-262
-173
87
258
502
591
814
1022
1018
984
973
1017
907
721
504
328
-90
-529
-666
-791
-942
-991
-1093
-909
-543
-360
265
730
1019
1652
1729
1799
2067
2010
2117
1837
1265
1280
1031
656
586
250
247
89
-248
-62
30
301
542
736
1175
1369
1721
2097
2242
2571
2442
2050
1990
1531
1201
744
25
-152
-778
-1282
-1329
-1544
-1285
-1312
-1454
-1087
-1119
-1102
-1015
-1084
-876
-1101
-1337
-1182
-1298
-1253
-1224
-1139
-1002
-1273
-1210
-1047
-1103
-1168
-1376
-1430
-1485
-1674
-1565
-1332
-1152
-926
-872
-583
-329
-387
-60
66
133
234
71
302
385
239
550
751
704
793
788
1036
1334
1210
1177
1103
878
767
429
246
251
-61
-211
-344
-470
-267
-138
24
149
158
325
421
511
620
635
638
621
505
506
841
882
582
396
367
337
189
182
287
269
211
404
660
918
1109
1054
1025
1056
1131
882
480
547
655
412
176
178
136
111
62
-47
77
-88
-353
-577
-972
-961
-1042
-1351
-1487
-1640
-1560
-1416
-1466
-1241
-946
-718
-649
-679
-298
-83
-267
-337
-347
-563
-887
-1128
-986
-899
-1108
-1071
-996
-778
-648
-688
-438
-275
-215
-195
-182
-3
153
165
321
553
577
694
874
1134
1341
1230
1212
1075
774
614
349
225
-31
-460
-627
-706
-637
-503
-409
-225
-24
103
339
558
699
851
905
834
775
769
716
749
767
613
433
374
242
164
215
196
244
329
314
446
743
859
970
980
793
870
713
361
321
197
18
-337
-525
-448
-388
-440
-514
-236
41
-191
-235
89
38
-88
-411
-615
-474
-767
-1111
-1111
-1112
-1161
-1263
-1185
-932
-714
-681
-600
-365
-309
-370
-364
-298
-356
-383
-457
-503
-487
-481
-447
-528
-550
-507
-560
-599
-691
-581
-398
-434
-301
-128
97
411
491
835
1310
1305
1344
1353
1219
1149
850
601
398
-107
-332
-466
-713
-661
-707
-713
-611
-559
-387
-184
22
218
390
496
613
784
888
1069
1135
1141
1153
1096
1034
997
1030
877
777
686
629
619
544
600
576
462
337
289
190
80
23
-79
-205
-420
-475
-413
-485
-540
-450
-354
-377
-442
-323
-209
-222
-222
-188
-158
-207
-158
4
56
70
180
105
-197
-173
-199
-504
-584
-713
-926
-1154
-1219
-1018
-805
-894
-1011
-815
-677
-561
-568
-560
-356
-352
-433
-548
-372
-30
-165
-264
-161
-34
54
63
23
254
422
288
410
417
434
528
394
278
166
121
198
133
153
280
357
373
227
243
420
279
68
5
-80
-135
-261
-226
65
192
203
347
533
801
895
996
1170
1147
1099
1038
1033
974
964
941
822
642
491
441
343
140
-111
-148
-295
-674
-798
-804
-802
-815
-884
-784
-671
-560
-392
-215
-83
20
123
92
70
168
304
235
140
172
180
202
88
-10
80
-107
-397
-512
-602
-659
-799
-986
-1015
-980
-1095
-1090
-903
-777
-664
-630
-673
-549
-376
-265
-196
-166
-151
-100
-105
-131
64
139
111
28
-83
3
-16
-74
-59
-165
-254
-258
-247
-73
43
132
385
391
413
553
559
580
461
331
280
110
58
95
130
230
250
394
613
656
718
899
990
949
872
841
850
857
807
793
882
829
759
796
718
684
667
438
221
-22
-211
-363
-597
-745
-857
-901
-1027
-1089
-847
-629
-571
-428
-186
-32
88
234
478
712
625
509
639
581
371
301
175
-65
-369
-744
-851
-852
-1067
-1081
-1024
-1035
-994
-921
-734
-510
-446
-482
-491
-515
-537
-527
-515
-496
-405
-446
-427
-225
-54
141
190
135
203
186
101
44
-66
-113
-270
-480
-486
-442
-319
-229
-198
-37
20
105
248
199
258
254
111
47
-22
67
191
169
239
425
551
616
699
872
960
905
799
720
718
646
569
593
647
635
623
708
754
802
920
895
847
740
557
531
421
167
61
-85
-325
-515
-667
-668
-683
-767
-764
-712
-673
-580
-357
-116
31
180
356
518
573
616
715
685
517
253
37
-47
-290
-528
-618
-844
-1003
-1104
-1204
-1187
-1186
-1187
-1212
-1252
-1164
-1062
-897
-754
-598
-292
-145
59
386
576
748
788
736
730
563
351
181
-51
-262
-521
-705
-683
-725
-713
-582
-487
-354
-317
-209
-75
-137
-116
-120
-126
-146
-170
22
156
206
418
661
724
797
923
1023
1037
860
784
815
639
535
591
584
605
608
628
671
684
700
734
663
546
483
354
187
87
66
7
-99
-233
-313
-287
-330
-337
-172
-167
-202
-183
-121
58
116
140
206
162
140
58
13
82
-33
-139
-270
-361
-342
-376
-346
-401
-510
-372
-371
-505
-548
-573
-512
-768
-1085
-944
-838
-1235
-1453
-1220
-1047
-1012
-831
-437
-125
40
229
547
855
809
600
575
431
290
152
-10
1
68
-22
-65
163
162
13
-123
-307
-355
-613
-790
-791
-891
-722
-467
-157
236
552
912
1194
1270
1378
1491
1385
1094
884
673
452
296
194
152
142
150
197
360
430
587
719
666
715
752
658
556
416
394
340
88
9
-17
-159
-333
-429
-408
-437
-605
-699
-642
-533
-490
-410
-190
12
126
241
423
515
586
534
392
396
203
-82
-229
-436
-616
-768
-887
-987
-1043
-1091
-1113
-983
-959
-949
-825
-804
-794
-655
-514
-403
-217
-58
109
292
346
480
546
488
357
149
7
-190
-338
-422
-496
-389
-370
-337
-48
48
88
118
74
96
5
-155
-118
-108
-134
-5
169
394
550
651
797
862
825
752
616
463
242
154
87
-80
-63
76
240
361
452
720
990
975
962
1061
1089
842
521
410
235
-27
-231
-362
-334
-410
-556
-431
-316
-325
-288
-273
-242
-215
-219
-159
-60
37
151
202
262
354
396
417
240
111
47
-139
-364
-603
-648
-666
-816
-896
-858
-743
-710
-785
-661
-448
-407
-433
-355
-275
-181
-88
3
123
156
197
225
264
282
238
153
2
-113
-171
-247
-289
-330
-287
-189
-200
-106
33
79
105
-7
-105
-122
-281
-351
-428
-506
-381
-285
-147
101
375
704
843
847
1043
1080
955
803
506
308
117
-178
-290
-329
-306
-238
-148
63
234
485
639
689
785
755
677
640
451
364
364
238
190
105
81
108
-39
-119
-150
-321
-434
-648
-721
-626
-649
-530
-344
-138
112
241
452
651
689
747
590
364
228
-34
-262
-466
-672
-763
-913
-1063
-1054
-955
-842
-815
-747
-582
-504
-388
-284
-110
133
159
202
348
416
503
474
437
492
341
227
133
65
83
-35
-108
-67
-124
-113
-133
-208
-195
-321
-374
-394
-529
-539
-522
-503
-371
-274
-50
163
265
504
685
761
797
751
721
567
307
139
-53
-237
-416
-493
-363
-306
-263
-78
133
365
455
496
620
614
507
398
309
308
248
188
253
224
211
216
156
96
13
-103
-253
-456
-547
-510
-449
-394
-302
-41
134
199
347
536
626
548
369
285
167
-85
-280
-380
-440
-589
-754
-770
-684
-638
-602
-539
-413
-320
-287
-199
-59
67
151
172
215
244
235
226
143
87
15
-111
-216
-284
-287
-251
-220
-91
40
145
301
421
516
559
484
429
317
83
-58
-214
-386
-489
-591
-607
-538
-470
-339
-203
-49
87
188
267
293
306
317
290
212
189
226
290
336
404
458
490
472
414
345
228
67
-129
-300
-406
-446
-445
-368
-258
-123
49
170
294
442
494
493
430
384
319
212
141
80
61
3
-116
-123
-79
-121
-128
-155
-161
-170
-230
-275
-261
-252
-235
-244
-245
-198
-179
-102
-60
-45
-5
-26
-71
-70
-97
-51
-65
-108
-83
-121
-105
-62
-63
-92
-149
-187
-178
-237
-257
-183
-87
-69
-45
75
215
270
290
363
388
340
217
174
176
57
-41
-64
-129
-172
-189
-137
-59
-40
-21
12
27
-28
-61
-36
-86
-150
-147
-101
-19
92
248
438
608
643
673
688
631
516
343
150
-60
-241
-400
-506
-492
-481
-448
-391
-388
-237
-132
-69
20
69
159
195
164
244
351
387
371
333
364
348
269
226
158
39
-72
-261
-344
-402
-524
-527
-561
-580
-493
-437
-357
-279
-207
-80
-31
18
83
147
221
246
288
335
288
259
247
154
64
-17
-133
-250
-338
-384
-372
-362
-376
-310
-194
-147
-85
30
147
197
199
188
240
234
172
127
121
115
14
0
51
106
149
122
125
146
47
-9
-69
-157
-200
-259
-243
-151
-33
129
325
466
594
662
695
673
561
451
291
121
-48
-261
-362
-411
-492
-484
-510
-487
-383
-364
-276
-127
-11
88
155
228
327
359
350
361
367
315
190
93
54
-43
-170
-253
-346
-402
-508
-547
-471
-436
-401
-334
-242
-177
-114
-47
10
54
38
14
33
-14
-30
-29
-45
-48
-112
-153
-157
-174
-170
-166
-184
-150
-146
-125
-66
-37
4
16
-13
20
20
31
61
-5
25
41
-9
5
-3
17
52
13
79
158
178
196
205
224
165
84
67
4
-80
-79
-47
6
46
126
325
384
290
380
485
414
328
318
365
335
298
332
389
356
162
53
-4
-146
-301
-461
-546
-553
-509
-431
-273
-35
94
182
322
464
571
560
484
441
390
224
94
52
-29
-157
-320
-387
-378
-381
-370
-337
-282
-225
-253
-214
-142
-109
-96
-161
-120
-45
-27
-4
63
152
160
92
102
108
8
-73
-113
-127
-141
-177
-167
-105
-77
-9
33
38
57
28
45
-13
-94
-55
-56
-98
-113
-66
41
86
124
242
363
383
311
297
307
212
59
-55
-149
-246
-312
-311
-224
-144
-60
57
173
261
354
439
408
357
376
335
284
258
217
231
178
70
50
26
-67
-182
-285
-350
-428
-487
-487
-461
-379
-317
-253
-93
58
171
265
298
319
324
217
164
90
-24
-107
-234
-283
-303
-347
-333
-316
-306
-287
-315
-299
-287
-282
-275
-235
-178
-169
-143
-67
2
24
31
12
9
-9
-85
-106
-70
-105
-133
-125
-72
-12
10
29
61
113
73
24
29
-23
-85
-141
-188
-180
-185
-170
-78
25
110
222
348
400
395
424
402
284
164
73
-16
-114
-211
-232
-191
-186
-156
-91
-14
42
78
144
202
247
297
326
383
423
431
429
395
342
278
193
92
-12
-111
-201
-286
-342
-364
-371
-347
-284
-237
-155
-79
15
103
137
168
169
155
113
72
54
30
-34
-60
-87
-85
-81
-109
-126
-145
-166
-208
-229
-239
-225
-212
-199
-200
-152
-96
-89
-55
-12
-4
0
-13
-9
38
39
39
20
43
63
47
54
70
84
79
34
13
26
-50
-104
-158
-209
-234
-259
-246
-182
-105
-18
78
188
312
341
369
383
322
262
177
107
53
-63
-130
-128
-161
-165
-161
-119
-72
-76
-24
70
145
177
221
294
349
331
355
388
361
310
249
212
140
57
-2
-74
-162
-206
-253
-248
-233
-203
-152
-99
3
76
126
181
231
255
239
217
248
228
176
160
142
106
56
-21
-69
-108
-195
-260
-303
-311
-308
-295
-261
-205
-106
-29
10
91
170
206
197
171
172
144
45
-38
-60
-66
-99
-117
-76
-32
22
65
84
127
139
62
-9
-67
-108
-155
-222
-228
-211
-200
-158
-93
-12
38
38
44
10
-14
-15
-38
-69
-89
-105
-85
-59
-44
-6
35
61
37
50
86
101
82
69
61
74
62
34
53
88
98
67
66
68
50
42
10
-28
-28
-66
-101
-93
-79
-41
-26
-21
8
39
43
32
60
86
75
86
124
125
156
198
206
196
160
122
83
-4
-91
-132
-200
-294
-360
-359
-342
-336
-301
-230
-149
-91
-30
53
120
152
148
132
116
74
47
47
34
24
17
28
65
64
54
76
55
-13
-68
-84
-73
-101
-99
-54
-16
10
30
76
124
94
44
-8
-90
-158
-218
-278
-358
-402
-401
-396
-354
-265
-140
-32
46
149
267
351
383
401
405
371
304
257
212
157
134
88
42
19
-9
-48
-72
-123
-161
-198
-227
-240
-247
-206
-161
-124
-73
-12
72
135
139
195
243
243
217
201
189
151
103
76
72
46
35
20
12
-6
-4
-5
-41
-94
-114
-129
-155
-154
-144
-123
-110
-98
-98
-70
-55
-78
-111
-149
-158
-156
-154
-132
-69
-26
9
58
117
180
204
189
151
103
65
32
-20
-36
-44
-53
-63
-66
-23
33
50
26
9
-3
-36
-111
-155
-191
-237
-294
-353
-356
-305
-265
-241
-166
-78
-19
15
105
192
238
263
291
333
329
318
357
365
334
293
251
196
98
47
9
-86
-170
-243
-293
-294
-303
-275
-223
-184
-144
-102
-42
60
134
171
192
214
244
247
272
314
303
249
211
163
123
77
31
-21
-73
-119
-136
-105
-66
-27
18
54
54
69
64
37
28
-9
-87
-145
-174
-209
-239
-186
-124
-126
-149
-142
-44
10
-44
40
153
10
-120
-38
51
36
8
55
97
80
96
195
318
259
38
-46
-76
-167
-292
-399
-422
-427
-486
-493
-284
-129
-124
-61
34
89
85
95
111
123
122
105
140
180
182
225
268
247
241
252
195
105
91
75
26
-45
-118
-137
-137
-144
-96
-12
9
3
55
132
183
215
198
145
98
66
40
31
17
-27
-68
-54
-22
-9
1
24
35
25
22
63
126
133
164
203
209
202
201
203
166
107
45
-54
-139
-171
-237
-289
-307
-308
-326
-324
-312
-266
-203
-171
-121
-93
-35
30
101
130
146
177
180
140
127
141
105
50
-19
-72
-123
-184
-258
-288
-293
-317
-324
-294
-252
-215
-143
-63
-8
36
67
90
88
97
119
121
91
65
79
127
116
103
124
117
84
17
-20
-18
-31
-113
-147
-108
-58
-51
-11
87
146
191
227
275
338
332
266
250
221
165
105
38
-25
-73
-127
-165
-158
-158
-166
-161
-127
-111
-61
0
9
29
81
124
151
184
207
234
242
222
210
189
119
61
9
-73
-153
-205
-253
-275
-284
-303
-300
-273
-239
-205
-152
-116
-66
-1
47
88
122
146
136
139
117
83
63
-2
-63
-107
-132
-186
-227
-252
-250
-250
-272
-248
-205
-174
-138
-66
-8
37
69
111
127
145
152
136
120
117
116
98
79
57
81
45
-22
-68
-75
-118
-152
-155
-157
-153
-150
-97
-24
52
86
138
198
236
260
277
264
249
238
187
140
95
34
-9
-21
-73
-115
-109
-99
-100
-92
-55
-18
-1
-4
26
75
65
54
92
113
87
79
98
99
81
56
42
19
-37
-80
-88
-114
-154
-160
-148
-142
-113
-95
-78
-31
7
30
54
69
71
86
86
76
55
19
-11
-27
-45
-74
-77
-95
-127
-129
-107
-109
-117
-102
-95
-74
-86
-84
-44
-28
-30
-10
27
46
87
108
116
139
165
148
135
147
134
107
70
43
20
-16
-80
-80
-80
-91
-92
-66
-43
-20
38
67
102
114
130
118
101
85
80
70
25
3
27
35
30
50
50
72
77
66
57
78
74
47
35
25
10
-9
-24
-34
-37
-60
-80
-70
-67
-75
-44
-38
-51
-44
-31
-19
-6
26
48
73
69
76
110
107
88
71
54
-6
-49
-63
-92
-117
-126
-132
-135
-119
-98
-44
-26
-22
-10
7
9
6
16
16
22
0
-17
-7
-1
-25
-29
-19
-22
-48
-58
-63
-56
-42
-43
-16
-10
0
36
76
85
99
118
113
82
54
45
28
-19
-64
-70
-76
-92
-84
-50
-40
-32
-27
-19
-3
-5
-9
-21
-31
-45
-35
-12
-3
21
48
70
81
105
111
114
110
89
59
40
2
-38
-42
-65
-91
-120
-127
-132
-131
-140
-125
-120
-130
-116
-100
-77
-59
-15
28
55
81
116
146
163
146
143
124
70
23
-12
-54
-107
-145
-178
-190
-201
-188
-170
-156
-132
-104
-74
-57
-30
2
27
47
66
71
82
95
89
77
70
48
15
-12
-39
-52
-70
-81
-83
-70
-55
-35
8
43
69
99
112
111
130
133
130
126
106
85
64
43
23
6
-24
-49
-67
-88
-108
-114
-122
-128
-106
-79
-52
-18
38
93
148
176
198
230
230
216
203
161
115
61
8
-43
-82
-109
-148
-161
-171
-165
-147
-122
-101
-69
-37
-13
15
37
73
110
111
113
137
143
129
110
109
81
56
19
-9
-25
-56
-74
-80
-81
-100
-87
-72
-60
-44
-18
-13
-9
-10
3
22
22
15
22
32
9
16
15
21
14
7
13
23
26
28
38
50
47
39
42
38
50
38
20
9
3
-10
-10
6
8
24
38
45
48
54
72
78
53
26
12
-15
-47
-72
-72
-95
-107
-95
-77
-48
-25
6
34
60
70
90
100
104
87
73
59
35
12
-7
-24
-44
-67
-101
-114
-124
-127
-130
-114
-108
-94
-72
-34
8
37
80
109
127
136
155
154
135
108
78
34
-11
-44
-64
-76
-109
-117
-117
-111
-110
-88
-65
-52
-35
-35
-7
9
26
41
53
60
50
45
39
30
3
-13
-46
-72
-92
-94
-85
-83
-76
-58
-26
-9
17
42
78
74
83
92
83
70
68
65
52
38
20
30
6
-9
-13
-24
-53
-82
-102
-108
-115
-133
-115
-95
-78
-55
-7
29
61
84
102
114
105
102
85
67
22
-12
-36
-60
-79
-88
-94
-95
-101
-102
-89
-79
-69
-60
-37
-21
-4
18
44
73
93
108
116
119
110
94
66
41
0
-42
-63
-85
-102
-104
-102
-98
-83
-68
-42
-23
-10
-1
4
1
-2
-3
-16
-9
-11
-13
-14
-13
-13
-16
-12
-16
-20
-31
-47
-40
-34
-35
-25
-14
5
5
35
69
70
89
95
106
85
75
77
57
36
12
7
-7
-16
-29
-12
-13
-27
-35
-48
-48
-66
-66
-71
-64
-73
-54
-33
-13
9
33
61
74
76
73
88
62
45
20
9
-21
-46
-56
-60
-68
-81
-76
-70
-54
-56
-23
-13
-3
10
24
44
48
66
79
90
77
72
69
58
28
0
-20
-53
-73
-89
-89
-88
-75
-68
-36
-7
8
38
60
64
52
50
39
21
-9
-13
-30
-44
-53
-50
-37
-28
-16
-1
29
18
22
34
41
39
42
48
54
56
54
83
79
82
78
76
67
48
35
24
-1
-27
-30
-37
-39
-42
-35
-24
-23
-35
-13
-9
-16
-18
-25
-32
-46
-60
-54
-36
-43
-19
3
29
44
55
84
93
88
72
78
56
25
0
-19
-50
-87
-94
-112
-98
-109
-82
-52
-35
-9
16
57
62
80
101
107
97
81
72
58
22
0
-29
-40
-64
-83
-69
-65
-57
-41
-23
-5
9
23
41
39
50
52
72
50
43
48
22
25
-16
3
-12
-33
-22
-51
-39
-61
-57
-52
-47
3
4
36
53
64
113
104
138
136
136
180
113
111
73
37
21
-45
-35
-88
-82
-84
-115
-79
-105
-55
-70
-66
-14
-64
-8
-12
-16
-9
-25
29
-26
17
29
25
61
51
114
58
70
59
7
29
-43
-28
-69
-77
-77
-136
-85
-117
-95
-41
-25
36
11
69
86
41
113
48
50
46
-4
3
-104
-32
-88
-100
-67
-154
-33
-123
-51
-47
-71
77
-41
68
25
19
63
-37
68
-33
28
47
-26
6
-60
1
-76
-83
-16
-49
20
-29
-46
-6
-33
6
-55
18
65
41
97
-5
74
60
28
95
-15
108
63
44
62
-48
62
-28
13
-27
-38
40
-82
-16
-102
-58
-37
-145
-70
-119
-81
-109
-140
-82
-89
-31
-41
-31
25
19
98
79
91
169
118
204
74
60
77
-16
-22
-128
-39
-95
-90
-98
-143
-37
-111
-11
11
38
135
67
160
79
79
89
13
15
-73
-7
-67
-94
-93
-125
-56
-101
-91
-45
-26
22
13
19
50
49
46
59
29
38
95
104
56
69
113
76
98
31
42
45
2
4
-63
-22
-31
-81
-49
-53
-17
4
39
48
74
147
122
118
92
114
102
27
1
43
5
-11
-6
-70
-31
-44
-102
-102
-54
-25
-17
-32
-35
-28
-54
-59
-76
-75
12
28
13
40
67
72
65
50
61
78
70
38
-24
-7
-21
-75
-124
-82
-62
-80
-43
-77
9
48
64
91
72
138
79
77
23
20
33
-37
-12
-104
-74
-86
-136
-126
-75
-7
-11
30
23
72
49
18
52
50
89
51
36
46
-6
18
-23
-26
15
28
50
31
55
50
66
50
6
68
53
23
9
2
28
16
22
-3
47
15
8
6
-24
17
-12
15
-28
-6
-15
-46
-16
-38
16
34
39
50
32
27
-20
-39
-35
-62
-45
-67
-85
-86
-108
-113
-126
-101
-66
-39
-30
-8
44
30
34
40
52
62
30
34
-3
15
-6
-28
-36
-34
-13
-61
-32
-57
-55
-49
-21
-31
-21
6
-46
-19
-67
-30
-33
-40
15
0
36
9
2
0
21
23
0
25
9
-24
-50
-73
-59
-75
-90
-42
-63
-15
0
17
33
72
125
111
142
112
131
115
88
61
34
49
8
-36
-43
-38
-73
-78
-63
-64
-26
-14
-31
-14
-6
9
18
18
37
52
26
17
11
-15
-9
-22
-46
-36
-35
-65
-90
-84
-70
-86
-70
-75
-49
-29
-26
-25
-11
40
10
37
29
20
33
-17
-28
-50
-31
-45
-37
-41
-69
-9
-38
-53
-35
-3
16
10
8
7
21
-17
-23
-29
-29
-22
-33
-31
-22
-11
22
10
22
47
68
81
64
84
76
76
39
30
25
5
-11
-24
-19
-10
3
10
40
42
71
89
89
113
126
124
124
113
103
115
86
56
47
58
38
25
14
7
18
-22
-38
-42
-40
-37
-35
-28
-27
-14
-10
-21
-24
-7
-4
0
2
-14
-16
-16
-44
-58
-57
-54
-59
-63
-70
-64
-51
-63
-50
-45
-50
-37
-35
-42
-22
-15
-20
-4
-1
-9
-15
-13
-35
-49
-39
-47
-64
-64
-64
-76
-88
-85
-86
-72
-68
-60
-30
-26
-18
-2
15
31
68
107
124
152
150
162
161
125
104
83
65
13
-7
-31
-60
-67
-85
-61
-59
-15
12
48
94
113
161
170
185
181
191
175
146
122
98
86
50
20
12
-6
-26
-42
-59
-50
-47
-41
-34
-20
-12
9
19
32
54
68
75
69
66
36
21
-3
-32
-47
-61
-69
-94
-97
-97
-112
-122
-117
-96
-78
-69
-42
-26
-15
-8
6
10
21
50
39
53
38
22
2
-26
-58
-88
-99
-136
-145
-154
-156
-137
-142
-127
-96
-78
-58
-41
-16
-2
11
18
21
29
26
43
44
51
51
57
68
62
62
50
35
11
-6
-20
-32
-27
-34
-22
-10
-6
12
28
53
73
95
107
113
108
88
86
65
45
39
19
16
3
5
-6
-3
-4
-9
3
-2
14
11
25
20
24
36
28
32
31
41
38
25
16
5
1
-20
-31
-32
-50
-51
-63
-60
-59
-54
-60
-59
-49
-59
-52
-58
-48
-38
-38
-24
-17
-8
2
2
-3
-7
-1
-4
-22
-41
-57
-71
-90
-102
-101
-99
-94
-96
-82
-69
-58
-49
-41
-35
-23
-13
-10
2
-2
17
29
23
26
45
47
37
47
45
41
31
14
11
10
-2
-7
-9
3
6
23
38
57
70
79
89
86
91
87
93
73
59
54
45
19
10
10
2
-2
-3
-1
4
3
0
21
23
42
44
54
53
65
59
53
62
45
54
36
19
-5
-8
-28
-48
-57
-71
-84
-86
-102
-91
-86
-79
-72
-59
-40
-32
-1
-4
32
19
38
20
25
12
-5
-10
-42
-55
-81
-86
-117
-105
-132
-108
-115
-98
-84
-63
-38
-34
3
-1
32
29
44
41
48
35
34
29
2
1
-22
-29
-49
-46
-56
-54
-48
-43
-38
-25
-14
4
36
49
86
88
119
115
135
132
131
132
92
98
53
34
-6
-19
-44
-61
-70
-70
-53
-54
-19
-6
51
57
89
118
119
141
126
136
116
94
71
51
45
13
12
-9
-16
-28
-46
-47
-56
-57
-74
-60
-56
-53
-37
-9
2
15
35
55
76
65
86
73
59
37
23
0
-38
-48
-70
-84
-108
-107
-111
-103
-92
-91
-52
-54
-26
-15
1
33
23
37
42
43
48
33
43
38
-10
8
-9
-19
-35
-34
-27
-47
-56
-37
-40
-49
-47
-27
3
-41
33
-5
42
37
36
92
65
102
90
107
94
80
57
65
7
10
-32
-35
-59
-78
-68
-72
-55
-72
-9
-30
17
14
46
52
83
35
86
68
39
89
-13
92
5
-13
43
-15
-46
16
-183
76
-117
-234
174
-382
116
-214
-112
155
-315
210
-57
91
23
148
-31
365
-241
295
85
-282
520
-748
650
-690
200
-210
-266
142
-503
292
-493
420
-562
548
-454
410
-108
1
391
-406
631
-500
598
-403
357
-179
59
36
-218
186
-381
201
-378
112
-256
-8
-115
-68
-2
-34
52
20
135
45
185
77
180
71
143
64
76
3
9
-41
-92
-70
-134
-84
-172
-115
-95
-120
-52
-31
10
58
39
133
120
128
155
90
164
56
64
52
-21
33
-88
-23
-65
-89
-96
-86
-84
-82
-113
-43
-37
-96
52
-93
119
-31
63
139
12
203
2
177
43
46
79
-41
44
-101
-42
-95
-107
-105
-116
-66
-96
-25
-59
35
3
33
94
24
142
11
141
65
58
99
20
99
-28
87
-28
55
-42
13
-20
-63
10
-114
43
-130
35
-56
-5
12
-10
61
16
86
44
114
46
134
53
110
62
61
56
-1
27
-40
-21
-85
-26
-124
-30
-100
-42
-15
-70
75
-40
93
25
74
94
48
89
62
53
36
44
1
53
-36
31
-27
-20
-30
-64
-34
-93
-46
-95
-62
-83
-71
-36
-23
-3
27
40
85
72
93
96
71
81
29
45
1
-24
-46
-59
-82
-73
-106
-80
-81
-76
-46
-39
0
-12
12
26
48
27
74
44
82
40
36
63
1
31
-17
2
-25
-22
-38
-26
-59
-28
-65
-45
-24
-63
0
-53
23
-41
18
0
25
29
3
83
-2
68
10
40
23
-20
8
-41
-51
-58
-70
-68
-61
-67
-24
-35
-6
14
19
44
28
61
37
27
33
-5
19
-34
-7
-19
-47
16
-40
10
-5
-10
19
-46
16
-36
-25
-26
-61
-11
-75
-15
-34
-6
3
-7
40
30
32
32
44
-1
30
-32
17
-32
-31
-1
-59
4
-64
9
-29
-7
-6
-4
12
-9
16
-3
26
-4
34
5
27
21
24
13
19
4
8
2
-8
26
-20
24
-10
11
-9
-9
-8
-16
-27
-10
-21
-14
-10
-15
32
-3
60
25
75
46
67
48
48
26
3
15
-45
-2
-64
-5
-70
-1
-36
10
4
-6
56
-21
63
-27
45
-15
-10
-10
-30
-8
-37
-2
-32
15
-35
14
-14
-10
0
-41
-5
-50
-33
-40
-34
-24
-29
-5
-3
7
8
13
21
20
16
5
10
-11
-11
-15
-9
-11
-22
7
-22
1
1
1
13
3
26
6
14
21
0
19
-1
13
5
0
11
-13
5
-22
-6
-15
-8
-3
-2
19
13
25
21
38
27
37
31
22
25
-5
22
-17
0
6
-9
13
-6
34
8
27
14
19
8
1
4
-13
12
-19
19
-1
21
24
31
49
39
43
45
28
25
22
-11
11
-37
1
-34
-16
-12
-29
7
-17
15
1
23
5
22
9
16
9
5
9
-7
21
-7
23
-9
5
-2
-14
4
-25
-3
-16
-7
-3
-3
6
1
11
11
13
20
5
18
7
10
10
8
22
7
21
6
18
10
1
10
-14
-4
-29
-18
-25
-39
-23
-28
-14
-13
-5
0
17
7
29
13
14
10
-21
0
-42
-19
-40
-41
-29
-41
-20
-23
-23
-12
-21
-10
-19
-28
-21
-47
-23
-39
-16
-26
-9
-7
-3
19
4
24
-6
8
-13
-13
-25
-29
-30
-37
-38
-35
-32
-32
-22
-24
-4
-12
2
-4
-1
-6
-1
0
3
4
-2
-3
-4
-3
-19
-12
-34
-16
-34
-28
-27
-36
-12
-35
5
-19
7
13
-3
24
-9
16
-15
-4
-8
-12
-2
-7
2
0
4
-9
9
-11
4
-10
-7
-14
-18
-19
-29
-10
-19
1
3
25
23
34
38
37
33
24
19
9
0
-16
-5
-25
-8
-23
-14
1
-7
15
-5
24
3
9
13
-6
6
-7
8
0
9
3
15
20
22
23
15
11
10
2
-5
-6
-12
-13
-30
-21
-25
-22
-18
-21
-18
-19
-25
-10
-17
-9
-10
-12
2
-6
5
2
3
-6
-9
-10
-19
-23
-23
-31
-25
-31
-23
-22
-11
-5
-2
12
6
25
6
15
6
2
-5
-8
-7
-17
-16
-17
-12
-10
0
0
10
4
8
6
-2
1
-7
-10
-6
-6
-2
10
15
22
32
34
37
36
28
24
16
12
6
-9
-1
-19
-6
3
-1
22
15
27
18
21
23
14
16
13
12
20
23
22
25
21
31
22
24
16
13
11
2
1
-5
3
-2
3
10
16
16
14
28
14
16
15
15
18
17
24
17
17
20
18
14
20
9
10
11
6
4
-2
-3
1
1
3
13
18
29
34
44
50
51
48
47
37
35
28
13
20
4
9
0
11
10
6
15
4
11
4
6
-3
4
-1
5
7
9
25
29
38
40
48
45
51
38
46
33
26
26
10
16
-3
8
0
2
12
5
11
8
6
8
10
3
18
16
21
18
28
28
27
33
27
34
14
16
-3
-7
-15
-21
-19
-27
-21
-17
-20
-21
-13
-8
-7
-12
-6
-9
0
-4
-7
7
6
10
12
8
5
-3
-3
-7
-21
-25
-35
-42
-48
-46
-47
-37
-37
-34
-32
-28
-15
-17
-13
-15
-12
-9
-13
-7
-8
-9
-13
-12
-7
-13
-12
-9
-11
-12
-13
-21
-22
-29
-29
-31
-27
-21
-18
-11
-12
-6
-9
3
-1
0
6
8
7
7
5
7
-3
-3
-4
-15
-10
-12
-10
-18
-17
-28
-19
-25
-18
-28
-17
-13
-11
-1
-3
3
-5
8
-9
0
-8
-11
-9
-14
-15
-22
-31
-25
-26
-29
-24
-25
-13
-27
-25
-25
-29
-25
-25
-29
-21
-20
-22
-20
-27
-30
-36
-38
-41
-45
-45
-53
-54
-64
-63
-65
-64
-57
-58
-48
-48
-36
-43
-35
-39
-31
-34
-29
-19
-25
-18
-22
-11
-21
-20
-22
-33
-27
-27
-33
-32
-32
-32
-36
-28
-35
-26
-19
-9
-3
-4
10
2
13
8
17
11
19
17
18
23
15
16
15
11
13
11
14
15
10
9
4
14
5
17
10
12
15
11
16
15
16
19
16
21
24
16
26
19
18
5
15
5
4
8
0
9
2
10
13
12
12
15
18
25
20
19
14
16
8
6
6
-12
-3
-13
-3
-8
-10
1
-2
2
4
9
10
9
13
16
18
26
21
19
18
19
13
10
9
3
11
0
9
10
6
8
10
20
17
26
17
27
38
38
38
51
51
45
51
52
52
44
50
47
43
44
45
38
31
25
28
14
16
12
16
19
25
36
29
51
47
56
53
58
58
55
63
51
51
50
50
36
39
29
25
22
15
11
0
2
4
2
0
3
5
17
17
17
23
21
28
28
29
19
7
5
1
-4
-10
-16
-22
-23
-31
-34
-40
-36
-36
-32
-37
-32
-28
-22
-17
-16
-6
-10
-3
-1
-4
-3
-3
-3
-6
-18
-20
-28
-29
-32
-34
-41
-43
-42
-46
-39
-47
-40
-34
-30
-22
-17
-3
-5
2
6
14
17
17
17
13
5
0
2
-9
-12
-21
-9
-22
-19
-19
-16
-5
-6
10
7
21
19
24
29
29
35
34
37
37
33
40
31
33
28
16
17
7
6
-3
-5
-5
-12
-9
-10
-15
-7
-8
0
0
3
3
8
6
7
6
-4
-3
-9
-20
-22
-22
-31
-33
-40
-39
-48
-46
-54
-48
-38
-44
-32
-30
-27
-22
-22
-13
-14
-10
-13
-18
-18
-26
-21
-25
-29
-31
-32
-32
-32
-34
-34
-33
-29
-31
-19
-23
-18
-9
-2
1
4
18
17
25
31
32
33
34
29
32
21
28
16
21
17
11
16
7
15
10
21
20
33
35
41
45
50
53
52
54
57
55
47
51
40
46
33
38
32
32
29
16
26
3
13
2
2
4
-6
9
-3
7
7
3
7
4
3
1
1
-3
-8
-10
-14
-20
-23
-32
-28
-40
-35
-40
-42
-38
-46
-29
-34
-32
-28
-24
-23
-29
-26
-30
-36
-29
-34
-30
-30
-31
-31
-36
-32
-33
-26
-28
-28
-23
-23
-16
-9
-18
-12
-12
0
1
10
16
10
24
16
30
24
31
29
20
31
18
22
20
17
18
17
31
33
37
44
45
48
46
43
47
50
44
45
45
38
34
35
30
25
20
22
15
12
13
13
7
6
2
-2
0
0
7
5
6
2
12
6
6
6
6
3
-3
-3
-9
-14
-27
-29
-41
-44
-48
-51
-62
-61
-62
-59
-57
-60
-45
-51
-35
-39
-32
-32
-31
-26
-31
-26
-25
-25
-35
-31
-38
-46
-45
-44
-44
-39
-39
-32
-28
-26
-22
-19
-12
-10
1
3
6
15
13
23
28
31
39
38
42
36
37
36
35
36
35
38
29
29
35
32
35
38
42
43
44
58
60
63
63
65
64
61
64
58
57
50
44
38
34
34
25
20
28
20
19
20
7
10
-3
1
0
7
5
-2
6
-5
4
-13
0
-7
-17
-12
-24
-32
-42
-42
-50
-59
-62
-68
-66
-70
-75
-67
-75
-60
-58
-54
-53
-45
-46
-57
-49
-49
-47
-45
-38
-47
-42
-45
-38
-46
-48
-47
-44
-37
-37
-22
-26
-19
-25
-16
-8
-11
4
0
14
8
17
28
29
38
36
42
41
44
45
42
34
39
32
36
24
34
31
31
44
28
41
30
39
47
43
49
50
45
49
38
52
38
36
44
35
40
28
47
23
28
26
19
23
7
10
8
10
10
10
1
5
4
4
1
-2
-7
-13
-14
-22
-22
-26
-28
-44
-44
-44
-53
-45
-57
-54
-60
-58
-63
-59
-59
-53
-53
-48
-45
-50
-39
-51
-38
-49
-41
-44
-38
-37
-38
-28
-32
-29
-30
-23
-16
-13
-9
1
-1
9
6
15
4
16
17
12
16
2
11
2
10
11
13
12
15
15
10
18
20
28
27
27
35
38
36
35
39
29
30
34
32
34
32
31
27
25
26
24
23
18
12
15
3
3
-5
-6
-4
-3
-3
-8
-4
-2
-5
0
3
6
6
-4
3
-1
-6
-12
-17
-22
-31
-32
-35
-35
-36
-35
-35
-35
-32
-32
-24
-20
-23
-18
-21
-19
-20
-19
-20
-19
-20
-27
-31
-28
-34
-29
-32
-31
-26
-34
-28
-31
-24
-22
-15
-9
-3
3
5
12
13
16
19
28
29
33
37
41
31
35
37
35
34
38
43
37
38
33
36
33
33
38
43
44
51
57
56
57
60
61
57
66
60
62
56
53
54
37
44
39
36
40
34
35
29
24
23
19
17
21
17
17
19
19
19
23
15
19
15
13
10
0
0
-19
-15
-32
-31
-42
-40
-40
-47
-45
-54
-45
-52
-51
-53
-41
-41
-35
-35
-32
-35
-37
-37
-38
-38
-39
-36
-48
-41
-44
-44
-50
-44
-46
-45
-38
-33
-28
-28
-15
-12
-17
-13
-10
-8
-3
-3
-1
0
2
10
15
15
18
16
19
20
12
24
16
16
27
21
29
31
36
37
34
41
40
38
38
35
33
41
41
48
45
49
47
48
50
44
52
41
44
39
34
31
23
19
20
15
12
10
9
7
10
9
0
5
0
2
-5
-2
-4
-4
-4
-4
-10
-19
-12
-22
-23
-26
-25
-31
-25
-26
-32
-31
-31
-28
-36
-29
-39
-35
-39
-43
-35
-44
-39
-35
-32
-30
-30
-29
-26
-29
-16
-27
-20
-24
-19
-17
-23
-15
-25
-7
-9
-4
-3
4
6
3
1
3
6
2
6
7
10
5
11
7
16
18
19
26
27
28
25
35
32
39
39
38
34
34
34
34
34
31
29
30
34
26
28
34
33
31
32
35
38
26
31
25
22
16
16
21
4
15
3
11
6
0
2
-5
-6
-7
-15
-16
-31
-30
-33
-25
-32
-42
-31
-46
-32
-43
-33
-42
-39
-29
-36
-38
-46
-40
-46
-48
-45
-47
-53
-55
-51
-47
-48
-48
-50
-47
-42
-41
-33
-29
-28
-24
-22
-19
-20
-19
-15
-19
-13
-9
-10
0
-4
1
0
0
7
5
15
10
23
17
21
22
18
28
29
28
30
28
31
37
37
43
38
34
29
39
31
32
33
33
33
36
41
43
42
41
45
33
40
34
35
29
30
28
28
24
19
22
15
17
14
13
13
10
7
4
-2
-6
-10
-11
-13
-10
-12
-10
-11
-13
-18
-15
-9
-14
-14
-6
-11
-11
-15
-18
-23
-29
-27
-29
-30
-28
-24
-38
-25
-31
-32
-34
-35
-31
-36
-29
-28
-25
-24
-22
-22
-11
-17
-6
-5
0
0
7
3
5
7
7
12
3
14
11
15
1
8
3
1
0
-5
-4
-4
0
2
4
2
13
8
18
11
13
14
19
20
14
14
11
6
6
16
4
8
8
6
4
4
7
-1
0
-4
4
5
4
0
-3
5
0
2
-2
-1
-10
-7
-7
-12
-11
-19
-17
-21
-15
-21
-21
-26
-19
-26
-24
-16
-22
-14
-16
-8
-8
-11
-13
-13
-12
-10
-17
-9
-17
-17
-21
-22
-20
-24
-19
-23
-17
-13
-10
-12
-7
-6
-5
-6
-1
-2
0
-3
-8
-3
-4
-4
-1
0
0
2
5
1
-5
0
-9
0
-6
3
-7
-3
-1
-3
1
-5
-1
-6
-2
0
11
4
11
3
13
9
15
13
16
23
22
29
20
26
22
23
17
18
11
12
6
12
7
12
8
3
7
-7
-1
-8
-1
-6
-3
-1
-2
-7
-7
0
-4
1
-10
-13
-15
-16
-21
-25
-16
-19
-23
-21
-19
-28
-25
-25
-23
-25
-25
-16
-21
-10
-9
-4
-9
-3
-3
-4
0
0
-4
0
-7
-7
-4
-5
4
-4
2
-6
0
-1
-1
3
3
10
7
9
9
16
11
21
10
14
18
17
21
20
25
23
28
25
28
29
31
32
30
28
25
25
24
26
23
23
29
23
24
25
26
20
24
23
26
29
20
21
19
18
19
22
17
13
10
4
-2
6
3
5
6
5
0
0
5
-4
-8
-10
-13
-12
-7
-13
-7
-10
-5
-6
-3
-3
-7
-6
-7
-10
-15
-10
-17
-12
-19
-22
-25
-23
-27
-25
-22
-23
-16
-24
-16
-14
-8
-12
0
1
-1
3
-3
1
-9
-4
-7
-7
0
-1
1
-3
-3
-5
0
-2
-4
-2
0
-2
2
3
5
10
9
13
12
12
9
13
8
11
9
-1
5
5
4
0
1
-6
-10
-9
-10
-4
-7
-4
-5
-6
2
6
7
10
4
5
11
5
8
6
10
8
6
11
3
0
0
-1
-7
-4
-4
-6
-9
-5
-5
-5
-4
-12
-6
-10
-3
-4
0
-3
-1
-3
-1
-4
-2
2
1
6
-3
2
-5
-4
-6
-1
-6
0
