SAMPLES:	24584
BITSPERSAMPLE:	16
CHANNELS:	1
SAMPLERATE:	16000
NORMALIZED:	FALSE
6
9
3
4
8
14
7
15
17
15
18
22
23
13
16
18
23
22
26
24
20
11
4
3
2
-2
-4
-4
-9
-9
-12
-12
-17
-12
-11
-14
-5
-6
-8
-10
-4
-2
-9
-2
5
-5
3
-6
-3
-3
-4
-4
-9
1
-10
-9
-13
-11
-11
-13
-13
-10
-9
-9
-1
4
0
7
8
3
9
6
6
3
7
1
0
-1
0
-4
-3
-3
-3
0
-4
-4
-10
-6
-12
-1
-8
-7
-6
-13
3
-5
2
-5
-3
-10
1
0
-7
0
-3
0
-4
-2
-4
-7
-13
-10
-19
-13
-17
-18
-17
-13
-16
-19
-15
-18
-17
-21
-10
-13
-17
-21
-19
-16
-19
-20
-23
-28
-31
-25
-29
-23
-23
-21
-24
-26
-20
-29
-22
-24
-24
-18
-16
-14
-9
-11
-8
-7
-7
1
-3
-1
0
4
-3
-6
-8
-12
-16
-21
-15
-22
-19
-19
-19
-26
-16
-15
-16
-10
-6
7
1
7
10
12
12
24
24
23
22
25
26
22
20
14
15
12
20
8
12
10
12
17
13
7
5
10
8
16
14
20
13
15
15
14
15
19
23
19
26
21
25
16
22
14
12
13
9
13
6
6
5
5
3
8
1
6
0
7
5
11
12
3
8
4
10
-2
0
0
-3
-3
0
3
-3
4
1
1
3
3
5
6
-3
0
0
-4
-9
-14
-9
-16
-15
-12
-13
-18
-18
-12
-14
-12
-13
-16
-16
-15
-14
-14
-20
-16
-9
-8
-6
-10
-10
-13
-7
-1
-7
0
-5
4
3
1
7
-3
-2
0
6
-1
0
3
1
4
1
-3
-4
-2
1
3
-5
0
-6
3
4
9
12
10
11
12
16
13
24
24
28
22
24
13
15
14
10
6
8
6
3
4
-1
4
3
9
2
6
3
6
9
5
6
6
2
3
2
2
11
9
11
4
12
7
8
6
4
3
-8
-2
-7
-6
-15
-10
-3
-5
-2
-3
1
1
6
-2
-1
-7
-4
-7
-6
-3
-1
-3
-12
-6
-9
-9
-13
-14
-14
-17
-16
-15
-12
-14
-9
-3
-2
0
-2
-6
-4
-13
-6
-9
-4
1
-1
0
-9
-4
-6
-6
-14
-1
-7
-7
-7
-2
-6
-14
-11
-19
-7
-16
2
-8
-6
-3
-7
6
-2
10
6
4
6
3
6
6
6
2
4
0
-2
-4
-7
-14
-15
-11
-14
-11
-12
-16
-10
-6
-3
-7
-5
-1
1
3
0
11
9
3
3
7
7
-1
6
2
-4
-6
3
1
2
5
9
8
8
10
2
9
5
6
5
8
7
10
12
13
16
13
8
13
16
11
16
7
16
17
19
23
11
9
15
14
9
8
6
7
3
10
11
7
13
14
13
16
15
14
20
17
19
16
17
17
13
9
10
13
11
16
15
20
20
19
18
16
15
10
11
15
6
8
2
2
2
-1
0
1
3
-2
4
7
8
6
15
13
14
16
19
11
6
8
3
13
4
7
-1
-2
-3
-3
-9
-7
-9
-5
-6
-8
-2
-13
-9
-18
-14
-12
-9
-13
-13
-10
-12
-7
-9
-7
-8
0
-10
-4
-5
-9
-6
-4
-6
-9
-2
-6
-4
-6
-5
-7
-13
-16
-16
-14
-14
-18
-12
-9
-16
-12
-17
-16
-16
-9
-12
-6
-4
-4
3
-2
5
1
3
-6
2
6
-2
-7
0
-7
-12
-9
-14
-10
-14
-9
-15
-10
-7
-4
-5
-1
3
1
4
10
9
3
9
10
12
10
12
6
-1
0
-3
-2
-7
-12
-18
-21
-22
-15
-19
-23
-23
-25
-23
-22
-26
-22
-18
-16
-9
-9
-5
-3
-3
-6
-6
0
-3
-4
-12
-6
-3
-6
-5
-6
-4
-15
-11
-12
-10
-17
-11
-6
-9
-3
-1
0
-5
-1
0
0
-1
-4
-4
9
6
13
13
16
16
14
15
13
15
10
12
10
11
9
10
1
8
0
4
1
2
3
-1
9
5
9
10
17
13
14
9
6
2
1
1
-8
-2
-6
-3
-4
-6
-6
-11
-5
-12
-5
-9
-7
-3
-13
-10
-3
0
3
11
4
8
10
13
12
15
13
18
10
3
8
6
7
-3
1
-6
-1
-4
-1
-2
0
5
5
10
6
10
13
9
15
13
6
10
4
1
-5
-4
-7
-6
-8
-11
-10
-11
-5
-7
-1
-3
-2
-2
-3
6
12
2
3
7
9
6
4
12
4
8
10
9
7
7
5
6
-4
0
-7
-8
-10
-5
2
-4
9
-3
3
-3
-1
4
12
7
10
10
13
12
9
14
5
12
9
9
2
9
3
3
10
5
3
4
5
4
2
0
-3
-10
1
2
0
3
6
7
8
12
4
8
6
10
6
3
0
-3
-8
-15
-9
-15
-15
-15
-7
-12
-16
-21
-22
-18
-19
-17
-19
-16
-14
-10
-13
-11
-12
-11
-7
-9
-9
-6
-9
-9
-10
-7
-9
-18
-10
-16
-13
-15
-12
-16
-12
-6
-9
-3
-4
7
-2
6
8
8
8
7
10
6
5
-1
4
2
0
-2
6
2
1
-1
-1
3
-1
10
5
14
13
10
9
8
13
8
10
7
13
10
16
13
13
14
18
25
22
25
22
23
14
25
16
17
17
17
18
16
20
17
14
17
16
11
16
14
21
18
21
12
16
17
18
22
15
15
15
17
6
12
10
12
16
17
15
13
13
6
15
10
13
13
9
8
6
7
7
2
-2
4
0
0
-3
3
-6
4
6
-1
6
3
12
4
11
6
11
6
5
10
9
4
1
2
0
-6
-9
-6
-15
-7
-14
-6
-11
-8
-6
-8
-12
-12
-13
-22
-15
-18
-19
-19
-15
-16
-13
-16
-5
-12
-9
-9
-19
-20
-21
-24
-22
-19
-25
-24
-29
-26
-30
-28
-34
-27
-28
-28
-23
-25
-19
-19
-16
-18
-16
-21
-19
-23
-13
-19
-15
-19
-19
-19
-20
-16
-20
-19
-24
-18
-22
-20
-25
-21
-27
-23
-23
-21
-20
-20
-13
-20
-16
-18
-6
-13
-12
-12
-12
-12
-13
-4
-18
-7
-15
-8
-7
-9
-4
-7
-8
-10
-4
-7
3
-6
3
-9
-3
0
0
3
1
11
0
3
-6
-4
-8
-5
-6
1
1
0
-3
1
3
1
10
10
17
12
14
12
12
4
8
3
3
7
-1
3
-1
6
3
7
6
5
4
-2
-5
-6
-7
-6
-12
-12
-6
-9
-7
-3
-4
-4
-4
-1
3
3
3
0
4
7
2
7
-3
-2
-1
-2
3
-6
0
-6
-3
-4
6
3
-1
3
-5
-4
-9
1
-14
-2
-7
-1
0
1
0
3
10
7
19
11
12
7
12
8
8
4
6
4
6
7
13
9
13
15
10
23
13
19
14
18
15
15
13
11
15
11
12
8
9
-5
1
8
7
13
9
6
8
10
6
10
3
6
12
7
6
3
6
2
9
8
16
14
16
13
9
8
4
9
7
8
3
7
-3
-3
1
10
8
10
10
8
5
3
7
-4
3
6
10
3
4
7
3
0
-3
6
0
1
3
3
0
0
5
2
7
9
4
3
3
3
-3
8
2
3
7
5
5
2
7
2
4
1
10
7
14
13
6
3
-1
-1
9
6
5
9
4
14
-2
5
1
11
4
3
7
2
12
6
9
4
6
8
12
9
14
11
15
7
2
-2
0
1
-3
3
-2
0
-9
-6
-9
-7
-5
-7
-14
-15
-17
-18
-15
-19
-8
-8
-7
-2
3
-5
-13
-3
-7
0
-9
-10
-6
-13
-9
-11
-15
-15
-14
-13
-6
-15
-6
-16
-16
-14
-18
-15
-15
-9
-12
-4
-6
3
-7
-2
-3
-1
1
0
1
0
3
3
6
4
13
6
5
7
12
10
12
9
10
13
10
16
13
12
15
13
10
18
11
19
17
19
19
18
20
15
20
12
15
18
12
16
15
17
6
11
5
4
14
14
17
16
19
11
23
21
19
14
18
16
11
12
13
13
9
15
9
14
10
15
10
15
6
12
17
10
12
7
7
3
10
3
6
6
6
0
-3
-6
-10
-12
-12
-16
-16
-15
-25
-20
-28
-18
-20
-20
-21
-23
-19
-19
-15
-19
-14
-14
-17
-14
-9
-14
-13
-14
-18
-20
-19
-13
-16
-12
-10
-9
-11
-12
-7
-8
-3
-4
-6
-6
-6
-4
1
0
2
4
2
2
9
3
-1
3
6
2
0
-3
-7
-3
-9
3
6
3
1
-4
-1
0
-4
0
-2
-2
2
1
9
9
13
7
6
2
4
-2
-6
-9
-12
-11
-13
-11
-21
-14
-21
-13
-19
-12
-18
-15
-8
-13
-9
-10
-3
-6
7
-1
-3
-8
-9
-16
-16
-18
-19
-22
-18
-20
-19
-17
-15
-9
-17
-3
-12
-4
-10
-9
-13
-14
-9
-13
-7
-5
-4
-10
-4
-5
-6
-3
-2
1
-5
-3
-7
-13
-10
-15
-17
-15
-17
-14
-11
-15
-10
-17
-9
-12
-4
-3
-4
0
-5
2
-6
2
-3
2
-3
4
4
5
7
8
9
7
12
16
19
10
14
7
13
15
12
12
9
10
10
9
10
9
6
7
10
6
4
4
0
1
0
9
6
10
14
13
8
7
12
12
13
13
19
22
16
17
20
16
15
16
14
10
11
10
12
9
5
-1
3
7
6
4
9
2
4
10
12
15
10
16
12
15
6
8
6
3
2
4
0
-1
-1
-2
3
-5
-2
-7
-1
-6
-9
-4
-4
-8
3
5
7
16
10
15
7
10
12
9
3
-1
2
8
7
3
6
-2
4
0
-7
-1
-1
-7
-3
0
1
6
-2
0
-3
2
3
4
0
-2
-3
-8
-4
-3
-9
-12
-5
-13
-15
-13
-16
-14
-11
-9
-3
-8
-6
6
8
10
3
4
-4
-4
-4
-4
-1
-4
3
4
0
0
0
-3
-3
-5
-9
-10
-9
-12
-8
-8
-13
-10
-8
-3
-7
1
1
7
3
4
8
2
3
1
-3
0
0
-10
-5
-7
-5
-8
-9
-13
-14
-15
-12
-19
-17
-17
-15
-17
-23
-22
-27
-24
-25
-13
-18
-7
-15
-8
-6
-6
-5
-4
0
-3
0
-7
-3
-9
-6
-7
-7
-13
-4
0
1
0
-1
4
5
10
12
19
16
21
19
21
22
28
31
26
25
17
18
10
12
10
11
16
12
7
7
3
0
6
1
15
9
16
19
12
23
13
18
17
18
19
16
15
18
10
13
11
16
9
7
3
-1
3
-6
4
-2
-3
-2
5
-2
3
-1
3
6
2
6
0
2
-4
-2
-6
-5
-9
-8
-12
-16
-13
-18
-21
-18
-14
-18
-19
-17
-16
-19
-17
-10
-10
-8
-8
-12
-9
-5
-1
2
2
-2
3
2
9
-1
4
1
-3
3
1
4
-5
-7
-6
-1
-7
-8
-13
-3
-13
-7
-5
-3
-6
-7
-2
-3
3
-7
5
4
6
6
12
8
10
2
-1
-2
-3
-1
-9
-3
-5
1
-10
0
-3
-1
5
6
9
8
17
10
14
16
16
13
13
11
6
7
3
0
1
-1
0
-3
-6
-11
-12
-6
-6
-6
-6
-11
-10
-9
-7
-6
-9
-13
-10
-12
-6
4
-1
6
2
10
7
4
-1
-5
-3
-4
-4
-8
-4
-7
-5
-11
-13
-12
-8
-11
-5
-7
-3
-1
-2
4
10
10
7
12
9
21
17
18
14
15
12
14
11
12
8
2
6
3
3
-3
-2
-6
-5
-10
-7
-8
-13
-11
-6
-12
-3
0
5
8
10
10
-2
9
4
6
-2
-1
-10
-6
-16
-14
-10
-13
-11
-16
-17
-19
-11
-21
-12
-16
-13
-6
-6
-7
-10
0
-3
-6
-2
0
-5
-10
-10
-12
-16
-10
-12
-18
-21
-22
-18
-25
-22
-19
-19
-16
-9
-3
-7
-4
-6
1
1
5
6
3
1
1
1
-2
0
-8
-3
-9
-6
-6
-10
-12
-11
-5
-3
-9
-8
-5
-10
-6
-4
4
1
5
5
10
13
14
15
10
13
9
12
10
15
8
6
5
3
-1
2
0
1
2
2
10
1
13
14
17
19
25
26
24
26
24
25
16
19
16
20
16
19
21
17
19
19
17
17
18
11
18
23
26
19
21
14
10
16
17
20
15
25
13
16
17
16
16
13
13
6
4
0
-1
-8
-2
-6
-4
0
-5
-10
-9
-11
-8
-6
-5
-4
-9
-1
-2
-1
-7
-4
-7
-9
-9
-15
-7
-7
-7
-13
-9
-13
-6
-9
-8
-8
-9
-9
-16
-11
-19
-16
-16
-15
-17
-20
-10
-8
-11
-13
-13
-16
-16
-16
-16
-19
-22
-19
-20
-16
-13
-12
-13
-12
-10
-9
-10
-6
-3
-2
-2
-3
-7
-12
-5
-3
0
-6
-4
-6
-7
-6
-5
-5
-5
-8
-10
-5
-6
-8
-12
-9
-4
-4
-1
-1
0
9
11
17
10
15
10
10
16
9
5
-2
-4
-3
-2
-1
3
1
6
-2
3
0
3
7
9
15
10
14
13
17
18
22
18
22
19
23
17
12
11
5
4
-4
1
-3
-1
-10
-9
-17
-15
-13
-12
-9
-6
-3
-2
2
0
7
-3
9
10
14
19
13
7
1
9
-1
2
-3
-7
-6
1
2
-1
7
0
1
1
7
-3
3
4
2
4
6
14
11
12
9
17
11
13
10
11
11
9
9
6
0
3
0
-4
2
0
6
7
14
8
9
4
6
4
6
9
10
13
7
6
5
12
12
11
3
6
10
7
2
-1
-4
-5
-1
-5
3
3
4
7
4
6
6
10
3
6
10
10
6
3
11
5
9
7
8
0
-3
-4
-7
-9
2
-4
-8
0
0
0
1
8
-6
8
4
8
1
3
3
2
5
3
7
-2
6
-6
0
-4
-5
-4
-7
-9
-5
-6
-8
0
-10
-4
-3
0
-6
-4
3
-4
-3
2
2
0
0
1
3
-3
2
3
6
2
-4
5
0
2
-2
0
-3
-6
-11
-10
-10
-8
-4
-2
-4
-6
1
1
1
0
8
0
3
8
6
4
4
4
-3
-1
-3
-3
1
5
3
-1
-8
-11
-9
-7
0
0
-4
-7
-4
-4
-8
-9
-9
-12
-9
-10
-9
-12
-14
-19
-21
-20
-22
-17
-21
-17
-18
-12
-12
-17
-12
-14
-12
-10
-11
-13
-13
-19
-10
-18
-15
-13
-13
-16
-9
-10
-13
-16
-17
-13
-21
-14
-14
-8
-15
-4
-8
-4
-10
-4
6
6
12
8
15
9
19
12
11
6
12
10
10
10
3
9
0
5
6
8
7
13
7
8
1
9
10
6
13
7
14
9
16
8
12
8
15
16
12
18
13
20
13
12
8
9
6
11
12
15
14
16
13
10
20
12
20
20
13
14
13
12
13
7
6
6
10
15
11
15
10
0
1
0
-1
-6
-6
-8
-9
-10
-10
-13
-12
-14
-9
-5
-6
-3
-6
-4
-6
-9
-12
-4
-7
1
0
-10
-6
-7
-7
-11
-4
-10
-11
-10
-7
-11
-11
-13
-18
-16
-15
-8
-6
-7
-9
-7
-9
-3
-1
6
0
7
6
2
11
4
2
-3
-1
-9
-4
-7
-4
-9
-2
1
2
8
7
6
3
6
0
7
-3
3
-2
4
7
2
7
4
9
1
4
-6
-8
-7
-13
-13
-10
-6
-3
-3
-6
-3
-4
-7
-9
-6
-7
-2
-2
-1
3
-4
3
0
4
1
3
5
2
3
0
-3
-3
2
-1
3
3
4
3
6
5
8
6
9
5
6
9
5
3
0
7
6
3
0
3
-2
1
-5
-1
1
1
3
1
7
4
2
-1
1
-4
0
-2
-3
-4
1
-3
-9
0
-5
-4
-4
3
10
6
5
2
-1
6
2
3
6
6
7
3
10
7
14
4
15
9
11
12
4
8
10
13
10
17
14
20
11
12
4
9
7
6
10
7
9
-6
-4
-3
-3
-3
-2
-3
3
0
4
3
3
3
6
13
10
17
12
16
12
9
9
5
12
2
10
6
5
0
-3
-6
-9
-9
-14
-11
-18
-21
-21
-20
-31
-26
-28
-23
-21
-16
-14
-10
-3
-6
0
-1
3
0
-2
-8
-1
-6
-3
-6
-10
-12
-14
-8
-15
-16
-15
-7
-6
-2
0
-1
0
1
-1
0
-5
-3
0
-3
1
-4
-2
-9
-10
-11
-9
-10
-11
-7
-16
-12
-18
-16
-16
-19
-13
-21
-12
-14
-9
-9
-3
-3
3
3
-1
6
-3
1
-4
0
-2
4
-6
-7
-6
-9
-16
-17
-8
-9
-8
-12
-12
-18
-9
-18
-6
-5
-3
-3
0
2
0
5
-4
-1
-7
0
-3
0
-3
-7
-9
-12
-2
-8
-7
-7
-1
-3
-7
-6
-9
-7
-4
-2
-6
-5
2
2
-4
-2
-5
-4
-8
-8
-8
-11
-10
-18
-17
-19
-12
-12
-13
-10
-13
-15
-17
-13
-12
-7
-5
7
3
7
9
9
10
7
10
6
8
3
-2
-1
-2
-7
-1
-5
-7
-3
-4
-2
-3
-3
-1
0
1
7
2
3
3
3
9
10
7
12
5
6
6
13
7
3
8
4
9
1
9
5
3
3
7
0
-1
2
12
10
12
11
14
18
17
27
21
30
19
22
16
16
16
14
22
20
20
16
19
16
25
20
23
22
21
13
19
19
11
12
10
13
11
13
13
10
2
9
3
4
3
0
-1
-1
6
-2
7
2
3
-3
-3
6
-1
5
4
7
4
14
14
16
14
14
13
15
16
11
14
1
9
2
11
10
-4
-1
-2
1
-1
1
0
1
-3
-1
0
5
10
0
4
5
3
-1
1
3
0
6
3
5
7
6
6
6
6
3
4
6
6
6
3
-2
3
0
-5
0
0
0
5
10
9
10
12
9
14
5
7
6
-6
-5
-8
-6
-10
-6
-10
-3
-4
-1
-4
-4
-6
-10
-11
-12
-10
-18
-12
-15
-7
-13
-9
-12
-16
-12
-7
-7
-7
-1
-7
-9
-13
-12
-21
-14
-16
-13
-18
-17
-12
-12
-15
-13
-15
-16
-10
-16
-9
-12
-10
-11
-14
-9
-13
-9
-12
-7
-4
-3
2
3
4
3
3
-2
4
-4
-1
-6
-3
-4
-4
0
-4
6
-9
-6
-9
-4
-8
-11
-8
-14
-9
-8
-6
-8
-1
-7
-4
-5
-5
-4
-4
1
-3
-3
-4
0
-7
-1
-7
-5
-2
-7
-7
-18
-13
-9
-17
-13
-10
-10
-13
-7
-5
-8
-6
-1
-4
-7
-2
1
-2
-2
1
2
1
-8
-1
-3
4
2
5
-2
-4
0
-4
1
-7
4
-7
1
-3
2
4
6
6
7
14
3
12
9
13
10
14
10
16
9
7
3
1
8
0
2
-3
6
4
6
1
1
4
6
13
12
14
15
13
16
21
21
16
16
19
16
20
23
18
18
22
21
18
22
15
13
15
15
23
9
16
17
18
16
18
12
13
14
13
14
10
12
3
10
4
12
6
11
5
1
3
-1
2
-7
-3
-6
-4
-8
-2
-5
-4
-3
0
9
10
11
13
15
12
12
13
11
12
20
14
15
11
8
7
8
6
1
0
0
-2
-13
-9
-5
-14
-16
-17
-10
-6
-6
-7
-4
-6
-7
-2
-5
-3
-6
-3
-7
-3
-4
-7
-16
-13
-12
-17
-18
-10
-13
-17
-10
-20
-12
-16
-13
-19
-17
-18
-18
-15
-13
-9
-4
-5
-7
-4
-9
0
-5
-1
-6
-3
-7
-7
-10
-11
-13
-15
-7
-13
-5
-10
-3
-1
-1
4
4
5
-1
4
-1
3
-3
3
9
9
14
13
16
3
9
-1
2
2
2
0
-6
-6
-10
-7
-15
-10
-9
-10
-10
-5
-8
-9
-3
3
2
1
2
-1
-3
-7
-5
-7
-9
-15
-15
-8
-11
-7
-7
-10
-11
-8
-4
-9
1
-5
-3
0
5
2
7
13
11
17
17
20
15
11
5
10
11
8
13
8
8
13
6
0
-3
-4
-8
-4
0
-4
0
-2
-3
5
7
9
0
7
6
3
1
0
-4
-9
-2
-4
-2
-4
-4
-9
-3
-6
-9
-9
-7
-1
-8
-5
-4
-6
-12
-3
-2
-5
4
7
-1
6
6
8
2
0
9
0
3
-1
2
-8
-10
-14
-19
-15
-16
-13
-15
-5
-13
-9
-9
-2
-5
-10
-3
-3
1
0
6
-1
2
-4
6
6
4
7
11
12
6
7
2
7
1
2
-1
-3
-6
-4
-6
-9
-8
-7
1
1
8
3
6
5
2
2
7
10
3
7
1
-1
-9
-7
-11
-11
-10
-12
-1
-4
1
-3
4
4
4
7
7
7
9
15
10
12
1
11
8
10
13
16
15
10
16
9
14
9
9
10
16
9
8
9
7
5
9
7
5
14
9
16
16
16
12
16
10
5
9
8
5
6
-3
3
5
0
6
3
6
-2
2
-1
-3
-2
7
7
2
6
-3
2
-3
1
-2
-4
-6
-10
-7
-12
-3
-10
-10
-5
-7
-9
-7
-3
-6
-2
-4
-3
-7
1
1
2
1
0
0
0
-3
0
3
-6
-6
-10
-10
-13
-12
-12
-12
-15
-11
-8
-7
-9
-14
-9
-8
-7
-8
-2
-7
-3
-3
-3
-4
0
3
3
1
2
3
3
-1
0
3
-6
-1
-1
-8
-7
-3
-5
-6
0
6
-5
0
0
0
6
-1
9
9
12
17
13
13
13
6
4
0
3
-1
0
6
-1
0
-3
1
-3
9
6
5
6
10
10
9
15
7
12
15
16
18
21
13
16
9
12
17
8
10
0
1
-6
-4
-7
-9
-7
-5
-5
-4
4
0
4
3
9
5
17
12
17
14
11
14
0
13
2
2
-2
3
-8
-8
-3
-7
-11
-8
-2
-12
-7
-18
-13
-15
-10
-13
-13
-10
-10
-7
-8
-4
-8
-4
-6
-4
-10
-4
-6
-10
-15
-15
-15
-16
-12
-15
-13
-8
-6
-12
-7
-8
-8
-2
-9
-13
-12
-8
-9
-13
-8
-9
-9
-6
-5
-3
-6
3
0
0
7
-7
1
2
0
-5
-4
5
-10
-5
-10
-2
-3
0
-1
7
8
5
17
12
15
17
15
4
3
-2
6
-9
-6
-12
-13
-9
-12
-2
-9
-2
-8
-7
-12
0
2
7
6
9
10
8
12
11
14
12
15
7
14
9
6
7
10
6
1
3
-5
-6
-6
-3
-7
-7
-7
-8
0
-1
0
5
7
6
12
11
11
10
2
11
17
11
10
15
7
12
9
13
7
0
-4
-5
-6
-12
-8
-15
-16
-11
-9
-9
0
-2
0
0
5
0
3
7
1
-1
1
0
-1
-7
-16
-7
-16
-14
-19
-22
-15
-18
-20
-14
-15
-13
-13
-12
-19
-15
-12
-13
-10
-14
-8
-10
-3
-6
-1
-2
-6
0
-4
-8
-15
-16
-23
-20
-22
-26
-23
-20
-19
-17
-16
-12
-6
-7
-2
-3
-3
-11
-3
-3
-6
-3
-4
-4
-7
-8
-12
-4
-5
-3
-3
-1
-2
4
5
4
9
11
13
6
9
11
15
17
22
16
16
13
13
11
12
19
9
16
17
18
14
15
15
14
19
14
16
15
22
17
18
16
13
9
13
14
14
16
9
10
1
8
2
11
7
5
10
8
6
6
12
7
16
9
10
7
-1
5
4
0
6
3
6
9
4
11
3
0
-5
-9
-5
-6
-3
-6
-6
-12
-9
-5
-6
1
-3
1
-6
-3
3
0
1
6
2
2
3
4
3
5
3
-3
2
-9
-2
-14
-9
-9
-8
-11
-9
-4
-6
-3
-5
-1
-11
-3
-3
-7
-12
-3
-9
0
-1
0
-3
-2
-3
-5
3
-4
0
-4
1
-3
4
1
7
4
6
2
-1
4
0
7
-1
8
2
4
3
11
11
2
3
3
1
-2
1
0
1
0
2
4
8
7
-1
3
0
2
1
4
6
3
7
10
17
12
14
7
14
15
14
14
12
9
9
14
3
6
2
5
3
9
8
12
7
11
14
17
22
13
18
12
13
3
9
8
6
9
6
8
5
5
-4
-10
-4
-10
-15
-12
-10
-14
-19
-10
-16
-11
-12
-3
-7
-3
0
2
2
1
7
4
10
4
3
3
3
0
6
0
3
0
3
0
-3
0
-3
-2
-5
0
-4
2
0
5
8
19
15
17
19
19
23
22
24
16
16
7
15
10
9
-3
4
4
-3
-1
-6
-4
-9
-4
-7
-6
-7
-4
-4
-7
-1
1
4
6
4
8
9
4
2
-6
-7
-7
-14
-17
-21
-20
-19
-13
-20
-19
-18
-22
-19
-18
-9
-10
-9
-9
-1
-3
2
-9
-5
0
3
7
1
4
-4
2
-6
0
-1
-2
-7
-5
-12
-15
-7
-14
-7
-7
1
-6
-5
-9
-11
-6
-8
-11
-15
-11
-9
-12
-17
-10
-14
-13
-9
-13
-13
-10
-13
-15
-11
-9
-9
-9
-10
-13
-14
-13
-16
-20
-19
-21
-18
-14
-10
-3
1
3
0
1
-1
4
3
7
10
6
12
11
8
6
13
6
5
7
0
-3
-1
-1
-2
4
7
6
5
18
13
19
19
21
15
19
22
9
10
9
13
3
8
3
2
-3
0
-1
-5
3
-4
2
-2
12
6
6
6
4
3
-1
7
4
6
-1
7
-1
-3
-9
-7
-9
-14
-15
-19
-22
-25
-18
-20
-16
-16
-7
-13
-12
-7
-13
-10
-12
-10
-6
2
0
2
3
6
6
3
3
4
2
1
4
0
1
-2
-2
-1
-4
-2
0
-6
-6
-4
-2
0
0
-4
-1
7
2
7
7
0
3
5
-3
4
6
-1
-6
-4
-4
0
-3
-4
2
-7
-1
-10
-3
-6
-7
1
2
5
6
12
6
7
3
3
-3
-4
-6
0
-6
-8
-3
-4
-6
-6
-3
-7
-6
-9
-1
-6
0
1
1
7
6
6
3
11
7
4
4
10
13
16
12
14
10
14
11
4
10
7
10
5
10
10
8
9
5
10
6
10
10
12
7
14
13
7
9
10
10
1
-1
-9
-10
-19
-16
-12
-10
-10
-6
-2
-3
-3
-8
-9
-7
0
-4
3
6
6
3
2
8
2
-3
-3
-8
-9
-14
-15
-17
-20
-13
-9
-11
-12
-12
-9
-6
-7
-5
-5
2
1
-1
4
-3
-4
0
-9
-3
-5
-3
-3
-12
-8
-3
0
-1
1
-2
3
3
5
3
5
-1
0
0
-3
0
3
3
-1
12
6
9
3
12
3
4
9
0
4
2
-1
-3
1
-4
-3
0
1
3
6
3
4
10
10
15
11
6
4
3
3
2
0
3
0
3
12
11
14
16
20
23
22
20
23
21
22
22
23
20
14
16
12
17
21
15
12
14
19
14
16
16
12
12
6
6
4
4
2
1
6
7
6
9
10
10
9
8
2
2
-1
3
5
5
5
-1
1
-5
-5
-5
-12
-13
-11
-9
-10
-14
-10
-13
-16
-15
-5
-5
-9
-6
-2
0
-3
-1
-2
-1
-7
-1
-10
-9
-14
-10
-13
-7
-6
-8
-6
-9
0
-5
11
0
-1
-6
0
-3
0
1
-1
5
-2
1
1
2
1
4
1
5
1
11
3
8
1
-4
-1
-5
-9
-14
0
-1
0
-2
-3
-14
-4
-2
-1
1
3
9
2
11
9
6
3
6
5
6
12
5
10
6
12
11
11
12
11
12
2
5
4
1
-2
3
0
-1
0
1
-6
-5
-3
-8
-3
-7
-8
-11
-11
-5
-3
-8
0
-13
-8
-9
-23
-18
-23
-17
-19
-17
-24
-18
-22
-20
-16
-19
-13
-16
-11
-9
-8
-8
-5
-8
-4
-12
-12
-13
-16
-19
-15
-16
-28
-23
-31
-25
-23
-21
-19
-26
-15
-23
-24
-25
-28
-26
-22
-27
-28
-18
-27
-21
-28
-24
-25
-22
-26
-23
-29
-21
-15
-18
-13
-15
-10
-12
-1
-10
-6
-15
-12
-12
-2
0
0
0
0
10
13
25
14
17
13
15
13
18
10
15
20
13
23
20
21
15
18
20
23
21
22
22
27
26
26
31
23
26
30
25
18
24
25
20
20
27
28
22
21
16
15
16
16
15
18
23
18
19
18
15
12
11
14
13
11
6
8
10
9
9
13
15
13
10
7
6
7
1
-1
4
6
3
4
3
1
5
6
4
0
-1
-1
2
1
8
-3
2
4
-5
2
-2
-6
-8
-5
-10
-3
-6
1
2
2
6
3
-7
5
-4
-1
5
-9
10
-2
5
13
8
8
16
-3
15
-3
-5
8
-13
10
4
10
14
3
-6
5
-7
-4
-10
-3
-7
-6
-2
-5
-3
-12
-2
-8
-7
-6
-9
-11
-3
-13
-4
-6
-7
-3
-4
2
-5
-6
-12
-13
-24
-21
-16
-20
-10
-21
-16
-15
-14
-13
-10
-6
-5
-4
-13
-7
-6
-6
-14
0
-1
-4
-2
-3
-3
-10
0
-1
-5
-7
-6
-9
0
-7
-4
-11
-13
-7
-13
-14
-15
-14
-19
-14
-19
-8
-13
-10
-8
-12
-9
-8
-10
-14
-12
-15
-7
-6
-3
-6
-3
3
-1
-3
4
6
3
8
5
4
3
3
1
2
3
3
7
-4
4
-1
4
8
0
9
4
0
-1
-4
-9
0
-1
7
0
0
4
-3
3
3
8
8
12
7
12
12
14
15
8
6
11
5
2
6
0
6
4
6
8
8
3
6
-3
5
6
-1
0
-4
0
-1
1
-1
1
-4
3
3
1
0
2
1
1
2
2
1
-5
1
0
6
0
3
6
3
8
7
6
2
7
3
9
8
8
9
7
13
5
3
3
5
2
1
2
0
-2
2
3
0
4
2
5
6
9
6
5
9
12
14
18
18
16
19
16
7
3
7
0
4
3
1
5
3
1
-1
0
0
-3
-10
-8
-4
-1
1
4
-1
0
-2
4
4
3
-1
1
-3
4
-3
-2
5
-2
2
-6
0
-5
-6
-7
-4
-8
-2
2
0
-4
0
1
-4
5
8
8
10
21
18
21
15
22
17
13
14
12
10
1
0
-3
2
-1
6
5
7
12
8
9
7
10
6
7
3
0
3
0
-1
-2
-5
-2
1
0
2
3
7
3
4
1
-5
-5
-7
-6
-3
-6
-13
-8
-12
-7
-8
-7
-6
-2
0
-1
2
-1
4
1
0
-2
-6
-8
-9
-10
-6
-8
-7
-8
-14
-7
-12
-15
-12
-6
-3
-3
-2
-3
-7
-7
-2
-7
-7
-9
-2
-6
-5
-4
-6
-3
-3
0
-9
-4
0
-5
-6
-2
-7
-6
-9
-7
0
-8
3
-2
-6
0
3
-4
-5
-8
-16
-9
-18
-9
-12
-9
-10
-12
-12
-8
-12
-7
-4
-2
6
3
10
9
15
7
8
8
9
4
6
3
3
4
-3
3
1
9
9
14
8
6
5
1
8
10
10
12
13
15
10
6
9
8
5
6
11
12
12
9
4
11
4
5
2
1
0
-6
7
-1
2
0
-4
-3
-2
-4
-1
-3
-3
-12
-15
-12
-19
-14
-13
-4
-12
-4
-2
-5
-4
-4
-8
-12
-10
-15
-10
-10
-5
-12
-10
-12
-13
-15
-12
-9
-15
-19
-19
-12
-16
-9
-5
-5
-2
-4
-7
-6
-10
-4
-10
-11
-11
-15
-13
-19
-18
-22
-22
-22
-23
-28
-20
-22
-19
-20
-15
-13
-11
-3
-3
5
1
6
5
2
0
0
-9
-2
-7
-7
-8
-6
-1
-5
-1
-5
-3
-6
-3
-7
2
-3
2
6
-2
3
3
3
4
1
-4
1
-7
-9
-12
-12
-6
0
0
5
4
-1
3
3
6
3
0
0
-3
-4
-10
-10
-10
-12
-15
-3
-9
-6
3
6
7
2
13
13
13
13
21
18
15
19
16
15
13
11
12
10
3
9
9
13
9
13
18
24
23
25
28
30
25
27
34
28
30
24
28
26
24
22
23
16
15
10
9
5
-2
7
-1
12
14
16
20
16
29
30
28
23
22
19
13
13
9
10
0
0
1
-3
-7
0
-1
-5
1
4
8
9
18
20
25
24
32
24
28
26
30
25
19
10
4
7
1
7
-2
6
3
5
3
10
10
15
21
26
30
20
30
20
25
23
27
21
18
15
6
8
-3
-3
-8
-15
-14
-12
-13
-10
-10
-5
-10
-3
-1
0
7
-1
3
-2
-7
-12
-23
-25
-28
-27
-27
-28
-26
-29
-26
-25
-24
-20
-18
-14
-14
-10
-2
-5
-6
-9
-8
-9
-10
-13
-18
-25
-25
-23
-32
-20
-24
-20
-13
-4
1
1
3
6
12
19
12
15
17
10
15
9
14
4
-2
1
3
-8
-9
-20
-23
-19
-11
-10
-16
-6
-8
1
-6
-3
2
1
-6
0
-4
-9
-13
-16
-28
-34
-38
-41
-39
-43
-42
-46
-38
-35
-29
-28
-25
-17
-14
-13
-10
-13
-7
-8
-8
-8
-15
-16
-21
-25
-34
-34
-37
-37
-34
-32
-22
-23
-20
-14
-7
-4
3
1
-2
-4
1
1
-8
-1
-2
4
-7
-3
-9
-19
-21
-16
-13
-12
-2
-6
2
0
10
13
20
20
21
21
19
12
6
2
-9
-9
-12
-14
-22
-17
-19
-20
-19
-13
-5
0
8
13
16
19
25
16
25
20
12
13
5
3
-1
-6
-4
-3
-7
-4
-2
6
8
7
15
16
26
32
38
40
42
39
44
39
31
40
35
42
25
30
21
14
10
7
16
10
18
16
24
22
35
27
34
34
38
35
31
23
13
11
1
15
0
-2
-5
-4
-7
-4
-9
-6
-6
-11
-6
0
6
7
23
17
18
12
12
6
-1
0
-14
-13
-13
-18
-19
-11
-12
-9
-4
-2
3
7
13
9
20
19
17
18
12
14
9
10
8
2
-2
-3
-12
-9
-10
-9
-13
-11
-8
-13
-6
-1
3
9
9
12
12
10
16
7
5
-3
-3
-13
-13
-12
-18
-16
-22
-14
-19
-11
-6
-2
-2
5
5
5
13
11
9
6
-2
-1
-3
-8
-12
-16
-19
-26
-25
-26
-21
-25
-19
-20
-10
-13
-8
-6
-9
0
0
6
2
5
5
6
-1
6
-3
-5
-6
-7
-6
-8
2
0
7
0
8
14
23
21
25
25
23
23
16
21
10
11
5
0
-7
-9
-7
-10
-13
-13
-13
-16
-1
0
10
12
17
25
27
28
35
38
31
31
22
18
9
10
-3
-8
-16
-16
-16
-25
-19
-22
-10
-15
-3
-5
0
7
12
15
13
16
15
15
11
12
-10
-12
-20
-21
-24
-29
-29
-28
-25
-24
-17
-16
-10
-9
-4
-4
0
-1
4
6
8
3
-6
-6
-15
-7
-12
-9
-16
-14
-13
-15
-8
-12
-13
-9
-1
2
3
5
14
4
11
16
11
3
0
2
2
3
1
6
-1
8
13
14
16
17
20
18
23
20
25
16
10
11
6
5
-3
-1
-6
-7
-5
-1
-7
-8
-4
0
-3
0
6
7
15
23
28
21
21
23
19
7
9
0
-3
-11
-17
-18
-30
-28
-32
-30
-36
-28
-28
-25
-23
-22
-15
-7
1
2
12
6
6
7
3
-7
-9
-16
-19
-22
-28
-26
-28
-19
-24
-23
-23
-13
-9
-9
-1
7
9
2
8
9
7
6
6
3
-5
-6
-7
-12
-17
-12
-14
-14
-9
-6
-9
-10
-4
-2
4
7
10
8
7
6
9
7
6
3
3
8
-4
-4
-9
-9
-14
-10
-6
-5
-4
-5
-1
1
5
5
-2
1
0
-3
-10
-10
-12
-26
-13
-19
-14
-24
-19
-22
-26
-16
-10
-6
-2
-1
3
1
0
-4
-13
1
-6
-2
-13
-7
-16
-16
-13
-13
-10
-12
-4
-12
-1
-8
0
0
7
8
21
19
24
23
16
26
12
15
4
1
-5
-13
-13
-12
-16
-9
-8
-2
7
6
15
7
17
16
25
25
27
31
28
35
24
26
12
21
14
10
14
12
13
10
12
12
12
13
20
15
24
26
24
24
22
23
23
22
13
16
16
16
11
9
2
3
0
-1
3
5
5
0
4
-2
2
-1
-1
-1
-3
-6
-5
-4
-6
-7
-12
-4
-7
-4
-6
-2
-5
-10
-5
-6
-3
3
6
3
7
0
2
-6
-12
-7
-10
-8
-11
-7
-16
-9
-15
-12
-9
-11
-5
-10
-5
-3
-4
-1
3
1
6
1
5
4
1
1
4
0
-7
-8
-9
-10
-15
-11
-18
-14
-16
-12
-10
-10
-5
-1
0
6
13
14
18
15
16
6
12
10
7
9
7
6
0
1
0
0
1
4
0
6
5
8
10
11
16
16
25
24
28
26
27
28
18
12
10
16
12
13
8
6
6
6
3
8
3
7
8
7
3
-2
2
0
2
-4
1
-6
-4
1
1
-7
-4
0
-6
-2
-8
-9
-8
-6
-10
-6
-9
-7
-9
-13
-10
-13
-15
-16
-14
-16
-13
-13
-13
-16
-13
-11
-5
-5
-6
-10
-2
5
1
7
7
10
4
8
11
16
11
12
9
9
3
5
6
-3
2
-9
1
-3
-3
-6
-3
1
9
8
4
7
1
3
0
1
-8
-1
-7
1
-3
1
4
-3
2
0
2
-3
-4
-13
-3
-5
-1
3
0
7
5
2
-2
5
-4
-3
-3
-2
-9
-4
-3
-14
-13
-19
-15
-16
-17
-22
-16
-19
-17
-17
-12
-14
-8
-2
-6
1
-4
-2
-7
-9
-11
-5
-6
-6
-9
-6
-3
-11
-5
-8
-2
-10
0
0
0
5
1
7
6
9
7
16
11
18
12
13
12
5
7
5
3
-3
0
-2
0
-5
-1
4
7
4
5
5
5
6
3
8
2
10
6
7
10
6
11
5
13
10
12
7
9
8
10
10
10
16
16
16
5
11
4
6
4
6
-1
0
2
2
1
1
-6
-9
-4
-10
-4
-16
-10
-13
0
0
-1
3
-4
-3
-1
0
-7
-1
-9
-9
-11
-10
-7
-10
-9
-14
-6
-11
-9
-8
-10
-10
-12
-5
-9
-9
-13
-7
-10
-13
-16
-20
-20
-22
-19
-19
-22
-25
-19
-18
-12
-13
-10
-13
-7
-5
-4
-8
-2
2
-7
3
0
3
2
9
2
6
12
10
8
9
14
5
9
4
4
-2
2
5
4
6
1
4
1
-1
-4
-7
-6
-8
-13
-19
-12
-10
-16
-12
-6
-7
1
3
0
6
-1
-3
-9
-5
-7
-7
-4
-10
-13
-9
-5
-10
-2
-18
-8
-16
-12
-10
-10
-10
-15
-3
-14
-3
-4
2
0
8
8
11
15
14
15
17
16
11
16
14
18
10
18
10
13
14
12
14
19
20
16
18
14
18
15
24
16
22
13
15
21
15
23
15
19
15
21
15
20
18
17
18
10
19
6
12
3
6
4
-1
-4
-4
-6
-11
-2
-3
6
1
5
4
8
9
12
13
16
18
16
22
19
22
17
16
16
20
16
13
10
8
9
6
5
3
2
-4
1
-3
-10
-6
-2
0
9
4
6
1
1
-1
-4
-7
-10
-6
-9
-1
-2
-3
0
-6
-2
-3
-4
3
5
6
3
0
-5
-3
-9
-5
-6
-1
-3
0
-3
-9
-10
-11
-10
-11
-11
-14
-10
-16
-8
-15
-7
-9
-10
-6
-3
-3
-9
3
3
6
1
9
4
9
15
13
16
17
19
17
24
20
19
19
19
19
19
21
23
23
20
22
22
26
24
21
19
16
8
10
6
0
-3
-9
-3
-9
-7
-13
-9
-10
-6
-11
-19
-10
-15
-10
-16
-9
-12
-16
-12
-13
-13
-12
-19
-16
-13
-15
-15
-23
-18
-19
-13
-19
-21
-28
-31
-29
-35
-32
-34
-34
-29
-32
-27
-32
-30
-26
-31
-20
-23
-18
-25
-22
-26
-22
-20
-20
-21
-20
-23
-22
-17
-26
-21
-27
-18
-25
-13
-16
-18
-22
-22
-21
-18
-16
-22
-13
-14
-2
-15
0
-9
-4
-8
-5
-3
-7
-8
-16
-11
-16
-7
-19
-16
-22
-14
-17
-14
-15
-12
-7
-9
-4
-6
0
-1
7
12
15
11
11
12
8
13
15
11
11
14
8
7
7
8
3
7
10
7
17
8
20
9
13
15
17
23
15
21
13
21
16
27
16
20
21
21
15
11
9
6
9
5
15
6
11
7
24
20
21
19
17
17
20
31
25
25
21
29
26
26
20
21
16
24
25
22
20
16
13
15
13
11
14
10
13
12
19
6
6
10
6
9
9
11
8
6
6
4
13
10
15
9
17
12
6
10
-1
-1
-9
-7
-7
-7
-13
-6
-12
-11
-19
-12
-23
-16
-13
-18
-11
-16
-3
-12
-4
-8
0
-8
-2
-3
-4
-5
-4
-7
-9
1
-9
-11
-11
-7
-16
-6
-12
-4
-4
0
10
10
9
8
19
13
7
16
17
10
15
3
0
-1
-1
-3
-9
-9
-12
-10
-13
-10
-8
-9
-9
-10
-7
-2
-2
-3
5
3
2
6
7
12
10
10
4
4
0
-3
-10
-11
-2
-6
-10
-17
-16
-18
-16
-22
-25
-16
-15
-7
-9
-12
-9
-11
-9
-7
-9
-5
-3
-3
-1
0
-3
-3
-6
-5
-1
2
1
0
-4
-6
-7
-4
-3
-6
-7
-3
1
-5
-3
-6
-5
-2
3
2
6
1
4
0
1
6
-5
-3
-12
-12
-17
-16
-21
-17
-28
-22
-22
-15
-19
-12
-5
-13
-3
-13
0
-7
0
5
11
8
8
3
0
2
1
2
1
5
0
2
-1
2
-4
1
-7
-1
1
-4
3
-5
3
3
7
7
8
9
9
19
14
18
13
14
12
8
8
3
2
2
4
-6
-4
-9
1
-3
2
4
5
3
4
13
3
7
8
10
10
9
7
10
6
10
3
0
0
3
-3
-4
-1
-3
-1
-6
2
-8
-3
-2
-3
-7
-6
-6
-10
-4
-3
-2
-7
-2
0
6
10
8
7
12
13
14
19
14
14
16
17
18
12
14
8
4
-3
9
11
4
3
1
2
-3
6
-3
-5
-7
-1
-7
-10
-6
-10
-12
-6
-5
-8
-6
-11
-7
-16
-11
-10
-5
-8
-4
-2
0
4
0
-3
-4
2
1
16
10
13
7
13
10
8
6
6
8
8
15
9
14
4
12
8
6
19
9
10
8
9
17
16
19
29
25
20
22
16
23
3
17
12
8
10
-3
7
-3
9
0
3
-5
2
0
9
6
-2
-1
1
4
-2
-2
-9
-3
-5
3
-9
2
-9
-4
-6
-6
-3
-13
-6
-6
-2
-1
3
-2
-1
-4
0
-7
-4
-2
1
4
4
-1
-1
3
-1
-6
-3
-1
-1
-1
-4
4
-2
1
3
-1
2
6
4
8
5
19
13
9
12
1
2
-2
7
0
1
0
10
11
9
3
6
2
-10
-7
-13
-3
-7
-11
-13
-13
-10
-6
-11
-10
-9
-8
2
-1
-5
1
-2
1
5
4
9
2
7
0
0
10
-3
0
-2
4
4
2
-4
-3
-8
-10
-2
-6
-4
-15
-4
-6
-3
-2
-6
1
-3
-2
7
-3
-10
-4
-8
-3
-13
-10
-12
-12
-14
-14
-14
-17
-13
-17
-9
-10
-11
-6
-9
-6
-5
-9
0
4
-7
-6
-13
-3
-1
-16
2
-19
-10
-2
-25
-1
-18
-18
7
-19
6
-7
-8
12
-9
3
14
-11
8
-6
-2
22
-25
24
-5
3
15
-10
6
0
-10
9
-5
1
17
-17
34
-2
9
10
-5
10
5
1
17
-4
9
19
-8
20
-11
7
4
-1
4
-4
-5
5
-14
0
-3
-10
10
-7
7
-6
-7
-4
-11
-5
-2
-12
0
-9
2
1
-6
10
-2
5
12
-2
12
0
-3
16
-9
5
3
0
8
-3
0
7
-8
-1
-7
-6
-1
-26
3
-19
-13
-6
-11
2
1
-1
9
-1
-1
8
-8
13
-6
9
3
-8
-5
-5
5
-8
-8
-6
-9
-8
-7
-2
5
-12
5
-9
-1
5
0
18
-1
-1
14
-4
12
-7
-6
18
-13
-2
-14
-22
-24
-33
-21
-17
-41
-6
-20
-22
-14
-39
1
-11
-30
-7
-31
-18
-8
-36
37
-13
8
38
-13
28
13
2
51
-23
14
46
-28
61
-32
39
57
-29
52
-4
-3
28
-41
29
5
-36
63
-30
31
17
-6
74
-20
8
29
-11
9
-18
-13
30
-1
10
26
13
15
4
1
-13
-18
-57
0
-50
-84
8
-58
-24
-8
-55
57
5
-49
76
-42
32
23
-55
111
-28
0
115
-51
55
39
1
108
-53
30
24
-61
4
-98
-28
21
-112
26
-33
-62
8
-68
29
-14
-18
54
-2
-24
-3
33
86
41
87
120
109
90
5
149
88
67
150
-2
90
-57
-44
45
-122
10
-20
-107
-42
-261
-104
-26
-277
31
-120
-23
14
-178
109
20
37
147
44
164
14
26
169
-55
74
43
23
10
-78
6
9
-59
-18
-66
-1
-76
-107
-29
-37
-43
-98
8
-35
19
21
175
45
25
32
-31
47
-134
-125
-94
-247
-332
-635
-384
-95
-623
199
-88
-364
411
-520
247
122
-480
828
-366
-111
107
-605
582
9
-38
994
42
439
409
-84
835
-215
703
181
-342
274
-175
154
432
391
563
918
202
547
148
508
298
326
448
156
243
345
524
455
1188
712
999
544
141
-217
-905
-1029
-1821
-2302
-2395
-2981
-2941
-2668
-2735
-1983
-1631
-1211
-622
-361
79
345
783
1148
963
1557
1601
1705
1809
1699
1695
1399
972
577
100
-520
-662
-1372
-1299
-1600
-1526
-988
-929
-261
286
578
991
1109
1281
1630
1211
1704
1067
1177
1079
365
1262
523
1284
1424
1232
2056
1697
1718
2205
1463
1709
1960
61
435
-1579
-1970
-2279
-4436
-4229
-4288
-4360
-4619
-3995
-4477
-2465
-3224
-2055
-264
-1288
986
1855
2490
3080
4101
4814
6266
4293
5123
5158
3195
2507
239
431
-1923
-3596
-3862
-4162
-5502
-4899
-4352
-3606
-3341
-2723
-690
-874
-59
734
1653
1615
1662
2152
2763
1647
1449
1654
1345
434
-616
148
-902
-1817
-2012
-2300
-2171
-2801
-2531
-1421
-2115
-595
-175
119
1323
754
2411
2543
1762
2604
2213
2357
1630
756
1956
896
706
1130
708
1078
753
1075
1621
1523
2341
2529
2884
3243
2554
3461
3163
2006
2091
1529
-276
-3157
-5075
-4659
-5806
-6830
-5574
-6058
-4584
-5616
-5823
-2249
-4441
-2305
419
-496
949
931
2757
5960
3326
5969
9451
6442
6700
4634
5921
3917
-381
427
-1027
-4678
-6137
-6348
-6178
-6384
-7446
-3564
-4047
-4206
-2140
-74
828
288
2466
4162
2775
2163
4444
4310
3974
2842
4082
3864
1443
811
300
-1281
-2836
-3837
-4537
-5667
-7416
-6956
-6322
-6426
-5455
-2658
-1989
-438
913
2350
3326
2761
3645
3870
3635
2809
2784
2456
1940
1294
1379
947
903
578
98
642
-520
-147
-130
-63
19
696
1621
1574
3057
3734
4223
4802
5206
5020
5352
4893
3985
4009
3183
1516
1095
-190
-3699
-6034
-7805
-7239
-8417
-8034
-7872
-6430
-4860
-6836
-3473
-3333
-3323
272
773
1185
3114
2711
7374
7316
5289
10229
8966
8365
4797
3589
4021
-1298
-4374
-4580
-7220
-9738
-10213
-10115
-7781
-8796
-5633
-2466
-1959
-536
2099
4507
3838
3796
5459
6239
3137
3432
4229
3969
1991
1118
2366
614
-1661
-2296
-2735
-4336
-5566
-6146
-5778
-6944
-6162
-4273
-3316
-2124
-400
1168
2438
2321
1839
4353
3711
1637
4220
1942
685
2318
-2124
1203
-644
-2312
1178
-2065
-342
-108
-503
1193
1171
1250
2840
2442
3409
2733
3956
4401
2299
5151
3058
3954
4442
4110
3985
3630
4149
2725
3072
3485
1439
1696
1921
-1807
1401
-1792
-5064
-5645
-8652
-6820
-8499
-7830
-6735
-5774
-4301
-5156
-3742
-2241
-3130
572
1403
-116
3222
1641
5542
4936
3304
8850
7374
6251
4052
3183
3188
-863
-4062
-2897
-6061
-8504
-8374
-8810
-6421
-7332
-4557
-1971
-2260
-1229
1731
2637
2186
2317
3782
4224
848
1837
3129
2735
1147
1432
2858
1421
-519
-219
-447
-2081
-3120
-3903
-3870
-5500
-5110
-3390
-3172
-2506
-610
832
594
-472
470
1187
449
484
315
1212
-82
-399
742
-643
775
1082
1663
1978
1343
2820
2554
2684
2412
3379
3309
3165
2237
3261
2926
2520
3054
1948
3139
2344
3659
2938
4352
3671
3931
3662
2831
3790
2621
3082
1681
2057
1238
801
-1989
-5637
-8591
-7477
-9039
-10320
-7945
-9234
-4926
-7181
-6743
-2027
-4729
-842
1348
370
2784
1803
3724
7999
2994
6864
10265
6935
6660
2140
5251
2036
-3281
-3837
-3913
-7750
-9682
-9690
-7966
-6775
-8367
-2511
-2889
-1795
-227
3461
3737
2399
3629
5875
3484
721
3809
3769
2922
-262
2334
2239
-581
-1910
-882
-1762
-3886
-5092
-4240
-5020
-6774
-3901
-3245
-2493
-1631
1122
2639
2472
1887
3153
2174
129
-909
-6
-1106
-2221
-445
-1284
179
-624
854
2115
1750
2383
3384
3009
2488
3095
3217
4098
3422
4738
4554
5110
4149
3747
4248
2774
2542
1799
1872
891
1430
1264
1213
2115
2358
1663
2542
2396
2064
3094
1437
2243
-1168
-6738
-8069
-8500
-9586
-9535
-9843
-7954
-5459
-8358
-4532
-3385
-4289
1217
866
1510
1465
799
5292
6090
2002
7815
10064
7613
5329
3101
7746
1689
-2003
-2280
-3354
-7783
-10374
-10192
-8181
-9325
-9150
-3629
-5214
-3092
-1152
3852
2418
1858
4912
6294
2503
1179
4476
4327
1980
-415
3866
1965
-331
-892
790
-825
-3171
-3405
-2965
-5254
-6335
-3482
-4099
-3867
-3177
165
381
-463
564
1935
1165
423
-28
2512
1331
-571
3231
303
1437
2324
1251
4055
1919
2998
4890
2252
2728
3674
3430
3002
2859
3276
3166
2411
2163
1475
3005
1362
1225
3414
2109
2892
3086
3927
2785
4116
3684
3133
2565
1805
2225
718
1336
-3659
-7586
-9112
-10147
-10266
-9941
-11009
-8388
-4969
-9372
-4364
-3976
-4420
2118
377
1847
2624
1801
6132
7724
2654
9568
10656
8504
5575
2043
7786
436
-3263
-4285
-4628
-9435
-11231
-12089
-8667
-9017
-9396
-3101
-4888
-1926
-120
5164
3249
3213
5519
7390
2593
1504
5037
4530
2143
-1077
3670
1459
-1091
-1763
192
-1889
-3760
-4441
-3766
-6002
-6718
-3426
-4182
-4309
-3450
568
835
276
1916
4420
3238
2180
1535
3605
1504
683
2651
568
775
657
1905
1276
1793
2326
4417
2389
2108
3421
3646
2975
1789
4137
2596
2703
1406
2290
2654
2907
2608
3486
3878
2992
4041
2797
2971
2634
3332
1354
822
1362
968
719
1362
-1770
-6301
-9687
-9195
-8430
-10723
-8732
-9124
-4640
-7149
-7431
-2314
-4335
-645
2987
1410
2311
2264
4231
9847
2444
6770
12279
8417
5045
884
6276
3006
-4775
-5293
-3511
-9233
-11732
-12399
-8944
-8294
-10700
-4214
-4186
-3999
-1178
4277
3518
1909
4360
8110
3366
95
5109
5664
2757
-1255
3095
3514
-1150
-2134
1021
-789
-3752
-4128
-3170
-4893
-7746
-4726
-4006
-4502
-4284
-141
2180
-326
1662
4776
3766
3190
1973
5265
3433
733
3411
1080
1350
391
1452
2302
715
2366
3446
1925
2009
2596
3279
3058
865
3009
2981
2098
1270
2537
4326
2928
3956
4173
4436
3829
3653
3262
3236
2870
2386
2156
412
959
-92
716
-1195
-8557
-10122
-8460
-10685
-9810
-10066
-9635
-3485
-8260
-6554
-1453
-5594
1206
2641
1231
4422
721
5584
10077
2388
6696
11556
8663
5789
-707
5531
2999
-5602
-5429
-5464
-8140
-11937
-12761
-9039
-7793
-9742
-3375
-3673
-3281
-784
4359
5191
1487
4816
8312
4228
-24
3984
5933
3409
-2070
2092
2917
-1881
-2862
-796
-1165
-4637
-5666
-3951
-5161
-7924
-4069
-2719
-3119
-4462
-430
2786
112
2075
5920
5208
4854
2977
4708
4674
83
3880
1863
150
-4
524
1043
-393
829
3178
2760
1166
2559
3274
4223
1062
3708
4594
3194
2850
3328
4840
3847
5145
4870
5278
4174
5057
3607
3616
3531
2681
3408
-60
-492
-847
-9700
-13238
-9078
-12882
-10732
-11084
-12561
-3358
-9205
-8148
-378
-6742
1768
3063
-290
5270
1472
6329
11527
2589
9783
13636
8170
7927
837
7252
2374
-6705
-5569
-6605
-11727
-13486
-14537
-11093
-9286
-11388
-3164
-4585
-2167
433
4483
4279
3099
5931
8437
3416
1373
5784
4366
3538
-1108
3495
2096
-2118
-2536
-1671
-3332
-4901
-5978
-5067
-6067
-8535
-3487
-4069
-3375
-2164
1339
3093
1726
2923
7385
5809
3921
4788
3340
3784
523
1112
1243
226
324
653
263
130
2008
2467
2163
2109
3950
3408
3128
2342
4207
5293
3433
4002
4793
6055
4293
4586
5057
5068
4287
4354
3448
3265
4131
2119
3428
827
-339
-3504
-12137
-11636
-10363
-13898
-10803
-13382
-9971
-4865
-11982
-3800
-3445
-3878
4797
38
3423
5539
1683
10152
8128
4887
12867
9493
9163
5351
2363
6590
-1431
-5391
-5458
-9781
-11886
-14090
-15199
-10161
-11048
-8636
-5148
-4823
68
2339
3619
4214
5651
7073
5146
1629
5067
4606
2731
1263
1315
2599
-956
-2086
-1603
-2839
-4650
-4803
-6521
-6869
-8603
-6010
-5112
-5368
-2882
-247
2362
2146
4548
6319
6304
5430
5224
3968
2909
943
1455
-55
-1232
572
-307
112
326
2281
2765
1652
2130
3794
2898
2481
2841
3668
4281
3700
4823
5185
5846
6178
6304
5708
5535
5398
4995
3506
3269
4080
2888
1681
2074
1516
213
-4523
-11617
-10066
-10806
-12908
-10950
-13248
-9325
-5692
-11255
-4891
-3991
-2886
4565
-526
3974
5844
2977
9154
8268
6153
12050
8853
9051
5356
1611
5831
-838
-4811
-6685
-8564
-10332
-13668
-15577
-9029
-9046
-9485
-6542
-3778
1047
530
2185
5178
6454
5187
4265
3074
5426
2482
2035
2703
398
1257
-1016
-1036
-914
-3764
-2884
-3192
-6932
-6433
-7730
-5778
-5055
-5877
-2507
-873
831
2077
2768
5705
5409
5603
5298
2932
3923
1443
1426
193
-890
727
-560
-71
1399
1929
2697
3081
3409
3879
3032
3714
2977
3255
3459
2928
3906
3797
4467
5440
5563
5087
5759
5412
5076
4388
4356
3329
2125
1974
1195
1286
1344
209
-6446
-11170
-11348
-9799
-11515
-12845
-11151
-7165
-7158
-10369
-4991
-4215
-411
2202
1246
4101
3814
4037
8631
7876
6803
11802
9680
8532
3188
3462
4616
-906
-4629
-6966
-8598
-11472
-14334
-14066
-8353
-9768
-8480
-6908
-3440
-393
-48
2642
5460
6273
4340
3690
3584
4193
2352
2710
1746
975
-436
-545
-565
-1913
-1886
-1382
-3496
-5417
-6347
-6123
-4177
-6062
-4375
-2884
-1140
153
1253
3471
6218
6180
5881
5222
4058
4027
1816
1473
388
600
-484
-319
163
1814
2519
2772
4180
3962
3769
3234
3711
2978
3071
2599
3028
2740
3336
4350
5411
6086
5776
6143
5825
5394
4311
3633
2766
2000
795
495
-36
-573
-6071
-12708
-11267
-10271
-13174
-11531
-12502
-8889
-5254
-12161
-4619
-3845
-3264
4217
369
3549
5905
3260
9953
9121
5985
13662
9502
9543
4444
1534
5376
-1676
-5624
-7227
-9448
-11491
-14326
-16014
-8541
-9842
-9007
-6725
-4030
368
-321
1870
5885
6907
4756
4861
3840
5915
2624
2702
3546
1128
3
-766
-1260
-1801
-2714
-3019
-3049
-5907
-6499
-6917
-5568
-6189
-5715
-3503
-1088
493
1848
3886
6552
7398
6610
6216
5139
4670
2677
1724
679
807
251
37
938
1980
2630
3498
4018
3774
4017
3243
2975
2489
2335
2768
3134
2559
3868
4792
5556
6062
5413
6579
6159
4906
4747
3757
3348
2883
954
717
-885
-5253
-11221
-12173
-9912
-12754
-11775
-12098
-10695
-5382
-11588
-6621
-3358
-5817
2495
-398
1279
6084
2832
9250
11181
6322
14265
11815
10696
7914
2577
6918
366
-5582
-6945
-9028
-11574
-14026
-17463
-10403
-10445
-10824
-7763
-5187
-115
-795
826
4052
6370
4316
4817
3966
5914
3750
2837
4144
2441
1741
635
-85
-1802
-3077
-3695
-3869
-6823
-7623
-8571
-7191
-7501
-7583
-4500
-1941
345
1364
3740
6461
7389
7332
6766
6112
5431
3503
2060
1047
1007
409
344
296
1318
2086
2807
3246
3261
3751
3140
2733
2285
2473
2607
3388
2629
3952
5307
5885
6374
6036
7143
6941
5801
5001
4339
3044
3484
1027
157
564
-5750
-10177
-11824
-12219
-11530
-12691
-12979
-9661
-7910
-10191
-6256
-5333
-3488
1547
-115
2629
4251
4073
8656
9803
7728
12326
12158
11376
7085
4245
6818
1330
-3590
-7432
-8041
-10244
-14351
-16369
-11326
-10618
-10568
-9029
-5470
-695
-1335
870
2987
5747
4552
3952
4055
5069
3232
2940
3368
2255
2360
835
807
-756
-2265
-2962
-3553
-5827
-7248
-8683
-7597
-8027
-8410
-5384
-3258
320
1548
3245
6665
7059
7306
7184
6338
6377
3886
2506
1605
801
885
164
731
1751
2407
2906
3218
3509
4266
3628
3119
2501
2713
3349
2746
2766
3957
5416
5711
5786
5641
6622
7007
5724
4700
4673
4238
3174
1813
1194
-633
-6711
-11583
-11272
-10985
-13093
-13109
-12995
-9425
-8868
-11651
-6168
-5484
-3107
1052
-155
3485
3715
4510
10210
8762
8289
12692
12170
10948
5385
5118
7012
647
-4484
-7136
-7951
-10778
-15483
-15301
-10619
-11769
-11171
-9036
-4967
-1181
-1497
1555
4318
4317
4496
4212
4540
4884
2393
4262
2409
1064
2109
968
1340
-1096
-2228
-1377
-3752
-5755
-7080
-7894
-7216
-9651
-8522
-5853
-3366
-996
678
3970
6501
6528
7226
8118
7019
6497
4110
3465
2191
549
142
784
796
1011
2085
2975
3879
3378
4368
4097
3990
2963
2692
3621
3195
2386
3871
5271
5508
5922
5889
7285
7401
6317
5156
5757
5350
3700
2262
440
-4109
-9879
-12543
-10780
-12024
-13739
-12105
-12621
-8409
-10807
-8865
-4904
-5932
-389
-342
832
3278
3370
8110
11101
7081
11710
13669
12296
9010
4924
8291
4253
-2248
-6253
-7010
-9727
-13798
-16904
-12352
-11929
-13101
-10083
-7403
-2973
-2478
-67
3177
4265
2672
4023
4290
4486
2303
3099
3818
1977
1907
1421
2554
425
-512
-1493
-1385
-4258
-6913
-7256
-8342
-8777
-9374
-8111
-4448
-2570
-782
2425
4324
6595
6567
7776
7534
6106
5367
3878
2995
1546
103
784
780
325
1224
2272
3717
3460
3827
3941
4169
3880
3102
3498
3740
3232
3431
4414
4628
4830
5712
6346
6314
6450
5390
5711
6055
4454
3776
2750
-3068
-8242
-10481
-11185
-10801
-13076
-12821
-11154
-9721
-11407
-8772
-6210
-5911
-1143
-1749
379
1420
2371
7092
9019
7717
10224
13081
12771
9036
6696
9889
5976
836
-3860
-4907
-7085
-12187
-15009
-12681
-12190
-13927
-12047
-9236
-5175
-4255
-1515
1422
2764
2239
3392
3807
4050
2698
3058
3921
1901
2089
2564
3943
1930
1095
909
92
-2685
-4626
-6451
-6923
-8420
-10224
-7609
-7262
-4647
-2564
538
3141
3931
5824
7515
7728
6396
5936
5776
4213
2119
1423
1741
1982
632
1040
2088
3230
3055
3110
4189
4439
3950
3111
3379
3159
3528
2983
3662
4530
4221
4897
5372
5315
5729
5903
5552
6158
5130
4639
1880
-4065
-7344
-8771
-9646
-11646
-12407
-12431
-10617
-11111
-11920
-8289
-7888
-4989
-2811
-2064
-470
274
3273
6506
6845
7285
10319
11823
10377
7493
9049
9336
5753
1690
-691
-2299
-5731
-9757
-10956
-10516
-12249
-12825
-12140
-9930
-8141
-6418
-3901
-1685
-1428
483
1604
2306
2657
1921
3987
2699
2171
2646
3522
3938
2933
2558
2557
1270
-369
-2167
-3751
-4117
-6838
-7238
-7749
-7514
-5772
-4743
-2066
-803
1119
3774
4734
5935
6135
7142
6962
5358
4623
3709
4245
3029
2433
2387
2915
2965
2804
3805
3876
4848
4041
3765
3576
3182
3543
2933
2889
2779
3406
3266
3279
3575
4406
5917
4895
6029
6035
4804
1176
-4418
-4610
-6712
-8571
-9984
-12069
-10107
-10783
-12466
-10098
-9663
-7916
-5117
-4914
-2788
-1956
-256
3239
3886
4547
7253
8984
9518
7258
8075
9991
7442
5872
3583
2675
928
-3364
-5033
-5402
-7487
-8489
-9895
-9585
-8965
-9610
-7192
-6921
-6412
-4805
-4272
-2500
-2445
-2202
486
311
242
1127
2336
3597
2906
3656
4478
4460
3970
2174
2603
1721
-791
-1497
-2775
-3316
-4808
-5092
-4340
-3882
-3560
-2640
-859
246
982
1915
3496
3749
3681
3844
4368
4541
3822
3481
4692
4575
4574
5017
5613
6589
6197
6317
6451
6499
5602
5135
4617
3889
3189
2361
2088
1441
1228
1391
1521
2188
2336
1677
-561
-3053
-3830
-5428
-6414
-7869
-8786
-8002
-9415
-9541
-8668
-8203
-6126
-4866
-3398
-2172
-1689
317
2182
2701
3478
4801
6010
5487
3908
5042
5679
4771
3771
2910
2735
1099
-761
-1147
-1476
-2629
-4186
-4641
-4710
-5516
-5482
-5015
-4631
-5103
-5440
-4639
-4425
-4645
-4302
-3367
-2839
-3044
-2723
-1451
-685
-508
14
1322
2033
1941
2156
2597
3199
2432
1727
1544
1092
583
-361
-145
-568
-537
-323
-616
-2
10
725
1038
942
843
1040
1398
1228
1500
1913
2297
2431
2659
3350
4465
5090
5666
6363
6733
6593
6522
6691
6510
6349
5878
5340
4583
3786
3192
2955
2554
1986
1754
858
-1298
-3149
-3777
-4789
-5955
-7549
-8441
-8235
-9355
-9706
-9357
-8625
-7191
-6741
-5310
-4135
-3116
-1226
373
1401
2355
3384
4329
4569
3899
4660
4956
4808
4203
3474
3397
2472
1432
972
525
-262
-1177
-2117
-2614
-3246
-3474
-3433
-3796
-4198
-4339
-4422
-4648
-5166
-4951
-4451
-4672
-5089
-4999
-4013
-3761
-3767
-2995
-1831
-830
-538
168
1598
2419
2727
2833
3378
3507
3064
2925
2708
2599
2203
2071
2070
1735
1657
2016
2087
1694
1350
1164
1235
545
-157
308
419
38
-357
11
1149
1652
1972
2924
3895
4537
4600
4757
5405
5457
5421
5179
4818
4525
4257
4079
3972
3669
3216
3040
2010
812
-14
-852
-1673
-2995
-4011
-4355
-4982
-5810
-6010
-5928
-5799
-5929
-5827
-4864
-4377
-3995
-3376
-2482
-1812
-1800
-1452
-613
-220
-311
-149
281
810
787
901
1202
1421
1224
978
1160
981
716
440
257
-14
-361
-592
-593
-757
-1139
-1237
-1476
-1742
-2077
-2241
-2085
-2441
-2670
-2767
-2995
-2941
-3027
-2783
-2452
-2354
-2109
-1836
-1392
-932
-425
84
152
293
494
677
784
895
1379
1702
1932
2112
2600
3176
3565
3651
3622
3749
3348
2867
2552
2149
1573
950
570
452
470
452
575
1024
1206
1314
1740
2197
2604
2839
2983
3106
3042
2960
3051
3027
2917
2592
2235
1873
1271
793
628
160
-429
-968
-1502
-1784
-2343
-2594
-2471
-2376
-2623
-2700
-2268
-1931
-1698
-1577
-1105
-783
-1088
-1268
-1070
-885
-1174
-1522
-1323
-1163
-1348
-1547
-1303
-1064
-1114
-1335
-1310
-1056
-1342
-1415
-1252
-1225
-1226
-1288
-1261
-1116
-1176
-1204
-938
-785
-904
-844
-616
-563
-743
-956
-830
-845
-1030
-1271
-1266
-1026
-1161
-1496
-1347
-1073
-999
-988
-956
-728
-556
-559
-530
-97
199
385
632
1037
1456
1856
2347
2815
3226
3388
3571
3718
3683
3375
3193
2913
2461
2083
1833
1777
1473
1127
1111
1152
1130
1153
1558
2092
2090
2008
2159
2470
2458
2248
2337
2399
2034
1525
1135
945
662
233
18
-373
-955
-1484
-1806
-2089
-2356
-2546
-2543
-2598
-2783
-2762
-2343
-1901
-1638
-1320
-1194
-955
-796
-790
-612
-557
-473
-485
-704
-759
-833
-857
-890
-1176
-1344
-1350
-1562
-1709
-1715
-1712
-1608
-1716
-1873
-1898
-1850
-1843
-1883
-1710
-1601
-1456
-1249
-1029
-842
-610
-401
-319
-205
-305
-257
2
-28
-248
-279
-306
-161
-188
-191
117
254
274
96
163
422
584
620
758
990
1215
1488
1762
2164
2680
3034
3169
3337
3363
3495
3559
3264
3013
2783
2476
1981
1393
1012
872
538
126
98
294
427
304
395
809
970
926
922
1084
1273
1132
906
896
750
567
364
52
-227
-638
-964
-1394
-1858
-2166
-2333
-2485
-2724
-2905
-2798
-2464
-2244
-1921
-1532
-1170
-840
-522
-306
136
414
510
505
255
221
69
-160
-490
-732
-880
-1202
-1564
-1624
-1513
-1508
-1606
-1745
-1596
-1501
-1708
-1642
-1464
-1302
-1152
-1107
-813
-432
-123
46
202
357
375
364
312
165
90
-32
-330
-460
-449
-415
-215
-73
24
161
190
236
344
525
596
593
670
715
893
1105
1407
1813
2194
2499
2599
2891
3068
3117
3126
2819
2519
2181
1802
1382
941
680
450
251
25
-115
69
258
173
179
358
450
438
309
512
778
676
554
503
594
562
152
-59
-160
-569
-1049
-1528
-1779
-1893
-2237
-2491
-2514
-2387
-2210
-2055
-1725
-1327
-972
-707
-465
-13
405
684
821
818
936
880
702
539
362
177
-219
-610
-933
-1124
-1312
-1572
-1702
-1796
-1820
-1868
-1864
-1756
-1547
-1294
-1103
-921
-554
-150
32
188
304
504
590
397
298
331
171
-136
-383
-402
-442
-612
-608
-466
-331
-340
-332
-103
136
109
179
367
459
568
669
917
1227
1371
1648
1960
2135
2317
2463
2647
2588
2247
2057
1828
1487
1037
487
278
21
-508
-762
-775
-643
-613
-708
-503
-179
-33
23
250
566
662
614
686
724
701
612
490
368
40
-184
-355
-660
-1001
-1242
-1356
-1597
-1888
-1827
-1584
-1595
-1598
-1274
-880
-675
-457
37
626
870
940
1198
1494
1451
1201
1148
1066
682
184
-158
-458
-804
-1175
-1498
-1627
-1802
-1998
-1956
-1875
-1690
-1450
-1164
-786
-467
-84
277
581
837
975
988
1087
960
725
612
357
141
-174
-466
-520
-670
-874
-876
-814
-725
-781
-750
-495
-262
-215
-168
142
440
554
615
836
1209
1469
1473
1542
1796
1949
1844
1676
1625
1589
1305
913
551
377
158
-263
-545
-687
-775
-862
-907
-887
-623
-339
-180
47
353
658
857
876
944
1035
965
723
471
394
225
-86
-319
-455
-627
-801
-1007
-1081
-1059
-1135
-1149
-1159
-1183
-1046
-911
-728
-463
-192
176
501
781
1060
1285
1416
1441
1258
1046
794
465
99
-415
-780
-1052
-1482
-1805
-1916
-1922
-1909
-1960
-1780
-1429
-1200
-993
-648
-258
8
126
374
647
711
735
741
724
586
375
197
31
-163
-358
-480
-586
-706
-720
-693
-778
-783
-702
-629
-531
-482
-335
-16
123
308
600
881
1216
1314
1497
1737
1788
1777
1610
1447
1319
984
673
476
252
79
-155
-321
-318
-362
-346
-322
-312
-156
-38
90
257
492
804
912
940
1102
1286
1322
1174
1111
1097
831
433
155
-50
-299
-649
-896
-966
-1111
-1171
-1153
-1072
-989
-964
-862
-780
-690
-416
-157
61
341
592
848
976
1057
1240
1255
1006
799
551
216
-259
-678
-899
-1217
-1572
-1747
-1749
-1672
-1544
-1390
-1060
-834
-703
-475
-306
-116
51
100
167
154
133
197
161
155
108
-1
-111
-245
-346
-401
-486
-611
-783
-949
-994
-974
-955
-895
-717
-520
-447
-324
24
445
666
802
1103
1382
1483
1476
1598
1689
1488
1189
990
802
517
289
153
1
-219
-350
-286
-282
-348
-229
-28
34
18
166
499
634
591
751
979
1045
1016
1047
1278
1293
1024
889
743
506
140
-231
-412
-642
-964
-1165
-1227
-1217
-1156
-1115
-990
-820
-687
-452
-226
-24
226
410
536
590
626
746
795
727
633
529
397
185
-79
-243
-405
-679
-882
-1033
-1110
-1132
-1097
-993
-904
-823
-711
-517
-380
-292
-183
-67
-41
-91
-66
17
1
-59
-126
-152
-183
-312
-369
-391
-495
-704
-846
-923
-975
-1028
-1016
-865
-745
-627
-428
-117
165
428
699
952
1127
1232
1373
1458
1404
1362
1323
1209
996
784
718
575
322
145
80
-30
-199
-303
-250
-200
-248
-127
53
181
344
518
778
944
986
1118
1181
1136
1082
1001
888
687
409
202
-43
-303
-470
-654
-787
-915
-1018
-989
-1004
-949
-821
-752
-605
-452
-306
-159
25
202
327
379
421
492
497
418
313
290
186
17
-165
-350
-416
-479
-628
-721
-742
-654
-683
-761
-668
-543
-443
-494
-548
-375
-321
-393
-291
-224
-121
-97
-184
-152
-178
-193
-203
-348
-445
-531
-638
-796
-992
-938
-889
-1016
-1040
-875
-648
-513
-382
-58
306
434
531
773
1026
1123
1150
1270
1331
1305
1229
1195
1179
1063
955
845
673
475
324
216
105
-47
-127
-123
-110
-89
9
219
472
645
791
976
1132
1235
1202
1198
1179
1001
756
537
337
92
-135
-272
-363
-537
-664
-639
-631
-665
-679
-601
-535
-611
-612
-494
-395
-331
-208
-37
73
131
267
412
391
387
415
342
134
-88
-168
-246
-465
-632
-624
-639
-755
-795
-675
-573
-595
-657
-626
-597
-658
-735
-684
-613
-609
-618
-571
-443
-348
-285
-262
-212
-208
-322
-438
-505
-599
-693
-793
-879
-904
-882
-820
-662
-500
-350
-128
38
173
339
539
682
732
789
876
913
924
945
1021
1039
916
851
844
750
609
502
414
331
168
14
11
33
54
89
193
382
541
686
824
999
1160
1201
1155
1136
1082
952
779
574
414
275
109
-63
-174
-223
-233
-268
-335
-318
-244
-278
-361
-361
-297
-295
-336
-330
-264
-169
-137
-52
66
154
218
219
179
116
85
52
-122
-318
-396
-494
-644
-790
-811
-723
-795
-933
-920
-828
-753
-767
-721
-602
-564
-556
-571
-510
-372
-336
-356
-406
-410
-361
-438
-523
-485
-446
-523
-708
-762
-621
-609
-658
-600
-435
-322
-354
-266
35
281
380
488
703
888
903
968
1081
1135
1079
913
812
713
526
413
329
244
148
45
54
50
41
105
214
316
368
436
601
727
807
921
1041
1102
1062
1005
970
936
835
696
595
492
314
167
66
26
28
-52
-126
-165
-204
-223
-247
-240
-173
-143
-190
-225
-174
-78
-3
37
65
78
39
-53
-86
-102
-142
-234
-363
-497
-634
-707
-724
-744
-797
-885
-978
-1023
-1069
-1060
-970
-850
-800
-800
-740
-620
-466
-360
-286
-201
-214
-351
-423
-454
-469
-517
-604
-656
-716
-798
-770
-668
-564
-500
-426
-333
-279
-186
-26
190
344
446
594
788
888
974
1104
1251
1261
1138
1045
963
824
624
448
355
272
95
10
2
68
122
169
292
453
556
622
704
809
902
944
965
958
973
934
877
828
796
746
668
543
441
360
272
176
70
-1
-81
-176
-261
-292
-285
-266
-258
-247
-204
-116
-68
-10
85
138
145
88
26
33
-46
-159
-249
-341
-480
-676
-790
-826
-905
-1039
-1086
-1106
-1158
-1242
-1183
-1068
-1019
-1009
-932
-781
-717
-673
-524
-358
-299
-308
-318
-253
-304
-410
-454
-510
-603
-728
-819
-822
-835
-833
-748
-654
-529
-423
-264
-62
108
273
448
623
804
888
965
1074
1132
1157
1139
1141
1129
1041
909
810
723
650
528
432
394
322
268
269
308
400
495
572
650
703
755
819
852
831
820
809
757
659
599
622
637
541
455
458
469
347
212
190
179
35
-189
-278
-274
-358
-511
-527
-454
-411
-420
-355
-184
-54
-15
24
59
104
79
-1
-60
-175
-267
-407
-572
-687
-750
-841
-970
-1081
-1115
-1126
-1186
-1201
-1153
-1084
-1068
-1045
-926
-782
-682
-581
-467
-355
-288
-251
-199
-198
-250
-322
-427
-537
-644
-731
-769
-816
-829
-756
-671
-528
-366
-191
29
217
383
556
733
900
1025
1080
1138
1176
1175
1154
1094
1063
990
858
756
670
600
530
460
437
394
361
379
418
481
541
604
668
698
724
765
772
777
749
686
622
546
491
440
374
319
274
226
165
101
79
47
-15
-116
-186
-245
-326
-411
-459
-467
-480
-500
-477
-383
-280
-200
-126
-37
21
26
-9
-42
-122
-207
-335
-472
-588
-678
-750
-840
-892
-893
-877
-906
-939
-920
-865
-895
-918
-872
-771
-732
-728
-642
-502
-416
-378
-288
-198
-180
-250
-311
-361
-443
-550
-628
-673
-715
-713
-658
-573
-439
-256
-70
102
259
446
637
746
850
941
1014
1009
962
964
963
916
830
771
731
678
585
539
523
507
462
439
468
511
539
584
657
695
731
747
793
813
797
780
769
719
632
558
528
465
341
259
211
161
66
14
22
13
-59
-132
-148
-167
-243
-329
-355
-353
-388
-435
-420
-346
-292
-275
-227
-158
-126
-145
-183
-209
-260
-358
-468
-555
-619
-705
-768
-787
-784
-775
-745
-714
-692
-683
-680
-674
-701
-726
-731
-736
-749
-737
-681
-579
-499
-425
-347
-276
-256
-270
-288
-305
-358
-448
-509
-546
-538
-524
-449
-338
-199
-78
75
249
420
577
692
792
833
853
858
866
842
805
768
734
683
649
680
687
657
627
617
610
589
560
584
610
590
572
584
636
686
711
748
778
780
758
734
716
707
658
566
451
347
280
197
101
47
19
-43
-137
-192
-168
-180
-233
-300
-335
-352
-408
-436
-426
-389
-366
-372
-375
-339
-299
-279
-299
-342
-369
-396
-477
-560
-588
-574
-610
-706
-731
-685
-640
-680
-714
-657
-604
-669
-739
-731
-663
-685
-775
-759
-668
-616
-606
-549
-425
-324
-313
-276
-231
-196
-203
-241
-274
-294
-307
-293
-285
-255
-172
-59
65
154
281
443
595
639
675
746
827
815
755
755
794
780
702
688
748
778
713
672
678
690
615
531
488
463
392
318
303
332
387
437
499
566
651
722
773
773
760
719
648
515
359
267
190
74
-61
-135
-154
-190
-235
-256
-215
-210
-268
-320
-328
-311
-343
-383
-397
-387
-404
-423
-424
-372
-351
-353
-371
-393
-407
-433
-471
-511
-537
-573
-593
-631
-636
-612
-583
-582
-586
-584
-574
-597
-620
-613
-601
-610
-635
-607
-566
-532
-505
-441
-381
-338
-306
-247
-187
-150
-125
-89
-49
-32
-13
20
70
99
151
216
262
327
394
481
551
586
654
718
748
757
795
834
840
799
795
805
780
727
683
668
637
557
489
460
406
353
282
264
248
243
251
294
355
434
515
577
631
645
654
617
533
419
311
185
43
-122
-216
-265
-332
-404
-443
-401
-369
-402
-424
-388
-374
-412
-491
-500
-476
-522
-577
-577
-524
-490
-508
-486
-412
-383
-395
-419
-430
-427
-473
-508
-529
-559
-563
-564
-559
-553
-564
-551
-532
-563
-572
-556
-505
-487
-510
-478
-389
-352
-350
-316
-233
-163
-198
-204
-141
-68
-57
-61
2
107
139
147
232
348
420
438
480
560
590
591
626
681
715
716
750
806
840
843
891
902
864
803
759
736
645
548
499
465
387
302
264
296
268
226
228
263
274
250
286
367
404
381
407
446
452
386
354
335
250
100
-18
-94
-197
-326
-425
-447
-486
-548
-583
-546
-518
-534
-568
-559
-562
-617
-657
-675
-658
-657
-659
-627
-572
-503
-427
-382
-339
-297
-274
-293
-342
-364
-367
-405
-477
-503
-487
-483
-512
-515
-455
-414
-417
-417
-364
-309
-296
-310
-289
-251
-257
-260
-240
-199
-180
-159
-129
-95
-63
-2
63
128
196
278
391
452
497
576
663
696
705
727
769
773
734
722
753
770
742
715
727
736
671
615
576
544
462
361
313
278
238
199
183
195
211
208
233
269
297
331
345
337
344
335
325
313
274
260
219
145
68
7
-33
-118
-224
-294
-355
-424
-503
-548
-550
-560
-604
-629
-640
-651
-682
-715
-720
-707
-732
-724
-689
-634
-561
-492
-403
-339
-280
-239
-213
-211
-204
-232
-265
-329
-373
-378
-389
-387
-356
-295
-233
-194
-155
-73
-18
7
-9
-16
-37
-92
-157
-178
-179
-189
-195
-186
-127
-82
-34
42
136
213
276
340
424
500
574
654
715
768
803
828
854
852
837
819
755
667
582
495
422
331
249
212
166
124
99
115
155
176
183
215
247
249
249
260
286
275
250
247
256
244
227
227
237
209
150
113
71
-3
-76
-134
-195
-263
-344
-387
-408
-430
-462
-465
-464
-477
-518
-538
-537
-568
-611
-639
-648
-651
-647
-619
-550
-488
-415
-363
-288
-232
-197
-178
-167
-168
-208
-241
-271
-291
-318
-305
-268
-226
-196
-121
-47
22
63
96
126
121
84
16
-30
-84
-150
-219
-250
-258
-263
-265
-214
-145
-78
-10
63
152
240
327
405
515
609
688
747
797
850
873
865
837
781
691
585
454
322
207
106
16
-63
-108
-108
-72
-28
54
139
235
297
352
407
439
459
427
404
373
332
275
242
219
221
204
174
158
141
113
67
15
-44
-98
-186
-265
-328
-342
-361
-383
-381
-361
-336
-329
-322
-319
-318
-357
-408
-455
-487
-522
-550
-553
-522
-487
-452
-393
-333
-274
-237
-212
-201
-220
-272
-301
-332
-357
-371
-357
-317
-278
-215
-123
-20
51
104
134
151
127
50
-9
-76
-151
-243
-325
-354
-372
-380
-353
-290
-209
-138
-72
31
140
247
345
443
543
627
694
765
821
849
853
818
749
631
511
386
260
117
0
-90
-161
-212
-214
-155
-77
-1
75
178
268
341
392
454
486
468
417
376
358
313
264
214
196
162
104
68
63
54
13
-41
-88
-132
-202
-253
-274
-284
-292
-316
-316
-289
-256
-231
-186
-166
-164
-187
-219
-251
-294
-329
-376
-417
-465
-493
-493
-464
-427
-388
-357
-320
-313
-314
-306
-291
-285
-312
-317
-313
-292
-262
-201
-105
-9
57
113
174
218
230
200
162
101
-6
-118
-215
-277
-318
-356
-370
-349
-294
-227
-149
-46
85
196
300
398
499
601
680
738
785
815
797
750
684
614
521
417
299
194
104
22
-44
-64
-60
-38
9
37
101
162
219
275
316
360
376
367
364
377
385
384
361
331
295
251
183
126
69
19
-63
-160
-212
-250
-272
-303
-291
-268
-257
-253
-224
-180
-140
-128
-134
-134
-154
-189
-233
-246
-273
-320
-377
-423
-453
-481
-483
-477
-469
-471
-471
-458
-427
-393
-360
-318
-303
-297
-293
-242
-198
-166
-132
-85
-37
-3
34
85
144
156
134
101
86
40
-24
-84
-115
-160
-224
-261
-243
-201
-168
-111
-32
64
146
244
348
471
567
623
666
712
731
723
706
665
604
527
442
350
274
213
159
101
59
42
57
76
90
120
159
188
196
203
250
281
288
280
298
319
317
303
296
297
251
173
95
36
-56
-149
-244
-300
-349
-400
-422
-389
-335
-286
-224
-163
-102
-80
-55
-54
-75
-123
-180
-250
-325
-393
-445
-484
-518
-536
-539
-517
-517
-513
-502
-474
-461
-460
-454
-424
-396
-388
-352
-293
-223
-178
-142
-93
-23
1
6
22
34
23
-16
-42
-62
-75
-107
-140
-159
-161
-167
-177
-157
-133
-100
-79
-51
-13
38
102
169
237
304
364
401
444
474
507
520
507
471
438
410
366
332
307
288
257
223
210
218
224
223
216
215
209
202
206
210
227
248
246
247
265
289
309
320
311
295
252
194
137
85
31
-41
-96
-157
-183
-202
-197
-165
-130
-92
-56
-26
6
38
51
37
4
-43
-107
-176
-246
-293
-347
-389
-421
-449
-445
-434
-410
-400
-376
-360
-351
-346
-338
-310
-296
-287
-277
-234
-193
-146
-108
-50
-3
22
32
31
47
27
0
-41
-68
-103
-142
-175
-179
-171
-173
-163
-136
-102
-69
-36
-7
38
70
113
152
197
240
275
310
338
365
371
385
382
364
347
333
309
285
265
259
259
244
246
246
263
257
238
231
225
206
180
180
191
197
194
198
215
225
221
220
204
175
123
58
3
-54
-103
-149
-168
-176
-169
-146
-104
-55
-15
28
45
53
41
14
-10
-51
-104
-158
-199
-237
-272
-294
-296
-304
-325
-339
-344
-347
-363
-378
-386
-386
-387
-386
-367
-319
-278
-240
-207
-157
-122
-92
-63
-39
-15
-16
-8
-15
-8
-10
-12
-13
-13
-26
-36
-51
-60
-64
-75
-79
-81
-77
-68
-44
-19
32
60
110
147
183
214
233
255
263
273
274
280
266
257
254
266
263
254
250
252
242
227
224
220
218
202
194
190
186
181
180
197
206
208
206
207
203
192
170
140
110
60
13
-42
-78
-125
-154
-173
-179
-174
-158
-121
-79
-26
7
38
54
61
39
23
-12
-58
-108
-166
-214
-251
-271
-280
-275
-270
-271
-269
-261
-262
-261
-271
-278
-293
-302
-307
-296
-271
-237
-205
-180
-145
-119
-102
-91
-81
-82
-95
-113
-121
-128
-119
-104
-70
-47
-20
-1
21
45
54
60
35
14
-21
-36
-44
-37
-36
-13
21
51
84
118
163
184
207
205
210
201
205
200
209
214
221
231
235
255
267
274
257
249
219
194
166
157
140
133
136
135
142
157
183
185
196
190
174
139
105
63
22
-5
-44
-69
-95
-85
-76
-57
-27
1
28
38
48
52
54
31
5
-43
-78
-130
-161
-194
-218
-225
-239
-239
-246
-231
-228
-204
-200
-196
-205
-202
-212
-221
-214
-218
-214
-222
-212
-214
-202
-196
-182
-175
-164
-162
-162
-152
-136
-118
-103
-79
-57
-29
-13
11
28
43
38
22
6
-17
-36
-57
-69
-68
-65
-50
-19
9
47
95
133
166
195
220
227
229
228
219
219
208
209
216
230
238
247
249
247
240
223
208
181
161
143
139
126
126
139
162
175
202
225
225
214
186
155
107
50
6
-42
-77
-102
-118
-98
-77
-36
3
47
79
98
110
102
83
50
10
-53
-107
-153
-187
-214
-226
-225
-225
-223
-215
-200
-184
-177
-183
-186
-198
-195
-202
-189
-180
-170
-152
-142
-126
-117
-104
-107
-108
-121
-135
-146
-164
-153
-142
-116
-92
-73
-34
0
29
60
79
81
72
47
21
1
-21
-41
-55
-53
-45
-31
-11
17
51
83
106
125
139
158
164
169
177
174
187
193
202
225
240
253
250
246
231
214
191
164
143
117
88
71
75
73
87
84
99
106
107
104
88
75
45
10
-22
-42
-67
-73
-79
-57
-49
-26
2
20
51
67
85
79
69
39
19
-15
-48
-87
-118
-146
-161
-172
-179
-179
-183
-173
-179
-176
-179
-178
-181
-185
-182
-172
-173
-166
-152
-137
-132
-127
-110
-104
-97
-95
-92
-88
-92
-90
-78
-66
-54
-29
-19
-1
19
29
43
48
48
32
21
4
-14
-38
-45
-58
-60
-67
-59
-35
-22
0
19
47
63
84
92
107
123
143
155
171
186
206
221
223
240
238
233
221
212
185
167
137
118
98
79
67
56
62
60
61
61
63
48
38
22
10
-3
-18
-22
-28
-19
-12
4
11
29
44
45
46
41
35
15
2
-16
-29
-42
-63
-71
-89
-93
-102
-108
-118
-132
-149
-164
-183
-189
-211
-217
-219
-227
-221
-214
-203
-201
-182
-180
-163
-160
-156
-152
-143
-137
-132
-116
-105
-85
-74
-50
-36
-19
-12
-6
-6
-7
-8
-14
-23
-31
-40
-51
-51
-58
-54
-52
-48
-39
-32
-19
-14
0
13
33
53
66
88
103
124
147
157
177
194
205
220
231
235
228
237
224
216
211
200
194
172
164
150
139
124
122
114
103
92
77
69
54
47
26
18
14
10
1
16
25
36
54
69
83
92
104
104
104
90
75
63
38
23
3
-13
-22
-48
-53
-66
-72
-95
-107
-129
-139
-160
-176
-189
-203
-203
-214
-204
-200
-179
-173
-152
-144
-136
-132
-125
-131
-126
-125
-127
-110
-108
-83
-76
-51
-37
-14
-8
6
7
10
4
-17
-29
-41
-47
-63
-67
-82
-73
-76
-63
-58
-48
-41
-38
-30
-22
-6
6
23
35
63
76
94
121
138
159
173
181
188
184
181
176
163
159
148
132
126
116
124
118
123
115
111
101
95
92
77
71
55
50
32
37
29
39
38
43
46
58
63
72
86
85
98
89
92
81
81
68
65
50
36
19
13
-9
-26
-37
-62
-79
-103
-107
-125
-130
-143
-142
-149
-150
-149
-150
-142
-133
-124
-116
-113
-113
-108
-112
-114
-112
-112
-123
-121
-115
-113
-108
-104
-94
-87
-80
-61
-66
-52
-55
-54
-66
-65
-70
-74
-76
-85
-83
-94
-73
-76
-57
-59
-39
-24
-12
7
28
40
54
82
93
116
125
148
157
174
184
199
197
198
195
190
186
170
160
149
139
126
132
120
126
124
128
122
113
106
95
92
73
66
63
56
49
57
61
73
78
85
91
98
103
99
92
75
67
45
30
16
-1
-14
-29
-37
-55
-69
-86
-98
-111
-129
-140
-157
-164
-179
-187
-190
-186
-184
-181
-174
-162
-158
-151
-141
-141
-133
-140
-135
-140
-135
-134
-130
-123
-112
-104
-95
-91
-78
-70
-72
-58
-66
-62
-70
-76
-75
-73
-74
-74
-68
-60
-53
-50
-50
-37
-29
-21
-16
-5
12
25
44
57
78
86
106
117
133
142
150
158
161
161
166
171
165
165
153
158
142
144
129
130
123
107
103
98
90
84
81
71
72
65
68
61
69
59
66
61
72
70
76
83
83
86
75
76
60
57
48
41
20
10
-8
-15
-29
-50
-54
-76
-85
-94
-96
-107
-116
-123
-136
-134
-142
-132
-135
-133
-131
-131
-124
-129
-118
-114
-107
-103
-97
-99
-93
-92
-82
-80
-79
-75
-75
-73
-69
-64
-64
-57
-60
-56
-60
-59
-67
-67
-71
-76
-73
-77
-71
-73
-69
-64
-53
-51
-34
-26
-19
1
10
28
39
52
57
68
75
92
91
93
95
91
103
101
101
102
95
87
83
70
72
58
46
37
28
32
23
20
17
13
19
15
13
20
16
22
25
33
47
45
52
63
64
68
69
67
69
57
50
35
27
16
-7
-19
-29
-48
-64
-80
-88
-94
-117
-111
-120
-127
-122
-113
-102
-104
-93
-87
-86
-68
-51
-45
-35
-36
-29
-28
-35
-27
-33
-23
-18
-22
-17
-10
-7
-7
-8
-10
0
-4
-4
-11
2
5
0
0
1
10
3
20
19
29
26
33
39
48
53
61
67
79
92
90
120
105
128
126
133
136
127
130
127
123
111
113
95
93
66
66
63
47
49
32
30
22
17
18
11
12
19
19
15
23
8
21
7
6
10
4
11
10
18
5
24
3
2
4
-1
-1
-4
-22
-7
-35
-52
-32
-90
-61
-101
-93
-73
-126
-85
-92
-134
-94
-129
-95
-72
-132
-36
-90
-73
-43
-100
-16
-70
-66
3
-67
-23
4
-82
14
-83
-57
33
-116
14
-40
-2
42
-30
34
20
-18
42
43
19
113
20
123
43
36
105
25
52
60
69
64
74
6
96
13
52
68
31
103
75
104
119
91
105
129
52
106
80
72
113
42
65
55
-7
33
-21
-39
7
-54
-4
-21
-44
20
-60
-52
-10
-71
-14
-28
-38
36
-64
5
6
-61
21
-43
33
23
-12
79
24
7
34
-1
33
-5
-15
49
-41
-16
-19
-69
-38
-115
-67
-81
-115
-78
-120
-90
-108
-125
-81
-105
-95
-56
-62
-22
-41
-18
6
-49
-14
-29
-14
3
-23
13
-12
-19
-16
-38
-31
-22
-29
-8
-17
-4
3
-13
-2
-32
-17
-11
-11
-9
5
11
21
9
6
7
21
15
22
41
42
67
51
75
72
87
106
101
105
104
105
101
77
50
59
32
19
9
-4
9
-27
-20
-24
-32
-38
-40
-19
-21
-13
-2
14
3
11
18
21
7
15
13
14
11
2
18
10
6
10
0
0
5
-9
15
-21
-20
-12
-31
-22
-41
-36
-22
-48
-42
-38
-57
-35
-50
-45
-32
-39
-28
-24
-21
-9
-32
-15
0
-25
-13
-19
-26
-27
-49
-43
-51
-72
-48
-70
-62
-62
-66
-45
-46
-39
-25
-15
-10
9
20
40
40
49
61
72
57
70
62
67
61
36
38
10
9
7
-6
-10
-7
-24
-7
-26
-14
-7
-17
-1
0
30
32
44
56
50
54
60
63
62
61
76
66
69
63
49
60
37
35
32
23
32
-6
3
3
-27
-29
-38
-39
-32
-44
-21
-15
-22
13
-3
15
25
25
59
50
60
80
67
80
57
52
62
48
46
42
28
14
4
-30
-23
-57
-60
-59
-69
-65
-73
-74
-82
-79
-82
-57
-75
-49
-43
-29
-9
-20
3
3
7
6
17
18
29
16
22
17
-2
-3
-20
-17
-36
-35
-22
-25
-44
-34
-35
-54
-49
-51
-38
-46
-37
-15
-21
-7
1
7
16
29
33
46
45
53
52
49
53
39
45
38
30
23
25
18
11
0
-4
-15
-20
-34
-35
-39
-44
-41
-50
-32
-41
-35
-25
-12
-9
6
16
31
31
41
59
49
56
56
69
66
62
58
65
38
26
27
17
4
-9
5
-6
-9
-14
-9
-15
-23
-18
-10
-12
-18
-12
-12
-20
-24
-17
-16
-19
-9
0
7
2
-4
1
-8
-14
-19
-24
-30
-43
-45
-52
-56
-60
-60
-62
-61
-57
-60
-51
-51
-38
-42
-38
-34
-31
-25
-17
-10
-10
2
3
10
7
14
17
3
7
10
6
0
-10
-14
-18
-29
-32
-31
-34
-38
-47
-39
-33
-42
-25
-28
-21
-15
-10
7
5
6
20
18
18
26
23
35
28
32
41
36
34
31
24
29
20
16
20
5
5
7
9
8
8
13
18
7
13
17
20
14
18
27
19
26
22
28
24
32
34
36
42
36
36
37
30
32
17
16
18
6
7
0
-11
-8
-22
-19
-21
-27
-27
-28
-32
-32
-26
-31
-26
-34
-24
-27
-21
-15
-10
-1
1
-6
4
2
-7
-7
-10
2
-5
4
6
4
-1
8
3
3
4
0
4
-5
-2
-9
-7
-8
-10
-9
-9
-12
-2
7
11
11
12
16
16
11
12
19
12
16
14
15
12
4
2
-3
-13
-10
-15
-16
-15
-24
-16
-13
-13
-4
-2
12
14
18
28
28
28
32
33
24
31
26
31
23
26
23
20
19
12
12
12
17
6
10
4
5
-3
1
-5
-10
-12
-11
-10
-11
-9
-10
-4
-6
3
-1
3
1
0
4
3
-4
-1
4
-2
3
-4
0
-8
-16
-18
-19
-21
-33
-29
-32
-35
-32
-30
-23
-23
-21
-16
-15
-6
-2
9
15
13
25
20
18
16
10
5
5
0
-7
-7
-16
-16
-17
-10
-13
-17
-16
-9
-3
-2
7
3
6
5
10
7
7
4
2
1
-1
0
1
-1
-9
-6
-8
-7
0
-1
6
10
19
19
14
16
15
11
9
7
-4
0
1
-6
-7
-10
-10
-11
-13
-10
-10
-11
-7
-10
-6
-9
-5
-6
-6
-4
-4
-1
-10
6
-1
0
-4
-6
-9
-15
-11
-14
-10
-15
-13
-6
-11
-10
-6
-8
-4
-16
-10
-16
-12
-25
-31
-25
-40
-30
-33
-25
-22
-16
-6
5
8
18
22
28
24
25
24
14
21
0
13
-5
-13
-15
-19
-16
-26
-7
-19
-11
-19
-2
6
2
18
14
24
23
36
32
32
35
41
30
28
28
26
29
20
21
19
21
13
21
12
19
17
16
23
23
25
25
35
20
29
22
22
23
13
15
13
11
1
9
6
0
11
7
12
7
8
18
6
15
4
10
9
2
1
-8
1
-16
-8
-17
-16
-10
-17
-1
-10
1
-3
-3
3
13
3
6
9
2
5
-9
-8
-19
-16
-29
-20
-22
-22
-26
-15
-10
-14
4
-6
12
3
-2
3
-3
-4
-13
-15
-12
-25
-18
-28
-23
-23
-28
-16
-10
-10
-12
1
-10
3
3
7
26
19
15
29
22
10
24
9
6
16
0
3
10
-7
4
-9
-10
3
-12
-3
6
27
6
16
37
10
38
42
20
53
33
14
37
28
0
2
19
-13
10
-24
-4
14
-25
-12
3
13
-28
0
2
10
-14
9
-75
95
-24
-123
221
-192
133
-75
-43
126
-166
134
-202
260
-241
79
20
-165
234
-397
316
-281
116
-58
-204
292
-413
262
-232
58
29
-181
136
-119
87
-123
94
-76
51
-53
-12
37
-66
37
-93
68
-73
16
-43
15
-20
-7
-3
-35
46
-78
38
-23
2
31
-44
45
-3
17
18
-11
48
-16
8
12
-24
30
-28
-8
7
-9
16
-31
50
-22
19
3
2
45
-27
51
-19
42
14
-14
47
-4
19
9
5
14
-22
14
-13
-11
5
-40
-6
-6
-27
-12
-10
-22
-1
-5
-12
2
-14
-17
28
-43
27
3
-12
42
-50
62
-44
21
-7
-39
45
-61
19
-28
-4
-28
-19
-19
-26
-11
-48
7
-37
5
-36
-9
3
-28
20
-22
45
-27
15
21
-20
40
-43
30
-13
4
-11
-16
46
-52
47
-14
13
21
-24
50
-29
45
-10
10
39
-15
39
23
38
29
40
17
50
19
25
49
8
44
14
35
34
19
31
39
14
39
28
32
41
0
60
20
49
43
37
72
33
63
50
53
48
37
51
23
36
20
10
32
-7
6
17
-14
7
-12
6
-5
-10
-8
-24
2
-27
-13
-9
-9
-25
1
-3
-6
-10
-19
-1
-33
-5
-46
-12
-29
-51
-22
-44
-33
-49
-42
-52
-33
-53
-38
-35
-44
-39
-50
-23
-39
-27
-32
-12
-24
-22
-21
-25
-10
-28
-8
-15
-13
-6
-11
-10
0
-17
2
2
-4
14
-10
12
3
10
13
15
16
12
44
7
27
44
3
44
19
19
36
10
38
-2
44
3
14
51
-25
53
-13
25
26
-8
45
-8
41
3
20
29
6
21
-9
13
-3
2
-1
-5
-13
-21
-7
-20
-19
0
-32
0
-20
-15
13
-34
28
-28
9
2
-22
16
-18
7
-10
0
0
-4
-15
4
-20
-16
-8
-29
1
-26
-13
-22
-5
-22
-18
-10
-9
6
-17
13
-15
-2
-16
-10
-12
-10
-11
-18
8
-22
-6
-18
-4
-8
0
-2
-8
4
-7
-6
-6
3
-14
2
4
-1
7
-4
6
0
7
7
10
12
10
17
-6
15
1
-7
17
-5
0
9
-6
10
6
0
21
2
30
16
10
23
3
22
1
15
7
-1
7
-1
2
-6
10
-18
2
-8
-16
-1
-27
-13
-31
-22
-31
-24
-15
-32
-16
-16
-25
-13
-29
-17
-19
-21
-5
-32
0
-31
-17
-19
-26
-21
-35
-13
-30
-16
-23
-22
-21
-18
-15
-16
-18
-8
-13
-9
-2
-15
-4
-19
-6
-2
-13
-3
-5
-3
-1
-1
2
-4
4
4
3
9
-4
4
6
9
7
12
10
2
17
1
17
13
20
21
23
44
21
44
28
41
48
33
45
35
35
32
31
28
25
26
27
15
23
23
23
23
20
23
22
23
24
29
26
33
31
34
35
29
34
35
32
21
21
21
15
16
4
9
0
-4
0
-7
-6
-11
-12
-10
-11
-15
-10
-11
-13
-15
-14
-12
-18
-23
-16
-16
-22
-18
-25
-24
-27
-25
-29
-26
-27
-14
-23
-21
-16
-22
-12
-25
-8
-16
-12
-12
-14
-9
-12
-7
-4
-7
1
-7
-2
-2
-13
-3
-14
-1
-17
-9
-16
-15
-9
-14
-2
-12
-3
2
5
9
13
19
16
20
26
26
32
28
32
28
22
29
16
25
20
16
17
7
16
7
9
7
13
6
5
5
7
17
12
16
13
16
15
16
12
19
6
8
13
7
3
0
3
-12
-7
-11
-13
-24
-17
-19
-20
-14
-13
-8
-10
-2
-6
6
6
10
5
9
12
13
10
3
5
3
6
3
-1
-2
-7
-11
-7
-16
-10
-20
-19
-21
-18
-16
-20
-13
-21
-11
-14
-14
-4
-6
0
-4
4
9
1
4
3
0
0
0
-1
-6
-9
-11
-9
-6
-16
-11
-13
-10
-8
-8
-9
-10
-8
-9
-5
-10
-9
-9
-4
-6
6
2
7
11
7
11
3
3
-4
4
-2
1
-1
-1
1
4
3
-1
0
-1
0
5
10
5
6
8
11
4
11
10
8
9
2
1
0
9
-3
-4
1
-5
-6
-6
-6
-6
-5
-10
-4
-4
-4
-5
-7
-6
-10
-10
-8
-7
-14
-16
-16
-17
-24
-28
-23
-24
-21
-14
-15
-16
-10
-8
-10
-9
-10
-6
-5
4
4
2
7
3
4
1
1
1
0
-5
-4
-6
-12
-10
-14
-11
-9
-12
-16
-15
-16
-15
-17
-13
-4
-7
-7
0
-2
1
6
2
10
-1
3
1
4
4
-1
3
-3
-4
-9
-6
-13
-4
-5
-1
-3
0
0
7
9
9
12
11
16
7
25
7
12
11
15
13
6
12
11
14
3
6
0
0
-12
-7
-15
-7
-8
-11
-3
-8
3
-1
5
1
6
7
13
16
19
23
23
19
16
23
14
14
7
9
10
4
12
8
8
7
6
7
9
4
4
5
4
10
5
2
9
7
-2
7
10
10
13
19
14
16
10
0
7
10
13
15
19
12
16
13
16
9
18
17
16
23
23
21
23
25
16
26
22
16
14
13
16
12
18
7
7
5
0
4
0
3
-7
-5
-6
-7
-12
-7
-10
-6
-4
3
7
6
11
13
25
20
21
14
20
12
9
3
12
10
0
6
3
4
-5
2
-2
-3
1
6
3
6
0
3
3
1
0
-4
-2
-6
0
-3
-3
-9
-8
-7
-8
-11
-14
-11
-16
-15
-17
-20
-23
-28
-26
-25
-27
-28
-21
-26
-20
-12
-13
-15
-17
-13
-17
-12
-13
-14
-20
-18
-23
-19
-25
-24
-28
-32
-29
-31
-32
-33
-29
-36
-29
-34
-31
-31
-31
-35
-33
-29
-29
-30
-28
-22
-19
-14
-22
-23
-22
-21
-22
-22
-22
-23
-25
-25
-22
-19
-17
-10
-13
-9
-8
-10
-11
-11
-7
-11
-3
-4
-5
-9
-13
-16
-10
-15
-10
-13
-11
-9
-5
-1
-11
2
-6
3
6
9
5
7
9
4
9
13
16
13
22
21
24
27
26
23
22
15
22
20
18
17
14
15
13
13
13
14
15
19
19
17
13
16
19
25
25
19
28
25
18
22
19
20
13
18
14
13
7
10
11
4
11
5
5
8
12
6
13
14
14
16
19
22
23
28
27
27
24
28
21
23
19
14
9
9
5
9
6
5
2
-3
6
3
9
9
14
17
19
13
15
16
19
20
15
16
17
15
15
18
8
6
6
13
7
13
10
7
7
-2
1
-6
-5
-7
-6
1
-3
1
-4
-3
-8
-6
-4
-5
-4
-6
-1
-7
-1
-5
-3
-8
-3
-6
-8
-5
0
-3
-5
-1
-11
-2
-12
-14
-22
-17
-21
-18
-18
-17
-17
-12
-9
-11
-6
-13
-5
-13
-6
-6
2
-5
-5
-6
-7
0
-7
-3
-2
0
-8
-2
-4
-3
-9
-4
-3
-10
-4
-13
-9
-15
-9
-9
-9
-6
-3
2
-3
3
-2
6
4
6
10
9
9
6
10
6
3
7
6
7
6
8
6
3
6
-3
-1
1
1
-7
-6
0
-9
-12
-9
0
-1
3
8
3
8
4
0
2
-2
-4
0
-2
-6
-1
-9
-8
-5
-8
-10
-10
-17
-18
-14
-18
-23
-15
-23
-24
-19
-19
-19
-20
-17
-16
-22
-18
-18
-15
-20
-15
-13
-18
-7
-11
-7
-18
-10
-16
-12
-17
-15
-9
-14
-10
-13
-3
-6
0
-9
1
-2
2
1
6
4
3
-4
-2
0
-5
2
4
5
7
17
14
21
11
21
13
11
8
7
15
4
16
10
13
16
19
13
13
19
13
20
15
22
26
25
20
20
13
16
15
11
17
14
23
17
22
14
17
15
14
14
13
16
13
16
17
19
12
22
15
16
13
16
17
12
15
12
15
8
3
-4
-3
-2
4
-3
-3
-10
-10
-10
-13
-9
-15
-12
-15
-10
-9
-7
-7
-4
-6
-5
1
0
5
-2
0
-3
0
0
-3
-2
-9
-3
-11
-6
-7
-10
-11
-8
-11
-10
-9
-8
-2
-6
0
-1
-1
-4
5
3
8
11
16
9
7
8
6
0
-4
0
1
6
-1
1
-3
-1
-1
5
6
4
6
9
17
11
15
11
12
15
20
26
23
25
19
20
18
20
11
12
15
14
15
13
14
4
4
-2
0
-3
3
-6
-6
3
0
-1
-4
-3
-4
-2
-4
-5
-13
-8
-6
-3
-5
-7
-13
-17
-16
-12
-17
-19
-9
-16
-19
-15
-13
-16
-14
-18
-17
-16
-15
-12
-6
-5
-6
-3
-4
-12
-15
-15
-19
-18
-17
-15
-15
-9
-6
-6
-3
-4
-5
-3
-7
-9
-10
-9
-9
-5
0
5
3
9
12
4
6
3
0
0
0
8
2
2
2
3
7
5
7
4
14
4
10
10
3
0
1
-2
1
3
0
2
-9
-4
-12
-9
-18
-12
-15
-19
-12
-12
-12
-12
-10
-12
-11
-12
-9
-13
-9
-15
-9
-15
-17
-9
-19
-14
-12
-13
-17
-16
-20
-19
-18
-15
-23
-22
-21
-29
-20
-25
-27
-32
-26
-29
-31
-29
-24
-27
-27
-22
-23
-14
-18
-16
-19
-15
-11
-8
-9
-19
-19
-16
-9
-12
-9
-12
-8
-7
-8
-7
-6
-2
3
9
4
6
4
6
3
7
10
11
10
12
19
11
13
11
10
7
7
5
5
7
6
1
6
12
10
19
13
19
22
25
26
24
22
21
19
13
18
12
17
8
12
4
4
4
7
1
-3
4
-3
8
2
8
-3
3
4
6
1
5
7
1
6
4
9
0
7
-5
1
-5
-8
-9
-16
-18
-20
-16
-22
-16
-21
-9
-12
-12
-5
3
6
3
2
4
9
7
13
11
19
16
13
23
23
20
15
16
6
5
6
0
0
1
-4
-8
-2
-8
-3
0
2
-6
1
9
5
15
18
25
24
26
26
32
28
35
28
28
30
30
24
19
23
13
17
9
12
13
15
14
13
12
13
13
13
16
17
19
15
20
16
15
14
8
4
7
5
-2
-5
-7
-8
-13
-12
-13
-13
-10
-14
-10
-9
-4
-5
-4
3
0
5
6
15
0
4
14
8
6
11
14
3
3
1
-3
-8
0
-3
-4
-4
-3
-1
6
3
5
6
0
1
-10
4
-3
0
2
4
5
4
9
0
0
3
7
2
8
9
11
10
9
12
7
16
12
16
16
20
18
19
22
16
19
13
18
17
21
13
18
15
12
5
5
4
6
3
-6
0
-6
-1
-6
-3
-7
-10
-3
-9
-7
-6
-7
-10
-7
-7
-8
-12
-16
-19
-13
-15
-15
-13
-16
-14
-20
-22
-25
-31
-28
-25
-28
-27
-24
-16
-15
-19
-13
-16
-13
-11
-15
-16
-15
-16
-20
-24
-24
-22
-25
-31
-29
-31
-39
-35
-30
-27
-31
-29
-22
-25
-22
-20
-15
-22
-13
-13
-9
-13
-12
-6
-13
-10
-10
0
-3
6
6
2
0
-2
-6
4
0
-1
1
3
6
-1
6
3
6
7
12
9
15
12
12
11
11
15
8
12
8
9
8
6
9
11
15
12
8
13
15
11
16
19
19
19
21
22
18
22
20
19
19
19
17
16
21
23
22
21
15
9
13
10
4
3
6
2
5
4
-2
-6
-6
-4
-4
1
1
8
-1
-1
-1
-3
1
-1
3
2
3
3
5
4
2
8
0
4
-1
-10
-9
-5
-10
-11
-11
-16
-8
-16
-14
-14
-16
-10
-8
-2
-4
2
-2
0
4
-2
7
8
3
6
5
7
12
1
6
1
2
3
6
-1
3
8
0
3
-1
6
6
11
10
10
6
15
9
8
13
10
10
6
9
0
12
3
1
3
4
3
3
3
6
7
3
9
7
13
7
8
6
3
6
9
13
10
16
12
15
13
16
5
-2
0
-4
-5
-7
-6
-13
-3
-3
0
2
3
1
2
3
5
3
-2
0
-3
1
-5
-1
-10
-8
-11
-9
-3
-10
-8
-15
-16
-16
-12
-18
-14
-10
-3
-4
-5
-6
-8
-3
-6
-2
-3
1
-2
0
4
7
10
12
10
11
11
12
12
4
3
-1
-1
-1
-4
-3
-7
1
-4
-6
-6
-7
-5
-6
-5
-5
1
-2
-3
0
-2
-10
-6
-13
-13
-10
-9
-17
-19
-19
-25
-16
-16
-6
-16
-12
-15
-18
-18
-14
-16
-17
-11
-16
-16
-21
-15
-18
-19
-19
-19
-22
-19
-23
-21
-21
-25
-27
-29
-19
-21
-18
-22
-20
-19
-16
-12
-13
-10
-10
-9
-6
-3
-11
-9
-10
-4
-10
-15
-14
-18
-14
-20
-13
-15
-14
-15
-10
-9
-12
-8
-12
-11
-12
0
0
3
6
11
3
2
6
7
7
2
9
8
5
6
2
-1
5
7
6
5
0
3
-3
6
3
6
7
-4
3
4
6
-1
7
5
9
13
14
12
4
13
12
13
13
14
17
19
13
13
10
11
12
15
19
15
22
11
13
16
17
21
18
22
19
23
18
15
13
14
9
1
7
1
2
-1
3
3
4
2
3
-2
0
-1
8
6
6
10
3
7
8
11
10
12
10
15
13
12
-1
0
0
-6
0
-8
-4
-7
-3
-8
-3
-2
-2
0
0
6
-3
6
7
7
4
6
12
7
6
4
6
4
9
3
6
5
2
-2
-5
0
-9
-9
-9
-4
-2
6
1
5
6
2
2
2
6
1
3
4
2
-6
-3
-10
-7
-9
-12
-6
-13
-9
-9
-3
-4
3
-2
0
5
4
6
1
-3
-2
0
0
0
5
9
7
13
5
6
10
0
4
1
5
-4
-3
-1
1
0
-1
-1
-6
-1
-1
4
-2
1
3
6
9
11
10
18
14
7
12
14
13
8
13
9
12
11
10
8
10
7
8
10
11
13
2
11
9
5
9
9
11
8
10
8
7
3
2
5
1
-1
0
-4
0
-3
-3
1
-7
-4
-3
7
0
12
13
9
6
4
4
-2
4
4
7
3
9
3
6
0
-2
0
-3
4
0
0
1
2
-1
2
6
8
6
5
7
0
0
3
-2
3
5
0
2
6
4
-2
-1
-8
-10
-10
-16
-12
-11
-11
-11
-16
-12
-13
-8
-13
-16
-4
-9
-9
-7
-9
-14
-13
-14
-17
-13
-15
-17
-20
-15
-20
-22
-14
-15
-17
-9
-10
-19
-19
-14
-13
-18
-9
-20
-16
-18
-11
-10
-19
-8
-8
-8
1
3
-3
1
6
6
3
7
4
4
-3
2
-3
-7
2
-3
-3
-3
1
-6
-5
-5
-4
0
2
4
-4
3
0
6
3
9
5
8
10
8
15
5
13
4
7
0
3
-4
1
-3
-10
-6
-7
0
-17
-7
-3
-4
-5
6
-2
-4
3
4
1
2
2
2
9
4
12
11
10
4
4
-1
-4
-3
-6
-6
-5
-2
-5
0
4
-3
0
-2
1
2
2
4
2
7
6
2
0
0
3
7
1
2
3
3
-1
1
0
3
-1
-3
4
1
-3
-5
9
-6
4
-6
-13
-10
-11
-13
-14
-12
-17
-9
-23
-14
-14
-15
-19
-9
-15
-10
-6
-15
-4
-10
-4
-4
-4
4
4
-2
12
14
16
14
16
20
19
22
19
14
3
9
6
3
3
3
6
1
1
5
7
5
9
10
17
17
19
13
10
15
9
13
10
9
10
15
15
11
6
7
3
6
2
-6
-1
-8
-4
-12
-9
-7
-10
-10
-9
-12
-6
-5
-9
-3
5
5
3
12
9
8
10
5
1
1
0
-1
2
4
3
3
0
2
3
2
-3
4
1
1
3
0
2
-3
1
-3
4
7
1
6
5
0
1
3
-2
-3
-2
-6
-1
0
0
-4
-3
0
-5
-6
0
-3
8
6
10
8
7
16
12
11
4
11
0
6
0
3
-5
-5
-3
-9
-8
-11
-6
-10
-11
-15
-8
-14
-2
-1
9
4
4
6
4
10
3
12
10
16
7
12
6
4
1
5
-1
0
5
0
13
9
14
9
16
8
9
3
5
6
0
10
-1
7
-4
-1
-9
-10
-6
-10
-10
-13
-10
-19
-13
-16
-20
-21
-14
-16
-9
-9
-9
4
-10
3
6
4
9
13
13
20
21
17
18
16
14
6
8
-1
0
-7
-8
-10
-12
-9
-9
-6
-11
-7
-5
-8
-10
-9
-6
-1
-1
6
7
-1
5
3
9
0
7
6
3
5
-2
3
-7
-5
-3
-5
-10
-5
-10
-10
-4
-3
1
-2
-3
5
8
7
11
6
12
10
11
16
11
0
6
1
-6
0
-6
-6
-9
-6
-12
-7
-11
-10
-13
-15
-12
-12
-9
-12
-9
-6
2
0
5
5
8
10
15
16
6
7
8
1
3
8
4
3
3
2
0
5
5
-2
-3
-4
-3
-3
-1
0
3
10
10
10
10
10
10
16
15
16
15
17
14
9
10
11
13
9
7
3
3
2
1
-2
7
6
11
11
11
13
14
16
17
18
13
17
19
19
18
22
19
14
11
14
7
7
3
8
2
3
6
0
-1
-3
0
-2
5
7
9
3
10
6
6
3
-1
2
-1
9
1
1
0
2
-6
1
-5
-8
-2
-11
-16
-16
-13
-26
-16
-20
-11
-18
-15
-4
-4
-2
3
3
-10
2
-10
-11
-14
-21
-19
-24
-19
-21
-24
-24
-19
-18
-20
-19
-20
-25
-21
-20
-22
-23
-25
-18
-20
-13
-16
-14
-18
-16
-13
-14
-3
-12
-5
-11
-10
-16
-19
-19
-17
-23
-16
-18
-19
-20
-22
-17
-25
-16
-24
-11
-11
-6
0
2
-4
-3
-2
-5
-3
-6
-3
-6
-7
-15
-11
-14
-10
-7
-7
-11
-13
-10
-16
-9
-19
-19
-15
-15
-13
-10
-11
-14
-9
-13
-16
-14
-9
-13
-7
-9
-4
1
-3
2
-13
-3
-13
-7
-9
-7
-7
-14
-7
-12
-5
-8
0
-9
-5
-8
0
-4
-8
-3
-1
-3
-2
5
-4
5
3
6
-2
2
3
3
1
6
3
6
13
3
4
9
6
2
14
5
9
4
7
1
-1
4
0
0
-6
7
8
2
4
9
6
11
11
11
13
14
15
17
19
13
12
6
12
13
12
11
7
9
2
2
6
8
11
5
12
8
9
11
6
3
6
6
10
10
4
11
10
21
17
24
21
19
20
15
15
6
7
3
2
0
2
-6
-2
0
2
1
7
10
6
15
14
12
10
9
5
4
9
8
2
6
9
0
-3
-3
-8
-9
-7
-4
-6
-8
-12
-9
-1
1
-3
-4
-1
-2
0
3
12
-2
5
3
6
2
3
7
1
1
-3
6
2
1
3
2
0
8
1
13
7
12
12
11
15
15
25
14
22
20
21
11
16
11
6
8
9
7
2
6
5
6
3
12
7
11
10
14
13
11
22
18
22
23
20
16
18
21
19
17
13
9
5
12
0
-1
-3
-5
-5
-12
-2
-10
-10
-9
-9
-13
-6
-3
0
-1
-1
7
6
9
8
4
10
12
-1
4
-3
3
-6
-3
-4
-18
-22
-25
-24
-26
-24
-32
-26
-24
-20
-27
-19
-17
-19
-18
-9
-8
-8
-4
-7
-3
-6
-3
2
-2
-2
-1
-9
-8
-7
-13
-7
-6
-13
-9
-10
-3
-2
-9
1
7
0
6
7
12
8
12
17
8
16
16
24
16
26
21
14
15
13
15
10
13
11
13
11
13
10
14
10
14
15
19
20
18
28
22
15
15
21
19
23
24
22
19
20
15
7
12
4
4
-4
-3
-2
-4
-9
-9
-7
-13
-7
-6
-6
-10
-3
-6
-7
-4
-6
-4
-7
-4
-6
-7
-12
-11
-14
-16
-18
-18
-17
-18
-16
-20
-17
-22
-19
-19
-19
-21
-15
-15
-15
-13
-11
-7
-9
-2
-6
-4
-1
0
-2
-2
0
-6
-5
-3
-6
-4
0
-4
0
3
0
0
-4
1
3
0
-1
-3
4
-6
-3
-7
-7
-9
-9
-7
-6
-14
-12
-15
-19
-16
-19
-13
-21
-10
-18
-8
-9
-10
-6
-3
-1
-4
-4
-4
2
-7
-1
-3
-3
-2
2
-15
-10
-13
-22
-19
-24
-20
-26
-21
-25
-23
-22
-19
-14
-12
-9
-5
-3
-3
4
-1
5
5
9
9
13
13
6
9
2
6
-3
8
0
1
9
4
0
-6
-3
-12
-17
-20
-7
-15
-1
-8
-7
-3
-4
7
8
9
7
14
9
15
14
12
6
13
9
9
7
5
12
2
7
6
8
6
13
12
13
16
18
12
12
19
11
14
12
18
19
21
22
22
23
28
22
15
12
9
13
1
9
3
-3
9
3
6
-2
11
8
9
11
11
9
9
15
10
15
9
10
4
10
10
0
-14
-10
-13
-22
-19
-18
-16
-17
-16
-22
-19
-23
-20
-22
-19
-19
-12
-17
-13
-10
-10
-6
-15
-9
-13
-8
-16
-13
-19
-15
-10
-10
-5
-10
-7
-12
-10
-17
-8
-8
-7
-11
-14
-10
-13
-9
-10
-6
-9
1
0
3
4
1
11
2
12
3
-6
1
-1
2
2
-1
3
3
3
10
9
9
6
15
13
15
19
21
19
13
23
16
13
9
1
2
6
5
3
-1
-2
0
-7
-9
-5
-9
-8
-6
-7
-4
2
-3
-2
0
6
3
1
10
6
6
6
9
3
9
6
0
-2
-6
-5
-10
-4
-7
-3
0
0
-3
8
3
6
16
13
22
22
22
22
29
22
25
28
32
22
26
21
16
20
16
14
6
1
-7
-2
-9
-4
-5
0
-8
-6
2
0
10
10
15
17
21
15
22
13
12
15
14
12
3
10
0
6
4
0
0
3
4
-5
-3
-9
-8
-14
-9
-11
-11
-15
-18
-6
-9
-10
-9
-6
-11
-9
-7
-10
-12
-9
-9
-13
-7
-7
-9
-6
-10
-13
-10
-22
-14
-16
-13
-6
-3
-5
-10
-11
-12
-8
-13
-14
-21
-15
-25
-22
-23
-22
-19
-22
-24
-20
-11
-13
-13
-7
-1
-3
9
5
6
1
-1
5
-3
4
4
6
9
1
12
12
5
0
3
0
3
0
-3
-7
4
0
-3
9
3
15
7
16
12
14
16
22
22
28
32
26
35
28
30
26
32
30
35
29
31
25
25
20
19
24
23
30
19
26
15
19
12
18
23
16
18
19
25
19
20
16
14
10
13
7
8
6
5
9
3
-2
-4
-4
-9
-7
0
-6
-14
-20
-22
-27
-24
-25
-28
-20
-20
-19
-23
-17
-16
-14
-16
-16
-19
-15
-16
-23
-18
-15
-21
-19
-13
-19
-17
-15
-13
-21
-19
-15
-14
-21
-17
-9
-12
-4
-4
-7
-8
-5
-3
-4
2
2
4
6
8
6
0
9
0
2
-2
6
-2
-1
-8
-9
-13
-19
-15
-21
-6
-15
-11
-13
-2
-5
-7
-13
-11
-9
-13
-7
-9
-13
-18
-14
-18
-13
-16
-10
-14
-8
-17
-9
-13
-12
-11
-16
-10
-11
-5
-12
0
-15
-16
-15
-14
-17
-14
-10
-6
-9
-12
-9
-10
-7
-9
-7
-13
-9
-15
-10
-9
-7
-8
-8
-4
-10
-5
0
-4
-2
-1
1
-1
-4
-5
-10
-15
-13
-16
-21
-13
-9
-11
-14
-9
-13
-12
-16
-4
-3
-4
5
3
2
-4
-3
-3
-1
-6
0
-3
0
-9
-4
-10
-6
-7
-15
-10
-17
-11
-13
-11
-15
-4
-13
-13
-5
-3
-6
2
9
7
16
13
25
22
23
19
31
23
22
26
19
20
10
16
11
10
8
10
7
2
6
7
10
10
18
13
14
15
23
28
25
25
22
21
12
19
16
18
16
16
9
12
19
12
12
6
8
4
2
4
-1
0
9
-1
2
1
3
4
-4
1
-1
-1
-3
6
6
9
6
5
11
12
13
12
16
10
12
9
12
16
12
15
19
15
15
20
17
12
7
11
5
9
7
7
8
3
12
9
7
11
13
10
19
22
17
15
21
20
16
15
13
10
2
10
1
4
-1
-7
-7
-7
-13
-12
-6
-9
-6
-6
-7
-6
-3
2
2
1
8
6
0
3
10
3
8
8
7
0
1
3
-3
-4
-7
-10
-16
-16
-21
-19
-26
-21
-19
-16
-15
-15
-14
-19
-10
-8
-7
-7
6
-5
-4
-5
-3
-3
-7
-4
-10
-11
-17
-13
-22
-17
-20
-13
-16
-13
-16
-10
-1
-9
3
-3
-1
1
6
3
4
11
7
8
13
4
4
9
2
7
1
4
1
1
1
-8
-4
-6
-3
-9
-4
-2
4
-3
-5
0
2
5
0
13
7
4
7
11
9
13
10
15
16
10
12
8
14
9
18
11
13
9
7
5
3
2
5
2
1
1
0
0
-10
0
-5
-3
-9
-7
-13
-14
-19
-18
-9
-16
-6
-3
0
4
3
-2
5
1
6
6
4
9
2
4
-3
-7
-4
2
-4
-9
-2
-13
-4
-5
-11
-16
-19
-17
-19
-9
-16
-11
-15
-9
-8
-3
-2
-2
-1
0
6
6
6
6
14
7
12
8
11
6
4
7
4
0
0
6
2
3
-2
3
-7
2
-1
3
3
0
12
9
9
10
17
13
13
12
14
7
11
9
1
4
-2
-4
0
-3
-8
0
-2
-3
-3
4
1
-8
-3
0
-1
-4
5
3
5
10
10
9
7
11
9
10
7
13
7
7
1
2
1
-1
-1
-2
-5
-6
-6
-13
-4
-6
-3
-6
0
1
0
6
3
4
1
2
6
7
5
12
7
5
6
4
6
2
-1
-1
0
0
-4
-7
-8
-11
-6
-7
-9
-14
-6
-1
-6
-3
3
-3
-3
-2
6
-3
-4
-4
-6
-1
-13
2
-10
-9
-12
-12
-9
-16
-10
-15
-9
-11
-9
-12
-7
-6
3
-3
-3
-2
-1
-2
2
6
3
3
-2
4
0
0
1
6
0
-2
1
1
0
-4
-4
-5
0
-4
-3
-3
-2
-5
-5
2
-6
-4
-7
-3
-7
-9
-9
-11
-9
-19
-19
-23
-28
-35
-32
-33
-26
-27
-22
-22
-17
-13
-13
-7
-14
-8
-11
-6
-10
-3
-6
-7
-6
-4
-4
-9
-11
-12
-14
-23
-11
-15
-15
-16
-13
-12
-9
-6
-4
-1
-3
-4
-2
3
3
10
14
19
20
19
17
16
13
10
12
6
7
3
6
4
2
3
6
4
0
6
-2
10
13
20
20
23
28
24
30
29
34
31
31
23
29
25
22
23
25
25
19
22
17
15
7
3
1
10
3
6
13
11
9
11
12
14
15
13
17
15
25
13
14
11
7
3
-1
7
-4
-3
0
-6
-7
-2
-9
-3
0
1
1
1
1
-6
-3
-3
-3
-3
-3
-9
-12
-10
-15
-12
-19
-20
-19
-19
-26
-22
-18
-22
-18
-13
-5
-7
1
0
-2
0
2
7
7
10
7
3
7
7
-3
2
-7
-7
-10
-16
-14
-16
-7
-12
-10
-6
-7
-7
-3
3
-4
5
2
4
8
-1
1
-3
-1
-7
1
-6
-7
-7
-9
-6
-6
0
-3
-3
-7
-4
-4
2
0
2
-3
3
4
7
4
1
12
6
16
10
14
4
13
11
9
10
9
16
10
15
9
13
8
15
13
13
7
9
9
9
14
7
0
0
9
3
12
13
12
7
9
10
15
10
3
10
7
7
6
10
2
-1
0
-4
3
-1
-1
0
0
-3
-1
-3
-9
-16
-19
-15
-19
-12
-18
-10
-15
-13
-10
-13
-13
-7
-3
-3
-4
-3
-1
-16
-10
-13
-10
-14
-5
-3
-2
-4
-6
-8
-22
-19
-22
-8
-15
-13
-9
-7
-3
-5
0
0
4
6
4
14
12
10
11
12
19
9
9
1
-3
-6
-7
1
-10
-6
-5
-9
-3
-3
5
-7
1
3
-1
1
3
6
0
9
7
9
6
6
2
-1
-5
1
-6
-3
-3
-9
-7
-9
-7
-13
-10
-13
-11
-15
-10
-14
-16
-19
-14
-14
-13
-9
-13
-13
-11
-8
-12
-8
-12
-10
-12
-10
-4
-3
9
16
15
15
18
19
23
27
26
12
21
25
16
18
8
8
5
0
-2
-6
-7
-3
-1
-3
6
2
6
6
12
12
12
19
20
24
22
22
19
26
19
16
13
10
12
16
9
-2
3
-6
-3
-8
-10
-19
-13
-11
-15
-12
-13
-12
-5
-3
0
6
2
9
13
10
11
6
-2
-3
-6
-10
-16
-6
-16
-14
-20
-24
-24
-22
-19
-25
-12
-11
-6
-11
-6
-3
1
3
3
-2
3
0
0
-1
-5
-4
-9
-4
-9
-10
-25
-17
-28
-29
-22
-19
-22
-19
-19
-17
-3
-10
1
-4
3
-2
3
1
-1
-1
-4
-3
-10
-6
-13
-15
-12
-13
-13
-13
-12
-6
-3
3
10
9
11
13
13
10
12
17
25
25
26
26
26
31
21
24
18
9
9
7
1
-1
-1
-4
0
0
3
3
4
3
10
7
17
15
19
34
26
27
26
27
22
26
18
12
10
9
7
6
3
-1
-2
4
3
-1
12
9
17
16
19
20
22
26
26
22
17
20
13
8
3
4
-3
-1
-2
-11
-6
-8
-6
-9
-7
-7
-5
1
3
4
8
9
2
8
6
10
2
0
7
2
0
4
4
-6
-6
-1
-2
-15
-10
-15
-7
-3
-6
-1
1
13
14
22
19
9
6
10
4
9
1
-3
-1
-5
-2
3
1
-9
-3
-8
-4
-6
1
-1
-1
5
4
7
7
10
10
12
6
3
5
-4
-4
-4
-11
-10
-9
-10
-9
-15
-12
-13
-18
-16
-23
-21
-26
-19
-22
-20
-17
-17
-11
-9
-9
-6
-2
-2
0
0
2
-4
-7
-10
-4
-10
-23
-35
-37
-38
-38
-30
-29
-23
-22
-20
-13
-13
-12
-12
-4
-4
-1
5
7
7
7
9
4
-2
-7
-3
-13
-19
-13
-17
-16
-22
-19
-19
-16
-15
-15
-18
-14
-13
-9
-8
-11
-5
-1
-2
-7
-5
-12
-9
-7
-8
-6
-7
-10
-9
-9
-6
1
2
6
8
9
11
16
7
13
7
6
16
10
14
9
12
11
7
3
4
2
3
1
2
3
-3
2
5
7
9
13
10
16
19
15
25
23
23
19
26
14
10
5
2
4
-10
-6
-10
-7
-8
-3
-9
-3
-5
-2
3
3
7
3
7
6
9
5
16
7
8
7
-1
4
3
1
0
1
-5
-6
-6
-2
-10
-9
-6
-3
-6
-3
2
0
9
10
10
8
12
19
20
19
22
22
10
4
13
7
10
11
5
7
9
10
12
13
17
16
21
21
17
13
14
19
13
13
13
14
8
10
7
7
4
3
1
10
14
11
10
7
11
3
13
7
6
2
13
13
12
15
16
16
7
19
13
14
13
22
5
9
11
9
1
1
7
-2
4
9
14
1
11
9
9
6
3
11
9
10
7
-3
-6
-7
-19
-14
-17
-19
-25
-23
-18
-26
-20
-19
-17
-15
-9
-9
-12
-10
-15
-16
-12
-10
-20
-12
-16
-13
-11
-12
-8
-13
-14
-19
-19
-21
-17
-20
-22
-23
-22
-25
-19
-13
-10
-10
-7
-2
-11
-4
-3
0
-1
-2
5
-2
0
3
1
-3
-6
-2
-9
-6
-12
-6
-12
-9
-6
-9
-8
-19
-7
-19
-16
-16
-16
-18
-16
-18
-16
-10
-9
-6
-4
0
-8
-6
-9
-7
-11
-9
-15
-6
-7
-3
-4
-2
7
1
8
2
-1
-5
1
-5
-1
-5
-3
-6
-6
4
3
0
-6
0
-4
-5
-3
-4
-8
-6
-2
-4
-8
-7
-1
-2
3
2
1
6
7
13
10
8
9
12
4
8
15
10
7
5
3
-3
-3
-3
-4
-10
-6
-7
1
-3
-3
-1
-9
-3
-3
-4
3
11
4
10
10
15
17
17
15
12
11
6
6
9
2
-4
4
-5
-9
-8
0
-7
-7
-5
-10
-10
-13
-6
-8
-9
-7
-6
-4
-4
-2
0
-3
-3
-3
-4
-6
-6
-6
-10
-9
-5
-11
-10
-15
-8
-14
-13
-9
-20
-16
-19
-18
-13
-11
-17
-10
-10
-5
-5
-2
0
4
-1
2
1
-12
-16
-22
-13
-15
-12
-13
-9
-18
-11
-10
-6
-9
-5
7
3
13
13
19
10
18
14
19
13
9
15
5
6
1
7
1
10
11
3
7
1
2
6
1
5
4
3
13
13
17
18
16
19
19
31
34
32
39
36
32
29
29
26
25
23
21
16
12
7
6
11
18
14
21
23
22
19
22
22
22
28
23
31
28
27
20
20
11
6
9
7
5
4
8
10
6
0
-4
4
9
7
8
9
19
18
21
13
21
23
25
22
20
19
7
15
10
9
4
4
1
0
-5
0
-7
-1
6
6
9
6
14
7
17
10
15
10
16
15
17
22
15
8
3
6
-1
4
-2
-3
-7
-3
-17
-11
-13
-17
-6
-11
-4
-1
5
7
4
1
7
0
-1
-2
8
13
5
11
6
6
-5
4
-10
-10
-16
-22
-12
-22
-10
-18
-7
-15
-6
0
-1
2
-3
3
0
5
3
12
1
3
1
3
-6
-7
-4
-5
-6
-10
-4
-14
-7
-12
-5
-7
-7
-10
-7
-6
-15
-4
-4
-3
-5
-4
-6
-7
-12
-7
-12
-16
-15
-10
-17
-25
-15
-19
-18
-13
-10
-16
-10
-10
-9
-5
-3
-7
-5
-1
-5
-6
-13
-16
-17
-19
-19
-26
-21
-27
-22
-25
-23
-25
-25
-23
-19
-16
-15
-7
-14
-13
-16
-4
-8
-10
-15
-9
-12
-13
-9
-15
-14
-10
-6
-14
2
-6
-6
-9
-4
-9
-5
-7
-6
-6
-8
4
0
6
0
13
3
10
13
7
6
0
3
-3
-4
-3
-5
-7
-2
-4
-13
-11
-10
-12
-10
-9
-9
-7
-7
-6
-1
-3
-2
0
-3
-6
-6
-8
-11
-12
-10
-9
-8
-9
-9
-10
-9
-3
-3
1
-1
3
-1
1
3
3
-3
0
6
-1
2
5
10
6
4
9
6
-1
7
12
6
11
12
8
16
14
15
15
19
21
19
24
29
21
15
23
15
19
17
16
9
10
10
1
3
3
2
-4
-3
8
10
4
9
3
7
6
4
6
8
11
8
15
13
15
14
19
12
11
11
14
7
6
7
0
5
-1
4
-1
5
4
8
5
8
7
2
3
7
14
5
10
11
4
-1
4
-3
-5
-9
-8
-14
-18
-9
-18
-9
-16
-15
-10
-10
-7
-11
-5
-9
3
3
1
3
3
-3
2
7
3
6
2
2
-9
-6
-12
-9
-9
-12
-10
-13
-10
-3
-3
-15
-7
-9
-6
-1
5
-3
-1
2
-4
-3
-10
-10
-8
-7
-14
-11
-11
-7
-8
-3
4
1
4
10
18
14
14
19
18
20
25
28
17
12
11
5
-4
3
-1
-12
-13
-12
-13
-19
-6
-11
-7
-9
-4
-3
-3
2
3
-1
6
16
6
10
7
7
-6
-2
-11
-10
-23
-19
-20
-25
-23
-23
-25
-23
-12
-9
-1
-8
0
-4
0
-6
7
1
2
9
8
9
5
14
0
4
1
-5
-3
-5
-12
-16
-12
-12
-17
-20
-16
-17
-17
-9
-2
-6
-2
4
9
14
7
9
7
9
17
15
15
10
8
3
6
7
-2
-3
-4
-11
-8
-12
-14
-13
-16
-7
-4
1
1
8
4
9
17
11
5
13
9
-1
2
-1
-6
-9
-3
-9
-7
-8
-6
-7
-11
-7
-7
-11
-6
-9
-10
0
0
3
3
7
5
7
14
16
13
15
16
15
10
10
11
0
0
3
0
-3
1
-9
-6
-6
-3
-5
-1
5
-1
0
3
3
-8
-1
4
8
4
10
5
7
13
7
15
17
15
15
19
14
16
12
16
13
9
14
10
8
7
16
13
16
21
17
25
24
21
23
16
12
16
19
17
9
13
10
18
9
15
12
15
31
25
29
25
22
19
19
25
22
16
25
15
13
19
16
9
9
15
0
3
10
8
0
0
12
-4
-2
12
6
3
5
7
1
-8
0
-3
-10
-9
0
-7
-17
-4
-9
-2
-6
-3
-4
-12
-9
-6
-4
-9
-6
-12
-7
-11
-10
-10
-17
-19
-15
-13
-16
-8
-16
-19
-19
-11
-16
-15
-4
1
-4
-3
5
-10
-7
-8
-6
-14
-12
-10
-12
-15
-15
-10
-17
-7
-13
-10
-13
-8
-4
-2
-2
2
4
3
1
3
6
0
0
3
6
-6
2
0
-3
-5
-6
-10
-16
-8
-17
-16
-19
-18
-14
-9
-10
-15
-9
-9
-5
-8
-5
-11
-9
-13
-5
-10
-9
-11
-16
-9
-19
-7
-17
-11
-18
-15
-9
-12
-8
-7
0
-6
-2
-9
-5
-7
0
-1
3
10
9
7
4
6
-3
-7
-12
-13
-19
-17
-20
-16
-22
-25
-19
-18
-15
-12
-6
-12
-8
-3
-3
-2
4
3
3
4
6
2
0
-2
-2
-2
-3
4
0
-6
-9
-4
-7
-10
-11
-14
-18
-16
-9
-9
-10
-7
-3
-6
-6
2
4
-1
3
1
0
-6
-2
-9
-3
-3
-10
-7
-5
0
-5
-4
-2
-2
-3
-1
-8
0
2
1
4
8
1
5
11
7
7
-3
5
-6
-4
0
-3
1
1
-2
-3
0
-6
-1
-3
0
1
-4
2
5
4
-3
9
-3
6
3
0
10
9
14
3
5
-2
3
-6
3
-4
-3
-2
5
4
-3
2
6
8
1
16
11
20
18
27
25
28
25
24
26
19
20
8
12
5
9
-2
5
0
3
12
10
17
15
15
16
28
25
21
24
22
25
32
32
34
26
28
27
28
26
19
17
9
5
9
6
7
2
8
6
3
9
11
12
11
24
16
21
21
28
21
23
18
20
15
10
13
11
9
-1
1
-12
-9
-19
-13
-12
-11
-15
-12
-12
-15
-6
-6
-7
0
0
-6
1
-5
1
-2
2
-3
-2
-3
-4
-1
-9
-2
-12
-12
-19
-16
-12
-21
-23
-19
-13
-16
-10
-10
-11
-15
-7
-10
-8
-7
-5
-5
-7
1
-5
2
-5
-6
-12
-11
-13
-14
-10
-11
-4
-10
-8
-12
-10
-10
-12
-9
-8
-3
-8
-7
-9
0
-5
-2
-3
-6
-4
-10
-5
-3
-4
-6
-5
-12
-7
-10
-3
-3
-6
-2
-7
-16
-12
-10
-9
-11
-9
-5
-10
-6
-5
1
-6
-7
-8
-6
-10
-1
-5
-7
-5
-9
-4
-9
-1
3
6
7
6
0
2
-2
3
-3
0
-7
-7
-11
-7
-3
-3
2
-2
0
-4
4
-5
-5
-11
-7
-11
-8
-8
-3
-2
-10
-2
-6
-3
-3
-3
-2
1
-3
-2
2
3
-7
2
0
-6
-4
-5
1
-10
-4
-12
-7
-4
-6
-3
-9
-1
-14
-8
-4
-4
-4
-1
-3
-9
-6
-5
-2
-11
-5
-3
1
0
11
6
7
7
10
17
9
15
12
21
13
20
17
9
11
9
7
7
7
4
4
11
9
3
13
14
12
7
8
10
0
7
7
-1
7
6
0
6
5
4
3
7
8
3
6
7
10
4
8
-1
2
6
0
6
-3
3
6
13
12
9
7
11
13
7
7
6
6
6
5
3
6
-2
2
3
7
3
3
-1
-3
-4
0
1
-3
7
1
6
6
8
6
11
6
2
9
7
13
5
11
4
10
12
12
18
14
19
12
18
13
17
10
15
10
13
16
7
12
6
11
5
6
4
0
-7
-3
-12
-13
-9
-14
-11
-12
-14
-20
-10
-9
-5
-9
-6
-4
-10
-9
-3
-6
-9
-3
-12
-9
-11
-4
-10
-12
-13
-15
-13
-15
-12
-15
-13
-15
-8
-15
-16
-21
-16
-13
-15
-13
-19
-13
-9
-12
-8
-6
-9
-7
-9
-9
-7
-6
-6
-7
-8
-3
-13
-11
-10
-12
-9
-7
0
-6
-4
0
10
6
10
10
15
12
16
25
20
25
19
25
16
22
13
9
7
8
3
2
6
4
6
4
10
5
3
-5
0
-12
-4
-3
-6
-5
-1
10
1
0
1
2
-4
0
-1
1
-7
-7
-11
-19
-16
-19
-12
-13
-10
-11
-12
-7
-4
-3
-2
1
0
8
4
3
2
10
4
3
7
-8
-9
-5
-1
-12
-7
-8
-4
-15
-10
-7
-19
-13
-12
-11
-13
-2
-3
6
-3
6
4
-3
-6
-3
-1
0
1
-5
-1
-3
2
-4
-3
-12
-9
-15
-12
-10
-11
-9
-11
-10
-15
-10
-17
-14
-12
-4
-3
1
0
-1
6
-3
3
0
3
3
-3
4
-1
1
-10
-4
-5
-11
-10
-12
-7
-9
-6
-6
2
-1
3
4
6
4
5
5
2
1
9
2
-3
0
-6
-3
-2
-6
-14
-8
-9
-7
-16
-10
-9
-13
-10
-7
-7
-3
4
3
5
4
11
4
7
5
4
7
7
10
9
6
1
4
4
7
7
11
8
13
15
13
16
14
12
6
10
9
6
8
13
7
7
19
12
16
18
16
19
22
22
24
19
22
22
13
11
13
12
8
13
13
6
10
14
17
13
16
16
9
10
16
13
10
10
9
10
11
14
13
13
12
13
11
15
13
9
6
2
0
2
1
-5
-7
-1
-3
-5
0
3
7
4
11
5
8
10
12
12
13
16
16
14
16
19
13
12
6
12
5
16
11
5
4
7
7
1
-3
-4
-4
-9
-7
-7
1
-8
-4
-9
-9
-4
3
6
2
12
11
12
10
10
7
9
9
3
6
0
-3
0
-1
-5
-12
-12
-8
-23
-13
-15
-23
-25
-21
-10
-22
-16
-9
-2
-6
3
0
7
4
3
8
9
12
7
9
-6
2
-8
-7
-15
-19
-16
-19
-22
-22
-15
-21
-15
-12
-9
-9
-6
-2
-1
0
4
6
2
3
5
3
-6
-12
-15
-16
-15
-19
-21
-21
-27
-24
-23
-25
-22
-22
-23
-21
-17
-22
-11
-10
-13
-9
-12
1
-7
-3
-2
-2
-1
0
4
-7
-6
-10
-7
-10
-9
-14
-5
-9
-9
-1
-16
-13
-13
-7
-15
-5
-9
-10
-11
-6
0
-15
-1
-1
-6
-4
3
-3
-1
4
6
-4
-4
4
0
-1
0
6
-2
5
1
4
1
7
2
-6
-1
-2
0
-6
4
0
2
3
3
-3
0
-6
-13
-4
-9
-9
-16
-5
-9
-11
-10
-6
0
-2
1
-9
-3
-5
-3
-2
-5
-3
-9
-7
-12
-12
-9
-10
-6
-7
0
1
-7
7
12
10
13
14
11
11
18
18
21
22
22
23
26
25
28
28
28
28
25
31
25
21
21
22
21
19
19
16
15
10
13
15
16
14
19
24
21
28
27
26
22
22
23
29
