SAMPLES:	12077
BITSPERSAMPLE:	16
CHANNELS:	1
SAMPLERATE:	16000
NORMALIZED:	FALSE
8
4
-1
4
4
4
-3
-1
-4
0
-3
-2
-4
-1
-3
-1
0
-3
-3
-2
-1
-7
-2
-6
-2
-3
-6
-2
3
2
-3
1
3
6
7
6
2
3
-7
-2
-1
-2
-1
2
7
1
6
4
2
3
5
7
8
14
16
12
15
14
15
12
9
19
8
13
17
14
11
7
10
3
4
-2
2
0
5
0
-1
1
-2
0
-4
4
-3
2
-1
2
2
0
7
4
2
0
3
1
-1
-5
-7
-3
-4
-6
1
-4
1
2
7
6
4
9
4
9
6
12
12
11
13
15
10
9
10
-1
0
-3
-4
-13
-13
-14
-19
-14
-10
-10
-8
-2
-2
-4
0
1
0
3
4
7
12
6
10
6
7
3
10
12
7
13
9
5
3
1
-5
-7
-12
-16
-12
-15
-18
-9
-10
-3
-6
-8
-5
-4
4
-3
-1
-2
1
1
1
6
3
2
-1
4
0
-3
-3
-6
-7
-11
-12
-16
-16
-12
-19
-19
-13
-13
-16
-7
-10
-2
-3
-4
7
0
3
1
2
3
6
6
-2
2
0
-9
-5
-5
-9
-7
-12
-10
-17
-5
-9
-9
-6
2
6
1
7
8
12
11
16
13
16
12
13
8
9
6
9
4
2
-1
-9
-2
-9
-6
-9
-13
-11
-18
-17
-14
-17
-14
-12
-3
0
-7
-1
-3
3
-2
-2
-3
-9
-2
-9
-5
-5
-6
-7
-7
-11
-9
-7
-10
-8
-8
-2
-7
0
-7
-9
-16
-13
-11
-12
-12
-18
-12
-17
-12
-13
-13
-17
-16
-16
-15
-20
-18
-18
-23
-22
-19
-19
-29
-16
-22
-16
-19
-17
-14
-15
-9
-8
-3
-3
1
-4
-5
-3
-3
-6
-5
-6
-10
-8
-11
-14
-13
-5
-11
-6
-10
-12
-9
-16
-3
-10
0
0
1
0
1
6
1
4
-1
12
3
10
9
13
7
8
11
2
9
16
13
16
19
17
21
17
24
24
31
26
32
32
30
29
31
35
25
28
22
25
21
19
19
19
15
20
21
19
18
19
29
26
25
24
31
28
31
34
29
32
29
32
29
28
24
22
19
17
17
20
29
24
23
26
29
23
19
20
21
22
18
16
12
9
8
6
3
6
7
6
3
0
1
-6
-7
-12
-11
-9
-10
-10
-10
-13
-11
-8
-10
-9
-9
-10
-12
-9
-3
0
-4
-7
-1
-1
-3
-4
-7
-9
-13
-9
-9
-6
-13
-13
-22
-17
-22
-27
-23
-23
-19
-25
-16
-23
-20
-19
-13
-11
-11
-14
-20
-10
-15
-5
-9
-6
-8
0
-4
-6
-3
-5
-7
-9
-8
-10
-7
-16
-11
-15
-8
-12
-10
-7
-10
-7
-3
-6
-5
-1
-7
-6
-9
-6
-12
-10
-13
-4
-1
-2
-1
-6
-3
-11
-3
-9
-3
-1
4
4
2
4
-4
5
-1
3
1
2
-2
-7
-6
-10
-9
-13
-15
-16
-6
-8
1
-1
0
6
-1
1
0
3
4
7
3
5
1
2
-1
3
9
4
7
5
6
2
5
3
7
2
4
3
7
11
8
10
6
9
7
10
4
11
13
13
11
10
14
13
8
6
12
8
13
9
7
4
4
7
3
-1
-1
1
-7
3
-7
-5
0
0
4
1
6
-3
-1
-3
-1
1
7
8
6
5
9
7
5
3
-1
1
-7
-6
-6
-9
-12
-9
-12
-6
-8
-3
-2
0
4
-1
3
0
7
4
8
3
5
5
8
8
3
0
-3
-2
-9
-4
-4
-9
-13
-8
-11
-12
-6
-6
0
-1
-2
1
-1
3
7
2
6
6
8
4
1
3
-2
1
-2
-3
-6
-4
-5
-6
-5
-10
-9
-10
-3
1
-1
-4
0
-2
-3
3
3
0
2
6
4
3
4
0
-6
-1
-3
-7
-4
-4
-12
-9
-9
-13
-9
-10
-10
-6
-4
-5
-1
0
-3
-2
1
-5
-3
-4
3
0
-3
3
3
0
-2
4
1
-2
0
3
-4
8
7
10
3
4
2
-4
7
4
9
5
11
6
8
13
13
13
14
14
15
12
2
4
-3
-1
-2
-1
-5
-7
-3
-4
-4
-5
3
3
4
-2
1
-3
-6
-4
-7
-13
-13
-6
-19
-11
-13
-14
-14
-13
-16
-17
-13
-17
-13
-15
-7
-7
-11
-12
-5
-3
0
0
4
5
5
9
13
19
14
17
16
18
16
15
16
10
10
10
11
9
7
5
7
6
10
4
7
5
2
-1
0
3
-1
6
3
5
6
3
-2
0
-2
-3
-3
-4
-5
-11
-16
-16
-17
-18
-15
-16
-14
-16
-9
-6
-15
-6
-5
-1
-4
-1
-2
-6
-5
-9
-1
-1
-1
-6
-3
-7
-9
-11
-14
-8
-12
-13
-12
-8
-6
-5
-2
0
1
7
6
6
3
8
7
9
10
6
10
10
13
13
10
9
13
9
12
6
3
8
4
13
13
7
6
6
5
-1
2
4
3
3
2
0
0
0
-1
0
0
-1
1
-1
-3
-1
-6
-4
-9
-1
-6
-1
4
-4
-2
1
-4
-6
2
1
1
-3
2
4
8
6
7
6
3
-1
1
6
-1
0
-3
-3
-2
2
-3
2
7
3
5
3
3
4
3
6
3
3
3
4
3
4
7
2
3
3
3
2
-1
0
-1
-1
0
0
-4
3
7
3
-2
-5
6
0
0
5
-1
5
9
3
3
3
6
3
7
9
7
11
1
3
-4
0
1
-4
-2
1
7
4
0
4
6
3
6
8
10
11
12
11
13
10
20
6
13
6
4
6
3
6
-3
9
-7
3
-10
-4
-3
-3
0
0
6
4
17
6
15
10
15
6
13
10
3
6
-1
3
-3
-3
-15
-4
-7
-8
-8
-9
-14
-17
-14
-10
-7
-12
-6
-13
-14
-12
-3
-5
0
-1
0
-2
-9
1
-9
-6
-9
-8
-11
-9
-16
-18
-14
-21
-19
-22
-23
-21
-19
-19
-15
-16
-10
-10
-10
-7
-1
3
6
14
10
12
13
9
9
12
11
0
4
3
0
-1
0
3
-7
-1
-6
-1
-10
-4
-2
-3
7
9
15
7
18
14
14
10
12
14
8
7
7
6
7
1
1
-8
-10
-9
-6
-3
-15
-7
-14
-7
-12
-4
-6
-7
-5
-2
1
-5
5
-2
6
3
6
3
6
4
3
5
-6
-7
-14
-7
-8
-5
-5
-7
-6
-6
0
-9
-6
-4
-5
0
-3
-2
1
-6
-2
0
0
-3
-9
-5
-6
-4
-15
0
-16
-15
-10
-5
1
-15
11
-14
-3
-20
-3
-3
-12
8
-6
9
-16
12
1
3
4
6
17
-12
6
1
8
-10
-4
9
-11
-7
-6
9
-12
-7
-4
-7
-8
-11
9
-7
-7
-16
4
-5
-7
8
13
7
-1
2
-3
-9
-12
0
-13
-6
-22
3
-15
-10
-4
-2
-1
-22
12
-12
2
-3
14
0
-14
7
-1
-1
-10
16
10
-6
-6
9
5
-14
-2
10
1
-19
-5
0
-11
-16
-5
9
-12
-13
-6
17
5
0
23
14
9
-8
23
30
-6
7
18
12
-19
-3
24
-10
-20
6
31
-28
-35
28
19
-22
-21
74
-16
-66
24
56
19
-80
68
49
-50
-22
71
72
-92
37
69
12
-75
32
111
-46
-20
32
65
-78
-1
73
10
-43
6
74
-45
-13
43
57
-32
23
65
2
-19
42
76
-26
4
38
28
-50
14
56
-8
-21
9
38
-47
-21
26
15
-23
4
33
-3
1
36
35
4
30
28
15
6
41
37
-3
13
10
-9
-38
12
13
-23
-21
6
4
-42
-2
15
-1
-23
-6
7
-31
-8
1
8
-18
-6
-3
-26
-6
4
5
-17
-3
-20
-33
-32
-7
-22
-41
-28
-35
-33
-42
-10
-2
-4
-8
7
9
13
30
34
37
16
4
-16
-5
-11
-18
-20
-15
-13
-22
-3
-1
16
-8
6
12
-6
1
6
20
9
19
-7
5
-28
-5
-14
-28
-15
-58
-46
-84
-30
-50
-44
-9
-13
9
-13
28
47
35
13
45
41
7
48
47
76
63
62
100
47
44
30
35
-3
-23
-10
-48
-56
-65
-74
-84
-103
-107
-53
-74
-43
-19
-9
-9
-35
12
-19
-6
0
5
35
-45
12
31
-47
-9
-42
-17
-50
-54
13
14
4
15
60
5
-7
-1
12
27
7
62
79
43
56
71
72
59
72
86
73
60
73
82
50
30
-1
-10
-59
-47
-76
-57
-53
-89
-3
-70
-58
-98
-85
-37
-82
10
-15
-7
22
-6
12
6
-48
-19
-7
-3
45
24
67
92
70
38
31
11
10
8
19
25
-15
-38
-28
-45
-69
-22
-66
-22
-22
-12
90
57
82
119
48
76
107
99
219
162
195
207
111
153
101
97
107
57
82
41
-31
-27
-196
-376
-650
-1234
-1602
-1470
-2059
-1897
-1399
-2286
-807
-1416
-1287
672
-1041
1645
1055
1087
3058
1025
3368
2251
2433
3021
2000
2432
1692
1557
836
1220
-320
95
-475
-1673
-93
-2049
-486
-76
-943
1658
-93
1495
582
-829
888
-1945
-553
-1591
-2889
-1630
-3107
-3351
-2234
-3092
-2454
-716
-1961
83
297
246
2505
2049
2751
3591
2829
3353
2803
2300
2571
1396
1047
-233
-965
-1907
-2571
-2820
-3208
-2655
-3047
-2521
-1860
-1422
-251
526
931
1864
1981
1931
2662
2181
2153
2216
1016
500
-1096
-3149
-2614
-3009
-4228
-1914
-4255
-3276
-620
-4852
1294
-1504
-669
3771
-1831
4569
849
2529
4345
2113
4290
2048
3406
1516
2884
541
1721
356
-626
519
-2223
150
-802
-520
1008
922
1300
2915
2471
3641
4289
2730
707
-444
-2430
-3377
-4721
-5831
-5719
-6870
-5593
-6656
-4223
-3052
-2048
841
688
1562
3114
3056
4568
4622
4104
5061
3705
3449
2461
2761
2271
1323
-278
-1223
-2500
-3695
-4365
-5040
-4432
-5079
-4578
-4499
-2562
-1643
344
1881
2507
4165
4129
4585
4594
4556
3757
2934
1327
36
-966
-1713
-2231
-2742
-3310
-3554
-4197
-5688
-4477
-4216
-4245
-2191
-3811
-2815
-124
-2534
2077
1155
1406
5644
1485
5202
3807
3595
5125
2797
2749
1331
1051
-377
303
-1036
74
-327
-783
704
-402
1746
1927
1618
3907
2614
3305
4568
2590
5524
2515
3345
1999
-2292
-1208
-6444
-4920
-6105
-8106
-7177
-7381
-7442
-5854
-3990
-3925
-121
-542
1965
3061
3370
5623
5958
7448
6740
6406
6389
5356
4356
3551
1467
906
-2110
-3914
-5102
-7102
-7297
-8480
-7868
-7610
-6463
-4951
-2645
-504
1764
3853
4739
6403
6398
6940
6891
5446
4624
3059
1120
-304
-1882
-3172
-3732
-4728
-5348
-5563
-5203
-4486
-4231
-3583
-2913
-3002
-3338
-2127
-1871
-1740
1299
-460
928
4077
-153
5943
2875
2303
7107
-1042
4999
-434
-135
1767
-2386
927
-2744
675
-1831
1665
361
2520
4057
1447
6434
1204
5264
4338
2018
5417
2214
2336
3884
1403
2286
2504
968
897
413
-1999
-3069
-4599
-7432
-5730
-9104
-7440
-7909
-8255
-3743
-5624
-1324
107
845
4894
4650
5955
7078
7162
7147
6952
5236
4358
3903
1429
193
-1526
-2454
-3848
-5287
-6147
-6726
-6577
-6817
-6343
-5211
-3668
-2727
-316
994
2930
4841
5505
6725
6576
6542
5626
4406
2729
868
-1136
-2632
-4890
-5941
-6457
-7332
-6574
-6651
-5360
-4247
-3154
-3029
-2534
-261
-450
-114
1773
341
2565
3640
1162
5285
2766
3781
4743
1251
3758
634
710
-284
-1666
-2047
-2466
-1854
-2709
-408
-461
1843
2422
3163
5349
4455
6128
6064
5238
7394
5184
4445
4976
2749
3046
1546
622
-502
-1427
-3397
-4458
-6315
-8116
-8541
-9616
-8321
-9581
-7738
-6188
-4336
-1971
-80
2832
4538
6897
7460
8670
9181
8621
7891
7240
4930
3339
1739
-774
-2173
-4046
-5438
-6481
-7245
-8438
-7522
-7536
-6858
-5172
-4229
-1810
-207
1675
3494
5037
6309
6946
6965
6732
5806
4312
2825
558
-1407
-3067
-4931
-6223
-6996
-7271
-6909
-6487
-5548
-4524
-3979
-3211
-1596
-595
-185
2036
881
1908
3697
1216
4698
2383
2934
4324
978
3696
153
1191
221
-847
-1148
-2662
-1203
-3034
-261
-1525
1026
1341
2088
4603
3028
6410
5587
6039
6897
5781
5896
5448
4723
3323
2514
2339
-265
-35
-1547
-2500
-2932
-6625
-6560
-9020
-7414
-8617
-8411
-5975
-7121
-3192
-2749
-1160
2165
3562
5130
7289
7107
7471
9077
7815
7048
6273
4036
2643
621
-2305
-2724
-4572
-6023
-7473
-8646
-8598
-8741
-7889
-6651
-4868
-3121
-1047
841
3281
5083
6740
7892
7891
7485
6419
5248
3470
1336
-623
-2757
-4732
-6260
-7625
-7428
-7363
-7263
-6367
-5781
-5760
-5377
-3325
-2410
-1456
1386
-169
1394
4356
1094
6275
4175
3615
6915
1415
5122
1123
1289
1352
-1297
-905
-3651
-894
-3830
-475
-1132
240
2321
1229
5209
3090
6780
6468
5894
8355
6353
6722
6407
5558
4931
3374
3577
529
908
-1048
-5681
-6612
-9676
-8398
-11571
-10004
-11159
-9565
-5981
-8137
-1757
-1829
1688
4695
5919
7707
8824
10216
10379
11502
7942
7960
6932
3714
865
-1012
-2978
-5382
-8401
-10350
-10687
-11683
-11838
-11084
-8268
-7038
-4045
-1426
1988
5173
6918
9384
10282
10429
9539
8794
6266
4366
1039
-1702
-3467
-6999
-8016
-8841
-9829
-9664
-9917
-9604
-7387
-6330
-5106
-2092
-1712
377
2554
1541
5512
4869
5459
7043
4555
6739
4008
4336
2947
1530
532
-2046
-1813
-4641
-2664
-4281
-3016
-1874
-1969
1381
1672
4499
5697
7256
8482
8699
8708
9188
8690
7073
6523
4527
3902
2475
1219
740
-2759
-6318
-10377
-9650
-9208
-12364
-10095
-11434
-8724
-7212
-8833
-2198
-1306
568
4826
4977
6448
9689
9627
12354
13472
8501
11325
8919
4446
3301
280
-694
-5462
-9963
-11888
-12633
-13961
-15278
-12864
-10110
-8550
-5541
-1992
2525
6484
8650
10629
11515
11273
10291
9715
7012
4373
1387
-1710
-3940
-7807
-8245
-8389
-9670
-9804
-10502
-9808
-8634
-7980
-5834
-3924
-2009
-387
509
2693
4863
6848
6717
7706
7623
6733
6673
4003
3979
1843
-181
-2209
-4314
-4464
-5008
-3884
-4094
-2248
-1219
675
3306
4284
6567
8500
8855
8766
9557
8766
8692
7814
5780
5545
4821
2543
2173
-558
-4878
-9820
-10786
-9438
-13017
-11401
-13118
-11246
-7921
-10820
-4846
-1881
-2239
3871
4559
5134
10197
9286
12926
16428
10988
11821
13539
8010
6333
3655
852
-1248
-8140
-12085
-12981
-14716
-17418
-16258
-13724
-12015
-9185
-5374
-688
4540
7724
9920
12828
12539
12173
12318
10042
7252
4192
312
-1876
-6009
-8718
-8562
-10054
-11148
-11965
-11362
-10841
-10273
-8219
-6010
-4118
-1881
-654
1946
4175
6450
8504
7486
9527
8057
7821
7047
4043
4067
659
-769
-3867
-4799
-4904
-5193
-4434
-4275
-1631
-1278
2202
3613
5020
8356
8757
9128
10032
10130
9338
9730
7511
6074
5740
3388
2321
-1226
-10021
-11875
-10255
-13573
-13369
-13865
-14528
-8541
-10836
-10039
-256
-4126
644
6267
3140
8957
9418
10270
17705
15492
10621
16665
13199
8459
8046
3634
2390
-3861
-10487
-13094
-14439
-18990
-20536
-16944
-15391
-13872
-9213
-3939
1634
6658
9307
13755
15085
13617
13674
13710
9549
6069
2629
-854
-3521
-9196
-9406
-9287
-10732
-12069
-13024
-10706
-10064
-11147
-8291
-5796
-6195
-950
-344
639
7584
6436
10200
10895
8670
12255
8518
8336
5439
2851
351
-2111
-4351
-7853
-3758
-7204
-4168
-4255
-3339
1690
1124
6071
5342
8963
10222
9089
10377
10445
10325
8193
7471
2997
1637
2150
-633
-4632
-12784
-12068
-11167
-14684
-11377
-15000
-10208
-6418
-11404
-3221
-789
-1537
5157
5731
5729
10019
7718
11439
16995
9828
11689
14268
8536
7225
4271
2529
690
-5876
-10833
-11336
-13611
-18034
-16929
-13950
-12595
-10452
-6424
-1561
3774
7012
9652
12886
12940
11137
11964
10695
5891
3346
-36
-2392
-6474
-10322
-9394
-9927
-11986
-12769
-11817
-10147
-9082
-8708
-5546
-4010
-1905
660
1195
4955
6389
8873
9299
9085
9290
8655
9134
5310
5219
1843
629
-1457
-5000
-3442
-4920
-2710
-4389
-2898
-1233
-278
2587
3366
6739
8087
9854
8728
10480
10504
9601
10557
6758
8124
3220
-8380
-10087
-10176
-14097
-14455
-16503
-18454
-10436
-14413
-12497
-1659
-7348
1521
4947
1452
7922
7998
9698
16360
12940
9682
18772
13206
10248
11063
7901
7956
485
-6552
-7945
-10716
-17296
-19703
-18181
-17421
-17599
-13582
-8997
-1775
3399
6836
12690
14881
15336
15649
15221
11765
8910
3733
843
-3209
-8991
-8802
-9580
-11418
-12255
-12831
-11054
-11248
-11905
-8231
-8731
-7071
-4554
-4160
-207
2702
5158
7798
9578
10545
11937
11357
10383
9742
6322
3614
440
-2620
-3970
-5325
-6251
-6428
-4928
-4059
-1658
1016
3015
6211
7630
8516
9330
10877
11921
11419
11087
11342
9441
8438
2781
-8649
-9414
-9535
-15945
-16791
-18404
-20105
-13502
-17736
-14798
-3123
-8720
-938
4293
2211
10032
10177
11713
19420
16101
12169
19404
14370
11097
11972
8188
6565
-34
-6527
-8128
-11069
-18104
-19768
-18338
-18038
-18560
-15077
-9027
-2441
1914
5986
12928
15914
16569
17295
18360
15208
11343
6152
2949
-1943
-8303
-9263
-11581
-13054
-15738
-15509
-13223
-13058
-11845
-8705
-7801
-7181
-3660
-2897
129
3149
4343
7433
8541
8411
10124
10731
10105
9355
6346
4362
2261
-886
-2870
-3821
-5260
-6038
-5524
-5564
-2864
191
2727
5877
7900
8858
11117
12471
11936
12553
10050
9001
9281
7300
1425
-8435
-11281
-9002
-14858
-17459
-15251
-18499
-12224
-15392
-12827
-3555
-9358
-1182
2590
1835
5997
8140
11162
18455
14299
11959
21368
13352
12160
11527
7999
7499
-912
-7238
-7455
-12325
-18888
-18836
-18991
-17221
-17495
-14121
-7198
-1338
1976
7688
12693
14740
15900
16068
18092
14168
10194
6539
3705
-1953
-7395
-8191
-9809
-13022
-15076
-13567
-13221
-12063
-11154
-9060
-7918
-7169
-4387
-3023
-579
2606
4750
6422
8181
7861
9154
10784
8923
8422
5849
3807
1943
-1420
-2203
-3302
-4310
-4969
-4448
-4480
-1849
579
2666
6110
6939
7882
9561
11279
10572
11470
11348
9324
8068
2351
-4740
-7824
-8432
-10197
-14915
-13717
-14897
-13493
-10362
-13374
-3867
-5571
-4500
1388
-405
3981
5725
6966
10413
13821
8140
14062
14410
9458
13117
8311
7563
3771
-2719
-4676
-6925
-13116
-15569
-16091
-15806
-14929
-14010
-9421
-3860
222
2985
7909
10946
13354
13397
13783
12642
10657
8117
4237
1650
-2869
-4427
-6122
-9640
-11483
-11153
-10974
-11238
-11549
-10485
-9012
-8562
-7820
-5326
-2713
-278
2136
3378
6588
7292
8750
8615
9099
8939
6211
5593
2117
1419
-416
-1280
-3381
-3863
-2818
-3719
-1170
-1408
1449
3616
5070
6126
6754
9002
8994
10753
10834
11152
12352
7350
-329
-6703
-7917
-6834
-14795
-16003
-15242
-16620
-12766
-15921
-8923
-4751
-5309
95
603
3138
6693
8766
10183
15464
10944
12579
15790
9253
12692
9970
7594
5637
-1650
-4558
-6342
-12382
-15709
-16338
-17589
-16862
-16587
-13016
-6327
-1482
1872
7421
10882
13779
15094
16437
16083
13541
11237
6131
3109
-1788
-4875
-5549
-9322
-12834
-12925
-12787
-12129
-11377
-10574
-7777
-8452
-7724
-5128
-4021
-579
2023
3029
5830
6048
7587
9243
9069
9819
8065
5918
3492
1857
-749
-809
-2428
-4951
-3994
-5121
-3259
-2011
103
2810
4577
6416
6798
9817
10872
11236
10168
10525
12114
7172
1397
-7053
-7475
-6592
-15456
-13586
-16685
-15787
-10937
-16417
-7379
-6494
-6054
2071
576
1423
7216
8266
9161
15451
8722
13817
16431
8248
12110
9194
7181
4896
-1938
-5033
-5898
-11855
-15290
-15583
-16503
-15623
-14802
-12017
-6668
-1800
1618
6250
9691
12056
13102
15383
13561
11969
11212
7503
4734
-711
-3131
-3557
-7030
-10790
-11615
-11970
-11509
-11737
-11578
-9237
-8601
-7424
-5418
-4058
-890
3235
3610
5789
7216
7290
9401
7809
8118
7214
4848
3245
2
-937
-1791
-1983
-3951
-3620
-2910
-3175
-733
-290
2730
4395
5615
6416
7583
10272
10025
11718
10258
8838
6723
1029
-3932
-6551
-6781
-13055
-12823
-15456
-16347
-9845
-15644
-8019
-5350
-7281
1491
234
1414
8250
8806
8204
14554
9585
11989
15856
8097
11701
9681
5077
3940
-1368
-5121
-5878
-10803
-14757
-14740
-15482
-15233
-13294
-10816
-6493
-1252
1096
4947
9154
11616
12388
13789
12576
11015
10267
6232
4639
1552
-2494
-3277
-6385
-9590
-9432
-10651
-10793
-10789
-11092
-9434
-8363
-8162
-5381
-2977
-1755
2527
3142
5431
8118
7391
9008
8370
7546
6764
4436
2903
816
-757
-1963
-2909
-3855
-3905
-2678
-2788
-1392
134
1692
4060
5254
6321
8516
9918
10078
11036
10999
10469
4890
-3319
-5126
-4188
-10172
-12424
-13241
-17336
-11202
-16067
-12839
-4521
-10246
-881
1209
-1746
5170
8217
8085
13879
11222
8711
17614
9198
8860
12065
6503
6763
568
-4695
-4270
-7595
-13522
-13690
-13906
-15188
-14105
-12743
-8977
-3420
-698
2654
6822
8855
10388
12488
13302
11048
10355
7995
5846
2490
-1060
-622
-3388
-7281
-8813
-9143
-9527
-10843
-10598
-9120
-9619
-7978
-7450
-5538
-1794
-881
3394
3758
5489
8070
7819
9665
7740
8136
6083
4380
2355
-840
667
-2488
-2493
-3915
-3897
-2164
-2529
-302
-337
3320
3097
4628
6335
6962
10821
9372
11209
10844
8839
4237
-4019
-5534
-7120
-10698
-11866
-15708
-15897
-12640
-15415
-9618
-7641
-6996
887
-428
1944
6596
8296
10922
14353
10328
12588
15206
8554
11523
8615
6714
5523
-1191
-4870
-6268
-9728
-14122
-14550
-16011
-15024
-13524
-12313
-7888
-2237
731
4492
7768
9910
12376
12964
12325
11269
10342
7294
4826
1532
-1025
-2069
-4642
-8263
-9389
-9534
-10722
-10588
-11180
-9787
-8989
-8625
-6838
-4672
-1529
790
3888
5216
7126
9359
9186
9828
8948
8167
6386
3355
1450
-427
-1194
-2721
-4030
-4114
-3460
-2613
-1817
-270
1508
3489
4483
5201
6656
8668
9872
10411
10948
9190
3828
-2424
-3583
-5180
-10787
-11118
-14644
-16722
-13531
-16484
-10136
-8055
-9555
-18
731
116
6630
9599
10845
15311
10807
12760
16518
8972
10972
10207
6293
4828
113
-4163
-5124
-8517
-13399
-13703
-15426
-16213
-14356
-12663
-9701
-4561
-1157
2353
6907
8553
10820
14524
13045
10671
11032
9010
6705
2703
-21
254
-3153
-7635
-8096
-8293
-10085
-10689
-10911
-10964
-10866
-9574
-8813
-6984
-4115
-2208
2456
3459
5943
9597
10261
11927
10393
10760
8749
7477
3812
798
1276
-3387
-3090
-5670
-4817
-3228
-3443
-916
-621
2810
3616
5450
6381
7961
9856
9856
10882
7032
2581
-1464
-2314
-5430
-10842
-9575
-13865
-13687
-14268
-16604
-8711
-11778
-8551
-1939
-2531
1058
5958
8462
11426
15343
11702
17131
15443
10802
14202
9128
6935
4543
-558
-3651
-5681
-10651
-12718
-13824
-16129
-15290
-14743
-13208
-9344
-5885
-2800
1836
5315
7578
9916
12962
12239
11393
11481
10095
7929
4117
2657
1249
-2424
-5823
-6509
-7918
-10066
-11080
-11529
-12010
-11841
-10985
-10165
-8219
-6150
-3030
-149
2319
5251
8528
10456
11161
11716
12062
11060
9091
6607
4057
2936
-183
-2373
-3482
-3728
-3530
-3122
-2812
-1347
1504
1984
4164
5109
7265
8867
8800
7959
3769
591
-1256
-2106
-7816
-8355
-9491
-12875
-10814
-15038
-9980
-9716
-12149
-4123
-3772
-2670
1959
5315
7481
12845
10757
13724
17918
11528
14483
12294
8187
7733
3329
-1418
-2675
-6550
-10762
-10629
-14231
-14252
-13222
-14278
-11707
-8406
-6737
-2887
1250
3118
5705
9369
10337
10250
10758
10434
10661
7407
5284
5128
2143
-1506
-3348
-5032
-7469
-8714
-10602
-11919
-12477
-12484
-11555
-10443
-9140
-6570
-3247
-1508
1408
4475
7109
9776
9956
11301
11429
11112
9694
7535
6720
4036
2592
-322
-882
-1661
-2077
-1680
-2800
-581
-114
1324
2956
4356
5903
7327
6515
3085
-95
-1204
-1257
-6536
-6903
-8713
-10745
-9059
-13564
-8753
-7567
-10975
-4751
-3997
-4487
1552
3482
3932
11251
8570
11470
16072
9996
14601
13560
8657
8174
5341
373
-678
-4150
-8879
-8055
-12250
-12910
-11795
-12986
-11209
-8284
-7660
-5333
-1026
153
2629
5909
6759
7874
8808
8546
9562
7885
6484
6837
4587
1444
442
-981
-4370
-5740
-7419
-10098
-11364
-12193
-12388
-11733
-11199
-9388
-6626
-4376
-2271
2103
4092
6858
9040
9430
11843
10946
10895
8994
9213
6513
4534
3569
413
1359
-1046
-398
-1831
-1184
-542
-42
2049
1988
4714
4498
5557
2826
-1011
-1066
-1923
-5394
-6863
-7608
-10141
-8255
-11579
-9667
-5902
-9904
-4713
-2681
-4541
444
3131
3376
8091
8057
8509
14006
9925
11545
13342
8592
8547
6783
1928
546
-1312
-6232
-6363
-9619
-11200
-9914
-11539
-10720
-8263
-7464
-6581
-2823
-1377
337
3420
4470
5204
6592
6876
7795
7557
6012
6845
5709
2967
2529
1214
-1449
-2781
-5162
-7229
-9213
-10824
-11424
-12190
-11793
-10817
-9168
-6990
-5145
-1421
1303
3809
6655
7627
10536
10682
11469
10166
10098
9384
6389
6588
3120
3768
1426
793
-136
-1026
222
-1700
1141
102
2110
3139
2502
1891
-2084
-1829
-2008
-5315
-6153
-6318
-8734
-7492
-10047
-8174
-5652
-8858
-4262
-2195
-3847
-192
2821
2189
7428
6730
7329
12259
7991
10929
11760
8083
8053
6924
3015
1271
-239
-4386
-4464
-7677
-9006
-8310
-9869
-9309
-7421
-6827
-6462
-3119
-2646
-1550
1319
2071
3242
3890
4480
5863
5768
5324
6591
6412
4687
4508
3613
1622
221
-1827
-4341
-7191
-9002
-10541
-12014
-12380
-12120
-10925
-9904
-8125
-5153
-1850
793
3578
5967
7839
10034
10587
10833
11141
10729
9227
8243
6719
5303
5063
3377
1995
1311
666
-15
91
-407
371
833
38
-1109
-4353
-3985
-3654
-6872
-6708
-6733
-8494
-7030
-9233
-6998
-4943
-7291
-3031
-1673
-2480
577
3780
2953
7164
7009
7757
11151
7160
10402
10366
7765
7264
6435
3112
1764
409
-2933
-2733
-6231
-6997
-7224
-8631
-8289
-6819
-6808
-6437
-3996
-3794
-2657
-649
417
979
2260
3003
4174
4604
4358
6052
6217
5060
5747
5286
3717
2888
1022
-1406
-3653
-5627
-7874
-9328
-11131
-12039
-11378
-12277
-10629
-8516
-6993
-3277
-1737
1441
4207
6950
8666
9852
12111
11050
12374
10249
10136
9258
7477
7095
4442
4534
2077
2549
890
839
855
-500
-232
-4825
-5262
-5523
-7351
-8627
-9308
-10316
-9888
-10235
-10835
-7339
-8376
-6028
-2598
-3295
-408
2822
3738
5832
7822
7894
10790
9527
9445
11658
9466
8672
8149
6679
4413
3891
1172
-301
-1298
-4073
-4341
-6412
-7594
-7053
-7480
-8561
-7042
-6688
-6692
-4867
-4273
-2758
-1844
-1122
408
1663
2037
3669
5094
4897
6165
6821
6496
6852
6227
4989
3852
1575
-231
-2036
-4559
-6250
-7980
-9297
-10640
-10978
-10861
-10035
-8290
-7525
-4799
-2878
-350
2051
3997
6550
7731
9567
9454
10234
10222
9920
9581
8458
8087
6863
6618
5426
5099
4096
3262
1421
-1562
-1884
-4047
-6034
-6825
-9056
-10039
-10634
-12356
-11034
-11732
-11699
-8554
-8452
-7214
-4222
-2547
-672
2076
2629
5453
6581
6506
8963
8724
8929
9488
9395
8318
8644
7900
6479
6251
4429
3598
2429
333
-665
-1303
-3516
-4012
-4569
-6441
-6148
-6625
-7181
-6612
-6947
-6477
-5453
-5648
-4618
-3194
-2801
-1527
32
571
1908
2975
2974
3765
3613
3475
3820
2983
2474
2044
934
276
-479
-1469
-1755
-2065
-2677
-2658
-2633
-2222
-1416
-1159
-258
724
1360
1914
2219
2546
3106
2982
2695
2821
2489
2570
2350
2184
2520
2347
1678
1287
1299
825
243
-208
-1020
-1602
-2343
-2933
-3179
-4205
-4081
-3805
-4099
-3703
-2699
-1884
-1114
-541
-120
1101
1009
1214
1550
1384
1299
1069
766
659
1308
1075
1438
1414
1598
2072
1761
1947
1522
1353
1032
487
-26
-543
-677
-606
-1290
-1605
-1022
-1310
-1026
-999
-792
-110
-504
-503
21
186
366
483
264
198
9
-447
-620
-785
-1283
-1415
-1782
-2340
-2326
-2299
-2220
-1896
-1822
-1275
-687
-666
-59
444
998
1256
1495
1821
1908
2042
1693
1863
1914
1573
1525
1424
1240
1172
798
681
800
291
190
109
-181
-57
-93
-193
35
-60
-259
-343
-690
-568
-772
-988
-764
-889
-439
-371
-160
628
741
1117
1379
1264
1417
1216
739
522
178
-63
-328
-544
-409
-293
-198
-112
217
319
262
384
280
19
-254
-435
-658
-973
-1225
-1157
-1331
-1382
-1079
-922
-598
-518
-349
-48
87
89
224
52
-144
-126
-695
-909
-1001
-1112
-1156
-1350
-1416
-1083
-1051
-1068
-564
-353
225
390
489
806
1049
1287
1126
1317
1454
1462
1136
1069
1101
1037
954
821
1087
1012
818
838
947
796
819
677
566
537
149
106
199
108
86
97
-223
-188
-442
-683
-502
-829
-806
-675
-744
-557
-460
-168
328
318
207
339
324
233
-127
-338
-258
-571
-811
-947
-910
-766
-657
-641
-505
-241
-215
77
51
101
383
260
131
161
137
111
23
-245
-250
-398
-534
-691
-806
-727
-798
-892
-1105
-1070
-893
-964
-1141
-903
-867
-782
-676
-704
-24
86
211
714
1001
1542
1977
2104
2500
2768
2584
2527
2169
1903
1647
985
530
203
-140
-341
-514
-404
-203
-144
97
145
274
443
430
311
-45
-203
-381
-784
-957
-1030
-1068
-1087
-1384
-1486
-1311
-1206
-1144
-1043
-918
-674
-389
-275
70
519
830
902
824
812
734
674
459
112
-161
-474
-768
-1115
-1210
-889
-877
-853
-816
-639
-123
-127
106
499
507
592
563
559
768
874
841
850
655
550
475
309
209
-157
-399
-759
-1223
-1336
-1473
-1357
-1255
-1341
-1093
-830
-487
-146
132
638
951
1045
1327
1648
1845
1944
1854
1891
1815
1445
1289
1054
582
195
-248
-478
-679
-922
-742
-706
-599
-468
-227
219
377
597
525
483
410
-91
-185
-436
-814
-960
-1456
-1582
-1537
-1736
-1574
-1388
-1258
-994
-758
-481
-32
366
692
1035
1152
1340
1382
1287
1195
1035
866
454
103
-234
-468
-687
-805
-891
-909
-773
-791
-532
-400
-213
99
92
252
322
266
444
536
471
593
551
497
608
341
310
259
-126
-400
-712
-1048
-1177
-1279
-1378
-1202
-1026
-716
-357
102
543
1008
1463
1721
1975
1995
2032
1947
1679
1303
1023
702
335
-19
-466
-501
-768
-1018
-1112
-1141
-927
-903
-832
-792
-524
-237
-60
154
294
521
589
466
378
346
360
167
-312
-499
-666
-799
-944
-1245
-1057
-856
-1020
-794
-456
-148
484
547
815
1234
1016
1168
1020
692
665
174
-247
-491
-956
-1072
-1073
-1379
-1284
-1145
-1120
-852
-721
-493
-101
40
68
373
490
650
908
868
1124
1211
1135
1147
1072
1031
826
467
98
-202
-628
-923
-1193
-1343
-1224
-1235
-961
-569
-141
364
808
1261
1680
1988
2092
2136
1984
1799
1511
1120
740
167
-168
-482
-882
-1090
-1277
-1304
-1384
-1431
-1291
-1102
-908
-850
-689
-455
-350
-194
-38
10
148
100
34
119
39
13
-42
-214
-322
-488
-631
-573
-695
-734
-592
-629
-398
-64
152
573
771
825
1095
987
928
866
522
276
-148
-548
-784
-921
-1090
-1132
-1175
-1126
-860
-769
-509
-202
2
153
255
317
564
848
853
1056
1108
1249
1460
1454
1579
1549
1407
1065
688
304
-73
-381
-831
-1211
-1322
-1239
-1069
-775
-475
89
594
932
1416
1662
1985
2034
1739
1526
1170
902
493
-171
-614
-950
-1260
-1505
-1821
-1723
-1552
-1661
-1615
-1530
-1139
-748
-886
-741
-419
-354
-247
-234
-30
210
134
18
58
161
93
45
-70
-261
-335
-489
-594
-571
-518
-418
-198
-78
163
630
839
1074
1138
1147
1242
973
678
504
211
-122
-439
-702
-738
-754
-788
-706
-576
-396
-208
-54
25
116
218
121
119
159
239
379
373
505
734
936
1084
1131
1179
1128
877
552
181
-100
-461
-838
-1048
-1219
-1062
-929
-717
-320
-21
507
786
1023
1313
1414
1441
1199
984
823
521
163
-111
-441
-610
-835
-1082
-1012
-1080
-1106
-1049
-1097
-979
-867
-900
-734
-622
-636
-494
-431
-297
-10
91
234
398
426
512
493
401
398
286
45
-165
-288
-400
-407
-424
-405
-165
-54
91
282
415
560
599
451
319
281
3
-174
-364
-538
-489
-599
-576
-388
-231
-39
159
278
460
530
390
383
231
114
35
-16
-49
-55
66
136
441
504
616
831
645
560
383
102
-5
-302
-566
-550
-622
-510
-252
-53
348
618
835
1129
1241
1343
1284
1078
911
601
333
149
-134
-184
-329
-498
-400
-472
-336
-296
-440
-316
-437
-594
-561
-750
-738
-799
-1043
-936
-883
-744
-530
-363
-125
0
92
107
237
301
200
85
-48
-171
-249
-327
-423
-273
-345
-391
-305
-352
-190
-212
-379
-366
-467
-660
-622
-717
-701
-545
-670
-417
-175
-8
398
546
798
1017
1061
1158
1123
1052
996
763
579
452
362
402
294
306
361
372
437
395
421
431
245
49
-105
-244
-234
-273
-253
-42
38
272
533
721
1038
1132
1182
1171
977
864
556
248
32
-360
-534
-759
-922
-827
-893
-814
-657
-586
-437
-320
-307
-183
-158
-304
-281
-413
-517
-537
-699
-689
-595
-604
-474
-336
-325
-133
-64
-19
124
119
155
198
157
117
167
131
75
63
-79
-124
-177
-369
-511
-665
-854
-969
-1104
-1208
-1136
-1041
-931
-738
-469
-123
293
573
818
1143
1327
1403
1410
1352
1321
1228
906
732
674
479
459
301
226
333
145
78
73
-64
-87
-208
-424
-411
-506
-440
-260
-189
122
342
614
836
957
1197
1273
1198
1033
760
532
206
-231
-448
-688
-942
-1047
-1198
-1106
-948
-898
-670
-504
-433
-254
-134
-46
79
45
61
57
-75
-134
-109
-139
-243
-295
-360
-343
-335
-418
-348
-263
-267
-210
-152
5
214
284
291
344
357
289
193
64
-91
-209
-527
-835
-904
-1039
-1036
-1030
-1045
-820
-612
-484
-116
202
483
786
851
1019
1157
1213
1291
1254
1158
1078
957
792
655
546
489
339
145
-16
-146
-178
-390
-481
-493
-623
-589
-660
-575
-309
-190
15
312
453
709
931
980
1143
1085
958
867
555
292
77
-226
-487
-705
-890
-947
-949
-936
-792
-651
-556
-407
-224
-127
14
110
145
211
127
60
118
31
-93
-151
-268
-296
-374
-456
-410
-374
-438
-418
-355
-275
-82
37
180
313
338
359
369
279
166
52
-161
-398
-638
-828
-912
-989
-1034
-1009
-877
-734
-540
-287
-35
273
467
616
735
833
943
1031
1033
994
1013
962
867
766
678
648
515
290
111
-43
-209
-362
-520
-642
-642
-726
-717
-610
-475
-178
31
222
490
684
895
1075
1065
1106
1059
851
690
435
228
73
-235
-472
-631
-761
-778
-794
-771
-670
-572
-508
-379
-236
-91
62
104
125
184
205
180
196
112
-12
-117
-319
-375
-432
-522
-525
-543
-546
-486
-388
-211
18
112
246
388
420
429
370
278
174
-59
-304
-454
-598
-750
-851
-911
-884
-829
-815
-642
-481
-345
-185
-20
171
326
429
533
689
783
859
945
1015
1038
999
928
838
766
631
446
275
52
-101
-234
-383
-461
-520
-532
-508
-446
-317
-100
101
253
418
593
758
865
905
857
803
677
443
272
78
-76
-282
-516
-604
-628
-622
-609
-552
-469
-361
-307
-212
-65
53
113
90
122
165
173
172
111
41
-73
-251
-399
-521
-597
-682
-769
-826
-780
-642
-471
-284
-71
148
293
404
455
517
496
360
194
3
-140
-272
-390
-461
-499
-499
-499
-485
-424
-376
-313
-288
-304
-225
-83
31
157
309
511
748
879
1003
1143
1238
1179
1008
867
702
519
263
24
-105
-203
-311
-354
-348
-300
-199
-190
-152
-27
44
124
192
246
362
470
488
512
541
486
443
290
83
-64
-319
-540
-715
-855
-886
-873
-837
-703
-536
-336
-73
109
286
423
475
490
445
375
293
184
1
-180
-316
-453
-537
-645
-749
-781
-814
-824
-739
-640
-520
-325
-217
-57
144
273
429
505
481
493
470
374
311
215
110
35
-89
-211
-219
-252
-305
-363
-432
-435
-370
-324
-227
-36
109
294
457
641
878
1049
1075
1059
1002
853
691
481
276
109
-92
-265
-330
-344
-288
-204
-155
-93
-32
-19
25
34
34
68
54
43
79
143
223
281
258
231
195
42
-104
-267
-453
-614
-809
-933
-920
-851
-749
-533
-307
-38
213
392
610
746
744
674
562
398
211
-18
-221
-366
-516
-650
-718
-714
-671
-616
-560
-503
-386
-310
-239
-138
-65
28
93
133
204
308
363
416
447
442
449
392
304
234
104
-28
-162
-331
-427
-483
-535
-533
-452
-323
-134
59
255
496
697
811
873
904
869
750
565
339
181
13
-173
-278
-332
-329
-304
-260
-186
-48
14
37
59
44
59
49
3
15
71
90
148
213
291
389
368
293
263
131
-18
-184
-390
-519
-633
-742
-701
-613
-483
-273
-105
122
329
483
609
654
613
535
404
233
69
-91
-240
-376
-489
-541
-525
-510
-498
-453
-406
-394
-365
-349
-299
-256
-284
-261
-199
-139
-60
60
161
276
366
388
460
483
436
369
214
56
-58
-206
-341
-383
-423
-403
-329
-240
-36
193
334
485
612
668
720
662
558
493
322
123
-2
-144
-197
-208
-263
-232
-177
-158
-74
-24
-21
32
7
-28
-41
-72
-27
32
46
96
185
263
329
380
371
375
295
136
18
-100
-212
-297
-406
-458
-404
-387
-293
-164
-58
104
174
174
225
211
164
91
-31
-116
-184
-265
-316
-279
-250
-203
-140
-98
-45
17
11
-2
-22
-123
-180
-256
-340
-337
-330
-329
-237
-166
-56
125
224
342
447
445
437
404
295
240
126
-22
-93
-158
-206
-169
-109
-32
95
140
223
307
326
323
281
207
117
7
-121
-164
-198
-256
-256
-244
-215
-146
-130
-90
-26
-47
-65
-106
-143
-142
-185
-204
-174
-147
-101
-38
45
142
209
256
272
279
242
180
142
73
-3
-57
-114
-119
-111
-120
-54
-24
-19
5
-13
-18
-27
-98
-147
-191
-244
-255
-262
-208
-108
-11
82
190
309
406
461
477
469
408
297
141
7
-91
-211
-300
-363
-368
-327
-259
-157
-22
99
179
250
285
316
312
277
201
133
54
13
-6
-28
-16
11
27
31
49
57
84
34
-45
-87
-156
-227
-253
-300
-288
-263
-281
-209
-130
-77
-1
34
42
61
10
-15
-39
-116
-173
-213
-246
-249
-217
-167
-85
-5
67
163
267
328
387
417
418
425
374
316
282
215
152
85
-1
-29
-87
-160
-186
-243
-281
-321
-373
-379
-363
-349
-324
-260
-170
-63
35
138
259
366
429
458
477
452
386
285
155
44
-73
-208
-287
-348
-381
-376
-366
-308
-219
-160
-79
10
63
117
126
128
149
133
118
122
111
93
92
90
87
89
67
37
3
-48
-98
-124
-186
-215
-220
-243
-208
-168
-111
-20
42
100
172
195
220
215
174
130
46
-59
-138
-215
-275
-302
-309
-266
-220
-129
-19
117
249
345
440
506
548
553
509
446
372
239
131
6
-104
-184
-285
-342
-384
-410
-407
-411
-385
-324
-294
-242
-187
-127
-42
22
90
173
236
284
312
325
342
320
264
209
130
59
-19
-95
-142
-174
-198
-197
-162
-116
-51
0
55
104
123
150
157
141
127
97
57
31
4
-5
1
-4
-12
-16
-18
-33
-41
-73
-111
-145
-206
-226
-237
-239
-190
-173
-130
-41
19
101
170
196
237
211
137
88
0
-85
-173
-286
-329
-358
-366
-299
-235
-108
22
126
254
359
458
522
527
509
456
372
270
153
53
-57
-162
-245
-322
-334
-342
-335
-286
-254
-190
-121
-78
1
76
121
178
192
218
241
221
219
199
159
131
76
19
-17
-57
-85
-136
-158
-166
-175
-160
-138
-110
-59
-38
-13
32
54
106
120
101
94
78
44
18
-16
-34
-50
-92
-110
-113
-104
-96
-92
-101
-108
-114
-126
-141
-143
-133
-141
-133
-139
-104
-38
-13
44
86
97
126
93
76
83
19
-22
-77
-131
-124
-130
-107
-38
8
84
158
218
312
370
401
396
363
305
237
167
70
-7
-81
-171
-226
-259
-260
-226
-217
-183
-131
-84
-15
43
98
168
206
213
231
233
240
228
181
143
86
28
-23
-76
-95
-131
-156
-192
-213
-196
-177
-171
-154
-135
-130
-104
-106
-70
-25
-22
-3
7
-5
34
36
44
63
44
38
13
-12
-25
-23
-69
-91
-119
-147
-141
-139
-145
-132
-118
-113
-90
-69
-39
-14
-15
-38
-26
-61
-71
-79
-114
-107
-127
-142
-113
-88
-32
37
79
138
180
227
281
312
333
338
305
261
214
170
119
57
-3
-79
-130
-165
-202
-192
-190
-187
-159
-142
-84
-7
52
133
205
244
300
324
345
357
336
294
236
164
98
39
-15
-62
-107
-139
-170
-171
-173
-161
-144
-144
-146
-133
-136
-105
-89
-89
-54
-54
-42
-20
2
21
45
35
39
37
28
25
19
11
-20
-47
-85
-105
-123
-152
-166
-187
-218
-211
-200
-183
-126
-107
-83
-51
-44
-15
0
-14
-25
-48
-97
-114
-141
-142
-107
-85
-38
23
91
180
267
326
377
398
382
350
312
250
196
122
33
-32
-96
-134
-151
-151
-162
-143
-132
-107
-62
-15
37
78
117
160
211
251
290
302
308
288
259
210
167
134
73
33
-21
-70
-87
-107
-123
-113
-130
-139
-143
-175
-164
-164
-179
-168
-175
-174
-141
-123
-83
-35
-23
-1
8
-7
6
-1
-35
-48
-80
-106
-111
-127
-127
-120
-133
-148
-156
-167
-149
-152
-155
-148
-149
-145
-121
-103
-79
-51
-53
-58
-70
-70
-73
-71
-65
-52
-37
-13
28
85
155
207
253
296
315
325
313
290
268
209
152
101
50
29
25
7
8
6
17
39
51
82
103
105
105
111
124
153
165
193
204
216
215
214
212
193
187
138
93
49
19
-11
-35
-74
-93
-117
-149
-156
-168
-176
-172
-183
-198
-174
-171
-142
-105
-73
-37
-15
-6
20
31
25
21
-16
-63
-108
-140
-180
-206
-236
-258
-277
-285
-259
-228
-187
-158
-117
-92
-46
-12
12
45
51
61
35
27
9
-13
-25
-37
-46
-53
-38
-15
24
53
98
126
142
167
187
185
181
174
140
109
72
60
56
58
82
99
110
135
165
186
199
205
187
168
140
115
104
79
69
67
53
66
93
120
160
168
160
162
143
121
95
54
6
-47
-115
-161
-183
-216
-222
-236
-242
-234
-222
-190
-152
-115
-81
-44
-28
5
34
64
77
75
69
50
26
10
-17
-57
-105
-165
-221
-275
-310
-329
-328
-336
-316
-275
-227
-148
-69
10
74
101
120
148
136
120
96
48
13
-14
-35
-13
5
35
72
88
112
139
151
152
154
108
67
31
-5
-12
-15
3
35
49
82
130
170
203
211
198
161
126
73
53
29
-20
-28
-41
-9
6
67
150
183
216
231
250
240
228
202
154
77
-9
-61
-118
-165
-184
-216
-233
-255
-272
-241
-217
-179
-151
-129
-121
-94
-70
-38
22
7
37
31
26
75
69
85
87
51
-3
-40
-97
-158
-181
-269
-302
-335
-383
-338
-288
-233
-168
-99
-40
12
43
79
123
76
18
-4
-61
-82
-114
-97
-78
-85
-41
10
67
85
152
161
125
102
64
46
14
0
-4
-7
0
51
102
152
185
196
169
145
104
46
-3
-91
-125
-206
-205
-164
-112
-13
101
202
251
335
364
389
350
326
282
151
35
3
-52
-121
-114
-165
-170
-180
-149
-116
-75
-62
-20
36
-31
-5
-5
-41
-67
-72
-110
-135
-103
-103
-15
10
52
28
45
65
30
53
-27
-6
-63
-108
-154
-105
-94
-162
-52
-50
-61
-2
31
17
5
38
16
-113
-48
-127
-60
-117
-278
-45
-248
-303
55
152
-235
162
398
-162
329
146
101
313
-273
82
201
-346
-167
575
-140
-182
429
-270
32
148
-82
286
-151
-254
44
-210
-182
222
378
-52
468
319
77
441
195
492
224
314
121
-16
55
-313
170
-264
-239
-26
-382
-15
-50
148
168
395
347
188
495
61
187
-1
-186
-68
-678
-458
-379
-377
-110
-149
254
-80
18
-17
-198
-158
-362
66
-122
121
154
143
208
-191
231
36
1
281
16
100
-10
-116
-136
-199
-240
-343
-241
-385
-212
-36
-143
268
75
28
175
99
239
134
325
29
-62
-2
-182
-33
-199
-44
73
-210
-265
-148
-218
-344
-60
49
-175
98
1
86
254
38
404
155
78
89
108
119
-3
402
136
167
14
-139
-19
-297
-105
-169
-83
-110
-173
121
30
274
332
345
466
289
505
304
250
164
-16
115
-249
-186
-281
-260
-223
-248
-44
-241
-6
-198
-198
-74
-281
-74
-96
57
76
8
-6
-73
-114
-179
5
-34
-67
169
100
-2
-23
16
96
-126
-8
23
-137
-209
-68
100
-108
93
213
148
9
123
282
-6
-22
6
-26
-239
-297
-158
-225
-295
-214
-89
-190
-156
-47
-54
-66
-89
-74
-3
51
132
226
170
44
42
84
74
75
167
224
100
66
1
-9
-119
-146
-66
-255
-412
-370
-121
-165
95
343
337
398
317
516
373
242
265
312
166
109
275
41
157
115
114
75
12
87
37
52
-72
9
-104
-138
-182
-242
-259
-342
-256
-319
-269
-190
-153
-74
-56
-75
-42
-7
-73
-37
28
-15
2
10
15
54
34
116
167
123
104
94
82
1
48
13
-44
-56
-88
-82
-192
-210
-248
-216
-254
-272
-212
-209
-138
-135
-92
-57
-48
-21
47
41
7
53
103
105
126
156
155
139
41
25
-21
-92
-102
-62
-102
-189
-120
-173
-172
-94
-5
110
157
237
255
243
136
161
194
102
114
105
138
96
101
159
132
139
133
173
157
152
185
177
149
31
9
-67
-140
-130
-173
-159
-212
-189
-178
-128
-106
-54
25
-5
43
29
64
72
88
82
79
70
54
90
77
84
54
22
-23
-36
-21
-6
35
13
-33
-68
-93
-127
-151
-146
-151
-155
-208
-171
-134
-126
-81
-16
3
29
101
102
140
113
84
57
10
-10
6
-35
-60
-61
-83
-98
-114
-87
-95
-105
-118
-77
-72
-57
-16
40
77
69
130
171
164
189
220
222
208
163
156
137
77
44
67
44
52
61
41
63
54
51
72
69
9
-12
-61
-92
-110
-130
-108
-101
-54
-16
60
65
83
92
60
53
1
38
24
40
19
3
10
10
41
8
24
-11
-7
-15
-13
17
40
35
1
0
-61
-57
-109
-150
-177
-224
-233
-261
-207
-191
-127
-68
-7
42
41
110
88
97
92
82
54
-17
-22
-54
-74
-110
-114
-88
-107
-92
-76
-61
-33
-16
0
-12
0
17
22
64
76
112
148
165
193
158
178
175
132
88
53
51
-14
-7
-16
-25
-17
-29
12
8
25
35
-7
-19
-58
-66
-69
-69
-43
-41
-13
-25
26
41
42
78
41
60
39
8
3
-35
-54
-69
-70
-86
-81
-46
-42
-10
-15
30
77
69
103
93
76
29
10
-33
-82
-121
-163
-191
-236
-219
-192
-161
-120
-60
-30
-3
35
67
92
82
98
67
33
9
-9
-35
-72
-66
-88
-91
-103
-76
-52
-51
-6
8
29
41
65
78
94
119
137
155
153
168
182
178
167
159
133
107
86
58
35
0
-20
-30
-58
-90
-95
-79
-104
-108
-112
-114
-121
-120
-85
-74
-70
-53
-29
-44
-16
17
26
39
39
37
30
0
-22
-41
-95
-131
-143
-161
-155
-128
-109
-66
-16
34
92
123
142
176
152
124
99
63
31
-11
-60
-95
-108
-133
-107
-91
-79
-45
-7
8
39
62
84
106
90
91
77
56
52
55
33
30
25
21
13
0
3
6
12
29
44
53
78
101
129
141
169
181
200
205
203
216
199
207
175
151
121
82
47
2
-35
-89
-114
-145
-158
-176
-177
-167
-173
-163
-145
-131
-130
-103
-86
-76
-70
-49
-32
-22
-7
6
14
-3
-10
-39
-76
-93
-116
-136
-156
-161
-151
-143
-115
-78
-29
11
54
97
109
122
131
130
107
86
47
16
-23
-43
-48
-62
-54
-52
-36
-22
0
16
31
45
44
56
59
63
70
68
69
82
86
89
84
75
83
70
52
25
15
-2
-23
-37
-47
-45
-39
-8
16
44
82
135
173
204
228
239
225
201
161
105
37
-29
-89
-152
-205
-243
-254
-280
-281
-272
-250
-236
-205
-174
-153
-123
-89
-47
-24
-2
16
41
33
41
40
15
-5
-37
-84
-126
-147
-167
-171
-191
-190
-172
-152
-111
-51
0
39
85
127
147
161
170
168
148
111
83
47
9
-11
-27
-41
-50
-47
-41
-22
-3
22
47
56
71
74
85
102
117
125
130
132
151
162
161
157
146
133
100
62
17
-26
-61
-87
-109
-120
-117
-85
-43
7
61
118
170
202
229
239
228
202
170
108
40
-35
-93
-154
-205
-250
-281
-287
-295
-272
-250
-220
-180
-143
-104
-69
-41
5
32
52
59
68
69
58
43
10
-10
-47
-73
-116
-143
-167
-178
-179
-179
-174
-145
-104
-61
-16
22
75
104
142
158
166
146
131
109
72
31
0
-28
-64
-70
-86
-85
-74
-45
-23
1
38
62
83
92
117
134
156
164
161
163
162
168
161
147
115
96
69
34
-3
-38
-69
-85
-101
-115
-104
-86
-45
4
59
107
151
193
234
258
257
239
205
156
99
34
-37
-101
-161
-214
-258
-272
-276
-253
-227
-187
-141
-94
-46
-10
28
52
74
83
76
62
49
44
28
-3
-28
-57
-67
-76
-98
-108
-124
-118
-123
-124
-114
-97
-67
-44
-3
17
40
69
100
108
96
93
76
54
24
-3
-46
-80
-102
-114
-124
-114
-87
-60
-26
11
53
85
122
142
164
167
171
162
146
127
113
107
79
60
29
9
0
-16
-33
-56
-70
-74
-73
-76
-66
-48
-22
12
51
85
122
161
188
202
194
180
145
110
66
8
-60
-113
-167
-205
-219
-218
-209
-199
-167
-142
-99
-69
-36
-17
-10
-3
1
-4
-23
-29
-39
-41
-44
-45
-49
-44
-36
-30
-34
-48
-59
-67
-67
-79
-85
-92
-92
-75
-53
-31
-12
2
22
39
41
35
24
5
-21
-41
-63
-91
-92
-92
-78
-50
-24
13
52
97
138
171
183
194
190
175
165
143
119
88
67
47
29
10
2
-3
-10
-9
-9
-9
-10
-12
2
11
12
25
41
72
98
132
154
169
179
186
179
151
120
70
31
-16
-60
-108
-143
-160
-171
-177
-170
-158
-138
-112
-86
-54
-47
-32
-25
-19
-17
-20
-30
-40
-45
-47
-38
-41
-38
-43
-50
-61
-64
-72
-86
-97
-109
-116
-120
-118
-113
-94
-72
-48
-34
-22
-3
10
15
16
1
-17
-21
-28
-43
-51
-47
-41
-23
-2
22
46
73
99
114
124
129
126
119
105
91
69
44
28
13
4
7
10
11
11
17
21
21
29
29
29
28
41
48
56
70
89
107
126
134
145
148
136
132
108
66
22
-1
-42
-78
-111
-134
-147
-158
-142
-134
-116
-103
-72
-55
-41
-20
-17
-16
-13
-18
-27
-32
-33
-27
-33
-25
-26
-21
-29
-28
-23
-25
-36
-61
-76
-96
-108
-115
-115
-119
-111
-109
-91
-66
-45
-22
-11
14
22
28
32
41
42
45
45
41
48
54
77
89
111
117
123
129
132
123
108
99
75
53
20
3
-8
-19
-21
-12
-5
10
25
39
63
84
98
89
92
84
88
90
86
89
79
77
82
85
82
83
82
70
54
29
7
-19
-47
-69
-96
-118
-136
-136
-128
-116
-104
-93
-72
-54
-34
-22
-13
-8
-16
-27
-34
-44
-41
-43
-41
-38
-38
-26
-22
-14
-13
-9
-15
-32
-60
-73
-94
-105
-109
-120
-116
-117
-99
-79
-53
-23
-2
18
28
42
57
51
56
49
45
40
35
40
40
60
65
76
83
98
97
94
98
76
62
43
32
17
2
0
3
4
12
23
41
61
79
99
105
108
105
99
89
79
69
56
44
38
38
41
54
52
60
54
47
41
28
10
-8
-25
-60
-85
-101
-99
-107
-101
-91
-85
-78
-63
-48
-42
-22
-19
-16
-32
-34
-39
-48
-57
-58
-60
-60
-49
-44
-36
-34
-31
-49
-58
-72
-86
-101
-114
-123
-127
-131
-127
-111
-95
-64
-40
-10
5
22
37
46
51
47
41
34
34
26
25
26
30
32
29
36
42
51
54
50
45
39
34
24
22
22
22
20
30
45
57
74
98
111
111
116
118
111
103
95
79
69
52
38
26
26
24
28
32
41
29
23
19
5
-5
-25
-35
-58
-66
-69
-67
-64
-50
-44
-35
-18
-8
5
7
14
5
-6
-21
-30
-43
-58
-63
-64
-66
-65
-62
-61
-56
-55
-54
-61
-64
-69
-75
-82
-83
-86
-79
-71
-55
-37
-23
-3
10
25
33
38
40
31
22
13
1
-12
-18
-25
-21
-23
-21
0
5
16
28
44
50
49
59
55
51
45
44
43
50
54
58
72
82
90
92
91
93
83
74
69
53
38
21
14
8
6
12
17
20
37
44
44
48
47
36
20
8
2
-22
-35
-36
-44
-44
-35
-22
-21
2
10
19
19
12
8
0
-16
-18
-26
-39
-42
-50
-30
-47
-29
-35
-32
-27
-34
-35
-48
-60
-76
-84
-93
-93
-96
-81
-77
-55
-38
-14
0
21
26
33
34
21
16
-2
-11
-26
-32
-43
-43
-44
-39
-35
-26
-21
-10
-7
-8
6
4
8
9
10
13
14
22
32
41
54
57
60
66
63
56
42
32
22
4
-9
-17
-17
-29
-23
-19
-12
-3
2
19
20
32
36
38
32
32
21
15
12
9
10
11
12
16
24
22
25
22
25
10
12
5
1
1
-2
4
4
3
6
18
16
22
18
15
4
-3
-12
-30
-45
-56
-69
-79
-71
-78
-66
-58
-39
-23
-16
4
6
12
8
10
4
-5
-13
-15
-20
-24
-23
-25
-22
-31
-22
-32
-34
-41
-42
-48
-45
-41
-45
-38
-36
-13
-6
7
15
29
38
50
52
54
44
36
32
16
12
-2
-9
-22
-23
-31
-19
-17
-6
0
10
32
32
47
56
59
56
60
58
56
58
55
52
47
34
32
23
8
9
2
-4
-12
-16
-16
-15
-12
-9
4
7
19
32
41
47
51
50
44
39
23
12
-7
-25
-44
-53
-72
-85
-87
-88
-90
-84
-69
-68
-50
-39
-26
-20
-7
2
0
6
7
6
2
7
3
-9
-15
-26
-34
-44
-57
-69
-73
-87
-84
-72
-73
-54
-44
-20
-5
20
41
57
76
79
88
85
86
79
66
53
38
19
0
-13
-15
-26
-25
-22
-12
2
4
23
34
55
57
76
88
95
96
100
97
89
85
75
70
58
53
31
22
7
-6
-19
-24
-34
-40
-35
-31
-16
-9
11
26
38
56
70
71
68
59
42
26
2
-16
-45
-60
-82
-97
-107
-113
-109
-115
-97
-86
-71
-64
-47
-41
-25
-18
-15
-9
-15
-4
-13
-2
-8
-13
-26
-33
-50
-64
-69
-87
-92
-111
-111
-115
-101
-88
-72
-56
-30
0
20
49
69
80
80
82
75
58
36
18
-7
-25
-37
-45
-45
-48
-35
-18
-3
10
31
46
64
75
91
97
101
107
102
111
104
107
97
89
83
61
49
33
14
-9
-14
-31
-36
-35
-27
-14
1
18
40
58
72
89
98
102
97
91
69
51
24
-4
-31
-54
-73
-82
-92
-95
-89
-94
-76
-67
-54
-42
-28
-23
-15
-7
-9
3
5
2
-6
-6
-19
-30
-46
-61
-73
-98
-104
-121
-130
-136
-137
-126
-108
-87
-63
-31
0
27
51
73
83
86
76
70
52
32
12
-9
-25
-43
-54
-62
-64
-59
-44
-38
-13
1
21
41
57
72
85
97
104
113
113
115
113
109
102
88
69
53
35
20
0
-16
-25
-29
-32
-29
-21
-11
5
26
41
54
71
70
81
77
62
53
32
13
-7
-28
-51
-62
-78
-85
-91
-89
-82
-71
-67
-58
-43
-35
-16
-11
-2
3
-1
4
0
-12
-14
-27
-37
-51
-59
-79
-92
-90
-101
-104
-101
-91
-83
-54
-36
-10
16
40
64
82
94
100
103
92
86
64
46
25
2
-21
-38
-44
-57
-60
-59
-49
-35
-23
-1
18
32
52
67
83
94
101
106
101
106
99
97
83
73
56
41
32
13
0
-21
-21
-28
-33
-29
-20
-18
-3
10
24
36
40
48
48
54
44
41
23
9
-8
-26
-41
-51
-55
-68
-62
-57
-45
-38
-23
-10
9
15
24
32
33
31
17
3
-16
-35
-54
-69
-95
-102
-121
-128
-132
-130
-120
-108
-90
-73
-42
-28
-4
19
43
60
66
80
81
77
72
61
39
19
-3
-28
-41
-63
-74
-95
-101
-103
-103
-92
-79
-56
-31
-9
20
40
64
93
98
116
115
128
121
118
110
91
78
56
41
23
13
-5
-15
-17
-14
-10
-4
-2
12
19
35
44
54
72
62
62
58
53
44
31
17
1
-14
-22
-18
-31
-32
-25
-20
-7
6
16
30
46
54
55
61
62
44
33
13
-9
-32
-57
-74
-99
-119
-130
-137
-140
-130
-119
-102
-85
-60
-35
-13
15
37
56
67
72
67
65
55
41
25
5
-18
-37
-60
-77
-95
-113
-116
-117
-111
-106
-96
-78
-60
-40
-17
3
25
44
60
75
87
86
88
85
78
69
54
41
23
14
-6
-16
-27
-32
-33
-37
-29
-17
-6
4
16
22
33
34
44
38
41
31
22
13
-1
-9
-26
-29
-33
-27
-29
-23
-12
2
13
32
42
60
63
69
65
58
55
32
15
-12
-24
-53
-70
-85
-104
-114
-121
-120
-116
-102
-85
-56
-44
-9
12
37
53
68
91
85
96
87
89
65
54
39
12
-9
-36
-53
-72
-87
-98
-101
-107
-95
-93
-73
-57
-31
-6
21
54
74
98
103
119
124
127
118
109
92
76
59
44
26
10
4
-7
-14
-26
-19
-21
-17
-9
4
16
22
36
44
51
51
51
43
43
37
35
29
21
16
3
3
-3
3
7
6
7
18
22
33
42
42
48
42
48
31
25
9
-4
-19
-38
-54
-66
-74
-88
-85
-88
-83
-78
-59
-48
-26
-11
2
25
32
50
55
60
57
57
50
41
19
13
-7
-32
-43
-60
-79
-94
-100
-110
-107
-97
-82
-68
-43
-28
-2
16
34
60
72
85
82
91
83
75
64
49
35
22
8
-8
-16
-25
-27
-28
-20
-20
-12
-2
1
5
10
20
18
31
25
30
31
25
21
12
10
0
-1
-11
-13
-22
-27
-32
-22
-16
-11
2
10
22
25
34
32
30
26
23
16
4
-12
-31
-47
-62
-82
-89
-93
-95
-93
-83
-69
-54
-34
-16
4
25
34
48
58
61
63
57
57
44
27
14
-1
-15
-31
-42
-63
-75
-76
-87
-84
-86
-79
-62
-48
-29
-14
13
37
49
70
79
84
75
74
60
47
33
16
2
-15
-19
-34
-35
-38
-38
-38
-29
-26
-15
-9
-3
7
6
16
15
16
18
23
16
16
15
11
6
-1
-6
-16
-25
-31
-30
-35
-34
-35
-23
-15
-4
3
7
22
18
27
24
19
6
-1
-10
-25
-37
-51
-57
-60
-62
-65
-57
-60
-47
-35
-24
-13
-5
10
17
19
26
28
26
35
31
26
12
11
0
-11
-17
-28
-35
-46
-51
-59
-58
-57
-51
-43
-33
-22
-10
5
21
29
41
51
48
50
34
32
19
12
2
-6
-16
-26
-19
-29
-21
-22
-15
-7
-3
10
14
22
23
21
17
20
16
15
17
15
10
3
5
0
-3
-7
-15
-20
-22
-23
-28
-29
-27
-19
-11
-1
13
22
31
41
49
51
47
40
33
17
7
-5
-21
-32
-35
-38
-42
-42
-38
-30
-26
-16
-5
5
11
20
23
35
35
41
45
42
47
44
33
28
24
19
13
6
4
-5
-9
-16
-10
-11
-4
-3
10
22
27
40
42
48
48
51
45
40
35
28
19
9
3
1
-7
-6
-2
2
7
11
16
24
23
25
32
29
26
25
29
25
19
10
15
3
-1
-6
-9
-19
-29
-25
-34
-35
-37
-32
-34
-23
-15
-7
0
9
26
27
35
38
32
31
30
23
21
10
3
-5
-6
-15
-23
-21
-31
-21
-19
-8
3
7
14
11
25
19
20
22
28
28
28
27
23
24
13
13
7
1
-10
-10
-12
-15
-16
-7
-7
5
13
9
22
20
32
22
10
-6
-1
-3
-4
4
-22
-15
-35
-46
-39
-60
-47
-40
-28
-7
-3
22
15
46
38
44
48
33
49
32
49
38
36
36
28
20
3
-12
-20
-36
-35
-44
-43
-38
-35
-19
-20
-6
-7
0
4
2
9
12
14
14
19
16
11
6
-9
-9
-26
-31
-44
-44
-38
-39
-22
-25
-8
-9
-6
-5
-12
-7
-14
-10
-6
-6
-6
-12
-10
-18
-25
-32
-46
-42
-55
-52
-54
-45
-34
-28
-12
-7
2
4
18
21
28
34
35
34
36
30
20
12
5
-5
-21
-24
-34
-30
-38
-34
-35
-31
-19
-16
3
7
20
22
29
35
35
36
36
44
42
41
43
33
28
13
3
-3
-14
-13
-22
-16
-17
-8
-4
1
13
12
13
10
19
13
19
27
29
23
16
19
11
0
-4
-12
-20
-24
-24
-18
-20
-15
-11
-4
4
6
11
16
14
13
15
16
16
16
16
13
9
5
4
-13
-23
-22
-26
-29
-29
-23
-19
-14
-2
4
12
9
19
19
21
31
31
41
35
31
19
8
2
-1
-12
-22
-15
-22
-17
-17
-14
-12
-14
-7
-10
-10
-9
-6
-4
5
10
8
13
6
3
1
-9
-15
-19
-26
-20
-28
-19
-28
-20
-13
-24
-15
-26
-13
-17
0
-2
-1
-4
2
-1
-3
-5
-18
-18
-29
-29
-45
-38
-35
-24
-24
-17
-13
-15
-11
-17
-15
-16
-10
-5
3
2
5
10
10
9
3
3
-6
-4
-13
-18
-16
-20
-20
-25
-18
-30
-25
-23
-20
-12
-2
-2
4
13
12
15
11
15
7
2
-4
0
-6
-10
-10
-10
-10
-7
-10
-9
-9
-10
-5
-19
-13
-19
-13
-11
-8
0
6
14
10
9
13
10
4
9
10
12
10
12
10
10
2
-4
-4
-10
-10
-14
-9
-5
-3
-4
-1
-5
-3
7
3
3
3
8
3
5
1
3
8
3
10
7
5
3
4
1
6
7
3
8
10
9
12
12
14
12
11
14
13
21
13
18
16
18
17
17
12
5
4
5
9
4
10
10
19
16
13
14
10
2
1
8
9
9
14
15
12
16
15
15
11
13
13
10
11
14
13
7
9
8
6
7
4
1
1
6
6
10
10
18
17
19
25
22
25
25
23
19
24
22
20
18
16
13
8
2
-2
-3
-1
-4
-6
-8
-10
-9
-7
-6
-6
3
3
9
10
8
3
5
6
3
5
7
6
7
4
-2
1
-4
-4
0
-5
-6
-1
-3
0
-4
-3
-3
-3
-1
-4
-3
-13
-6
-7
-8
-6
-5
-1
-5
-11
-11
-10
-17
-12
-22
-15
-18
-15
-15
-11
-10
-15
-15
-24
-17
-16
-12
-17
-7
-12
-5
-5
-4
-6
-11
-9
-11
-9
-9
-7
-4
-4
-4
-1
-3
-1
-5
-10
-16
-13
-22
-16
-16
-19
-13
-19
-16
-19
-16
-13
-16
-13
-11
-6
-10
-12
-10
-11
-8
-12
-4
-12
-10
-12
-13
-14
-14
-7
-6
-8
-6
0
-3
-9
-6
-1
-7
-1
0
3
7
18
15
10
6
5
5
2
3
-3
1
2
7
-2
1
-2
-4
-4
-7
-7
-8
-6
-2
1
7
10
6
10
13
15
18
22
21
28
26
31
35
25
29
27
22
16
18
19
11
9
13
14
17
19
15
19
19
20
16
13
21
13
19
15
17
20
13
17
13
18
15
19
14
13
9
9
6
3
0
2
2
1
5
6
9
2
7
10
11
6
10
4
6
5
7
6
3
-3
-5
-3
-10
-9
-16
-7
-12
-12
-14
-14
-11
-7
1
-3
-5
-5
1
-1
1
-1
-1
1
-4
-2
-1
-3
-3
0
3
0
0
3
11
7
6
10
13
10
13
15
9
10
10
11
10
11
7
2
3
2
1
3
1
0
-1
4
5
5
2
0
0
1
6
0
5
3
6
4
6
3
4
2
4
2
-1
-1
-3
-7
-11
-10
-11
-7
-15
-13
-17
-17
-25
-22
-23
-22
-21
-21
-21
-19
-16
-19
-14
-18
-10
-21
-11
-13
-4
-6
3
0
-5
6
-5
-1
-11
-4
-8
-1
-2
6
-2
-3
-3
-9
-12
-9
-9
-13
-3
-10
-2
-3
0
-3
0
2
0
-1
1
3
-4
1
-1
-1
-3
-7
-12
-19
-27
-30
-27
-29
-23
-25
-22
-26
-26
-18
-21
-14
-13
-10
-6
-6
-4
-8
-9
-2
-3
-3
-4
-6
0
-3
-5
-4
-4
-12
-16
-19
-16
-18
-17
-15
-15
-13
-18
-16
-12
-10
-16
-7
-10
-3
-10
-10
-8
-12
-9
-8
-6
-10
-9
-9
-7
-12
-4
-9
-13
-6
0
-4
0
6
6
3
0
4
0
-3
1
2
18
15
16
11
13
9
1
1
-3
5
10
25
16
22
14
9
2
-4
-1
3
16
13
12
15
19
7
9
8
15
14
25
25
31
32
25
21
14
17
10
25
22
29
26
20
15
13
11
7
15
18
29
28
25
20
11
8
11
10
22
26
36
34
32
24
9
1
-10
-6
-7
10
22
23
15
7
-4
-16
-20
-21
-6
8
23
33
29
19
9
0
-8
-6
5
17
29
35
26
10
-6
-19
-22
-25
-7
4
13
17
3
-3
-18
-27
-24
-15
-5
12
25
25
20
3
-9
-16
-19
-3
7
12
20
13
-2
-16
-29
-37
-41
-26
-21
-4
9
1
2
-16
-18
-31
-24
-16
-2
15
17
22
13
-3
-11
-17
-18
-7
-3
11
4
6
-10
-16
-35
-41
-40
-32
-20
-17
-5
-16
-16
-28
-28
-35
-29
-19
-4
4
13
4
-4
-16
-27
-26
-26
-12
-2
10
13
8
-9
-14
-25
-26
-21
-12
0
-1
4
-1
-6
-10
-22
-23
-19
-4
5
15
15
13
9
3
1
-7
-1
3
12
10
19
16
16
6
0
-9
-13
-7
-7
5
11
13
3
-1
-5
-8
-6
2
0
14
12
19
14
6
3
2
6
2
16
13
22
18
18
10
6
-1
-4
2
3
10
13
20
14
11
4
6
3
10
13
17
26
25
25
15
9
-1
-6
-2
4
14
22
27
23
17
3
-5
-4
0
8
13
22
24
31
14
5
-6
-16
-13
-12
-1
8
16
12
10
-6
-15
-25
-21
-16
-1
3
13
9
3
-8
-23
-24
-30
-13
-6
13
16
20
6
-6
-20
-28
-25
-19
-3
3
10
3
-5
-19
-23
-28
-26
-18
-1
7
17
24
19
6
-7
-15
-10
-4
7
22
23
25
18
-3
-14
-19
-22
-12
-2
16
20
24
20
10
-3
-16
-19
-12
-3
9
28
35
28
17
11
-3
-10
-16
0
3
12
18
18
15
-2
-15
-28
-32
-29
-20
-11
-3
0
-1
-10
-19
-23
-16
-13
-4
2
9
8
8
-3
-7
-16
-21
-12
-11
5
8
14
4
3
-14
-18
-19
-15
0
14
18
20
17
4
0
-15
-10
-21
-8
3
19
25
23
12
1
-16
-28
-24
-27
-12
-6
16
15
13
0
-11
-25
-29
-21
-10
5
10
25
19
9
-12
-16
-30
-28
-16
1
20
28
35
24
13
-9
-23
-29
-19
-11
10
23
21
19
-1
-15
-29
-32
-35
-17
-3
10
19
7
-7
-20
-28
-38
-32
-25
-6
5
10
6
-3
-19
-32
-30
-29
-11
4
20
20
18
1
-16
-25
-35
-24
-10
9
23
34
28
18
-2
-18
-28
-20
-7
13
19
28
28
10
-5
-32
-35
-38
-26
-17
1
10
16
19
2
-7
-22
-16
-17
-1
16
