SAMPLES:	27983
BITSPERSAMPLE:	16
CHANNELS:	1
SAMPLERATE:	16000
NORMALIZED:	FALSE
-34
-26
-22
-27
-26
-28
-24
-28
-22
-23
-19
-22
-19
-25
-22
-19
-22
-20
-26
-21
-28
-22
-24
-24
-25
-30
-23
-33
-35
-28
-28
-29
-26
-27
-23
-22
-18
-15
-13
-18
-16
-11
-16
-5
-12
-10
-2
1
-6
-4
-5
-7
-8
-10
-9
-9
-10
-13
-9
-8
-4
-3
0
0
2
3
6
10
12
12
9
18
15
19
18
20
21
20
20
15
13
8
10
9
7
-1
3
-3
4
6
2
12
9
13
10
19
13
19
19
25
24
18
25
19
25
17
18
9
12
12
10
8
9
7
2
5
5
6
0
9
4
6
6
10
9
9
17
16
20
16
22
15
21
17
13
7
10
10
2
6
3
12
4
11
6
6
10
10
10
10
13
14
20
17
19
16
19
14
15
16
14
16
13
14
12
20
11
13
9
1
6
2
5
7
9
5
3
9
9
6
11
11
9
10
9
9
11
12
11
12
4
7
3
4
8
13
10
10
12
11
15
9
15
15
14
21
19
20
16
9
15
13
12
13
12
9
15
9
7
6
3
11
4
5
-4
-1
-3
0
-2
-5
-3
-3
-9
-8
-8
-5
-10
-8
-1
-13
0
-8
-4
-5
-3
-6
-7
-8
-11
-7
-9
-6
-13
-10
-12
-10
-11
-2
-11
-10
-6
-4
-3
-2
-1
-2
3
-3
6
3
8
7
9
9
10
3
0
3
-4
-2
-12
3
-6
1
0
-5
2
-1
10
-6
5
0
10
7
9
17
6
12
-1
9
-7
-6
-12
-13
-16
-16
-18
-25
-20
-25
-19
-19
-12
-18
-16
-20
-9
-13
-13
-9
-7
-3
-2
6
3
10
4
6
2
4
-3
-7
-10
-20
-19
-22
-25
-31
-26
-28
-26
-26
-23
-26
-26
-16
-17
-14
-12
-10
-9
-3
-7
-4
-10
-6
-1
-9
-2
-9
-2
-9
-2
-6
-8
-10
-9
-4
-3
-1
-10
-6
-11
-10
-12
-10
-8
2
-2
7
7
13
14
17
17
14
16
6
8
2
6
-3
1
-8
-9
-12
-16
-13
-19
-12
-16
-8
-16
-9
-12
-9
-9
-16
-6
-5
3
3
3
2
4
3
5
4
0
1
4
0
-2
0
-3
1
0
1
-4
-6
-3
1
3
6
13
9
13
7
6
4
0
0
3
2
-1
0
-3
3
-3
2
3
4
-3
-1
5
-1
0
1
3
-5
-3
-3
2
1
2
0
-3
1
2
5
2
-1
1
-8
-7
-1
-5
0
-9
-5
-8
3
0
0
3
6
9
5
9
9
7
0
3
2
8
0
6
1
-1
-9
2
-6
1
2
-2
3
-7
5
-8
9
0
9
7
16
12
11
11
3
18
17
21
16
25
20
22
16
21
7
12
12
6
12
7
10
-2
7
-1
5
10
14
11
12
13
10
16
9
23
12
17
21
25
26
20
19
9
8
0
12
3
5
2
-1
-2
-4
-1
-5
-4
-6
-2
-9
-8
-11
-3
0
3
4
5
1
-4
3
0
1
-4
-2
-6
-5
-7
-5
-13
-18
-15
-19
-21
-24
-17
-19
-17
-15
-14
-9
-9
-5
0
-1
0
-2
-3
-1
1
-2
-5
-4
-4
-6
-13
-5
-17
-11
-12
-23
-16
-20
-14
-22
-17
-18
-13
-12
-17
-10
-8
-8
-4
2
-2
3
-1
4
3
-3
-3
-3
-9
-13
-10
-14
-10
-13
-11
-13
-10
-12
-11
-12
-15
-9
-9
-4
-10
-5
-10
-4
-4
-1
0
-6
1
-2
-4
-7
-1
-1
2
3
6
-1
0
5
-4
4
3
4
2
5
9
7
5
3
1
2
7
1
3
4
4
4
3
1
-4
-1
-5
0
-1
-1
0
-9
-9
-12
-11
-9
-9
-13
-16
-16
-12
-9
-10
-8
-8
-13
-7
-8
-5
-6
-3
3
-6
-6
-6
-8
-11
-15
-14
-8
-7
-10
-9
-12
-11
-9
-10
-4
-4
-5
-2
-2
-9
-5
-5
-6
-4
-8
-3
-10
-2
-6
-5
-2
-4
0
-9
-7
-12
-9
-3
-6
-6
0
-4
2
-1
2
1
7
6
-1
1
-2
2
0
2
-5
1
-2
0
-3
-2
-4
-4
-5
-4
2
6
12
4
11
4
10
7
7
6
7
6
5
8
9
13
7
10
8
10
3
5
5
5
5
2
10
6
13
10
14
13
15
20
15
19
17
18
16
20
21
26
19
20
18
17
16
14
25
13
12
12
15
9
18
16
14
15
13
19
13
16
11
20
20
23
25
28
26
28
29
24
28
26
27
23
29
23
22
17
17
16
14
10
13
18
12
18
16
16
12
16
13
10
13
11
15
9
19
12
5
2
4
5
-3
4
-1
2
-6
-5
-5
-6
-12
-6
-8
-14
-4
-4
-1
-9
-1
-2
-2
-3
6
-2
1
-1
1
2
-5
-3
-10
-6
-12
-3
-5
2
-11
-5
-7
-3
-5
-10
-6
-12
-8
-14
0
-12
-4
-5
3
-1
-7
-2
-12
-5
-8
-6
-8
-1
-11
-9
-9
-15
-17
-19
-21
-20
-19
-24
-20
-26
-15
-24
-22
-22
-23
-16
-22
-13
-16
-12
-14
-16
-16
-12
-19
-22
-17
-20
-19
-13
-7
-18
-11
-15
-12
-11
-6
-1
-3
0
4
9
1
-1
0
-1
-2
3
0
3
0
-4
-7
-6
-7
2
-3
-6
-6
-6
0
-5
-4
-9
0
-12
-5
-4
3
-3
5
0
3
11
6
8
3
7
-3
8
-1
7
-6
7
3
1
7
4
3
0
1
-4
2
-6
3
-4
2
-6
0
-8
-1
-2
-4
-3
-9
-7
-16
-10
-20
-13
-16
-13
-19
-13
-13
-16
-10
-8
-8
-12
-9
-8
-5
-8
0
-7
-6
0
-6
-2
-7
-4
-9
-7
-10
-8
-4
-5
-1
-7
-1
-6
2
-2
-1
0
2
1
2
2
4
9
5
6
4
8
-1
4
-3
3
-6
-2
0
-3
-2
-9
-1
-9
-3
1
0
-2
2
4
6
6
13
13
15
16
19
20
16
22
16
19
17
22
22
17
16
13
11
9
10
2
6
4
5
4
1
16
4
11
8
6
9
3
8
11
9
1
12
9
11
9
14
4
6
5
8
9
2
10
10
10
5
15
8
15
11
19
17
19
14
18
19
20
23
19
25
20
25
15
17
6
10
4
9
0
6
9
3
12
4
8
11
12
6
9
10
10
10
13
17
16
23
16
27
29
25
32
23
27
28
19
15
18
4
7
6
6
10
6
6
-2
3
2
3
0
4
0
5
5
7
0
0
3
-3
-4
-5
-3
-11
-9
-12
-3
-8
-10
-15
-13
-12
-10
-7
-12
-1
-5
-9
-9
-11
-13
-5
-7
-3
1
-1
-5
-2
-2
-6
-9
-15
-15
-19
-17
-18
-11
-22
-9
-15
-16
-10
-9
-8
-6
-4
-4
2
-2
-1
-4
8
4
16
4
13
10
4
5
2
-1
-12
-5
-2
-8
-11
-3
-13
-1
-15
-6
-10
-7
1
-1
6
-3
5
-2
0
-3
-2
-7
-4
-8
-7
0
-6
-10
-8
-5
-16
-10
-15
-14
-14
-11
-6
-22
-6
-12
-7
-13
-3
-3
-9
1
3
9
1
12
1
6
0
6
5
9
2
0
-3
-3
-4
-13
-7
-19
-7
-17
-13
-21
-14
-15
-27
-23
-19
-19
-22
-16
-13
-10
-13
-6
-11
-6
-13
-7
-15
-20
-21
-24
-25
-29
-19
-29
-26
-30
-29
-25
-28
-22
-24
-25
-26
-25
-25
-22
-21
-23
-22
-19
-21
-21
-18
-30
-29
-26
-24
-26
-20
-21
-23
-17
-18
-16
-19
-9
-13
-11
-10
0
-6
-7
3
2
2
4
9
1
5
5
6
-3
2
-2
4
0
1
4
2
6
-3
13
7
12
7
12
9
14
15
10
18
16
12
7
12
4
12
9
9
12
8
4
1
3
0
3
-7
-4
-4
-1
0
2
3
4
4
4
10
7
16
15
21
22
23
27
25
22
20
21
17
19
11
21
20
11
18
27
17
18
20
15
15
20
30
22
28
36
41
39
39
38
30
34
34
29
36
27
28
28
29
29
19
22
18
15
10
16
16
6
11
14
4
9
7
10
9
13
21
16
25
22
30
26
26
19
22
17
15
13
9
13
1
9
0
7
-1
3
7
3
9
7
10
0
12
4
-1
-1
2
6
3
0
-5
-6
-5
-6
-14
-8
-15
-12
-13
-11
-15
-16
-13
-11
-10
-13
-8
-15
-8
-15
0
-9
-6
-8
-6
-8
-7
-4
-15
-10
-17
-10
-24
-4
-24
-6
-13
-10
-9
-10
-10
-12
-3
-9
8
-15
6
-10
6
-4
5
0
-4
8
-7
1
-9
-2
-15
-4
-13
-11
-17
-15
-20
-21
-18
-20
-13
-16
-9
-11
-9
-10
-7
-6
-5
-7
-1
-3
0
1
2
3
4
1
0
-3
-2
-2
-4
-9
4
-3
0
8
4
2
-5
6
-10
5
-9
3
5
2
-2
1
6
2
3
5
11
1
8
-9
-5
-22
-12
-23
-21
-21
-21
-21
-29
-18
-18
-16
-21
-10
-21
-10
-16
-3
-9
-7
-5
-4
-4
-10
-4
-12
-7
-15
-10
-13
-8
-16
-14
-14
-22
-23
-25
-26
-31
-26
-28
-16
-18
-13
-6
-8
-5
-11
-3
-4
-1
3
2
7
5
6
3
3
-4
3
-4
-1
0
-9
-8
-9
-4
-9
-6
-5
-3
-8
1
6
6
2
16
16
10
5
9
5
-2
9
-2
1
-5
-6
-8
-5
-6
-4
-9
-10
-4
-8
-7
-6
-9
-5
-7
-8
-3
-6
-5
-9
0
-9
-3
-6
1
-7
-1
3
2
8
5
10
-2
10
4
10
3
14
9
13
11
17
18
12
15
14
21
17
22
14
26
16
21
6
11
10
6
7
7
16
4
16
12
13
9
14
13
22
21
21
22
25
26
28
30
26
29
26
26
24
19
15
16
10
10
9
9
9
5
10
0
0
4
7
13
5
12
6
10
13
15
15
19
21
16
14
14
13
8
13
3
6
-10
-5
-13
-11
-10
-12
-6
-7
-4
-10
0
-9
6
4
9
7
9
12
11
16
12
15
9
12
13
12
2
-1
-4
-7
-12
-9
-11
-12
-7
-13
-12
-11
-5
-10
-9
-12
-10
-12
-10
-9
-16
-4
-7
0
-4
-5
-3
-6
1
-10
-7
-10
-12
-19
-18
-16
-21
-27
-13
-16
-21
-13
-19
-15
-11
2
-5
4
-1
2
5
5
10
6
11
6
4
-1
-7
-12
-6
-13
-6
-11
-6
-6
-6
-5
-12
-3
-4
-4
-10
2
-1
3
5
3
3
6
8
6
7
1
0
-2
4
-2
-5
-7
-3
-6
-13
-13
-13
-19
-26
-20
-19
-19
-19
-14
-16
-17
-7
-13
-7
-4
2
-2
-5
0
0
-1
-7
-8
-10
-7
-9
-14
-12
-12
-13
-8
-6
-7
-3
2
0
3
7
2
-1
1
2
0
1
3
1
-2
3
7
9
5
3
1
0
1
3
0
4
8
3
12
7
11
10
15
16
13
18
19
17
18
19
16
18
13
19
14
16
8
13
10
7
10
6
9
4
12
4
14
11
20
16
20
23
19
21
19
21
19
21
16
24
9
14
13
16
16
12
14
18
17
15
18
10
12
7
18
10
15
9
14
10
2
9
3
13
3
9
4
12
9
12
13
1
6
5
9
0
9
3
4
0
-1
1
2
2
1
4
-6
0
3
7
0
7
7
5
4
0
4
-5
2
-2
-2
0
-1
-6
-3
-6
-11
-7
-4
-3
-7
-3
-6
-6
-2
-6
-9
-1
-5
-6
-2
1
0
-6
-3
-4
0
-6
-14
-15
-16
-15
-16
-13
-14
-6
-12
-7
-14
-11
-4
-10
-10
-7
-2
-14
-3
-4
-6
-11
-9
-17
-17
-22
-22
-25
-29
-17
-21
-24
-24
-16
-29
-22
-19
-13
-23
-20
-15
-19
-14
-9
-9
-12
-8
-15
-3
-8
-7
-11
-11
-16
-18
-16
-19
-21
-23
-14
-24
-19
-20
-19
-16
-18
-11
-13
-5
-3
6
4
8
7
9
9
3
8
5
1
-7
3
-6
1
-5
-6
-7
-16
-10
-13
-6
-11
0
-5
-3
-5
-3
-5
0
-1
-3
3
4
12
3
12
3
5
3
5
-6
-9
-10
-7
-7
-11
-3
-9
-11
-16
-11
-10
-8
-6
-5
1
7
7
17
18
19
13
20
18
17
17
19
19
5
9
1
-1
-3
5
-6
-2
-8
-10
-8
-6
-5
-3
-1
-1
13
5
17
10
15
12
20
24
27
25
21
23
13
14
9
5
0
-1
-7
-3
-14
-10
-15
-9
-5
-3
0
-6
6
-5
-2
5
8
9
10
14
12
13
13
13
13
17
13
14
14
12
11
11
9
3
7
7
16
6
16
12
12
11
6
13
3
13
6
13
13
10
8
7
7
3
0
-4
-5
-13
-7
-4
-4
-9
1
-2
-2
-3
0
-3
-6
1
-3
-1
-3
3
-2
3
8
11
6
8
8
7
9
7
8
3
11
0
0
-4
-3
-10
-19
-7
-15
-5
-12
-6
-9
-1
0
-3
6
-3
8
7
8
5
5
6
3
3
2
-1
-3
-3
-3
-4
-9
-6
-9
-5
-12
-11
-12
-11
-10
-9
-10
-10
0
-11
0
1
-5
-12
1
-6
-5
-3
-8
-13
-20
-12
-16
-13
-14
-7
-15
-10
-12
-5
-10
-4
-4
-12
-6
-13
-8
-15
-9
-11
-12
-13
-18
-15
-15
-9
-19
-15
-9
-10
-13
-5
-7
-9
-6
-5
1
-2
6
-1
1
1
4
4
8
18
12
13
9
14
7
13
17
16
16
21
16
14
16
22
18
18
22
26
29
24
30
26
30
31
30
28
31
35
38
32
37
37
32
28
22
27
26
27
17
28
24
12
10
20
16
6
9
2
-1
6
-1
1
19
8
18
12
15
13
10
7
6
8
-1
3
-4
-2
-7
-6
-12
-17
-18
-20
-23
-23
-26
-25
-23
-23
-12
-16
-12
-13
-9
-14
0
0
-3
-4
-6
-3
-14
-9
-13
-7
-18
-21
-19
-24
-26
-25
-25
-31
-22
-26
-19
-22
-16
-15
-13
-15
-13
-7
-12
-6
-19
-13
-15
-9
-11
-16
-19
-23
-22
-19
-16
-16
-12
-12
-13
-11
-3
-14
-5
-11
-10
-15
-15
-10
-16
-8
-7
2
-2
-4
-10
-4
-9
-6
-5
-1
-6
-7
-6
-10
-2
-10
-4
-4
-6
-12
-6
-5
-10
-12
-9
-3
-6
-1
-4
-3
-7
-13
-15
-16
-16
-16
-16
-17
-16
-21
-16
-16
-9
-9
-12
-9
-13
-10
-13
-10
-17
-12
-10
-7
-7
0
2
0
6
-1
1
1
3
-4
4
4
5
7
12
11
9
10
4
10
9
13
6
14
10
13
12
16
18
10
12
9
18
13
19
16
16
16
14
13
11
15
12
20
16
19
16
14
15
11
9
15
13
16
19
18
26
16
24
23
19
17
12
12
6
2
1
3
-4
1
-3
0
1
4
4
6
10
10
16
9
9
3
7
-3
0
2
1
0
-3
-5
-7
-12
-17
-13
-18
-15
-19
-16
-16
-16
-15
-15
-16
-12
-5
-1
-4
-9
-5
-8
-4
3
3
4
10
9
10
0
8
4
2
4
-3
5
-4
4
1
4
3
1
7
6
0
6
6
5
7
9
15
15
25
25
34
29
33
24
25
25
22
25
23
20
14
21
12
21
13
16
12
19
13
14
15
9
18
12
16
7
14
13
9
13
15
15
10
10
12
13
7
4
6
11
3
9
7
8
10
3
10
5
10
7
10
9
5
9
10
12
9
13
7
5
6
3
-2
-5
-7
-6
-13
-6
-10
-12
-10
-18
-12
-17
-9
-12
-11
-8
-6
1
1
2
7
9
12
8
8
4
-6
2
-6
0
-2
-6
-6
-4
-6
-8
-6
-11
-6
-16
-10
-6
-2
-2
-3
0
-2
1
-4
3
-3
-2
0
-4
-1
-12
-8
-9
-10
-10
-10
-9
-5
-10
-6
-6
-10
1
-3
-4
-6
-3
-12
-7
-15
-8
-10
-9
-13
-15
-16
-23
-16
-19
-14
-23
-13
-16
-14
-22
-14
-14
-16
-10
-12
-9
-16
-7
-18
-13
-16
-9
-10
-10
-3
-3
4
-1
0
-4
-3
-4
-3
-7
-9
-15
-18
-14
-16
-17
-20
-18
-18
-14
-17
-6
-13
-15
-11
-14
0
-6
-2
-3
-7
-3
3
2
-1
3
0
0
6
6
0
4
2
8
0
7
5
7
3
3
7
2
7
4
12
11
14
16
16
14
12
13
12
10
12
6
10
11
9
10
12
8
10
14
7
15
10
10
5
8
7
5
0
-6
3
3
7
3
4
1
-3
-12
-4
-13
-9
-9
-5
-3
-6
0
-12
0
-5
5
-2
4
-1
-1
-6
-1
2
-3
3
-1
8
-8
0
-6
-7
-13
-11
-18
-20
-20
-19
-16
-16
-12
-16
-1
-9
-4
-5
0
-4
6
1
-3
4
3
6
-1
3
-1
-3
-4
-3
0
-7
-6
-6
-10
-15
-15
-9
-15
-17
-12
-10
-20
-11
0
0
3
12
13
15
10
12
12
12
18
13
15
7
-3
0
5
-4
0
-5
0
-9
-5
-3
-7
-3
0
4
-1
9
13
13
11
22
17
22
19
17
17
17
14
9
9
-3
2
-6
-2
-10
-12
-12
-13
-11
-10
-2
-9
-4
3
0
2
6
8
10
15
13
17
13
10
14
8
6
6
2
1
2
-6
-1
-3
-6
-10
-2
-4
-4
-2
-6
0
1
-2
-1
7
2
8
7
8
8
8
5
9
11
3
9
3
2
-5
-1
-7
-2
-3
-3
2
-3
5
-2
0
2
8
3
12
9
7
8
7
10
14
14
13
22
14
19
7
15
2
2
-1
-6
3
-8
-10
-9
-10
-9
-12
-10
-11
-9
-4
-9
-4
-8
0
-5
-1
-5
-3
-1
-4
-4
0
-1
-10
-8
-7
-9
-12
-10
-7
-9
-15
-7
-11
-7
-15
-13
-10
-11
-9
-8
-10
-13
-3
-6
-10
-8
-6
-7
-16
-10
-12
-14
-15
-14
-15
-22
-14
-14
-9
-12
-6
-2
5
3
13
4
13
12
10
19
20
14
10
21
8
16
3
6
0
6
1
0
0
1
8
0
6
-2
5
-5
3
1
7
6
8
12
9
13
14
15
13
15
9
17
10
20
16
14
13
12
12
3
7
-7
2
-3
-2
-3
-3
-2
-11
0
-3
3
4
-1
1
4
1
0
0
3
4
-3
-4
-12
-13
-12
-12
-17
-14
-16
-10
-11
-7
-4
-6
-3
-9
0
-1
0
0
9
6
7
8
6
7
2
3
-3
-9
-5
-6
-12
-2
-7
-3
-6
2
1
-2
6
0
9
9
10
4
6
3
6
0
8
18
12
18
13
12
2
1
0
0
-1
-1
2
0
3
-2
3
3
9
6
7
12
9
17
12
14
11
15
4
6
9
10
14
8
10
13
15
12
16
12
7
-2
6
-3
-2
3
-4
-3
-4
-6
-9
0
-4
0
0
3
2
0
-1
-4
-3
1
4
-2
-5
-8
-1
-10
-3
-4
-2
-2
1
-2
-13
-4
-15
-4
-10
-5
0
-5
4
-7
0
-1
-14
0
-8
-3
-7
-2
-1
-13
5
-9
-8
-9
-8
-7
-10
-2
3
-9
-5
-5
-4
0
0
6
-2
6
10
7
7
15
4
7
4
1
5
4
4
4
0
-3
3
0
4
-3
4
5
0
0
3
7
1
13
0
8
4
3
3
0
5
-9
0
-6
-8
-6
-6
-11
-3
-5
0
-3
4
6
-6
4
-7
0
-10
-4
-3
-7
-5
-6
-13
-18
-18
-15
-12
-26
-12
-23
-13
-14
-16
-14
-12
-12
-18
-10
-13
-13
-19
-9
-16
-10
-14
-14
-16
-13
-14
-15
-3
-11
-6
-19
-7
-18
-14
-10
-11
-12
-15
-7
-14
-10
-8
-3
-6
3
4
3
6
9
9
4
9
9
6
2
8
7
6
3
0
4
-1
-3
-6
-5
-7
-12
-10
-13
-11
-11
-13
-6
-12
-9
-10
-14
-3
-3
-3
-5
3
-4
-4
-4
2
4
4
4
-3
-1
-7
0
-13
-10
-14
-9
-9
-13
-9
-11
1
-6
6
4
5
5
4
6
7
12
14
12
7
12
5
8
0
6
-3
0
1
0
2
6
16
5
12
4
15
8
18
13
14
16
10
18
10
18
8
16
9
10
8
6
0
6
6
1
3
-3
4
1
6
2
9
4
9
11
12
9
10
13
9
15
8
15
10
14
10
11
12
15
13
16
19
17
26
14
19
20
20
16
14
16
11
13
17
13
14
16
15
13
8
13
9
10
7
10
10
2
5
3
0
-12
-3
-2
-7
-11
-7
-7
-12
-13
-10
-10
-17
-14
-15
-10
-10
-12
-10
-6
-7
-3
-7
-5
-3
-6
0
-8
-3
-11
-12
-16
-12
-12
-11
-12
-13
-8
-7
-4
-2
2
-2
-7
-2
2
-4
2
1
5
0
6
0
3
-10
-12
-10
-12
-9
-13
-4
-13
2
-6
2
-9
-5
-9
-7
8
0
6
-1
8
1
10
6
3
8
4
-2
-4
-3
-1
-2
-11
-3
-6
-2
-4
-3
0
-3
5
0
10
3
4
5
6
5
1
2
-3
4
-2
6
1
6
3
6
1
-3
-2
3
4
1
3
1
6
5
10
8
14
4
12
11
12
7
9
7
3
16
7
16
10
5
6
6
-3
0
2
0
-6
-7
-3
-7
-8
-9
-1
-3
2
3
4
-1
1
6
2
4
1
7
3
5
6
6
13
-2
-3
-4
3
-3
7
5
4
5
-1
2
-10
2
-6
1
1
0
-5
-1
-5
-3
-3
-4
-2
-8
-1
-10
-4
-12
-11
-19
-18
-25
-25
-25
-25
-24
-28
-25
-22
-17
-22
-10
-10
-7
-6
-1
-4
-4
3
-4
1
0
0
-5
-5
-5
-9
-9
-8
-4
-13
-6
-7
-7
-8
-7
-8
-8
-4
-4
-3
-6
6
3
12
7
8
10
13
12
12
15
10
6
1
-1
-2
0
-8
-6
-9
-6
-10
-7
-4
1
-6
3
2
0
3
-1
8
4
9
6
12
12
11
8
18
17
19
12
15
14
13
13
9
15
13
18
13
15
12
16
13
15
11
23
22
25
27
25
26
18
23
21
25
16
20
9
8
8
10
6
6
12
6
12
3
11
10
10
13
15
19
17
14
14
16
12
16
13
12
3
2
-5
-3
-11
-12
-4
-10
-10
-13
-12
-18
-19
-20
-13
-18
-16
-11
-16
-12
-10
-3
-16
-9
-16
-14
-12
-18
-17
-16
-10
-19
-6
-17
-10
-17
-16
-9
-16
-9
-14
-13
-18
-13
-12
-8
-6
-2
0
3
-1
7
2
-3
-3
-10
-4
-7
-8
-19
-17
-27
-26
-24
-23
-25
-19
-15
-15
-14
-14
-12
-22
-9
-14
-15
-16
-9
-12
-13
-10
-12
-6
-6
1
-5
-3
-5
-9
-8
-6
-6
-3
-6
-8
-5
-7
-8
-15
-9
-9
-10
-1
3
2
-3
4
3
6
6
13
10
13
11
4
9
4
7
4
10
2
12
2
9
10
9
13
12
9
10
17
10
25
17
21
16
23
19
21
28
26
35
27
31
24
26
20
19
16
21
10
11
13
6
12
16
16
8
16
10
11
14
19
16
16
16
12
7
-3
-1
-5
-6
-9
-13
-14
-11
-10
-15
-12
-18
-13
-9
-5
-3
-3
-5
0
1
-3
5
4
1
1
4
0
0
-3
-3
-6
-8
-8
-10
-19
-22
-20
-25
-18
-15
-18
-21
-19
-17
-10
-7
-6
-8
-4
1
2
7
7
5
3
2
-3
-4
0
5
-2
1
0
3
-2
1
5
9
7
7
2
-3
-3
-4
6
-3
3
1
9
1
2
5
5
9
12
17
3
1
-5
-7
-9
-6
-12
-12
-13
-8
-6
-6
0
-2
3
-3
10
9
14
12
10
15
16
20
12
23
13
20
13
19
13
8
11
4
6
-6
7
-12
0
-6
-7
-13
-9
-7
-12
-4
-18
-7
-10
-3
-5
2
-8
-2
-5
-7
-10
-14
-12
-22
-14
-21
-15
-26
-21
-26
-25
-24
-26
-18
-19
-16
-18
-15
-20
-15
-11
-8
-9
-9
-10
-11
-10
-9
-10
-11
-11
-13
-11
-14
-9
-13
-16
-12
-10
-18
-12
-10
-15
-11
-8
-8
-12
-1
-1
3
1
-1
10
11
16
7
20
15
7
12
11
10
2
5
-3
10
3
4
6
12
6
9
9
6
7
0
9
1
9
-2
4
1
6
4
7
3
3
1
-8
0
-7
-7
-16
-9
-16
-10
-16
-12
-15
-16
-12
-7
-7
-10
3
1
8
-1
12
9
10
11
5
7
-7
-6
-7
-3
-7
-2
0
-3
-3
-6
-7
-5
-3
-2
1
-5
2
3
6
8
9
13
11
16
14
12
9
16
4
9
9
3
13
9
6
9
6
6
9
4
13
7
9
7
13
10
6
10
6
16
15
15
22
18
24
18
14
18
12
16
8
12
11
16
7
12
4
8
3
1
9
-3
12
3
12
14
15
13
13
14
15
12
11
9
6
7
0
7
3
7
0
6
3
2
-3
-5
-6
-9
0
-7
-7
-9
-4
-3
-1
-4
-3
-5
3
0
0
2
-6
-3
-10
-2
-3
-2
-7
-7
-6
-10
-5
-9
-1
-6
-6
-3
-3
-6
-4
-1
1
3
-3
2
-6
-1
-6
0
-10
-12
-6
-12
-9
-11
-2
-6
3
-5
1
-12
-9
-10
-10
-8
-7
-2
-9
-1
-6
3
1
5
9
9
7
1
0
5
7
5
1
3
0
-3
4
1
5
9
5
6
8
2
6
5
5
7
5
4
10
10
3
16
17
13
13
12
12
7
9
6
6
3
6
3
-1
2
-11
0
-3
3
0
0
3
1
5
4
6
5
9
4
12
4
8
4
1
4
3
-3
2
4
0
10
0
3
0
7
-2
0
-2
3
1
-2
8
-1
9
6
17
7
10
6
3
3
-6
-3
-12
-7
-10
-6
-14
-15
-11
-13
-12
-6
-8
-8
-3
-7
-4
-9
-3
-7
-6
-7
-9
-7
-6
-1
-7
-3
-11
-3
-11
-3
-5
-10
-6
-16
-9
-12
-5
-15
-12
-11
-16
-17
-9
-12
-12
-13
-12
-4
-10
-6
-9
-1
-9
-2
-3
-3
0
-3
-4
-5
-4
-14
-9
-9
-17
-16
-17
-13
-15
-10
-6
-6
-3
-1
3
-1
9
6
10
6
9
9
7
11
6
11
4
10
5
13
12
13
14
12
10
10
12
6
5
3
10
4
6
3
8
3
1
7
7
8
6
3
0
1
-4
-4
-13
-9
-9
-4
-10
-10
-10
-11
-6
-12
-1
-2
2
2
0
-1
-1
-5
-4
-4
-7
-7
-14
-10
-18
-8
-16
-18
-10
-12
-8
-13
-13
-13
-4
-6
4
0
3
1
-1
9
1
9
9
11
7
9
7
7
3
1
-3
0
4
-3
-2
1
5
0
3
-2
5
3
2
6
3
3
6
9
2
7
7
7
5
7
6
6
5
1
3
-1
-4
-6
-11
-12
-10
-8
-6
-5
-1
-5
-7
-5
-4
-3
-5
7
7
5
11
10
12
7
20
10
17
11
16
18
12
15
12
12
4
9
2
10
0
12
4
8
4
10
11
9
8
5
14
10
21
8
18
-2
3
-5
-3
-7
-9
-16
-13
-7
-15
-8
-17
-9
-21
-11
-17
-13
-16
-17
-12
-11
-2
-9
-3
-5
-3
-2
-3
-2
-10
-13
-9
-7
-12
-10
-13
-18
-16
-15
-9
-13
-11
-15
-16
-14
-8
-10
-1
-7
0
0
3
6
-5
8
-2
8
-9
-2
3
-10
0
-4
-4
-3
-14
-3
-11
-6
-10
-10
-7
-16
-3
-14
-2
-11
-4
-3
-6
-8
-7
-9
-4
-6
-3
-3
-3
1
-3
4
-6
-4
-10
1
-7
0
-5
0
0
-7
3
-6
8
7
9
4
9
9
9
11
10
12
16
5
12
16
3
14
7
8
3
18
8
6
9
8
9
2
4
9
8
10
15
10
19
15
20
13
15
9
13
7
4
12
1
7
-2
6
-2
2
6
3
3
6
13
13
12
10
17
13
26
19
23
19
20
22
16
20
7
18
9
16
7
13
6
-7
-4
-7
-6
-9
5
-3
4
-1
12
4
9
12
6
11
6
8
4
7
2
7
1
5
-2
1
-10
-3
-9
-14
-1
-12
-2
-11
2
-7
-5
-2
-3
0
-4
-6
-3
6
7
9
9
6
0
6
4
9
-4
6
3
-3
0
-10
-2
-14
-10
-13
-12
-10
-15
-10
-15
-10
-15
-5
-7
-6
-5
0
2
0
3
-3
2
-4
3
-7
-1
-5
-10
-8
-6
-8
-12
-7
-11
-12
-18
-6
-10
-5
-6
-1
-5
-1
3
3
10
14
20
11
19
13
21
9
14
13
3
6
3
15
1
1
4
-7
-3
2
7
13
10
18
15
15
19
12
17
16
17
13
11
11
0
5
3
1
-4
-11
-8
-13
-11
-6
-13
-16
-11
-15
-14
-8
-7
-8
-4
-3
-3
-5
-3
-10
-9
-3
-6
-9
-16
-17
-22
-20
-19
-19
-19
-19
-20
-19
-19
-16
-13
-12
-9
-9
-6
-3
-4
-3
-6
-8
-3
-4
-2
-3
-3
-7
-2
-1
2
-1
-4
-1
-9
-4
-3
-7
-7
-6
-6
-3
-6
-10
-6
-6
-3
-4
3
6
6
6
7
4
3
4
1
-4
-3
-6
1
-8
-1
-1
-13
-4
-6
-4
-10
0
-7
-1
1
-2
3
-5
0
-3
3
3
8
0
2
0
3
6
3
6
-4
0
-10
-5
-15
-7
-18
-25
-18
-31
-20
-28
-15
-20
-12
-6
-9
-2
-3
0
2
6
2
6
-3
-1
1
5
-4
-1
-7
-3
3
2
0
-9
1
-5
3
-3
3
-3
-1
0
5
7
2
12
6
10
3
9
7
5
1
3
-4
-3
-10
-8
-1
-8
3
1
3
7
6
7
7
3
9
7
2
3
0
5
-1
-1
3
4
9
6
9
7
15
12
10
10
17
11
13
11
5
9
-5
2
-2
3
-8
-3
-7
-1
1
3
5
7
5
8
13
7
19
17
21
10
19
9
12
1
3
7
-3
3
-3
-4
-10
-10
-15
-6
-12
-6
-6
-6
-5
-6
-3
-4
-7
-9
2
-1
-4
-9
-10
-10
-9
-8
-15
-16
-15
-6
-13
-6
-8
-13
-5
-6
-3
-7
0
0
3
3
6
8
7
3
5
4
3
10
7
15
12
13
7
17
13
13
16
13
19
13
16
15
25
17
26
27
25
21
19
17
16
16
19
22
19
20
12
7
6
6
10
16
12
15
9
18
13
15
14
19
19
10
15
7
10
2
4
-4
3
-1
0
-2
4
3
4
7
4
10
3
11
4
9
6
5
3
6
3
8
6
5
-1
2
0
-11
0
-11
-1
-7
2
1
-1
3
2
10
6
12
10
11
9
11
9
7
1
5
3
1
9
0
6
1
10
3
6
4
-3
3
-3
2
-4
-1
-11
-3
-9
-2
-9
-7
-10
-17
-10
-12
-7
-16
-7
-16
-6
-10
-11
-9
-10
-9
-17
-13
-17
-13
-16
-16
-19
-17
-16
-14
-13
-20
-18
-14
-17
-18
-10
-9
-7
-15
-13
-7
-12
-10
-9
-10
-6
-8
-6
-7
-8
-4
-10
-10
-12
-7
-13
-19
-11
-14
-12
-17
-13
-16
-13
-10
-3
0
-2
2
1
2
0
2
-6
1
0
-3
-5
-5
-3
-7
-6
-2
0
-3
0
1
1
-3
6
3
-1
3
4
-3
-4
5
-1
6
4
6
4
5
5
3
4
4
2
1
4
1
7
4
14
10
16
13
10
11
9
9
1
5
-3
2
-3
4
0
3
-5
-3
-4
-13
-7
-13
-1
-16
-7
-12
-19
-15
-19
-10
-13
-15
-16
-16
-26
-21
-25
-19
-19
-20
-13
-19
-19
-17
-16
-15
-13
-13
-15
-22
-20
-25
-25
-23
-30
-25
-26
-22
-19
-24
-22
-12
-18
-15
-13
-9
-10
-10
-3
-5
1
-1
3
0
3
7
5
-2
-3
-9
-1
-2
-4
3
-5
2
-1
6
10
7
10
12
15
26
19
27
23
32
29
33
43
35
41
32
37
29
32
25
21
18
18
15
16
18
13
15
15
23
13
16
14
15
16
15
20
23
19
25
28
25
21
18
21
19
20
15
11
5
12
15
11
13
12
18
10
13
16
19
12
8
13
6
14
9
14
15
18
13
16
17
12
13
9
11
7
7
11
3
-3
4
-3
0
-6
0
-1
-6
-4
-8
-6
-3
-2
-5
10
3
14
13
16
10
4
9
2
0
-1
5
-2
6
-1
-6
-1
-4
-2
-9
-11
-8
-14
-13
-16
-21
-15
-18
-15
-13
-6
0
-10
-3
-3
-7
-6
-6
-10
-12
-16
-18
-11
-18
-18
-17
-7
-15
-7
-9
-12
-11
-6
-7
-5
-1
-6
6
-5
5
-2
2
-5
-4
-7
-7
-14
-18
-11
-17
-10
-16
-6
-17
-10
-4
-5
0
-1
-2
-2
0
1
6
2
8
10
10
4
5
5
-1
4
0
-3
-3
0
-1
-2
-3
3
-5
-7
-3
-5
1
-6
3
-6
5
-2
-2
1
-3
1
-3
9
6
6
7
4
0
11
6
6
8
6
10
10
9
4
5
5
9
8
9
3
7
8
9
16
15
12
11
13
13
7
10
4
0
-4
-11
3
-4
-4
-3
-2
-3
1
-3
0
1
-1
-1
-1
4
-8
4
4
4
0
5
5
10
10
7
7
-2
0
-3
0
-7
0
-6
1
0
-2
-3
-9
-13
-14
-10
-12
-5
-9
0
-7
0
-1
7
3
1
-1
0
1
-7
-6
-13
-6
-16
-12
-22
-17
-15
-11
-7
-14
-5
-9
-9
-16
-4
-14
-9
-9
-6
-7
-11
-1
-4
5
-6
-1
-6
-6
-9
-13
-6
-6
-9
-4
-2
-12
-12
-13
-13
-16
-9
-7
-12
-11
-4
-4
0
-3
-1
1
-1
8
1
2
4
7
1
3
-1
0
7
3
7
0
3
2
2
0
2
3
-3
3
6
12
3
10
8
10
11
12
11
9
3
2
4
-4
7
0
5
1
0
2
0
2
-3
0
-1
5
3
9
4
2
7
8
8
6
12
4
12
9
9
10
2
6
7
6
9
3
-1
2
-1
3
-4
-5
-7
-5
-7
-10
-6
0
-6
-5
3
-6
-4
-2
-3
-12
-12
-15
-14
-16
-13
-16
-21
-16
-23
-21
-23
-16
-18
-18
-15
-18
-21
-18
-8
-13
-7
-8
-8
-9
-10
-9
-10
-16
-12
-8
-13
-9
-16
-17
-18
-19
-24
-25
-20
-22
-17
-14
-12
-12
-9
-12
-10
-6
-4
-9
-3
-6
-2
-3
-9
-4
-9
-7
-8
-11
-13
-11
-9
-10
-12
-13
-14
-13
-10
-14
-18
-12
-17
-9
-5
-6
3
4
7
4
12
10
19
13
12
13
15
12
13
14
7
12
10
11
-4
3
0
8
0
1
4
-2
7
6
15
7
11
13
16
13
20
23
24
18
18
15
13
19
18
18
12
17
7
7
3
10
7
4
12
5
6
1
10
7
8
13
17
15
14
14
13
10
7
9
1
9
2
7
7
1
3
5
3
-4
1
-3
6
-1
3
5
8
8
10
10
4
12
10
15
12
20
17
14
9
14
14
13
9
7
5
-3
0
-2
3
-12
-7
-15
-13
-7
-7
-1
0
7
3
9
7
8
3
7
9
10
12
13
8
7
9
4
11
1
6
5
4
0
1
-3
-3
0
-10
3
-2
3
-2
6
10
4
4
5
4
1
6
2
7
3
9
7
5
6
0
3
1
3
4
5
3
13
8
12
10
9
9
12
16
8
11
9
9
2
10
9
7
4
4
5
4
4
-3
-4
-7
3
-12
-1
-3
-9
-11
-9
-9
-11
-9
-11
1
-15
-6
-8
-9
-10
-7
-10
-9
-7
-12
-11
-22
-12
-14
-10
-13
-12
-12
-13
-10
-16
-7
-10
-7
-9
-4
-6
-7
-7
-4
-6
-10
-9
-20
-15
-19
-16
-16
-12
-15
-13
-12
-13
-7
-16
-7
-13
-13
-7
-3
-4
-6
0
2
6
5
3
0
-7
-1
-2
-5
-4
-5
-1
-3
1
3
3
3
0
0
-3
-6
-6
-9
-7
-2
-3
-4
-6
-3
-5
-3
4
-3
-8
-4
-10
1
-3
-4
-2
2
7
-2
7
0
3
4
9
7
10
12
12
15
10
15
9
13
13
22
12
20
18
13
15
9
13
13
13
13
17
13
20
6
17
19
17
16
14
21
11
17
10
11
11
12
6
2
4
0
6
7
10
7
7
6
7
5
9
3
3
6
10
16
13
18
17
19
16
24
22
25
18
19
22
15
15
10
8
3
0
-3
-1
-14
-10
-10
-7
-13
-13
-11
-18
-14
-19
-9
-18
-17
-16
-15
-12
-7
-12
-12
-7
-4
-3
-4
-4
-8
-1
-2
-1
-6
-13
-6
-13
-7
-10
-8
-11
-12
1
-4
0
1
6
0
5
0
5
4
2
3
0
-4
-5
-6
-15
-11
-14
-7
-16
-8
-12
-3
-8
-9
-3
-3
-1
-1
7
4
11
5
11
7
12
7
8
9
9
16
6
-1
-7
-3
-3
-3
-12
-10
-12
-19
-12
-16
-13
-15
-13
-7
-15
-15
-10
-17
-7
-6
-6
-2
-13
0
-15
0
-2
-13
1
-11
-7
-4
-3
-2
-2
-6
-2
-7
-4
-13
-5
-13
-20
-8
-16
-15
-16
-10
-10
-7
-15
-6
-7
-7
-4
-5
-9
-14
-9
-18
-14
-16
-19
-17
-11
-20
-19
-17
-19
-17
-12
-10
-12
-7
-9
-7
-12
-2
-5
-3
9
11
6
9
6
10
7
14
17
10
18
13
9
10
11
11
15
10
19
8
17
19
20
27
19
17
15
20
13
22
15
21
9
13
12
11
10
9
8
10
18
12
15
9
20
8
15
21
15
13
11
19
9
11
9
16
9
6
10
10
6
4
10
7
4
0
3
-5
-4
-3
0
-3
-4
-1
-4
4
0
7
2
0
3
7
0
-4
-3
0
-3
-3
3
0
3
-6
-3
-6
-6
-7
-3
-2
1
1
3
6
0
3
-3
6
-2
8
7
4
7
6
4
0
3
3
0
-6
0
-10
-8
-13
-12
-11
-14
-17
-11
-9
-7
3
-5
-4
0
7
1
5
3
2
6
2
10
7
0
-2
-4
-7
-12
-16
-16
-19
-25
-23
-26
-24
-25
-16
-20
-15
-14
-17
-13
-15
-10
-12
-5
-11
0
-11
-1
1
2
-1
-6
-4
-17
-9
-15
-13
-17
-13
-19
-16
-16
-17
-19
-16
-14
-12
-5
-16
-9
-15
-5
-2
-11
-7
-7
-6
-3
-8
-10
-10
-17
-18
-20
-15
-21
-17
-19
-15
-15
-19
-13
-20
-12
-14
-9
-8
-3
2
-1
0
0
1
-3
4
0
3
0
5
0
-2
4
2
8
13
6
7
17
9
16
19
22
17
18
16
10
14
13
12
14
16
17
20
15
18
22
22
23
24
22
25
20
25
23
21
19
16
15
12
15
12
13
13
21
13
14
12
18
14
14
13
15
14
3
7
4
9
1
8
6
6
12
15
14
9
15
12
10
7
19
16
13
18
15
16
17
14
12
13
11
13
6
10
4
7
3
4
6
1
5
4
7
3
5
1
9
0
8
3
12
11
7
12
3
10
0
6
-8
-5
-12
-10
-21
-25
-23
-23
-22
-31
-26
-31
-22
-24
-13
-19
-13
-15
-14
-11
-16
-7
-10
-6
-7
-6
-6
-4
-3
-4
-9
-7
-11
-19
-19
-18
-14
-18
-19
-21
-24
-19
-19
-14
-12
-12
-13
-6
-4
0
4
4
3
-1
0
-3
-4
-6
-3
-13
-7
-12
-8
-17
-13
-11
-11
-6
-16
-9
-18
-4
-15
-10
-13
-11
-13
-6
1
-7
3
0
8
7
8
0
7
2
11
0
4
-4
-13
-9
-12
-4
-21
-5
-12
-13
-3
-3
4
-4
3
7
9
19
18
17
14
22
21
27
32
24
21
22
22
17
7
25
8
20
13
4
5
1
8
-5
14
-6
4
-6
14
1
10
6
6
13
3
19
3
9
-8
9
-8
-1
-1
2
1
-7
4
-3
5
0
5
4
0
-6
6
0
2
-3
-4
1
1
3
1
7
4
0
-10
-13
-15
-15
-16
-21
-17
-17
-21
-14
-19
-14
-22
-16
-15
-16
-11
-12
-3
-12
0
-6
0
-6
2
-3
-9
-2
-5
3
-3
4
0
7
-3
7
14
8
11
17
18
14
13
10
16
12
19
13
15
14
19
20
12
13
9
6
10
11
5
10
7
6
0
11
4
6
8
2
3
0
7
1
10
1
-3
0
5
3
3
13
12
13
14
17
3
13
7
9
0
1
2
-5
6
-1
9
4
6
-5
8
9
6
11
13
17
10
21
14
15
14
17
9
19
16
12
12
9
8
6
3
0
3
-3
4
-3
4
5
9
9
8
10
8
13
13
9
5
20
10
9
13
7
4
1
2
-9
-4
-13
-15
-14
-20
-19
-20
-17
-15
-16
-19
-17
-18
-16
-21
-12
-18
-6
-13
-13
-8
-20
-12
-22
-13
-24
-11
-27
-21
-22
-19
-16
-21
-5
-16
-4
-11
-4
-13
-4
-8
-5
-2
-1
0
1
8
3
9
0
0
-8
-2
-3
0
-10
-7
-10
-11
-9
-3
-2
-1
1
-11
1
1
-1
-9
-5
-7
-8
-5
-7
-3
2
6
2
10
5
10
9
3
7
3
6
2
-1
2
2
-4
-1
-6
1
0
-2
6
-1
0
-10
0
-1
-1
3
3
0
2
2
-3
-6
-14
-9
-15
-15
-11
-10
-9
-5
-6
-1
0
1
-4
-2
3
-1
3
-6
-1
-2
-5
2
3
3
2
-2
-1
-3
-7
-13
-15
-2
0
-1
-6
-5
-1
-3
-5
3
-1
-1
-1
-10
0
-8
-5
-2
0
15
10
6
15
2
2
-7
-13
0
-17
-7
-13
1
-2
-11
-1
-6
-12
-11
-12
-11
-12
-18
-4
-16
-4
-5
3
8
-5
-4
9
-1
-6
-12
-12
3
-11
13
-4
9
17
6
15
-12
-7
2
-18
-10
-6
-7
10
-7
31
16
-7
3
-3
3
-50
-71
-11
2
-9
-1
24
82
22
17
44
15
16
-39
16
19
-54
-16
0
44
29
-6
54
23
-6
-22
-60
-35
-74
-56
-19
-59
-24
0
22
37
-7
47
45
-16
9
-42
-9
-38
-40
44
-5
18
33
40
53
-29
7
34
-26
-6
-47
1
-2
-18
50
23
21
25
31
34
-71
-60
36
23
34
7
95
134
38
80
61
66
20
-18
82
5
-37
-3
34
98
25
37
90
38
30
-51
-62
-49
-100
-48
-76
-72
-8
-6
52
37
48
107
20
41
4
-30
-13
-69
18
12
1
39
28
81
28
-24
36
-16
-44
-85
-112
-74
-104
-50
-34
-39
32
13
45
50
-9
48
38
41
29
22
88
27
44
78
24
52
13
1
-19
-85
-52
-105
-71
-67
-111
-34
-54
-38
-12
-18
-6
15
57
38
25
102
111
76
104
95
114
77
21
29
-32
-41
-102
-94
-65
-153
-113
-104
-67
-82
-84
-11
-26
-2
-9
-12
9
-9
3
17
16
39
51
52
54
22
33
7
-32
-44
-94
-85
-130
-116
-95
-127
-88
-66
-8
10
-3
61
55
79
65
40
77
43
68
86
101
124
116
139
125
85
92
49
42
42
25
25
-18
-7
11
22
29
49
83
116
87
68
51
18
-6
-27
7
-7
-29
-31
-23
-35
-50
-56
-34
-14
-20
-29
-59
-69
-92
-105
-102
-109
-111
-100
-116
-116
-105
-81
-70
-105
-97
-112
-102
-124
-101
-42
-33
44
20
-16
-63
-85
-37
-92
-21
-15
-30
73
25
95
114
-6
-34
-137
-353
-773
-1098
-956
-981
-821
-368
-198
451
597
606
813
568
688
237
390
414
-103
413
250
603
1049
941
1343
1256
1309
911
281
272
-366
-606
-594
-1081
-644
-488
-472
32
86
540
427
435
738
135
381
81
-176
120
-454
-283
-353
-399
-208
-545
-262
-399
-670
-460
-877
-819
-807
-971
-607
-848
-587
-425
-415
39
-96
292
536
486
717
587
738
696
477
519
298
191
64
-276
-316
-516
-727
-835
-1071
-983
-1093
-1111
-884
-817
-541
-459
-316
-60
3
148
163
317
439
392
458
502
587
689
721
807
861
873
894
785
752
705
735
726
654
733
756
893
864
769
841
746
603
405
301
366
368
524
614
677
723
394
241
53
-519
-876
-1272
-1409
-1514
-2033
-2036
-1876
-1430
-1178
-1195
-615
-424
-342
-322
-580
-308
-379
-413
48
268
612
811
1215
1815
1851
1799
1618
1326
1096
159
-478
-869
-1406
-1543
-1945
-1895
-1646
-1484
-1059
-757
-352
-101
-93
53
88
-16
-11
64
160
287
386
570
732
877
810
744
637
-143
-1089
-1461
-1819
-2581
-2149
-1981
-1627
-477
-622
107
614
682
532
531
1427
45
390
790
63
1533
1374
1481
2451
2857
2648
2218
2567
1542
786
1081
-325
-602
141
-690
28
1064
1015
1446
1684
1852
1244
1422
1383
340
1160
590
-159
-38
-1064
-1476
-1723
-1953
-2460
-2880
-2318
-2643
-2861
-2359
-2473
-1794
-1655
-1614
-763
-479
22
144
1048
2138
1922
2327
2641
2817
2784
2070
1785
1400
683
-176
-1194
-1631
-2181
-3005
-3056
-3233
-3130
-2910
-2900
-2168
-1694
-1106
-641
-303
483
635
932
1305
1485
1801
1733
1676
1626
1294
960
572
110
-423
-1317
-1780
-2208
-3019
-3000
-2932
-2702
-2101
-1874
-1107
-456
-11
317
599
1499
1156
1103
1606
1286
1816
1905
1924
2393
2579
2538
2080
2202
1781
1015
1038
441
-63
103
-290
-183
566
973
1413
1958
2551
2691
2773
2792
2226
2122
1918
1320
1203
1092
798
660
364
-368
-1308
-2270
-3112
-3976
-4338
-4371
-4277
-3778
-3351
-2941
-2361
-1793
-1486
-857
-152
192
419
706
1206
1552
2093
2381
2674
3161
2794
2358
1770
971
-16
-1098
-2022
-3040
-3712
-4272
-4412
-3981
-3339
-2680
-1809
-987
-388
163
377
600
721
762
772
680
771
830
959
1213
1324
1349
1253
910
436
-89
-594
-1017
-1403
-1683
-1858
-1698
-1549
-1619
-1410
-901
-682
-288
77
111
856
708
654
920
691
796
334
959
853
798
1513
872
1776
1892
1364
1838
1713
1744
1438
1499
1325
1013
1578
1208
1121
1906
1546
1794
2504
2114
2254
2272
2136
1777
1619
1566
690
1061
748
84
646
204
-335
-135
-596
-1513
-2555
-3738
-4160
-4573
-4614
-4598
-3970
-2297
-2455
-1841
-792
-888
-227
-542
-237
398
-323
-427
-236
452
1225
772
1615
2433
1959
1946
736
509
78
-1591
-1885
-2836
-3023
-3195
-3674
-2386
-2010
-1348
-535
-448
395
242
87
460
121
262
114
71
579
364
934
1276
1209
1529
1006
885
482
-358
-526
-934
-1159
-1495
-1605
-1044
-1077
-1075
-648
-564
-337
-268
-729
-159
102
-113
360
572
967
799
1203
1634
1329
2271
1743
1826
2611
1630
1896
2122
2031
1999
2081
2154
1645
2058
1719
1109
1793
1456
1120
1692
1398
1228
1486
1436
1203
1329
1425
695
1009
798
17
508
-5
-165
-376
-711
-1046
-2445
-3241
-4400
-4772
-4571
-5257
-4495
-3461
-3049
-2362
-2230
-1422
-977
-1299
-661
-367
16
-65
-437
887
1562
1740
2076
2440
3176
2493
1504
880
158
-695
-1951
-2879
-3016
-3529
-3780
-3259
-2673
-1762
-1412
-851
-249
-177
-74
-189
33
125
15
337
564
846
1266
1732
2101
2101
1837
1641
1154
424
-252
-642
-816
-1454
-1510
-1245
-789
-439
-712
-277
126
-235
-291
-439
-289
138
13
454
776
1125
1423
1394
2390
2169
1996
2565
1645
2016
1694
1149
1744
1579
1834
1612
1815
1792
1285
1727
1186
1024
1388
808
1125
1224
1074
1335
1460
1505
1349
1229
1012
785
587
223
-295
-128
-391
-710
-581
-947
-1042
-1903
-3523
-3958
-4322
-4716
-4674
-4462
-3247
-2344
-2197
-1629
-950
-361
-406
-639
518
101
-366
-403
-290
1292
953
958
2051
2458
2405
1281
701
643
-635
-1555
-2594
-3090
-3206
-4026
-3459
-2499
-2055
-1161
-659
36
465
182
538
329
348
18
-213
185
181
418
1105
1451
1653
1741
1606
1561
840
208
-322
-553
-967
-1451
-1170
-594
-302
-245
-284
153
295
-105
163
145
483
802
332
789
1029
939
1180
1461
2133
1697
2110
1907
1293
2175
1412
1297
2146
1665
1596
1855
1333
1161
1305
1164
618
1262
1368
750
1678
1297
928
1546
1031
470
727
627
92
479
184
-270
240
-221
-647
-770
-1066
-2805
-4300
-4363
-5391
-5051
-4922
-5017
-2628
-1813
-2205
-1171
-666
-141
-596
-759
226
-493
-451
-1093
-263
1824
792
1466
2977
3078
2852
1345
876
743
-821
-2116
-3187
-3148
-3615
-4504
-3226
-2242
-1614
-529
-340
669
736
134
524
264
187
-252
-95
483
512
1111
1840
2230
2607
2296
2193
2029
909
295
-113
-639
-1272
-1772
-1323
-970
-1014
-920
-656
216
-15
-9
226
420
1053
301
865
1145
828
1380
1332
2160
2125
2309
2330
1891
2605
1311
1362
2045
1129
1536
1385
876
994
1053
852
510
1197
941
869
2022
1152
1254
1988
1094
1299
1338
827
715
891
437
-171
235
-467
-689
-288
-1035
-1810
-2901
-4491
-5210
-5155
-5514
-5517
-4295
-2987
-2367
-1765
-1558
-887
-190
-960
-586
-31
-612
-971
-1119
41
1013
880
1534
2659
3128
2390
1146
1155
552
-1017
-2097
-3120
-3192
-3816
-4162
-2846
-2009
-1203
-607
145
961
719
750
898
693
392
-39
55
386
284
919
1544
1740
1889
1654
1801
1231
178
-354
-958
-1541
-2348
-2535
-1782
-1222
-714
-34
516
821
911
377
581
771
193
578
647
601
1018
1266
1797
2076
2861
2648
2332
2874
1285
1480
1668
684
1359
1284
1196
1383
1771
1682
1566
2554
1803
1820
2704
1449
1577
1714
926
1248
1254
786
972
1402
1111
504
1332
803
211
891
-801
-1813
-3683
-5896
-6175
-6635
-6886
-6740
-4866
-2815
-3116
-1884
-1001
-876
-29
-1450
-606
180
-1472
-1620
-904
837
1468
1088
3390
4320
4408
3349
1810
2563
523
-1985
-2984
-4098
-4752
-5760
-5547
-3619
-2817
-1586
-560
754
1580
909
1390
1433
648
72
-396
-512
-291
-487
507
1455
1565
1848
1980
2089
1164
-11
-192
-1058
-1955
-2858
-3155
-1976
-1680
-1130
-314
867
1643
1256
1727
1646
1385
1683
547
754
876
298
940
1045
2200
2075
2671
3066
1925
2946
1746
1269
1954
740
1012
938
876
969
1441
2402
1790
3026
2710
1956
2990
1370
1398
1736
834
1154
638
844
765
730
1023
264
1280
605
-618
-1868
-4679
-5617
-6632
-7602
-7677
-6856
-5256
-4124
-3021
-2131
-697
139
-635
230
439
-141
-614
-1582
-48
845
835
1837
3110
4418
3860
2884
2849
1762
433
-1783
-3351
-3864
-5433
-5837
-5327
-4315
-2946
-1845
-330
899
1243
1766
1641
1552
985
48
-102
-638
-935
-327
324
1014
1441
1752
2366
1959
1455
697
337
-186
-1412
-2016
-2042
-1891
-1534
-1208
-365
589
1051
1558
1410
1927
1775
1242
1231
528
537
557
477
1293
1619
2522
2601
2685
3009
2230
2511
1862
1337
1354
819
701
759
941
1416
1873
2645
2494
2891
2894
1870
2305
1624
1152
1267
536
478
543
471
565
415
886
309
110
-1045
-4403
-5113
-6312
-7520
-7127
-7938
-6232
-4317
-4037
-2581
-1714
128
-320
-452
1001
-210
156
-995
-1218
1379
486
746
2556
3062
3983
2662
2329
2263
627
-851
-3203
-3670
-4693
-6304
-5459
-4957
-4044
-2364
-1586
270
1051
1158
1821
1739
1411
468
42
-100
-799
-611
-74
370
1158
1277
1865
2286
1756
1265
1008
389
-487
-1629
-2024
-1815
-1954
-1215
-708
309
1363
1418
1964
2069
1953
1803
1181
1212
579
592
776
593
1810
2143
2905
3357
3193
3346
2679
2709
1729
1137
1172
158
742
671
1080
2119
2380
3322
3220
3400
2987
2148
2254
1389
1054
824
66
396
372
286
601
620
831
158
-1539
-3981
-5618
-6623
-7738
-7787
-7928
-6314
-4976
-4345
-2761
-1657
-49
-152
278
1153
322
35
-1018
-606
1010
234
779
2114
2859
3313
2220
2205
1894
519
-1166
-3188
-3820
-5144
-6388
-5698
-5291
-4084
-2734
-1651
54
786
1383
2029
2087
1679
948
501
136
-497
-259
250
588
1138
1337
1887
2154
1536
1180
1158
293
-605
-1568
-2091
-1866
-2142
-1511
-783
237
1356
1488
2291
2505
2295
2441
1660
1434
996
735
1090
874
1832
2153
2646
3390
2827
3179
2886
2296
1873
1007
886
104
378
641
773
2309
2143
2735
3332
2841
3099
2610
2357
2087
1735
1145
320
719
86
-49
448
-99
-290
-2294
-4689
-5590
-6497
-7311
-7939
-7177
-6025
-5539
-4627
-4091
-2228
-1027
-1529
475
1110
638
578
-69
1609
2198
1553
2298
3247
3828
2659
1949
2065
869
-229
-2308
-3654
-4264
-5966
-6175
-5522
-5046
-3973
-2793
-1309
-155
393
1396
1819
2014
1631
1211
1234
577
194
545
897
949
940
1249
1596
1110
492
266
80
-560
-1544
-1957
-1749
-1547
-1544
-870
130
890
1567
1785
2430
2359
2166
2043
1258
1353
842
787
1241
1154
1803
2072
2648
2806
2549
3001
2192
2170
1676
949
1183
604
1008
1345
1748
2247
2195
2875
3030
2748
2676
2437
2211
1861
1544
823
1099
928
540
874
29
-1370
-3466
-4684
-5999
-6951
-6987
-7710
-6292
-5451
-5668
-4175
-3546
-2943
-2121
-1426
-531
-52
61
-115
1135
2055
2117
3304
3776
4177
4078
3237
2697
1650
332
-1486
-2865
-4412
-5988
-6336
-6490
-6183
-5168
-4093
-2573
-1303
-444
448
1339
1638
1448
1589
1378
1077
945
960
1207
1375
1356
1511
1756
1687
1231
782
318
-323
-1084
-1600
-1789
-1903
-1711
-1185
-551
343
1394
1743
2459
3085
2574
2624
2271
1329
1276
910
909
963
1550
1549
1740
2889
2234
2694
2856
2097
2160
1581
1081
934
1116
1242
1140
2096
2188
2439
3003
2722
2907
2836
2323
1843
1387
817
476
-64
224
-171
-355
-254
-1937
-2977
-4521
-5324
-5826
-6582
-6026
-6203
-4620
-4305
-4215
-2278
-2159
-1587
-941
-230
201
29
-43
87
1532
1462
1140
2570
2647
2886
2224
1587
1216
98
-1273
-2931
-3458
-4719
-5493
-5323
-5151
-4442
-3428
-2494
-1284
-431
104
672
1045
972
784
792
596
360
499
797
668
1014
1074
1353
1504
993
629
357
147
-862
-1235
-1313
-1514
-1119
-627
-53
762
1925
2022
2837
3404
2744
2992
2465
1818
1343
1443
1107
958
1860
1275
2235
2839
2150
2818
2587
2211
1750
1654
1113
561
1478
532
1433
2090
1552
2815
2711
3149
2858
2819
2552
1580
2001
589
-41
500
-310
62
-472
-1985
-2589
-3994
-5016
-5766
-5971
-5747
-6129
-5381
-4684
-4601
-3537
-3376
-2313
-915
-1114
-262
-21
336
719
714
1831
2024
2367
2636
2478
2745
1931
1239
790
-456
-1807
-3134
-4272
-4839
-5480
-5460
-4875
-4332
-3499
-2778
-1632
-700
-174
615
855
869
774
452
745
686
647
794
983
1361
1341
1614
1734
1504
1142
384
-335
-898
-1632
-1620
-1416
-1011
-190
143
1251
1836
2364
2949
2926
3341
2609
2437
2005
1379
1912
1393
1844
2300
2223
2765
2806
2944
2506
2512
2058
1201
1216
248
367
747
644
1044
1384
1831
1952
2503
2578
2585
2907
2465
2014
1832
1343
799
928
503
-244
-1477
-3295
-4239
-5245
-5566
-6212
-6142
-5002
-5461
-4772
-4445
-4198
-3168
-3300
-2355
-1728
-1380
-1078
-984
763
1337
2090
3364
3752
4567
4277
3778
3589
2711
1386
-112
-1621
-3083
-4672
-5342
-5588
-5617
-5038
-4624
-3620
-2735
-2179
-1132
-497
-200
16
-228
-89
-313
-321
107
399
989
1187
1762
2400
2460
2683
2365
1737
1077
-292
-859
-1705
-1959
-1635
-1922
-630
-451
421
1673
1683
2897
2634
3071
2644
1914
2382
1137
2132
1889
1890
3043
2643
3602
3336
3836
3450
2838
2954
1121
1254
261
-325
60
-216
435
96
640
901
1476
2403
2416
2730
2883
2643
1917
1966
1457
1245
559
-523
-1580
-3652
-4312
-5799
-5832
-5411
-6279
-5416
-5121
-5256
-4867
-4588
-4125
-3485
-2855
-2658
-1844
-1264
-756
404
1921
3079
3610
5023
4863
5277
4881
3720
3591
1832
327
-1561
-3243
-4379
-5655
-5820
-5954
-5700
-5009
-4620
-3429
-2622
-1949
-1037
-617
-485
-430
-538
-429
-163
-12
513
1000
1536
1822
2434
2842
2784
2903
2242
1744
868
-236
-671
-1262
-1267
-1501
-1091
-575
-94
866
1197
2173
2522
2713
2746
2530
2334
2096
2321
2120
2462
2772
2773
3385
3476
3529
3801
3587
3168
2684
2186
1380
1114
731
473
457
352
70
116
832
507
1237
1571
1328
1955
1516
1486
1465
874
-54
-1325
-2061
-3680
-4736
-4827
-5604
-5135
-4924
-5280
-4480
-4303
-4645
-3827
-3399
-3362
-2740
-2622
-2169
-1611
-970
-180
1126
2459
2686
3870
4391
4224
4666
3934
3430
2635
1042
-264
-1563
-2728
-3731
-4135
-4394
-4724
-4465
-4187
-3874
-3087
-2758
-2328
-1704
-1831
-1698
-1454
-1520
-1241
-1008
-525
-159
340
966
1373
2419
2624
2956
3078
2565
2374
1515
1173
604
219
100
-474
-164
-203
206
654
795
1495
1361
1742
1500
1417
1712
1390
1868
1610
1956
2124
2345
2954
3052
3789
3683
3902
3792
3364
3279
2569
2397
1972
1742
1419
1006
1092
876
1069
1138
1004
1152
905
464
0
-1317
-2307
-3401
-4500
-4937
-5984
-5596
-5596
-5441
-4596
-4825
-3509
-3467
-3015
-2002
-2124
-1049
-1504
-939
-299
-351
618
765
1850
2482
2727
3198
3345
3438
3105
2658
1991
1161
16
-876
-1805
-2416
-2859
-3359
-3132
-3467
-3374
-3058
-3002
-2453
-2503
-2185
-2041
-2055
-1864
-2005
-1525
-1382
-1154
-599
-235
397
805
1262
1837
2159
2376
2291
2197
2086
1560
1329
933
763
620
217
419
289
617
843
893
1353
1300
1524
1465
1512
1569
1367
1616
1362
1511
1578
1562
1977
2033
2388
2553
2772
2872
2876
2980
2810
2759
2429
2319
2048
1786
1545
1271
1319
1016
1053
764
660
391
-366
-838
-1819
-2356
-3195
-3869
-4238
-4685
-4652
-4991
-4741
-4628
-4342
-3985
-3821
-3068
-2802
-2197
-1898
-1437
-889
-721
-155
120
804
1138
1521
1957
2147
2439
2292
2416
2190
1953
1517
982
599
-84
-424
-933
-1227
-1551
-1858
-1983
-2276
-2390
-2618
-2642
-2765
-2864
-2864
-2830
-2689
-2694
-2353
-2066
-1579
-1043
-545
148
668
1270
1726
2271
2587
2687
2840
2717
2631
2423
2182
2045
1846
1661
1475
1360
1315
1271
1276
1316
1206
1128
1036
855
808
685
641
727
770
796
935
1108
1277
1518
1623
1700
1783
1732
1682
1669
1551
1474
1467
1368
1332
1239
1161
1134
1021
898
626
413
89
-190
-349
-648
-823
-1113
-1398
-1650
-1951
-2113
-2239
-2252
-2327
-2371
-2315
-2289
-2157
-2080
-1918
-1802
-1748
-1731
-1725
-1621
-1555
-1386
-1251
-1119
-1033
-1001
-846
-724
-590
-446
-327
-158
-77
0
84
142
181
159
125
13
-134
-299
-442
-561
-661
-787
-839
-938
-1039
-1083
-1148
-1025
-955
-883
-708
-608
-389
-177
26
300
449
620
656
745
801
837
950
899
1009
1014
1035
1136
1157
1279
1320
1343
1371
1355
1317
1297
1319
1294
1343
1321
1320
1393
1401
1456
1459
1404
1351
1310
1180
1071
893
761
683
525
485
427
464
472
423
444
416
366
297
307
278
260
192
90
50
-98
-225
-319
-343
-465
-525
-615
-727
-700
-839
-854
-859
-942
-968
-1043
-1122
-1181
-1222
-1236
-1185
-1153
-1168
-1146
-1120
-1084
-1073
-1011
-981
-938
-917
-942
-880
-843
-756
-702
-633
-605
-605
-611
-648
-696
-800
-866
-978
-1050
-1166
-1261
-1253
-1268
-1177
-1097
-957
-801
-676
-426
-216
41
291
486
711
862
945
1058
1157
1210
1206
1203
1201
1164
1160
1152
1207
1277
1308
1356
1379
1372
1367
1368
1374
1352
1337
1305
1303
1304
1291
1247
1248
1241
1157
1148
1038
942
878
715
591
468
289
193
66
-60
-130
-231
-272
-332
-357
-388
-392
-356
-383
-357
-395
-434
-421
-445
-447
-441
-438
-442
-453
-493
-528
-576
-620
-649
-725
-784
-879
-950
-992
-1066
-1078
-1115
-1141
-1144
-1158
-1138
-1055
-996
-951
-903
-919
-865
-813
-724
-613
-517
-401
-335
-251
-219
-207
-191
-227
-270
-330
-443
-536
-592
-647
-628
-582
-538
-456
-346
-227
-85
71
220
376
536
623
744
872
920
1016
1033
1043
1071
1037
1028
1040
1068
1088
1119
1134
1127
1136
1126
1106
1103
1065
987
925
859
796
746
696
663
638
610
534
501
499
419
389
324
202
148
21
-86
-126
-223
-267
-300
-342
-364
-354
-304
-239
-165
-170
-177
-167
-222
-239
-228
-268
-259
-285
-307
-280
-290
-272
-225
-204
-211
-271
-339
-394
-484
-542
-599
-644
-696
-751
-792
-793
-789
-769
-745
-762
-784
-827
-815
-805
-765
-740
-695
-630
-607
-559
-518
-437
-375
-326
-301
-301
-328
-364
-363
-368
-357
-368
-364
-345
-319
-269
-172
-44
80
196
289
397
509
608
698
789
847
876
891
897
914
924
937
949
933
890
836
797
796
755
735
712
662
632
595
569
578
567
541
521
466
435
401
384
373
352
319
255
208
128
51
-4
-84
-171
-241
-339
-375
-357
-333
-240
-170
-91
-10
41
83
104
81
41
-29
-123
-212
-280
-301
-325
-304
-292
-290
-275
-280
-294
-293
-338
-391
-458
-549
-611
-654
-654
-641
-605
-597
-577
-547
-519
-494
-446
-422
-414
-405
-449
-447
-437
-427
-398
-367
-362
-338
-325
-295
-233
-203
-178
-176
-192
-229
-250
-249
-234
-176
-127
-79
22
125
253
395
530
638
707
744
741
733
727
720
727
718
701
690
679
677
695
682
657
629
563
500
447
419
380
360
324
277
245
209
173
163
134
102
65
1
-36
-91
-126
-153
-191
-243
-303
-368
-409
-445
-442
-425
-403
-340
-285
-204
-102
-10
78
145
165
169
150
122
96
74
38
11
-22
-61
-82
-89
-104
-126
-158
-239
-307
-392
-462
-495
-515
-521
-504
-480
-436
-372
-303
-226
-170
-135
-124
-133
-158
-168
-199
-201
-224
-232
-241
-240
-203
-153
-96
-42
-4
-2
7
-5
-7
-18
-10
-21
-3
14
45
129
211
319
410
487
543
579
577
589
575
535
492
420
351
291
251
232
229
217
208
196
179
179
174
182
191
183
162
153
139
132
129
118
107
72
30
-13
-54
-88
-119
-166
-194
-242
-281
-300
-300
-298
-284
-246
-228
-186
-155
-100
-32
34
88
142
176
208
243
252
284
279
256
213
164
96
26
-50
-120
-185
-278
-361
-431
-489
-530
-560
-568
-560
-561
-526
-472
-399
-312
-232
-154
-100
-71
-59
-44
-47
-54
-66
-90
-91
-102
-100
-74
-38
-20
3
3
-8
-20
-49
-59
-68
-75
-79
-46
-13
52
136
235
336
429
494
547
577
570
543
490
421
322
231
120
34
-36
-95
-128
-137
-145
-137
-114
-85
-34
7
48
86
126
145
184
209
230
256
247
243
218
190
145
109
53
-7
-54
-118
-167
-201
-232
-245
-242
-242
-215
-186
-145
-98
-32
19
81
136
174
220
240
261
259
265
244
211
174
117
56
-28
-104
-186
-278
-361
-430
-490
-524
-530
-516
-491
-435
-354
-277
-184
-102
-35
26
72
97
106
106
91
76
59
48
42
29
22
10
1
-18
-45
-78
-141
-187
-244
-301
-335
-348
-344
-304
-237
-151
-35
94
222
349
465
550
609
616
603
557
487
394
300
188
83
-11
-95
-150
-189
-198
-215
-195
-186
-150
-107
-55
-2
51
100
137
189
222
256
271
291
286
260
210
163
98
29
-38
-112
-179
-247
-293
-336
-341
-341
-307
-273
-228
-173
-108
-38
37
111
169
227
252
291
310
326
321
303
274
223
163
95
26
-48
-117
-196
-263
-316
-356
-377
-373
-352
-309
-248
-181
-108
-35
41
105
159
184
204
206
193
182
168
155
130
102
64
43
-12
-49
-98
-163
-234
-313
-380
-445
-473
-491
-473
-427
-345
-265
-149
-19
110
233
340
430
476
502
496
472
415
355
278
196
107
28
-38
-96
-143
-180
-193
-199
-187
-159
-120
-70
-12
41
95
145
177
209
230
243
246
236
210
178
154
105
59
3
-51
-114
-174
-233
-278
-310
-327
-319
-308
-275
-226
-171
-106
-31
38
99
139
176
188
202
197
186
173
141
109
69
33
-8
-48
-101
-133
-183
-228
-266
-288
-305
-303
-268
-242
-195
-138
-67
-8
70
129
174
205
220
227
214
214
193
175
149
130
97
63
30
-10
-45
-93
-139
-199
-245
-278
-300
-301
-275
-239
-184
-115
-30
60
148
236
301
347
370
379
355
321
283
227
159
88
22
-41
-83
-114
-134
-135
-128
-114
-98
-63
-17
30
69
105
129
137
148
147
138
124
108
73
45
22
-5
-18
-33
-46
-64
-91
-114
-133
-152
-168
-170
-174
-171
-156
-142
-114
-69
-34
13
40
52
57
60
56
38
25
-6
-23
-53
-66
-78
-77
-75
-78
-85
-111
-128
-153
-167
-176
-174
-175
-167
-149
-106
-66
-7
53
96
120
141
143
124
112
91
65
33
22
3
3
7
22
30
30
34
14
-5
-39
-58
-82
-93
-105
-98
-76
-44
20
69
148
199
242
269
280
281
257
224
174
114
50
-6
-58
-81
-104
-105
-94
-73
-45
-5
31
69
111
137
159
162
165
153
142
115
85
50
6
-29
-54
-80
-107
-112
-114
-114
-112
-96
-88
-83
-75
-61
-47
-36
-26
-23
2
18
36
55
68
76
66
60
42
22
-14
-47
-79
-114
-150
-166
-168
-178
-168
-162
-156
-154
-145
-138
-133
-146
-136
-127
-127
-105
-91
-66
-47
-17
1
11
21
20
14
7
-9
-14
-23
-24
-20
-3
22
41
71
86
101
99
99
86
73
54
35
14
9
17
35
74
113
165
198
237
256
268
263
239
209
156
97
35
-12
-60
-77
-89
-79
-56
-29
3
31
72
92
118
114
117
97
73
54
22
11
-22
-34
-48
-55
-64
-65
-67
-67
-71
-87
-102
-119
-128
-131
-130
-132
-118
-107
-82
-54
-23
7
41
70
89
104
100
93
73
45
13
-31
-69
-114
-154
-180
-203
-214
-218
-220
-218
-203
-189
-165
-146
-124
-111
-96
-81
-82
-73
-76
-70
-79
-82
-89
-89
-85
-70
-50
-28
2
25
55
70
104
118
137
139
139
136
124
126
114
108
101
114
119
128
143
170
195
227
262
289
307
319
327
320
313
293
268
228
185
146
108
79
64
53
59
71
79
95
114
125
120
113
80
38
-12
-60
-95
-122
-133
-139
-128
-112
-86
-65
-38
-29
-34
-61
-103
-143
-198
-236
-268
-282
-288
-269
-240
-183
-125
-63
5
57
94
106
111
89
58
20
-17
-69
-112
-154
-185
-213
-232
-244
-252
-262
-273
-268
-270
-259
-240
-213
-192
-168
-141
-125
-112
-95
-89
-102
-104
-117
-129
-127
-107
-86
-60
-25
13
53
84
118
134
149
146
139
135
121
124
126
147
174
214
249
280
313
348
376
385
393
383
370
340
325
317
305
297
288
276
256
239
227
207
184
170
152
136
116
111
93
81
60
38
6
-38
-79
-117
-139
-166
-167
-174
-167
-156
-141
-134
-124
-123
-148
-182
-237
-285
-346
-387
-410
-422
-412
-378
-323
-261
-183
-112
-44
-4
29
25
6
-12
-56
-94
-127
-156
-186
-197
-216
-213
-219
-222
-224
-239
-254
-280
-294
-305
-293
-277
-247
-209
-163
-115
-66
-20
13
31
36
44
22
10
-8
-10
-3
3
22
47
73
98
126
152
173
187
202
209
225
244
270
306
341
377
400
435
460
472
482
474
457
423
398
361
339
321
306
300
294
290
278
277
270
265
252
237
205
183
139
113
82
50
25
-11
-38
-77
-88
-119
-132
-146
-155
-168
-187
-203
-230
-253
-281
-319
-366
-403
-455
-486
-504
-490
-478
-442
-404
-350
-284
-238
-175
-143
-118
-114
-114
-136
-155
-174
-195
-202
-207
-207
-212
-202
-202
-188
-191
-195
-207
-233
-238
-255
-253
-250
-215
-185
-136
-77
-22
38
91
144
164
182
179
174
146
129
112
102
95
102
121
143
176
206
252
280
312
327
350
359
362
367
371
380
384
399
410
433
440
452
446
445
427
408
384
347
318
281
252
221
199
183
178
176
177
178
186
177
165
159
138
116
74
35
-15
-58
-101
-141
-167
-193
-204
-228
-227
-240
-249
-270
-290
-328
-369
-412
-467
-505
-540
-543
-556
-535
-509
-462
-418
-352
-303
-266
-232
-218
-211
-230
-246
-274
-297
-322
-330
-344
-341
-344
-323
-313
-298
-287
-285
-284
-295
-287
-297
-278
-258
-227
-187
-131
-77
-9
59
114
165
202
232
242
250
252
245
248
244
251
265
278
312
337
366
398
415
437
443
451
449
442
440
430
430
421
426
423
436
443
447
451
439
429
405
377
348
309
263
231
186
167
143
143
142
141
146
144
152
143
134
108
83
38
-5
-47
-83
-124
-152
-173
-189
-202
-215
-221
-233
-247
-262
-291
-331
-371
-413
-450
-484
-499
-507
-499
-473
-434
-393
-351
-301
-251
-215
-191
-175
-175
-181
-200
-213
-228
-237
-251
-251
-255
-251
-244
-235
-221
-228
-217
-228
-225
-231
-221
-215
-196
-162
-132
-84
-34
28
73
122
166
201
216
232
236
243
233
236
228
222
237
242
259
276
310
323
343
357
372
373
379
375
363
355
335
331
313
316
313
315
310
308
297
279
270
243
223
192
171
136
111
94
77
77
67
76
69
69
66
58
39
23
-2
-32
-60
-87
-116
-141
-149
-169
-181
-202
-210
-234
-241
-261
-278
-310
-335
-359
-388
-395
-412
-407
-409
-385
-384
-365
-345
-316
-306
-288
-265
-255
-247
-236
-222
-221
-196
-189
-171
-168
-158
-155
-148
-149
-158
-158
-167
-177
-190
-183
-181
-177
-155
-131
-110
-82
-42
-4
33
69
109
132
155
177
189
204
214
232
234
249
260
281
291
313
335
352
372
388
394
392
399
389
379
363
350
327
318
307
304
294
294
295
292
291
284
279
256
242
218
199
167
148
127
106
96
87
86
75
72
60
50
33
10
-16
-51
-89
-121
-147
-170
-193
-209
-218
-231
-237
-243
-250
-253
-264
-267
-288
-304
-314
-327
-336
-341
-345
-352
-347
-343
-338
-337
-323
-321
-319
-311
-294
-277
-253
-232
-209
-186
-164
-146
-139
-133
-137
-136
-152
-155
-165
-175
-175
-165
-149
-133
-103
-69
-48
-19
12
33
53
69
89
93
111
127
149
166
200
228
252
281
313
331
345
363
366
369
349
344
332
325
319
322
313
324
319
325
321
313
317
301
304
279
275
259
248
226
213
193
180
162
143
120
92
86
61
58
32
32
9
2
-4
-23
-40
-60
-73
-109
-128
-159
-176
-208
-226
-235
-250
-252
-262
-263
-269
-269
-280
-281
-300
-316
-322
-329
-334
-342
-339
-346
-336
-334
-316
-304
-284
-268
-243
-218
-196
-174
-160
-138
-131
-118
-126
-121
-125
-130
-134
-137
-150
-152
-148
-134
-123
-112
-82
-72
-45
-28
-6
9
30
44
57
73
88
104
126
151
177
212
241
273
293
316
328
338
333
334
325
317
313
297
288
286
283
272
281
278
278
284
282
281
265
260
236
219
202
186
170
148
141
113
105
94
89
76
74
73
63
62
52
49
36
33
11
-4
-25
-45
-75
-101
-132
-154
-184
-203
-217
-245
-257
-271
-275
-287
-286
-294
-290
-301
-303
-313
-314
-320
-326
-318
-315
-294
-293
-266
-259
-238
-218
-201
-187
-174
-159
-151
-144
-138
-132
-143
-129
-136
-126
-128
-120
-109
-96
-74
-62
-36
-22
-1
14
28
43
58
63
62
77
81
94
105
130
154
184
221
257
285
311
348
364
379
380
385
370
366
341
329
309
292
281
268
268
247
251
239
226
212
210
200
186
173
162
153
142
132
129
122
113
112
105
92
88
78
58
51
38
26
7
-1
-19
-33
-56
-69
-92
-120
-147
-173
-195
-211
-225
-243
-247
-265
-268
-283
-288
-296
-301
-309
-314
-320
-331
-330
-335
-324
-317
-297
-283
-254
-234
-208
-192
-171
-164
-155
-144
-144
-138
-151
-140
-142
-131
-133
-118
-104
-96
-76
-59
-40
-32
-19
-9
4
10
23
32
42
53
55
66
66
79
92
114
136
161
190
217
252
284
321
344
371
374
374
367
365
348
330
315
293
276
253
248
230
220
212
202
196
196
177
173
162
146
144
134
132
124
126
127
123
115
112
94
82
62
51
29
2
-5
-30
-41
-55
-58
-65
-64
-69
-74
-84
-98
-113
-135
-158
-185
-206
-236
-266
-288
-301
-318
-332
-329
-334
-328
-333
-315
-303
-288
-263
-252
-228
-218
-202
-201
-182
-187
-181
-186
-187
-190
-189
-195
-198
-189
-195
-180
-180
-158
-144
-113
-90
-58
-45
-26
-10
4
13
19
27
27
36
36
46
51
71
83
109
130
158
174
203
230
242
262
274
290
289
297
303
304
304
305
293
287
270
253
237
218
207
186
183
178
177
177
185
193
199
212
207
208
206
198
189
168
146
118
101
77
61
41
26
11
-6
-16
-27
-42
-54
-65
-75
-78
-88
-92
-113
-113
-131
-143
-155
-174
-192
-214
-229
-252
-266
-285
-288
-287
-282
-270
-254
-244
-229
-217
-200
-196
-190
-189
-186
-190
-190
-187
-188
-185
-180
-172
-176
-162
-165
-154
-151
-131
-126
-114
-101
-85
-75
-50
-29
-7
22
26
56
57
72
65
76
74
81
83
93
108
119
145
163
194
211
227
235
243
229
243
231
220
209
208
200
190
190
180
176
171
164
152
146
129
130
116
117
111
119
124
129
137
148
155
148
144
125
103
76
48
25
-12
-23
-45
-60
-68
-74
-72
-89
-83
-100
-105
-116
-131
-153
-158
-173
-183
-184
-188
-186
-184
-177
-176
-174
-182
-182
-192
-193
-196
-191
-194
-178
-173
-159
-152
-145
-140
-131
-117
-134
-127
-140
-134
-144
-141
-139
-134
-132
-124
-107
-96
-78
-74
-64
-57
-45
-39
-22
-6
11
34
56
77
101
112
107
120
126
127
125
129
137
133
148
154
168
178
190
204
202
211
201
197
186
183
168
167
163
161
161
172
171
173
176
163
159
136
134
109
110
93
98
104
110
124
126
132
124
127
104
92
62
40
6
-19
-48
-64
-86
-93
-90
-92
-82
-91
-87
-100
-113
-125
-129
-150
-159
-171
-173
-175
-174
-160
-164
-158
-158
-152
-167
-170
-171
-187
-191
-205
-205
-208
-196
-187
-183
-158
-144
-132
-137
-124
-122
-122
-120
-121
-120
-116
-111
-106
-102
-97
-85
-75
-63
-38
-24
-13
19
28
53
74
83
99
104
114
117
126
130
133
140
144
155
162
181
186
195
200
203
212
207
212
211
215
204
211
211
201
213
216
212
205
205
194
183
174
164
144
136
123
121
119
116
127
130
139
129
133
111
98
65
41
12
-26
-48
-76
-92
-110
-106
-113
-102
-108
-99
-99
-102
-118
-119
-138
-157
-160
-175
-172
-180
-165
-173
-158
-158
-147
-146
-155
-168
-184
-193
-213
-211
-225
-221
-213
-196
-187
-169
-151
-139
-127
-132
-125
-126
-129
-142
-139
-142
-143
-130
-132
-107
-91
-70
-44
-25
-11
1
17
32
35
42
52
53
67
71
75
74
86
95
95
95
107
112
111
117
122
126
130
147
149
156
158
167
165
167
174
174
170
169
173
158
161
152
147
133
127
117
105
100
101
108
101
114
119
124
121
115
94
89
67
39
32
-1
-17
-35
-36
-51
-54
-50
-50
-45
-48
-39
-57
-62
-85
-93
-111
-133
-133
-139
-142
-128
-123
-123
-107
-110
-113
-117
-123
-142
-148
-167
-160
-169
-167
-149
-139
-115
-95
-72
-60
-34
-38
-32
-38
-55
-72
-86
-97
-105
-100
-95
-79
-57
-38
-20
5
16
25
31
38
31
28
35
31
43
45
60
76
88
100
118
126
125
134
121
119
103
108
101
103
115
121
131
143
161
164
181
177
175
167
151
143
129
107
109
91
76
86
82
75
74
69
62
66
58
55
42
36
21
5
-9
-29
-49
-67
-76
-89
-102
-113
-114
-119
-124
-109
-119
-128
-115
-130
-133
-145
-155
-164
-161
-171
-166
-154
-163
-151
-137
-129
-130
-121
-129
-129
-147
-149
-159
-165
-163
-163
-137
-131
-112
-88
-57
-50
-27
-11
-17
-16
-26
-36
-48
-65
-66
-54
-51
-26
-5
22
48
72
89
99
108
101
105
92
92
94
83
94
107
125
138
154
169
180
180
186
171
165
149
130
126
121
117
124
146
143
177
174
175
184
164
155
151
121
92
87
57
40
39
35
25
48
49
44
59
56
38
41
31
-3
-11
-22
-55
-68
-63
-94
-81
-88
-107
-104
-106
-115
-117
-117
-127
-124
-135
-145
-147
-157
-164
-155
-155
-140
-135
-124
-136
-133
-120
-132
-121
-114
-114
-105
-103
-111
-106
-123
-109
-86
-72
-59
-31
-33
-28
-10
-25
-37
-26
-35
-32
-20
-26
-32
-28
-13
-29
7
7
7
42
65
68
81
89
78
88
104
84
94
103
87
119
112
115
99
105
108
98
101
96
79
98
94
91
87
73
89
78
120
104
116
121
122
134
114
99
61
43
50
19
13
18
-3
36
42
46
16
-2
-1
8
6
-9
-25
-38
-50
-62
-124
-166
-169
-147
-49
-11
-27
-64
-74
-105
-164
-167
-217
-220
-84
-89
-29
-35
-95
-122
-72
-18
-106
-35
-42
-78
18
-50
-123
-79
-95
-45
-16
59
-30
7
67
-32
7
-29
-97
-40
-2
-1
-7
15
21
-23
64
-34
-9
23
5
74
74
91
47
69
88
53
77
100
117
167
181
190
178
164
151
126
116
95
75
85
98
76
57
72
81
55
87
57
54
83
57
61
36
62
-17
4
-4
-54
8
-25
72
87
93
121
37
77
-7
-46
-20
-82
-4
-47
-16
-35
-86
-44
-97
-81
-54
-86
-60
-79
-113
-154
-216
-181
-236
-190
-175
-181
-124
-131
-115
-103
-126
-146
-149
-133
-134
-155
-118
-110
-111
-72
-63
-79
-48
-50
-34
-5
20
14
9
26
-1
-6
-22
-31
-19
13
16
34
41
23
22
-5
40
-6
12
44
14
90
47
65
77
35
77
49
96
114
104
166
164
189
175
160
155
142
150
123
129
130
110
98
111
84
75
95
92
124
116
119
87
60
34
-34
-7
-28
-30
6
21
37
67
36
33
44
22
41
20
36
-2
-14
-17
-41
-55
-67
-64
-41
-34
-15
-23
-48
-30
-84
-79
-113
-129
-152
-150
-131
-148
-136
-124
-120
-98
-63
-103
-65
-70
-65
-76
-84
-108
-117
-89
-109
-68
-63
-41
-31
18
9
-1
12
15
10
3
0
-18
7
7
3
-3
18
-5
32
47
42
55
42
68
59
46
29
-1
4
20
11
47
41
58
81
80
104
85
93
79
94
86
76
69
53
84
53
69
79
82
84
66
85
51
60
49
10
29
-7
-14
-23
-18
-38
-43
-14
-33
-16
-16
-19
-21
17
-20
-24
-4
-46
-41
-38
-50
-63
-62
-48
-36
-15
-29
-33
-20
-27
-32
-60
-28
-73
-33
-53
-65
-46
-113
-73
-106
-71
-74
-86
-25
-38
-19
-6
-50
-16
-87
-54
-84
-84
-7
-84
18
-24
21
1
29
35
23
39
39
56
17
62
-45
54
-25
40
3
42
62
12
107
-17
89
-34
46
-27
18
-21
-24
-5
-25
37
-47
74
-30
78
3
86
29
80
6
35
24
-24
44
-84
126
-84
130
5
56
59
-18
42
-25
10
-32
-37
-121
129
-267
109
-90
-152
201
-365
321
-259
82
29
-245
265
-314
171
-211
124
-183
149
-220
112
-45
-132
297
-457
562
-568
467
-318
99
18
-224
204
-324
271
-351
300
-331
293
-266
154
-69
-64
127
-187
205
-199
178
-147
119
-105
73
-47
56
38
50
58
71
49
69
76
36
113
-16
146
-40
138
-34
83
26
56
47
77
54
66
61
24
60
-25
54
-45
60
-22
38
-30
76
-42
81
16
21
82
8
99
5
92
2
46
-21
59
-42
47
-23
24
8
-12
45
-48
27
-69
-8
-68
-25
-95
-14
-96
-34
-40
-70
3
-64
19
-27
13
0
-13
-21
5
-56
-3
-44
-28
-37
-25
-23
-34
7
-25
7
-23
22
-39
1
-35
-19
-30
-46
-10
-41
-12
-9
-8
6
4
8
-8
-6
-1
-26
21
-50
28
-28
20
13
19
39
17
70
16
83
7
73
-5
63
28
9
49
18
28
19
60
-14
56
10
40
12
39
0
-5
0
-15
-24
-17
-14
-6
14
3
55
-27
87
-22
76
13
41
48
6
53
-19
66
-36
61
-37
54
-27
33
0
-20
12
-64
26
-95
13
-101
-30
-73
-50
-79
-41
-58
-68
-11
-63
13
-72
34
-62
6
-36
-17
-39
-21
-24
-43
2
-45
13
-58
42
-51
25
-26
1
-4
-30
0
-43
0
-55
1
-56
18
-44
10
-5
-8
35
-24
29
-6
12
-19
6
-3
1
8
14
16
22
38
50
38
75
58
46
73
30
69
12
64
30
25
43
27
34
25
47
15
48
2
50
7
15
12
-23
16
-34
18
-20
18
21
16
39
25
37
32
17
21
17
-8
20
-13
8
-4
15
-7
23
6
2
3
-11
2
-54
-5
-66
-33
-76
-38
-70
-55
-26
-61
-12
-51
-1
-37
-2
-30
-6
-33
-20
-24
-44
-15
-51
-5
-38
-3
-22
8
-16
-7
-3
-27
-6
-37
-25
-41
-19
-51
-18
-31
-24
-2
-16
10
-7
5
9
7
7
15
-7
10
6
-4
-1
4
13
2
13
21
15
17
28
17
25
17
38
14
16
25
3
33
23
31
31
25
35
22
23
26
15
10
12
7
-11
7
-13
0
-14
3
15
-10
22
7
15
-5
18
-12
-2
-11
-15
-15
-43
-4
-42
-15
-27
-19
-22
-29
-16
-36
-29
-32
-47
-43
-38
-53
-45
-48
-41
-38
-33
-21
-18
-28
5
-20
-10
-6
-18
-10
-25
9
-28
-10
-2
-5
-7
-6
6
10
-3
7
6
-22
-4
-11
-12
-20
-10
-7
-13
-6
14
-3
16
31
25
38
29
51
23
34
29
15
24
22
17
16
35
28
32
33
51
25
34
40
18
13
17
16
-5
13
10
9
5
22
29
18
26
32
18
18
16
10
4
-10
4
-9
-11
1
-4
-3
6
1
5
3
10
6
0
10
-10
-4
0
-1
-4
-4
5
-4
-2
3
-12
-19
-17
-22
-32
-38
-35
-39
-39
-27
-20
-24
-20
-4
-8
-10
7
5
-3
-6
6
-20
-17
-9
-19
-21
-14
-9
-12
-4
-10
0
-12
5
3
-3
0
-3
-10
-6
0
-6
-3
3
5
-7
12
21
17
14
31
21
13
21
21
-1
1
14
-6
1
-1
11
-6
-4
9
-4
-1
0
0
-9
-6
0
-8
-4
3
3
10
22
20
23
25
28
19
7
15
7
-7
0
-4
-19
-22
-8
-22
-29
-1
-18
-16
-7
0
-3
-9
1
-7
-14
-11
-4
-15
-3
-4
-1
-15
-7
-5
-16
-9
-9
-17
-24
-12
-21
-22
-19
-12
-21
-3
9
3
11
13
12
9
15
19
12
15
26
20
20
20
19
11
19
21
18
12
23
12
6
11
5
1
-2
10
10
13
20
26
22
34
34
36
28
28
28
22
25
25
22
12
16
5
7
10
13
5
9
16
13
5
17
11
4
15
12
11
-3
16
4
3
7
8
4
5
13
1
9
10
3
-4
1
-6
-12
-16
-10
-13
-17
-7
-15
-18
-19
-16
-19
-16
-18
-17
-13
-19
-7
-19
-8
-7
-6
0
2
0
-3
3
-1
-2
-11
-7
-25
-18
-22
-16
-23
-20
-10
-14
-10
-6
-4
-11
-1
-9
-6
-18
-7
-8
-6
-4
0
-1
-4
4
-10
-5
-3
-3
-3
1
0
-8
-9
-3
-11
-16
-11
-5
-5
0
3
0
-3
-3
1
-7
0
-1
0
-4
-3
13
6
10
15
12
16
16
17
4
3
-15
-20
-32
-29
-23
-17
-10
-10
0
-2
8
7
-4
1
11
-2
13
10
22
8
16
20
17
37
24
38
20
31
13
9
6
-6
-5
-12
-5
-4
10
11
14
12
18
13
12
5
9
2
-8
3
-7
3
2
11
6
9
21
18
18
13
15
3
0
-3
-3
-5
-1
-6
1
6
3
3
2
10
-6
-12
-9
-19
-25
-24
-28
-25
-21
-18
-22
-26
-14
-25
-25
-24
-26
-25
-25
-22
-20
-23
-19
-15
-15
-10
-16
-2
-7
-10
-6
-22
-25
-27
-29
-33
-33
-28
-31
-17
-23
-26
-22
-29
-22
-24
-16
-13
-10
-9
-6
-9
-8
-8
-10
-10
-4
-6
-7
-6
-10
-1
-9
-9
-10
-6
-2
6
6
6
14
10
14
12
19
20
19
16
17
14
8
9
2
0
0
-3
-2
4
-3
-1
-10
-13
-13
-13
-10
-6
-1
5
10
13
18
16
20
28
35
26
31
25
26
24
19
25
11
21
10
10
2
9
9
3
10
9
15
1
11
10
2
7
14
9
7
11
13
8
13
9
10
11
13
11
3
9
0
-1
-9
-4
-9
-5
3
-3
5
4
2
-1
4
-4
-8
-4
-9
0
1
12
13
20
25
23
23
10
19
9
9
6
5
3
-4
-6
-9
-10
-6
3
4
16
10
15
6
-1
1
2
1
-1
4
4
10
6
9
7
6
3
3
3
3
-7
-4
-10
-15
-13
-17
-15
-12
-4
-3
1
-1
-1
-9
-3
-3
-2
-11
-10
0
-5
0
1
5
-4
3
0
2
-1
-1
-2
-9
-4
-10
-12
-17
-16
-23
-10
-9
-12
-4
1
2
-1
8
3
1
2
13
7
15
12
15
22
9
17
10
12
13
21
9
10
10
3
-3
-6
-1
-4
7
11
20
19
24
22
27
19
22
21
11
22
16
11
16
12
12
19
8
11
7
10
6
12
7
5
4
3
10
10
7
16
19
12
20
17
18
11
18
1
3
13
6
5
6
6
-9
4
3
6
3
8
17
11
2
4
-5
-9
-4
0
3
2
15
7
10
2
-1
-5
-15
-13
-18
-17
-19
-17
-28
-19
-22
-22
-15
-15
-12
-12
-6
-11
-17
-17
-15
-23
-18
-23
-18
-19
-19
-12
-13
-15
-11
-15
-22
-24
-31
-28
-37
-25
-33
-26
-30
-25
-16
-34
-10
-26
-20
-24
-23
-13
-16
-14
-11
-3
-10
-2
4
12
12
13
7
0
-9
-8
-7
-10
-6
-6
-12
-16
-4
-13
-7
-12
3
0
-4
11
6
7
10
6
1
2
-5
0
-12
-3
4
4
8
7
8
-1
-3
-11
-4
-9
-6
-5
-8
-3
-3
-1
-8
-5
0
-2
3
10
7
4
-1
1
-2
-11
-5
-10
-12
-19
-12
-6
-14
-8
-9
-9
-5
-3
-3
-6
-12
1
-9
-10
-8
-7
-8
-6
-4
-4
-3
-14
2
-6
-5
-9
-4
-13
-7
-7
-8
-2
-3
9
0
12
7
14
7
15
4
15
18
2
14
6
5
9
11
3
7
7
12
13
8
6
5
-3
2
1
4
5
3
6
-2
6
-1
-2
0
5
6
11
19
12
24
19
18
19
11
14
9
4
-1
-6
-14
-7
-16
-6
-9
-13
-8
-11
-3
-6
-4
-9
6
0
7
9
6
5
4
6
4
0
-1
0
-7
-7
-10
-11
-15
-10
-18
-16
-16
-9
-16
-13
-12
-6
-9
-5
-1
0
14
3
23
17
30
14
17
12
8
2
10
9
-1
7
0
0
-4
1
-9
-1
-11
2
-3
-2
-2
0
0
-4
-6
-7
-4
-2
5
1
4
-9
4
-5
3
-5
1
-2
-10
1
-7
-5
-7
-3
-6
-1
0
-1
0
5
13
17
17
34
30
25
33
27
31
25
20
26
13
12
12
9
-1
3
1
0
6
-4
7
-2
0
-1
5
2
10
7
16
17
16
26
20
25
19
24
18
15
5
13
1
1
4
-2
-3
-6
-3
-7
-7
-14
-8
-19
-12
-12
-6
-4
0
0
-3
2
-3
5
-3
-1
3
3
-1
2
-7
-6
-14
-27
-13
-28
-21
-16
-18
-13
-9
-12
-10
-6
-2
7
-1
7
12
10
9
13
2
6
5
-3
8
0
2
3
6
5
-2
-4
0
-5
0
3
2
5
4
6
6
16
19
26
20
31
27
25
28
21
15
14
13
2
4
-8
1
-1
-6
-3
-5
-15
-9
-7
-15
-4
-20
-16
-21
-18
-18
-17
-21
-19
-17
-11
2
-10
-4
-3
-4
-12
-10
-20
-14
-18
-21
-19
-32
-23
-22
-22
-28
-29
-24
-18
-20
-11
-16
-16
-9
-17
-21
-19
-13
-16
-13
-18
-11
-12
-19
-10
-15
-20
-7
-19
-21
-16
-23
-18
-22
-20
-17
-23
-16
-9
-15
-14
-13
-15
-3
-4
1
16
7
6
16
-4
5
3
0
9
3
3
6
9
2
8
0
-1
3
5
7
8
9
10
5
10
10
10
19
13
23
22
25
18
28
22
31
25
22
31
26
30
22
24
20
24
10
23
13
15
21
17
21
21
26
23
29
16
23
23
18
17
16
13
5
5
3
2
-3
12
5
9
10
13
15
4
10
4
3
-5
3
-5
-7
-10
-8
-3
-9
-6
-5
-3
-11
-1
-9
-4
-10
-6
-4
-8
-9
-6
-6
-10
-2
-3
0
1
6
5
12
6
8
1
4
0
0
7
2
6
-1
4
-6
1
2
-7
-1
0
1
3
11
2
4
15
14
6
3
13
-1
3
7
0
8
7
2
2
-4
-1
3
-5
1
-6
-5
-4
-6
-4
4
0
3
-3
-7
-6
-9
-1
-8
-6
-9
-1
-11
-1
-8
-4
0
-4
-7
-15
-12
-15
-14
-17
-9
-11
-11
-21
-10
-19
-17
-16
-7
-8
-9
2
0
6
0
9
0
5
0
7
5
-3
3
-3
-3
-13
-6
-9
-19
-19
-18
-19
-22
-12
-14
-16
-13
-7
-11
-3
-4
7
3
7
16
4
14
0
8
5
7
0
3
-1
0
-1
-9
-7
-12
-8
-12
-5
-9
-2
-11
-6
-6
-1
2
6
12
7
12
5
9
6
6
2
-6
-5
-3
-7
-5
-7
-6
-9
-7
-5
-6
-3
-4
-7
-5
0
1
8
12
16
12
13
12
17
17
17
22
18
17
10
5
-2
-3
-5
-4
-7
-6
-8
-12
-8
-19
-9
-17
-12
-12
-10
-9
-8
-3
-6
-7
0
0
-5
-3
-11
-9
-13
-4
-5
-7
-12
-9
-9
-14
-16
-19
-20
-21
-14
-13
-12
-10
-1
-6
0
6
9
13
9
20
18
27
17
19
21
18
24
13
23
5
16
9
8
12
4
13
2
10
12
16
10
15
19
20
18
22
25
25
25
34
31
29
34
29
30
18
25
16
22
15
25
19
16
22
9
18
8
11
6
11
3
9
5
4
10
12
14
13
19
15
13
13
13
11
13
1
6
5
5
0
2
1
-6
-3
-4
4
-6
-2
-4
-4
4
0
-4
-5
-5
-11
-5
-9
-12
-15
-18
-19
-26
-25
-25
-20
-25
-26
-25
-21
-28
-17
-20
-16
-19
-19
-10
-15
-9
-6
0
-11
0
-7
-10
-14
-10
-15
-16
-11
-12
-9
-16
-5
-10
-9
-13
-1
-9
-9
-8
-4
-4
-3
-1
-4
0
-6
7
-2
4
4
5
2
1
0
-2
-4
-12
-6
-18
-13
-20
-14
-12
-18
-7
-5
0
-8
0
-3
4
3
6
10
3
10
5
8
2
8
-3
-4
-8
-8
-9
-13
-10
-13
-11
-12
-11
-20
-18
-22
-25
-22
-22
-15
-13
-12
-9
-8
-1
-5
-1
-2
-3
-7
-6
-7
-15
-10
-14
-7
-10
-6
-8
-4
-6
1
0
-7
-7
-6
-3
-2
-7
-9
-5
-15
1
-7
6
8
10
7
4
5
1
1
4
9
-10
4
2
3
1
3
8
1
1
6
3
3
8
10
23
10
21
26
19
18
18
27
19
22
20
17
10
13
13
8
5
10
6
-7
-2
-7
-3
-13
-5
-9
-9
-5
0
-1
-8
1
-6
4
-3
-1
-2
-5
-6
-6
-8
-3
-9
-10
-5
-9
-11
-14
-4
-12
-5
-5
-6
-14
-12
-7
-12
-12
-9
-3
-10
0
-11
-11
-13
-12
-14
-20
-20
-22
-19
-23
-13
-16
-23
-20
-10
-15
-14
-10
-7
-5
-9
-2
-5
-3
5
6
9
16
10
13
16
12
20
8
18
14
13
13
10
11
2
3
1
12
3
11
16
15
18
16
21
19
20
29
28
23
27
24
25
18
26
19
19
12
16
23
16
22
22
25
23
32
26
26
17
25
29
24
29
31
31
20
29
21
18
14
9
9
3
4
3
4
2
0
0
4
4
0
6
8
2
-6
-1
-1
-12
-13
-9
-13
-6
-7
-2
-3
-1
-3
-4
2
-2
6
0
1
0
1
-6
-4
-6
-12
-9
-10
-5
-10
-10
-14
-6
-10
-10
-6
-8
-10
-8
-6
-8
-9
-6
-7
-4
-9
-15
-13
-20
-13
-13
-14
-11
-9
-13
-15
-8
-10
-3
-1
-3
5
4
9
11
10
14
18
18
18
22
20
16
13
23
22
15
15
14
13
3
12
11
15
11
14
19
13
15
19
19
12
15
14
15
16
26
19
22
16
16
16
3
15
13
4
3
8
-3
-7
-6
-6
-10
-10
-5
-6
-3
-4
10
-4
-2
3
0
-3
-3
-3
-9
1
-5
-4
-14
-12
-17
-20
-23
-26
-20
-24
-18
-19
-16
-22
-16
-22
-23
-19
-14
-19
-23
-23
-21
-17
-12
-9
-17
-7
-8
-11
-15
-3
-6
-11
-5
0
-6
-9
-3
-12
-9
-18
-14
-17
-17
-17
-13
-10
-12
-7
-6
-7
-9
-6
-8
-6
-12
-5
-11
-17
-9
-13
-13
-14
-4
-7
-8
-8
-8
-9
-17
-12
-14
-8
-15
-4
-7
-8
-10
-8
2
-9
0
-5
-7
-13
-5
-7
-9
-7
-6
-13
-9
-12
-16
-12
-19
-13
-24
-11
-17
-21
-16
-11
-19
-12
-18
-17
-13
-21
-8
-16
-13
-25
-20
-25
-27
-22
-17
-19
-20
-14
-19
-20
-23
-13
-17
-9
-7
-5
-7
-3
3
-2
4
3
7
4
3
3
6
4
6
10
10
12
4
8
4
10
10
11
11
12
17
15
18
20
21
19
19
22
31
25
28
26
31
25
22
28
23
25
20
31
30
30
33
40
36
40
41
43
37
36
41
35
33
33
37
29
33
35
38
27
22
21
18
17
20
20
16
18
14
22
12
16
13
9
6
3
3
4
-4
-5
-3
-4
-6
-2
7
-8
2
-2
1
-4
-5
3
-1
-6
3
0
-7
-5
-5
-7
-12
-5
-12
-9
-17
-8
-12
-5
-12
-6
0
-9
13
-6
-2
-4
-2
-2
-3
-6
-7
-9
-15
-9
-10
-7
-17
-14
-13
-16
-13
-2
0
-7
-2
0
7
-7
3
7
0
-2
1
4
-5
4
8
7
-4
6
-1
-1
-1
4
2
-2
6
1
1
-2
-1
-9
0
0
3
-3
0
2
-1
-1
0
4
-3
6
4
3
0
1
-7
-3
-9
-3
-6
-1
0
-10
-5
-9
1
-4
0
-6
-3
-3
-7
-7
-9
-6
-15
-9
-16
-11
-14
-19
-17
-25
-17
-25
-14
-20
-18
-11
-6
-12
-15
-3
-15
-11
-13
-8
-9
1
3
10
6
13
19
9
12
10
13
0
4
0
-5
-4
4
-10
-1
-10
-11
-9
-13
-13
-14
-4
-12
0
-5
-3
-3
5
5
7
6
6
15
8
9
-1
0
-3
-9
-6
-6
-8
-11
-7
-8
-10
-7
-6
-1
2
-6
-4
-1
1
-4
-4
-1
-7
-6
-10
-6
-13
-14
-12
-16
-18
-18
-22
-24
-22
-25
-18
-18
-18
-18
-20
-26
-19
-22
-20
-14
-6
-5
-9
-3
-3
-4
-9
3
-5
-10
-3
-4
-3
-5
-7
-6
-9
-9
-13
-17
-16
-10
-12
-6
-3
-11
-1
-4
5
4
10
12
13
15
17
18
17
23
22
25
23
25
23
33
23
23
26
21
21
21
25
21
28
27
25
30
36
29
30
31
32
30
36
41
37
37
32
40
29
31
27
27
18
22
27
7
15
10
14
10
16
9
9
12
16
10
10
19
7
16
16
21
16
17
13
9
6
2
6
10
12
-3
-3
-14
-9
-11
-7
-6
-9
-9
-9
-10
-19
-9
-21
-15
-16
-19
-20
-19
-20
-15
-20
-19
-20
-26
-10
-19
-17
-14
-10
-15
-7
-6
-10
-6
-9
-2
-4
3
-1
-3
1
7
2
10
6
6
9
4
9
7
13
1
6
3
-2
-1
-3
0
-3
6
-2
0
3
3
1
5
11
7
12
8
13
3
9
4
7
5
-2
3
2
10
0
5
3
3
0
6
0
2
-3
0
0
1
4
2
9
3
10
4
8
4
5
-4
-4
-8
-12
-10
-21
-18
-24
-26
-34
-27
-24
-24
-23
-16
-19
-20
-12
-11
-6
-7
-4
-1
6
-5
1
-2
-5
-1
-7
-7
-12
-8
-11
-13
-16
-18
-20
-13
-17
-15
-13
-17
-13
-16
-7
-7
3
4
2
2
1
5
3
3
1
9
3
0
3
1
-3
-2
4
1
0
-4
-9
-12
-13
-13
-11
-6
-7
-4
-3
3
3
6
9
7
14
10
14
14
10
12
7
4
9
8
-3
2
-4
-2
-3
-8
-2
-3
-1
-10
-4
-13
-13
-7
-12
-11
-3
-4
-3
0
6
4
4
4
-5
-1
-14
-4
-12
-3
-18
-16
-9
-13
-15
-13
-7
-17
-6
-15
-7
-19
-4
-9
0
-7
-3
5
-6
4
-7
2
-11
-7
-9
-3
-7
-13
-16
-18
-21
-24
-14
-16
-13
-18
0
-12
-2
-6
0
4
-7
16
10
18
10
22
17
16
15
12
13
7
15
9
19
9
10
7
1
-6
1
0
-6
-4
0
0
-6
-1
-2
4
2
10
10
4
0
9
-3
-8
-3
1
1
-6
3
-6
-2
-7
2
0
4
3
0
3
-2
-1
-7
-4
-10
-4
-8
1
-3
-6
4
1
3
-3
4
-9
1
-4
-10
-8
-9
-6
-8
-7
-4
-4
-9
3
-13
-3
-4
1
2
-2
6
2
10
6
18
10
21
16
13
12
16
20
12
13
10
10
12
11
13
19
8
14
8
12
5
9
13
4
6
8
13
6
10
10
10
11
3
4
1
1
6
6
7
7
6
8
9
10
10
10
15
15
11
11
17
9
10
12
8
14
16
16
5
2
1
-4
-9
-8
-11
-6
-9
-4
-3
-9
-6
-8
-2
-7
2
-3
-4
-3
2
1
-4
4
1
7
2
8
0
-10
-6
-10
-9
-16
-16
-16
-19
-13
-26
-12
-18
-18
-10
-11
-12
-16
-9
-14
-9
-8
-1
-5
-5
-9
-4
-6
-7
-2
-4
-6
-6
-6
-12
-7
-16
-6
-14
-4
-2
-6
-9
-6
-6
-7
-1
-8
5
3
5
4
10
8
16
7
6
6
2
6
-1
0
-7
-1
-8
2
0
-1
-4
-3
-1
-3
-2
-5
0
0
4
4
10
4
9
11
5
4
0
5
-5
-2
-10
-2
-8
-7
2
-11
-5
-9
-7
-10
-6
-9
-5
-9
-7
-6
-7
3
5
10
7
11
11
11
6
11
2
5
0
-5
-10
-9
-6
-15
-7
-13
-9
-12
0
-6
-4
-3
3
5
9
13
12
16
9
13
5
9
5
8
3
5
6
6
10
3
7
3
12
9
18
15
15
14
15
17
9
20
13
17
19
23
19
19
18
12
17
3
10
8
11
4
12
13
6
4
9
5
-2
6
4
10
3
13
14
18
18
23
21
15
16
12
15
13
19
9
13
9
7
3
1
-4
-6
-1
-6
-3
-5
3
0
5
5
6
10
5
9
12
10
8
11
3
9
4
5
6
1
-6
-3
-6
-9
0
-12
-10
-18
-7
-10
-7
-6
-11
-1
-1
3
-4
-2
-9
-2
-2
-1
1
5
8
7
4
0
0
-4
-1
-6
0
-7
-7
-6
0
1
4
13
8
10
9
13
16
16
16
13
12
13
10
7
4
6
11
16
6
9
7
8
0
-3
5
-5
8
4
7
7
6
4
4
5
4
10
9
8
6
5
0
2
-3
1
-7
-8
-11
-19
-16
-18
-22
-22
-16
-24
-17
-20
-14
-19
-10
-9
-11
-9
-7
-13
-19
-6
-16
-13
-15
-6
-13
-14
-17
-27
-24
-24
-23
-29
-25
-29
-25
-28
-19
-26
-25
-21
-20
-14
-25
-22
-25
-10
-14
-12
-7
-9
-10
-12
-7
-9
-11
-11
-10
-17
-10
-18
-12
-19
-19
-19
-23
-15
-20
-14
-15
-17
-19
-10
-18
-16
-13
-8
-12
-14
-13
-13
-8
-16
-15
-19
-14
-20
-16
-25
-23
-25
-17
-21
-21
-15
-22
-16
-22
-15
-15
-8
-17
-10
-11
-11
-10
-3
1
-7
3
1
2
2
-3
-2
-13
-4
-6
-2
-5
-6
-1
1
-4
0
10
0
12
-2
5
1
13
4
12
19
15
20
17
16
4
13
3
17
9
25
14
16
19
16
21
13
21
18
22
17
23
16
18
23
28
20
25
26
29
29
26
24
16
26
14
18
17
12
10
13
9
7
13
13
13
7
10
7
9
11
11
19
12
11
16
18
20
18
11
20
16
10
15
5
7
1
4
3
6
1
3
3
0
0
-2
0
1
6
6
7
4
7
6
11
10
7
10
9
5
4
4
-6
-1
-6
-8
-2
-6
-5
-3
-3
-6
-7
-6
-3
4
-3
4
6
3
6
8
17
12
17
9
16
13
10
15
13
9
4
5
1
1
0
7
-4
-4
-4
0
0
5
3
10
3
10
22
12
19
19
22
17
17
10
15
7
12
4
5
3
4
6
-6
2
3
5
-2
4
1
1
-3
6
0
0
1
3
4
2
6
-4
3
1
-1
-6
-9
0
-7
-10
-3
-7
-10
-4
-5
-11
-5
-9
-7
-10
-15
-10
-6
-11
-6
-6
-12
-14
-15
-10
-16
-12
-16
-13
-24
-20
-25
-27
-28
-29
-22
-27
-13
-16
-12
-10
-16
-18
-10
-11
-6
-10
-4
-13
-9
-5
-10
-7
-12
-5
-11
-7
-9
-6
-16
-11
-12
-13
-14
-12
-15
-16
-7
-16
-7
-14
-9
-5
-6
2
-1
7
8
9
13
17
13
9
8
3
0
-6
-2
-7
-3
-11
-7
-10
-10
-5
-2
-4
-2
-4
-5
1
-4
4
-5
8
1
7
6
6
10
13
12
6
12
6
15
7
9
4
9
2
3
1
2
6
1
6
0
7
4
8
13
16
11
15
16
12
11
11
12
6
5
3
6
3
8
8
6
8
6
8
0
0
-1
-3
6
4
5
5
9
17
12
14
13
13
17
21
25
27
20
15
18
21
13
11
16
15
13
13
12
12
2
4
8
3
6
7
6
11
13
13
10
13
14
7
14
7
9
3
9
14
9
9
10
7
3
7
3
3
-2
3
-1
-6
-3
4
2
1
-1
7
3
10
9
-3
8
2
9
0
-1
-3
-3
-8
-12
-11
-9
-11
-18
-10
-17
-12
-18
-14
-17
-12
-14
-7
-12
-16
-12
-14
-9
-12
-3
-14
-11
-17
-12
-22
-13
-13
-12
-10
-17
-11
-16
-4
-18
-13
-18
-12
-12
-9
-9
-7
2
-8
-1
-7
0
-6
-7
-9
-3
-10
-13
-10
-14
-5
-12
-8
-9
-4
-6
-4
-1
-3
2
1
6
2
0
2
3
-2
0
3
9
3
6
6
-3
4
6
6
-2
4
-2
0
1
-6
3
-1
1
3
6
6
8
2
12
14
10
16
15
15
16
12
12
17
5
17
0
2
3
1
1
-6
-3
-13
2
-1
-2
-2
1
-9
-3
-6
-6
3
-4
5
2
6
2
12
6
5
5
5
-5
-6
-2
-6
-1
-5
-4
-7
-3
-7
-1
-6
0
-3
-6
-2
-6
3
-5
2
1
6
0
1
1
-6
0
-8
-9
-13
-7
-9
-13
-14
-10
-7
-10
-6
-10
-10
-7
-7
-9
-2
-6
4
0
4
1
-5
-2
-9
0
-5
-5
-13
-5
-10
-16
-10
-13
-14
-15
-10
-22
-17
-21
-22
-21
-22
-18
-15
-13
-8
-6
-5
-1
-7
-2
-6
-4
-12
-19
-13
-12
-14
-14
-13
-15
-10
-10
-10
-13
-13
-13
-12
-13
-12
-12
0
-1
3
-4
2
6
2
9
6
13
7
7
5
2
-6
-3
-3
0
3
6
5
13
11
5
3
-4
3
1
6
-2
9
3
13
10
13
12
13
13
8
12
7
12
5
12
1
3
-2
-3
-2
-8
-6
-10
-2
-5
0
2
7
8
10
9
14
16
19
19
12
17
10
14
4
9
6
1
2
-4
5
-9
1
-13
-7
-7
-16
-11
-3
-7
-6
-6
-9
-5
-9
7
-4
6
10
10
10
5
6
1
3
-3
2
-9
0
-1
3
0
4
4
0
6
-3
-4
-5
0
-2
6
3
8
7
6
5
3
1
0
3
1
-3
0
7
4
4
0
3
-1
1
0
-6
1
-5
3
-4
-4
0
-4
-1
-6
1
1
9
10
20
17
16
12
11
6
6
10
4
8
8
16
4
12
4
8
1
0
1
-3
7
1
3
-1
3
-1
5
-4
0
1
-4
-3
-2
-1
-1
4
-3
6
-1
2
-3
-3
-6
-3
0
-6
-5
-6
0
-5
-2
4
10
9
12
9
7
1
2
2
0
0
-3
-4
-7
-3
-6
-3
-6
-6
-1
-4
2
3
3
-2
-3
-2
-3
-6
-7
-10
-5
-5
-1
0
-3
0
-3
-3
-7
-10
-5
-7
-6
-2
-2
2
1
2
-2
-4
1
3
6
10
15
9
7
4
-2
-3
-3
-3
-1
-2
-3
-9
-9
-9
-16
-6
-6
-1
-1
-1
2
2
0
0
0
0
-9
-2
3
-7
4
-2
4
0
1
0
-2
-3
-6
-5
-3
2
-1
-1
-4
5
-1
6
1
6
-1
4
6
5
11
6
14
0
5
-3
-1
0
-1
-1
-3
-11
-15
-11
-17
-12
-15
-8
-12
-9
-11
-7
0
3
10
6
6
2
7
5
16
15
9
20
17
19
15
19
13
10
6
4
5
9
10
7
9
2
5
-3
4
3
6
3
5
13
14
15
10
16
11
15
13
14
7
13
13
13
13
6
6
3
7
5
3
4
2
1
5
-1
4
4
8
5
4
4
3
1
3
9
0
3
3
8
4
6
7
-3
0
-2
-3
-5
-6
-6
6
9
3
4
6
10
1
10
7
6
7
10
13
5
6
9
13
7
9
2
-1
1
3
3
9
6
8
2
6
7
3
12
6
14
13
24
15
22
20
18
24
19
20
11
13
6
7
3
7
-1
-4
-10
-10
-9
-11
-3
-4
-4
-3
0
-6
-1
-2
-1
3
4
-1
-1
3
-2
3
0
-3
-3
-6
-10
-12
-8
-16
-19
-22
-24
-23
-27
-28
-22
-26
-25
-20
-26
-23
-22
-19
-19
-13
-8
-6
-9
-3
-5
-7
-5
-9
-6
-8
-9
-8
-4
-12
-14
-10
-11
-15
-14
-24
-21
-17
-14
-11
-10
-4
-8
1
5
9
5
2
5
6
2
5
4
8
-3
-3
-6
-10
-13
-13
-9
-16
-9
-18
-6
-9
-12
-19
-15
-16
-17
-19
-22
-12
-15
-7
-10
-9
-13
-12
-18
-15
-17
-15
-22
-22
-23
-29
-25
-33
-28
-34
-24
-22
-19
-19
-17
-23
-21
-16
-17
-12
-16
-9
-15
-8
-10
-13
-7
-11
-8
-10
-10
-12
-10
-12
-13
-18
-23
-15
-18
-18
-24
-18
-18
-19
-16
-13
-9
-8
0
0
1
-1
5
2
4
6
9
7
10
15
11
14
15
24
16
21
22
22
17
17
15
16
12
16
19
15
21
17
21
19
20
19
18
16
25
18
19
23
21
20
28
24
26
28
20
28
18
18
19
22
25
22
26
25
22
20
24
20
19
16
14
16
8
10
4
8
4
8
7
7
7
3
6
3
10
5
10
7
9
7
13
-3
10
14
1
7
6
8
0
6
-2
3
1
3
-1
3
-3
-1
-3
-10
1
-10
9
-1
2
3
-2
4
4
6
7
9
5
2
-3
-3
-3
-1
-9
-4
-11
-11
-9
-4
-3
-9
0
-6
0
3
3
3
3
6
6
6
11
19
14
13
10
14
15
10
12
3
0
0
-2
-5
-6
-6
-3
-4
-2
-6
-7
-3
-3
0
-3
-2
2
1
5
4
4
10
4
9
6
2
6
7
3
6
8
6
4
6
12
11
15
9
9
4
6
11
9
12
19
12
14
8
7
8
5
12
7
15
2
5
-2
-4
-10
-5
-4
-14
-10
-9
-5
-9
-2
-11
-10
-12
-1
-8
-4
-6
-6
-2
-8
2
-3
1
-1
2
-6
-2
-9
-8
-9
-13
-14
-16
-16
-24
-19
-22
-17
-19
-12
-17
-16
-13
-15
-10
-18
-8
-13
-10
-13
-11
-6
-10
-10
-12
-10
-16
-16
-17
-13
-17
-15
-20
-14
-19
-15
-11
-9
-9
-16
-13
-16
-7
-15
-12
-14
-15
-18
-16
-15
-23
-20
-27
-17
-22
-21
-25
-25
-23
-24
-22
-20
-19
-15
-13
-15
-8
-9
0
-8
-4
-6
0
1
-3
0
3
4
-3
5
2
4
0
5
4
5
5
6
8
7
9
6
13
2
11
5
10
10
4
10
11
14
13
20
15
25
18
20
16
14
13
8
10
10
12
7
14
8
14
6
19
17
13
16
12
19
12
24
25
31
26
29
31
28
30
22
29
21
20
18
16
11
10
6
5
4
-4
0
-3
1
-4
-3
-8
-1
-6
1
0
2
12
6
14
4
10
8
6
1
3
-2
-7
-1
-3
-4
-3
2
-3
-3
-7
-1
-5
-3
-6
-5
0
2
2
1
6
7
10
11
14
10
14
15
12
4
11
7
1
-3
-4
-5
-12
-9
-6
-3
-5
-1
-6
-3
-9
-4
-5
-6
-3
2
0
0
3
0
0
-3
-6
-3
-1
-7
4
-7
-4
-7
-7
-4
-10
-3
-14
-16
-18
-15
-13
-13
-13
-13
-6
-6
0
-3
-2
1
-4
0
-5
-5
-1
-2
-1
-8
-9
-5
-3
-3
-3
0
-3
-6
-1
-1
2
6
7
7
10
9
7
8
13
9
14
9
8
7
7
8
7
8
7
7
1
13
1
5
0
-4
-7
-6
0
-2
7
2
9
4
3
2
9
4
7
3
1
0
-1
-4
-7
1
-8
-3
-13
-9
-11
-2
-6
-8
-12
-12
-9
-12
-10
-15
-6
-8
-7
-6
-5
-9
-9
-12
-10
-7
-9
-3
-11
-8
-5
-6
-6
-3
-2
-9
0
-3
-2
-6
-4
-5
-3
6
0
2
-3
2
-1
2
0
3
-1
-1
-7
-8
-6
-7
2
-6
6
-4
-1
-3
2
-2
5
0
2
2
-2
5
-7
1
-5
-1
-6
-1
-8
-11
-15
-17
-12
-16
-17
-12
-4
-10
-6
-7
0
-3
0
5
3
5
6
7
8
11
10
6
9
10
13
6
9
12
9
10
9
2
8
5
7
9
5
16
11
13
8
16
9
6
10
11
10
6
7
7
12
6
10
6
11
7
8
4
3
2
0
-10
-8
-4
-7
-5
-10
-6
-6
-7
-7
-8
-8
-2
-3
-3
-7
-6
-10
-12
-13
-6
-11
-9
-9
-11
-12
-16
-9
-22
-14
-25
-16
-14
-15
-10
-15
-10
-16
-7
-10
-7
-3
6
4
6
6
11
9
1
5
-6
5
3
5
6
8
6
0
3
7
4
3
0
10
9
11
16
11
16
9
18
2
10
12
9
10
4
13
3
7
-3
-1
-6
-4
-2
0
6
4
9
2
3
1
5
3
9
9
6
7
12
11
9
6
4
10
6
6
1
6
0
7
7
1
3
2
4
-3
5
-2
0
-5
-4
-7
-7
-3
0
6
2
11
4
12
8
12
6
4
2
-1
-3
-3
-2
-10
1
-5
0
-3
2
6
5
10
16
14
16
25
16
16
22
25
15
23
19
21
19
19
18
12
15
7
13
8
10
4
4
5
3
7
6
10
3
9
6
7
9
7
16
13
14
11
12
16
16
14
16
10
10
8
3
-2
-6
-7
-9
-13
-12
-11
-15
-10
-16
-6
-12
-7
-3
0
2
-4
0
-2
-3
-6
-3
-7
0
-5
-9
-7
-10
-14
-18
-17
-22
-15
-25
-22
-19
-21
-24
-19
-19
-21
-18
-25
-13
-21
-18
-22
-15
-13
-18
-14
-15
-9
-15
-16
-20
-16
-19
-18
-21
-19
-24
-22
-26
-22
-22
-24
-20
-30
-19
-18
-19
-23
-17
-18
-17
-19
-15
-12
-15
-12
-13
-15
-17
-12
-16
-16
-16
-15
-18
-13
-10
-10
-9
-1
-5
-5
-1
-3
-3
-8
2
-6
4
0
3
0
-2
-3
-6
-5
-5
-6
-11
-3
-9
-3
-7
2
0
0
3
1
0
-1
3
2
8
7
8
12
13
14
15
7
9
5
9
7
0
6
-1
7
1
7
14
7
19
14
18
20
22
23
22
21
26
25
23
25
29
21
23
22
19
24
13
15
5
6
-4
8
4
9
7
-3
0
-6
-1
-8
4
-8
10
2
13
11
12
16
12
22
9
17
11
23
11
16
13
12
8
5
10
4
4
2
10
2
10
6
3
1
3
4
-1
8
10
6
6
15
13
16
14
9
10
12
10
5
6
-1
-1
-3
-10
-7
-7
-12
-12
-10
-10
-5
-5
0
4
10
-1
3
4
6
6
6
9
4
12
4
9
-3
5
-6
-3
-2
-7
0
-1
3
-2
3
-7
-1
-3
2
2
5
5
9
7
10
10
10
15
3
14
7
10
4
6
1
6
9
7
9
7
4
-5
-3
-8
-3
-2
-1
-4
1
3
5
9
7
10
6
13
6
3
1
-4
-3
-6
-5
-11
-7
-7
-6
-11
-10
-14
-13
-7
-12
-6
-12
-9
-9
-4
-6
-9
-12
-6
-3
-10
-1
-5
-4
-15
-14
-16
-19
-25
-21
-20
-26
-21
-17
-19
-20
-11
-12
-11
-14
-12
-6
-6
-3
4
0
4
6
10
6
7
5
-6
-4
-7
-4
-12
-8
-6
-7
-13
-8
-16
-7
-9
-8
-9
-5
-2
-3
1
0
9
0
11
1
15
3
7
7
4
6
-6
0
-7
-7
-12
-1
-8
-3
-9
-4
-9
-7
-16
-10
-9
-4
1
-3
2
-4
8
1
4
-3
5
-1
-1
-4
0
-3
-9
7
-10
2
-3
2
-3
-6
-3
-9
-4
-10
1
-2
0
2
1
2
3
10
14
16
11
17
14
13
3
11
9
10
8
4
8
3
1
1
-1
-6
2
-2
5
-3
3
0
-2
-3
-2
-1
0
6
2
-1
-15
-4
-8
-1
-9
-5
0
-2
-1
0
4
-5
0
-3
-2
-1
0
-2
-4
-1
-1
4
0
1
3
-1
0
2
6
-7
3
-3
1
1
-4
-2
-6
0
-5
-3
-3
3
-7
-6
-3
-3
-7
3
6
9
8
15
16
13
20
16
18
10
12
9
16
10
15
11
13
14
7
9
8
12
6
8
0
6
6
12
7
13
13
12
15
15
22
13
14
9
12
3
9
6
7
6
-3
0
-3
3
-4
3
-6
4
0
6
6
1
4
-3
5
0
7
0
4
-4
-4
-4
-3
-1
-7
3
-3
-7
-10
-10
-10
-6
0
-4
-8
-10
-7
-2
-3
-3
-6
-5
-2
-2
0
-1
-3
-3
-5
-9
-10
-4
-6
-7
-6
-11
-9
-13
-8
-9
-13
-12
-6
-4
-10
-4
-4
-1
1
1
3
-5
0
1
0
-1
-3
-3
-2
4
3
3
-2
-5
-9
-10
-6
-7
-5
-3
-8
-3
-7
-11
-11
-12
-7
-4
0
4
10
8
10
4
3
-1
2
1
3
5
3
7
1
5
0
6
3
6
3
1
3
3
7
7
9
2
9
6
11
3
8
5
2
1
1
8
-2
4
-3
-1
-6
-5
-11
-5
-7
-7
-6
-7
-3
-6
0
-7
-1
-5
1
-10
0
1
-1
2
-2
6
-2
8
3
3
3
10
10
7
5
4
-1
-2
5
6
11
-4
6
-3
-1
4
-1
9
9
9
10
6
8
12
2
7
3
7
0
6
1
-6
0
-2
0
-5
3
1
-2
3
-1
2
-1
-6
-4
-1
-6
-4
-6
-7
-10
-13
-10
-13
-10
-11
-4
-6
-1
-4
3
1
5
7
-4
-6
-6
-5
-15
-14
-19
-19
-24
-15
-18
-11
-13
-15
-15
-19
-13
-16
-16
-13
-5
-10
-1
-1
5
0
0
2
-3
0
0
4
3
4
2
6
6
6
0
0
7
3
4
0
1
-2
-2
-6
-10
-3
-2
-5
-8
-2
-1
0
-3
-6
-4
-9
-7
-1
-1
-3
3
7
4
1
0
0
-3
-3
4
6
2
4
0
5
3
-3
6
8
4
-2
3
6
6
9
7
6
8
9
2
9
6
10
10
10
4
-2
2
-4
0
-11
-3
-8
-12
-3
-7
-5
-6
3
0
4
7
10
9
12
16
16
9
13
15
11
10
4
7
3
8
-3
4
4
4
-2
-4
0
3
3
0
6
4
9
2
9
3
8
13
8
10
11
12
8
6
8
7
9
12
7
15
14
15
8
9
9
4
9
6
10
3
9
11
10
7
13
11
0
12
7
12
11
11
8
6
7
9
5
6
1
-5
4
-7
-5
-6
-5
-10
-5
-7
-2
-4
0
6
-4
3
-6
-1
-6
0
0
-6
-9
-7
-10
-15
-11
-16
-12
-16
-13
-7
-1
-3
2
-3
-3
-8
-3
0
-13
-2
-3
-1
-7
-3
-6
-3
-7
-7
-2
-7
-2
-5
0
-6
-4
-7
-13
-14
-13
-9
-10
0
-3
5
-1
7
2
8
14
8
9
4
10
2
12
9
10
2
0
2
-1
3
5
6
8
6
1
5
-1
6
2
13
6
6
0
3
10
4
12
6
7
-7
0
-12
-11
-12
-13
-10
-15
-14
-23
-18
-20
-20
-18
-16
-16
-12
-9
-5
-2
-5
-10
-6
-2
-10
-6
-5
-6
-2
-15
-9
-9
-16
-12
-15
-20
-23
-22
-21
-24
-26
-19
-15
-19
-10
-1
-9
-3
-4
-3
-9
-2
6
9
13
14
18
13
14
6
9
6
7
3
1
-4
-3
-1
-2
-1
-1
4
4
5
8
2
3
6
1
10
-4
4
1
6
0
3
0
0
2
-2
7
-1
3
3
3
-5
3
-12
0
-7
-10
-9
-8
-7
-14
-7
-11
5
0
7
-1
8
7
6
8
5
6
2
1
3
4
-3
3
1
0
-1
4
4
3
11
6
7
9
7
6
5
4
11
9
13
11
13
16
5
13
5
5
4
6
2
-1
0
-7
-4
-7
-2
-8
-6
-7
-1
-2
0
0
3
-3
0
9
4
12
10
16
8
15
8
8
8
8
7
7
10
9
11
9
6
1
16
-1
2
3
-3
4
2
4
3
11
16
13
15
18
18
13
14
16
11
7
6
6
4
3
0
-7
-4
-5
-9
-6
-10
-8
-17
-9
-20
-16
-19
-23
-18
-13
-2
-13
-8
-16
-10
-20
-18
-22
-21
-18
-22
-23
-20
-22
-22
-18
-23
-10
-18
-11
-14
-12
-15
-9
-5
-3
2
1
7
6
5
0
3
-2
-3
-2
0
-9
-5
-9
-15
-16
-21
-15
-17
-10
-13
-8
-5
-10
0
-5
-5
7
9
9
23
19
25
16
15
17
12
13
1
8
-3
13
3
4
4
0
2
-2
-1
-11
-4
-6
8
4
8
16
18
18
16
16
17
19
20
20
16
20
16
18
9
15
9
7
9
3
6
-3
2
7
6
7
3
4
7
4
15
11
17
16
15
19
13
15
7
2
0
4
0
3
1
4
-3
-2
-9
-11
-4
-7
-4
-6
-1
-6
-1
-8
2
-5
-1
-2
4
3
3
5
-2
3
-3
3
0
-1
-2
6
-3
5
1
4
-1
-4
0
-5
-4
-14
-1
-8
-6
0
3
2
1
-6
-8
-12
-11
-9
-17
-10
-9
0
-5
-6
0
-6
-8
-7
1
-9
-3
-17
-13
-13
-12
-10
-19
-5
-5
-1
-4
-3
-6
1
0
3
5
0
-1
3
4
0
2
-3
0
-2
4
-1
-3
-7
1
-3
-5
0
-7
-3
-6
-2
-2
-5
-7
-1
0
2
-8
-6
-7
-12
-9
-6
0
-11
1
2
6
2
9
6
8
16
6
9
9
18
15
22
15
16
16
15
19
8
16
6
11
6
9
16
13
12
13
14
6
10
9
15
16
25
24
19
18
15
2
9
9
7
14
3
7
-7
1
0
1
-6
2
5
-1
1
0
-3
-1
4
4
8
4
16
10
6
5
4
6
-3
2
0
1
3
0
-9
-15
-13
-18
-19
-18
-15
-21
-17
-17
-15
-15
-19
-19
-17
-17
-18
-15
-16
-19
-17
-7
-16
-10
-13
-9
-8
-18
-16
-15
-14
-14
-8
-16
-10
-11
-13
-17
-13
-14
-18
-16
-14
-15
-15
-9
-10
-11
-12
-10
-12
-4
-1
-6
-6
-3
-4
-3
-8
-4
-6
-3
0
2
1
-3
5
3
6
4
4
4
9
8
11
16
16
19
22
20
23
25
17
16
10
9
0
2
-2
-4
-1
-1
3
0
8
4
7
5
12
10
12
13
9
19
14
16
14
12
13
13
16
16
8
12
3
2
3
-6
7
2
5
0
2
1
-5
0
-2
-5
-5
-2
-9
1
-7
-1
-8
-10
-14
-10
-9
-13
-6
-14
-8
-9
-8
-18
-6
-15
-12
-16
-13
-12
-13
-10
-15
-5
-9
3
-1
3
-1
-1
-2
3
9
6
2
2
4
0
0
-5
-1
-1
3
0
0
-6
0
6
3
3
-7
-2
-6
-9
-3
4
4
4
2
3
5
0
4
3
3
0
3
-1
2
5
6
12
6
11
4
5
10
11
10
9
13
2
3
3
5
3
7
4
3
4
-3
-2
-7
-2
-7
-8
-3
-14
-15
-5
-16
-16
-18
-18
-19
-22
-17
-16
-15
-8
-7
-11
-6
-7
-9
-9
-1
-6
-3
0
-3
-9
-10
-6
-18
-15
-17
-13
-17
-13
-11
-11
-13
-16
-4
-5
2
-1
-1
-1
6
8
8
11
11
16
7
7
1
6
2
3
6
1
11
6
13
0
1
7
4
6
12
16
17
21
26
25
22
25
24
26
23
20
13
18
10
0
4
-1
0
0
1
-3
-1
-4
-5
-4
-3
2
6
9
2
9
11
4
3
6
11
13
16
18
13
10
7
3
-2
7
3
0
6
8
6
-1
5
3
0
-2
-2
2
-3
-9
-5
-13
-7
-12
-6
-10
-14
-3
-6
-4
-18
-9
-14
-13
-10
-12
-15
-15
-12
-12
-18
-24
-10
-18
-17
-15
-10
-7
-9
-4
0
4
7
-1
1
9
1
3
-4
-9
-11
-14
-18
-16
-12
-18
-18
-20
-13
-9
-8
-1
1
-3
-11
-5
-12
-6
-7
-9
-4
-6
-4
-7
-3
-6
-1
2
4
1
4
1
6
10
9
9
12
12
6
5
12
8
1
9
7
15
10
12
9
6
0
5
7
0
8
3
0
-9
-7
-12
-12
-8
-9
-12
-11
-10
-10
-12
-10
-3
-7
-1
-4
-4
-6
-7
-12
-6
-4
-8
-3
-7
-5
-7
-5
-9
-11
-12
-16
-3
-9
-4
-6
-2
-5
-6
9
6
13
10
15
10
12
11
9
9
6
7
9
3
2
2
1
3
0
4
4
9
1
12
7
13
4
5
6
1
12
6
10
6
11
5
16
10
14
12
14
16
9
13
6
7
-2
2
-6
-8
-11
-6
-8
-12
-9
-8
-8
-4
-3
-14
-3
-10
-5
-9
-7
0
1
4
0
3
0
4
4
3
7
6
4
6
4
9
10
3
6
8
10
4
6
13
15
13
18
19
23
27
21
30
38
31
32
27
27
18
20
22
18
23
16
12
13
12
15
17
22
22
22
25
25
21
28
25
20
21
16
16
15
18
17
9
6
7
-2
-4
-11
-4
-13
-6
-10
-16
-9
-19
-12
-22
-4
-11
0
5
3
-3
9
12
4
6
3
10
-3
-1
-10
-6
-21
-13
-15
-11
-10
-12
-1
-9
-2
-7
-2
-8
-6
-3
0
-3
5
3
-1
9
0
9
3
6
4
4
-6
-10
-6
-15
-9
-18
-12
-13
-10
-14
-14
-9
-7
-9
-7
-8
-6
-2
-6
-4
-9
-2
-9
-3
-2
0
-7
-8
-10
-14
-17
-18
-10
-19
-11
-19
-10
-15
-12
-6
-9
-7
-3
10
5
12
10
12
10
16
13
16
13
9
6
7
3
0
7
-7
-6
-4
-3
-7
-4
-10
-11
-5
-9
-1
-6
0
-3
2
4
-2
9
6
12
12
15
13
13
7
10
5
3
0
-5
-1
-3
-4
-14
-8
-15
-20
-28
-18
-21
-20
-15
-13
-12
-14
-5
-16
-10
-9
2
-3
3
0
-2
-3
-7
-3
-10
-2
-8
-4
-7
-5
-12
-14
-4
-9
-4
-7
-5
-4
-3
-7
-10
-4
0
0
7
11
9
7
6
3
3
7
3
8
-1
2
4
6
7
4
9
3
6
6
6
4
3
7
11
16
11
14
18
13
8
12
13
10
6
8
5
-2
-2
-4
0
-12
-6
-4
-6
4
-1
3
3
3
4
3
3
2
0
0
1
-1
-2
1
-1
-5
-6
-4
-12
-9
-12
-9
-8
-7
1
-1
1
-5
-4
5
1
3
9
0
13
3
9
5
4
11
1
2
-3
6
-3
-5
-12
-9
-11
-3
-6
-2
-2
3
5
7
1
-2
6
-6
6
-2
3
0
3
-4
0
3
-6
-1
-6
-4
-3
-4
-6
-4
-13
-6
-9
-8
-1
-8
-6
-16
-6
-9
-12
-6
-4
-5
-6
-5
-15
-8
-12
-9
-6
-2
-7
-10
-4
-5
-4
-8
-5
-11
-13
-10
-9
-12
-12
-17
-18
-22
-19
-15
-15
-10
-15
-7
-8
4
-7
-3
-7
-4
-3
-8
-4
-3
2
-5
3
-9
-4
-6
-8
-6
-6
-12
-5
-7
-12
-2
-6
-2
-6
-1
1
7
0
3
4
-2
4
3
2
-3
0
6
2
4
3
9
6
7
2
3
-3
1
4
3
6
9
12
11
14
10
15
11
21
10
21
19
18
17
19
15
13
10
1
12
0
10
-6
7
4
4
1
3
11
6
6
3
8
3
9
0
0
0
4
0
7
4
3
8
1
12
9
10
4
4
4
4
9
10
9
12
9
0
3
-10
2
3
-2
3
-3
-4
-11
-6
-9
-9
-3
-4
-6
-1
0
2
2
7
8
4
5
7
10
6
13
3
-3
0
1
-4
-5
-1
-3
-4
-11
-14
-16
-15
-16
-13
-18
-13
-13
-6
-6
-3
-2
-2
-1
-9
-11
-8
-9
-18
-9
-12
-6
-5
-10
-9
-5
-9
-6
-12
-9
-10
-15
-12
-12
-11
-11
-1
-9
0
-6
3
3
0
6
0
8
0
2
2
9
5
4
1
4
3
1
0
-2
0
0
9
-1
8
4
5
0
-1
2
1
4
5
7
6
4
3
9
-2
6
0
4
-2
-8
-3
-13
-5
-13
-7
-9
-2
-1
3
6
2
7
7
9
8
15
6
10
10
17
13
11
15
7
15
14
5
0
9
-4
-4
-6
-10
-10
-8
-6
-6
-4
-3
2
4
6
5
9
4
7
5
4
6
8
9
7
4
5
6
4
7
2
6
1
1
-7
-11
-12
-15
-12
-11
-10
-22
-10
-12
-13
-13
-13
-5
-9
-8
-3
-5
-3
6
3
8
8
8
7
-1
-1
0
4
-3
-1
-2
-1
-6
-10
-9
-9
-3
-3
4
8
12
8
15
16
13
12
14
15
13
15
9
14
7
9
5
0
-11
-11
-12
-16
-13
-11
-7
-12
-4
-6
1
-6
1
-1
4
11
9
12
16
21
17
23
17
25
17
15
11
12
10
2
2
1
6
1
7
3
2
6
6
11
13
16
23
17
18
22
22
26
34
30
28
29
29
22
17
14
15
15
11
13
7
3
3
4
-2
-1
-2
-1
1
1
2
1
7
4
9
7
0
4
3
4
0
3
-3
-10
-13
-14
-10
-13
-10
-17
-10
-15
-9
-13
-13
-13
-14
-17
-16
-12
-15
-11
-13
-6
-16
-1
-8
-7
-10
-7
-10
-14
-9
-11
-7
-10
-3
-14
-9
-14
-7
-11
-6
-9
-6
-10
-6
-4
-12
-3
-14
-10
-14
-7
-18
-12
-14
-19
-16
-13
-12
-16
-15
-20
-14
-21
-15
-14
-14
-12
-14
-11
-16
-11
-13
-8
-12
-10
-10
-6
0
-3
-1
6
1
-9
0
-7
-12
-12
-5
-16
-6
-7
-15
-12
-11
-10
-12
-7
-9
2
-7
3
4
-1
-1
7
4
0
6
3
1
-8
0
0
9
2
5
7
1
4
6
8
8
18
10
13
12
10
8
8
13
16
23
22
21
16
24
15
14
14
13
10
9
16
6
12
4
8
5
6
9
12
10
4
7
0
12
7
11
10
12
10
9
9
8
10
10
12
8
9
3
11
3
5
4
6
4
0
2
2
5
1
6
0
5
0
10
9
12
12
13
16
9
14
7
10
5
7
4
2
1
-3
-5
-6
-5
-8
-4
-6
4
5
3
4
7
7
4
10
7
4
2
2
-4
-6
-2
-4
-9
-7
-6
-5
-7
-12
-7
-16
-21
-19
-16
-22
-16
-16
-18
-17
-18
-14
-18
-19
-22
-19
-21
-18
-16
-19
-15
-9
-12
-11
-12
-8
-10
-9
-6
-13
-6
-6
3
-7
-3
-1
-1
-2
-1
0
0
3
4
7
1
7
3
10
9
8
7
7
4
8
5
12
9
6
6
4
5
-5
1
-3
1
-6
6
4
2
4
-3
3
4
5
4
6
-5
-1
-5
-3
-9
-9
-16
-14
-7
-14
-13
-15
-9
-22
-16
-16
-19
-22
-16
-18
-16
-10
-13
-16
-20
-7
-20
-6
-3
-5
-6
-7
-2
-10
-7
-24
-16
-14
-15
-13
-11
-6
-8
-15
-6
4
4
6
9
17
14
17
18
18
13
18
13
12
7
7
9
6
12
9
8
4
13
8
10
6
2
2
7
10
7
12
5
12
11
10
16
10
12
7
11
10
-2
-6
-6
-1
-2
2
3
3
0
3
2
7
8
13
16
13
17
16
11
7
9
2
9
8
9
-3
6
-3
-1
-1
-7
0
-3
-2
0
7
-6
-2
-11
-2
-6
-4
0
1
-3
4
9
5
18
16
24
26
34
26
30
28
28
27
22
16
13
16
10
15
17
18
12
16
14
11
4
8
8
9
12
9
8
8
13
14
19
20
17
16
6
14
14
9
8
7
5
4
9
-2
0
-10
-7
-12
-8
-6
-8
-8
-8
-9
-11
-1
-3
-4
-5
2
-8
-7
-11
-11
-12
-10
-13
-10
-15
-12
-5
-17
-4
-9
-11
-15
-5
-6
-6
-2
0
-10
-6
-2
-3
-7
-7
-3
-10
-6
-9
-3
-12
1
-4
1
4
-1
-2
-7
-4
-6
-2
-2
0
0
-2
-7
-6
-9
-1
-8
-3
3
-3
0
0
-4
-4
4
-2
2
2
-1
-6
-6
-6
-6
-7
-3
-6
-4
-4
-4
-3
-7
-2
-5
3
1
4
5
5
4
0
6
1
4
1
4
1
6
-1
-3
1
-8
0
-10
-1
-6
0
-7
-3
-1
-5
6
-4
4
0
9
-6
-3
-3
-7
-6
-4
-7
-13
-8
-15
-17
-20
-15
-22
-19
-22
-21
-23
-18
-20
-19
-9
-9
1
-6
0
-4
-5
-3
-1
-2
-7
-8
-6
-4
-10
-3
-8
-7
-8
-9
-11
-4
-6
-10
-10
-2
0
-6
6
-3
-4
6
5
2
8
6
13
14
7
13
1
6
3
9
10
4
6
-1
1
1
10
4
6
5
5
5
6
9
7
3
9
12
10
12
8
9
2
10
7
7
5
16
14
11
19
15
15
12
19
6
12
2
7
10
9
9
5
9
-7
5
0
4
4
5
6
0
-2
-1
-1
-11
-6
-6
-3
-12
-11
-18
-16
-12
-11
-10
-9
-4
-10
-8
-8
-9
-12
-12
-13
-11
-10
-16
-13
-15
-18
-14
-13
-12
-13
-15
-10
-7
-10
-9
-7
-7
-7
-2
-3
-2
-7
1
-2
-4
-3
-3
-1
0
-3
-3
-1
-8
-7
-7
-6
-6
-9
-5
-6
-6
-2
-3
1
-4
1
1
2
2
10
8
2
10
4
3
-6
-1
-2
-1
0
-3
-13
-10
-13
-10
-9
-14
-9
-19
-4
-9
-2
-4
0
0
3
13
6
17
6
9
12
16
9
8
7
7
8
6
3
5
7
0
7
-1
4
-4
-1
-3
-10
1
-5
-7
-5
-1
-7
-2
-8
0
-6
2
2
1
4
3
13
-1
7
-7
3
-10
-13
-15
-18
-12
-17
-12
-20
-10
-18
-11
-12
-14
-15
-9
-5
-2
7
-1
7
7
11
14
18
12
16
13
5
2
2
8
-3
4
8
6
7
7
0
-4
0
1
5
3
9
11
12
10
12
16
11
14
16
14
15
13
8
7
-1
3
-3
0
-4
-1
-4
-2
2
-4
-2
0
6
-2
4
-6
6
2
2
6
7
17
9
13
9
14
6
7
3
6
6
3
1
3
9
3
2
0
9
7
8
4
12
1
6
6
3
4
-4
7
1
3
-2
1
1
2
3
3
-1
2
-2
-7
4
-3
7
0
0
-2
-4
0
-5
3
0
0
1
12
3
6
3
-1
-2
-4
0
-4
0
-3
0
0
9
5
4
10
10
7
11
20
13
13
9
15
11
9
16
12
14
12
13
11
6
8
9
12
11
1
0
-9
-3
-2
0
4
0
10
14
10
7
16
20
24
26
25
27
32
30
34
30
26
20
23
14
15
16
9
9
4
6
4
10
-3
3
-1
0
-2
2
-4
-2
4
-3
3
-2
7
-2
8
-1
7
5
3
4
-3
-2
-6
1
-3
-9
-15
-7
-16
-13
-14
-8
-11
-4
-3
-3
5
-4
6
2
9
7
5
7
1
-4
-10
-15
-16
-17
-19
-15
-25
-14
-22
-25
-19
-13
-13
-19
-13
-26
-12
-25
-13
-17
-16
-16
-19
-9
-12
-4
-15
-4
-8
0
-9
-3
-18
-22
-16
-23
-16
-19
-20
-24
-22
-24
-19
-27
-26
-32
-23
-21
-19
-19
-21
-17
-19
-15
-18
-12
-16
-8
-12
-7
-13
-15
-14
-15
-10
-14
-9
-10
-10
-11
-3
-9
-7
-3
-2
3
6
6
4
7
-3
4
3
0
3
-1
8
3
10
0
1
-4
-6
-1
-5
2
4
7
5
13
2
5
6
13
12
20
10
14
10
1
4
-1
3
-7
6
-5
3
-3
-1
-3
0
1
1
2
-6
-2
-9
2
-3
1
-5
3
0
-2
1
-6
2
-4
1
-6
-4
-4
-6
-7
-5
-4
-3
-5
-2
6
-1
16
16
19
19
17
18
10
16
13
10
3
12
6
12
9
10
9
6
10
1
-4
-9
-6
-9
-7
-12
-7
-13
-16
-18
-16
-19
-18
-10
-13
-4
-6
-6
-4
-3
-3
1
-5
-1
-4
-6
-8
-7
-9
-14
-15
-17
-13
-19
-13
-10
-7
-9
-6
-7
-4
-4
-3
0
-3
-3
-2
-2
-3
1
-4
-1
-5
-4
-9
-12
-6
-5
-4
0
0
-1
7
-3
3
2
2
4
6
-2
9
6
9
12
13
23
14
17
10
23
11
12
8
12
3
7
5
4
9
-4
5
0
5
-3
5
1
6
3
2
1
-1
3
0
6
1
15
3
12
13
17
12
7
14
2
10
-3
7
2
-3
1
1
1
-4
2
4
2
-2
7
2
10
6
8
15
12
14
15
12
11
15
6
11
6
13
5
12
11
8
7
3
9
3
9
7
12
3
11
10
11
14
14
14
14
16
17
20
20
23
20
22
18
15
9
14
13
13
7
1
3
0
3
3
6
6
4
11
8
10
8
7
7
7
13
17
8
6
10
1
7
-2
6
-5
-3
-1
4
-3
-8
-4
-3
-1
0
10
0
5
-1
8
1
10
6
7
7
5
3
-6
-1
-11
-3
-5
-3
-7
0
-4
-4
-3
-3
0
-3
7
2
4
-3
-1
-3
0
4
5
10
5
6
2
2
2
10
7
7
9
4
1
-1
3
-6
-4
-12
-7
-9
-7
-4
-5
-4
-4
6
7
9
7
14
7
7
8
3
-2
0
-7
-8
-7
-14
-13
-12
-17
-16
-12
-18
-16
-11
-10
-9
-6
-9
-8
-8
-7
-6
-4
-3
2
2
3
8
5
11
14
14
-1
-2
-7
-1
-2
0
0
-4
-2
-6
-4
-9
-6
-10
-5
-3
0
-6
-3
-3
-4
3
-2
1
-10
-9
-19
-19
-20
-25
-25
-21
-21
-20
-20
-21
-20
-24
-17
-15
-7
-12
-7
-15
-14
-7
-16
-12
-13
-9
-10
-5
-13
-15
-19
-24
-22
-21
-21
-19
-16
-28
-20
-29
-20
-27
-25
-26
-28
-28
-31
-23
-34
-24
-31
-24
-28
-29
-26
-28
-22
-22
-22
-17
-17
-16
-14
-16
-8
-13
-4
-9
-6
-2
0
3
-5
3
2
4
2
9
4
6
15
11
13
13
16
13
16
10
14
9
7
10
14
12
12
10
4
9
10
17
15
20
16
22
20
20
18
19
22
16
22
24
32
22
27
16
15
19
17
13
10
15
3
10
11
9
6
9
6
3
3
9
9
6
9
2
7
1
2
-3
3
2
1
7
4
0
-6
-7
-9
-4
-9
-4
-6
-4
-6
-3
-2
-3
1
-8
-2
-5
0
-3
3
4
0
-1
-3
-1
-9
-12
-19
-12
-14
-18
-15
-12
-12
-10
-7
-14
-8
-6
-3
-4
4
0
9
5
6
13
4
15
3
12
1
0
0
-7
-12
-16
-13
-18
-19
-18
-14
-9
-10
-4
-2
-2
3
0
5
7
9
11
13
10
14
16
15
12
13
3
7
12
10
9
6
10
7
12
9
13
6
3
1
2
3
7
11
1
7
5
3
1
9
7
9
13
14
14
12
12
11
12
8
13
3
9
1
0
-1
-6
0
-3
5
-1
4
2
10
7
9
7
9
11
10
17
13
12
9
13
2
9
2
3
9
3
2
2
5
0
3
-1
7
6
12
6
9
8
7
11
3
13
7
16
6
18
7
7
10
9
14
4
8
3
6
0
9
0
7
3
3
5
4
2
-3
1
-7
1
-3
1
-6
-4
-5
-5
-12
-3
-3
-10
-4
-8
-6
-9
-4
-11
-9
-3
-3
-4
-3
-3
-1
0
3
0
1
6
2
2
-5
4
-2
-2
6
-1
1
-3
-3
-4
-5
-7
-2
-6
-3
-2
-6
1
-4
0
-7
-1
2
4
4
8
12
6
20
16
19
9
11
6
4
-5
-8
-7
-4
-8
-8
-4
-18
-3
-15
-14
-16
-8
-9
-11
-9
-2
-4
-7
-4
-3
6
-5
5
-4
-2
-5
-1
-7
-6
-1
-4
0
-5
0
-8
0
-2
-1
-3
4
5
-4
4
-1
3
-1
4
9
7
12
12
10
7
0
0
2
-4
0
-2
-2
-5
-2
-3
-8
0
-9
-4
-9
-1
-4
3
4
0
1
0
7
2
2
-2
-5
-10
-6
-11
-7
-14
-21
-17
-21
-23
-18
-17
-16
-12
-9
-11
-12
-12
-10
-7
-8
2
-6
-2
-3
0
-6
-7
-9
-6
-6
-7
-3
-13
-5
-9
-3
-4
-1
-5
-5
-9
-3
-5
-5
0
-2
-2
0
6
4
14
6
14
7
6
6
4
0
-7
-10
-19
-13
-19
-7
-13
-16
-13
-11
-11
-14
-12
-7
-9
-4
-1
-3
1
0
3
1
9
9
5
3
3
-7
-12
-15
-13
-15
-19
-11
-16
-13
-13
-5
-6
-10
2
-6
-4
-7
-3
-8
-3
1
-3
-4
-7
1
0
7
-3
-3
0
3
1
3
2
-1
1
-1
-2
-2
3
0
3
2
5
4
8
7
9
8
8
8
8
17
12
17
13
16
10
3
12
9
6
11
7
6
3
10
15
6
7
7
3
3
6
6
6
8
14
14
13
19
20
10
16
18
19
15
19
16
9
12
14
8
10
10
7
19
8
17
8
13
10
16
16
16
19
17
16
16
27
15
18
11
19
12
17
16
19
10
10
16
10
16
9
12
7
16
10
19
13
15
16
8
15
10
19
10
15
9
12
6
8
10
5
10
5
11
6
2
-3
3
-6
0
-9
-10
-12
-15
-10
-12
4
-4
-3
-4
-2
-6
-3
-3
-6
-9
-14
-3
-12
-10
-12
-17
-18
-16
-9
-14
-6
-7
-16
-13
-6
-10
-9
-13
-10
-11
-12
-9
-8
-7
-13
-8
-9
-9
-9
-8
-6
-12
-12
-12
-11
-10
-17
-9
-12
-5
-6
-9
-3
-2
0
1
6
3
3
3
6
2
10
0
4
5
1
2
-2
-8
-11
-4
-9
-1
-15
-10
-19
-12
-19
-16
-18
-16
-4
-7
0
-6
-3
-12
-4
-13
-9
-10
-6
-7
-6
-7
-11
-8
-10
-8
-13
-13
-14
-7
-11
-5
-7
-3
2
6
10
8
9
9
18
9
12
10
4
4
5
5
0
3
-1
6
-1
-3
-3
-8
2
-6
-3
-3
-7
-7
-3
0
-1
-4
6
0
3
7
9
10
9
18
-1
6
1
-4
-3
2
1
-7
-10
-10
-8
-10
-11
-14
-10
-19
-8
-11
-7
-7
-14
-3
-5
-6
-7
-5
-2
-10
-9
-4
-10
-6
-7
-3
-4
-4
0
-4
-3
-3
-5
-7
-8
-10
-5
-8
-7
-4
-6
0
0
7
1
7
6
2
9
-2
2
2
0
-1
-3
-4
-2
-2
-1
0
-3
0
-3
1
-1
2
-6
2
-6
-1
-7
-3
-3
-4
-1
-1
2
1
10
0
2
-6
3
-7
-13
-8
-4
-6
-14
-10
-13
-9
-10
-4
-3
-3
-6
1
-2
-4
-4
-10
-8
-4
-6
-13
-10
-17
-9
-13
-13
-7
-16
-1
-4
-3
-5
-6
-3
-3
7
4
7
10
9
10
8
11
15
9
12
12
12
10
12
6
4
8
4
7
5
11
8
4
7
5
2
-3
-4
-1
-9
-9
-13
-10
-13
-6
-5
-9
-7
-3
-3
-6
2
1
8
2
10
12
16
12
6
16
16
21
23
25
21
22
17
19
16
17
17
18
19
23
32
26
32
25
31
25
24
22
19
22
25
27
17
25
20
21
23
17
20
22
8
13
9
6
7
-3
6
-3
7
3
3
10
9
5
2
6
8
3
-6
9
-8
-1
-3
-4
-9
-9
-9
-15
-6
-22
-8
-14
-13
-15
-11
-16
-13
-12
-15
-18
-26
-19
-24
-18
-19
-19
-17
-7
-11
-10
-10
-7
-13
-10
-8
-15
-12
-15
-13
-18
-12
-14
-8
-14
-4
-6
-8
-3
-9
-7
-8
-3
-9
-8
-6
-6
-10
-2
-4
-6
-6
-6
1
2
6
1
10
3
4
6
12
10
3
6
3
4
-1
5
3
3
1
-5
-3
-2
2
0
5
6
7
4
4
9
12
11
10
14
10
18
12
21
15
17
15
9
13
0
2
-1
-4
-9
-11
-14
-10
-12
-13
-14
-2
-6
-9
-4
-9
-1
-5
-1
0
3
-5
7
-1
-2
12
6
2
-7
2
-8
-10
-15
-15
-18
-13
-17
-20
-16
-19
-12
-16
-11
-13
-6
-12
-11
-8
-9
-3
-4
-2
0
0
-3
-1
-4
-7
-8
-9
-3
-13
-12
-5
-7
-6
-9
-7
-13
-6
1
-3
-1
0
2
-2
-1
8
0
6
11
6
12
0
5
-5
-8
-7
-12
-13
-10
-9
-12
-6
-11
-6
-7
-6
-3
0
5
1
15
9
11
9
10
16
6
11
9
4
5
8
4
11
-2
4
-1
3
7
4
13
5
16
6
13
9
11
9
5
8
9
10
13
11
12
18
13
13
5
12
9
15
9
9
10
1
3
0
11
14
14
20
22
19
12
9
18
22
17
20
17
26
15
15
15
25
16
9
16
15
22
3
9
3
9
1
2
2
-3
2
-1
4
9
8
3
5
6
7
-7
0
-7
2
-2
-9
-7
3
19
-15
-21
2
4
-9
-26
-18
16
1
-4
-7
15
8
-24
9
13
17
-19
-9
30
12
-15
-22
22
16
-21
-19
4
7
-29
-28
-7
-17
-28
-36
-15
-10
-31
-12
-15
-1
-23
-22
-5
-9
0
-18
2
-7
8
0
-23
-20
-3
6
-11
-35
-8
0
-14
-28
-23
13
-21
-12
-4
15
-2
-26
0
22
1
-25
0
22
13
-14
2
17
13
-14
1
9
3
-12
0
8
-18
-14
-10
6
-17
-23
-6
-7
-8
-20
-3
-2
-15
-3
-3
0
-9
-8
10
-7
-15
-10
4
5
-19
-6
-8
6
-7
-8
9
-10
-11
-18
-4
-11
-20
-16
-3
-9
-12
-16
1
0
1
2
-3
14
9
9
-4
6
2
5
6
-3
1
-3
-6
-4
-3
3
-5
-6
6
4
-4
-12
6
-2
3
-6
-3
6
-1
4
6
6
7
6
10
9
-3
5
6
19
2
1
0
10
11
-5
-4
-9
2
1
0
-2
2
-8
6
1
-4
-5
2
7
3
7
-10
0
-3
3
-13
-5
-1
3
13
-3
10
13
11
6
6
2
9
2
9
6
-2
-3
0
17
0
-6
-7
11
3
-9
-6
7
3
1
-3
-1
5
-5
0
-7
4
-6
0
6
6
-2
-7
7
6
2
0
8
0
-3
-10
-3
-9
-6
-9
-3
-4
-12
-4
0
3
-9
3
5
6
0
8
9
0
0
6
7
-2
2
7
21
3
7
4
7
0
-2
10
4
8
-2
9
5
9
5
9
16
16
12
16
28
20
19
22
30
25
34
29
26
26
25
31
19
24
15
15
19
14
5
3
0
1
3
-6
-1
-2
12
7
7
5
11
13
9
16
11
16
17
25
17
20
17
17
17
15
4
0
3
7
-3
-8
-3
-2
9
-9
0
-11
-3
-6
-7
-3
-14
0
-6
-4
-12
-13
-13
-7
-13
-16
-18
-15
-14
-19
-19
-12
-7
-13
-10
-17
-9
-13
-17
-9
-15
-14
-20
-7
-4
-10
-12
-7
-1
1
1
-3
3
3
-4
-7
-6
-7
-10
-15
-7
-17
-14
-9
-9
-13
-13
-5
-7
-5
-12
-12
-7
-6
0
-2
-1
1
4
9
3
4
1
0
1
3
-1
-1
0
1
-5
-3
3
-3
5
2
9
2
0
6
-1
0
-2
2
-1
3
5
1
2
4
3
6
-1
2
9
-1
5
-3
2
-6
6
4
-1
-4
2
9
3
12
0
6
11
13
0
6
-2
3
-7
-5
0
-3
6
-3
0
-9
0
-9
2
5
-5
-4
1
6
-2
0
-4
7
-1
8
-3
-3
0
-7
-4
-12
-11
-14
-8
-14
-10
-18
-16
-13
-12
-13
-14
-7
-10
-3
-13
-11
-13
-6
-8
-12
-2
-7
-3
-4
-6
-3
-7
-3
-1
-9
-9
-7
-12
-12
-10
-12
-12
-11
-12
-9
-12
-11
-10
-7
-7
-10
-7
-7
-10
-8
-12
-7
-5
-5
-1
-10
-8
-13
-15
-7
-15
-11
-9
-9
-11
-10
-10
-8
-5
-9
-10
-8
-6
-5
0
-7
1
0
-1
3
1
3
-1
5
1
1
-6
-10
-4
-2
-6
-3
1
0
-3
2
0
3
9
4
6
-2
8
6
13
14
18
15
15
21
7
16
6
8
7
7
7
9
5
6
9
7
12
3
9
6
10
7
9
4
11
16
12
18
17
21
16
23
11
9
0
7
3
5
11
3
9
0
11
0
4
8
5
8
7
13
11
12
5
5
3
3
-3
3
0
1
1
3
-4
-3
-3
-12
-5
-10
-7
-9
-7
-14
-9
-9
-8
-11
-12
-6
-6
-3
-2
2
-1
4
4
12
6
6
8
8
6
4
4
-2
0
-5
-11
-4
0
-3
9
8
8
6
5
12
13
14
21
19
23
23
28
31
25
23
18
28
16
28
16
11
9
3
7
3
5
0
2
-4
2
-6
-2
-5
-1
-6
-1
1
0
10
3
14
11
10
4
6
6
2
3
2
3
0
-3
-13
-7
-12
-7
-15
-12
-7
-6
-3
-10
1
-6
-1
-6
1
0
-3
4
0
-6
-4
2
2
2
0
-2
-3
-6
-13
-13
-15
-12
-13
-8
-7
-6
-3
-3
-4
-2
0
2
3
4
6
5
11
5
7
9
7
10
6
12
2
1
0
-4
1
-4
-1
-8
-4
-8
-3
-3
-5
1
6
6
11
8
6
12
3
9
4
9
5
6
6
0
-2
-1
-3
-11
-4
-5
1
-6
0
-4
-11
0
-2
2
1
0
4
-2
0
6
3
3
6
10
6
9
9
-2
9
3
0
-2
3
-3
-1
4
3
3
-3
0
2
1
-6
0
-3
10
8
10
10
5
3
-3
0
-6
-8
-14
-8
-14
-9
-15
-20
-20
-21
-18
-19
-12
-12
-5
-12
-4
-9
-2
3
-3
4
0
2
3
4
3
9
9
12
5
-1
0
-4
-7
-11
-13
-10
-13
-16
-11
-17
-8
-7
-5
-5
-2
3
-3
2
-6
-3
-1
-2
1
0
-1
-3
-6
-1
-6
-12
-6
-13
-9
-5
-9
-14
-17
-15
-12
-11
-7
-7
-3
-2
-1
6
-3
7
5
5
13
12
6
4
3
2
-4
-3
-7
