SAMPLES:	23671
BITSPERSAMPLE:	16
CHANNELS:	1
SAMPLERATE:	16000
NORMALIZED:	FALSE
-6
-2
-2
-10
0
-11
2
-7
-4
0
-3
2
-2
6
-2
12
0
13
7
2
7
7
3
6
9
5
13
4
5
-1
6
-1
4
4
4
2
6
5
6
9
4
13
4
5
4
4
2
3
0
2
1
3
6
2
1
-1
5
0
10
6
10
7
4
7
3
9
6
7
6
13
9
5
5
5
0
-5
5
-6
1
-1
0
1
-1
0
-12
0
-6
-10
-15
-6
-10
-10
-9
-9
-4
-5
2
-4
-1
-6
-2
-9
-5
-11
-3
-7
-5
-4
-7
2
-17
-9
-10
-4
-5
-6
-10
-14
-11
-6
-9
-12
0
-6
-10
-10
-7
-9
-10
-8
-12
-11
-11
-13
-12
-13
-12
-6
-10
-6
-3
-1
4
3
2
0
4
0
2
3
12
6
5
9
10
7
9
9
-3
7
1
4
-3
5
3
3
1
6
8
3
17
15
9
12
11
8
9
10
8
2
4
0
-1
0
4
3
-2
3
3
3
6
4
10
12
5
6
-2
3
1
-3
-1
3
2
3
9
3
6
3
9
9
9
7
3
-7
-2
-2
-9
-4
-6
1
-2
2
-5
2
-2
0
1
-2
-5
-3
2
-6
2
-9
0
-1
3
-3
9
8
4
8
7
12
9
12
11
24
16
15
14
13
7
3
7
6
3
6
15
6
6
6
7
1
2
3
5
-1
0
3
-10
-4
-4
-1
-7
10
0
3
4
-5
-2
-4
2
-3
8
-2
2
-3
4
4
9
6
11
7
-3
9
-6
-7
-16
-1
-18
-13
-9
-12
-10
-2
-2
-8
-7
-9
-9
-14
0
-12
2
-1
3
0
-2
3
-6
0
-4
-2
-18
-13
-8
-10
-11
-7
-4
-11
-7
-6
-8
-11
-6
-1
-8
-3
4
1
0
0
4
6
-4
4
-1
1
0
-5
-1
-9
1
-7
3
-7
-4
-5
-5
-4
-11
-1
0
2
-3
7
-7
4
3
8
3
8
8
3
9
8
7
1
4
-3
3
-1
0
-5
6
1
3
4
6
9
5
19
13
14
16
16
16
24
29
28
23
28
26
22
23
20
16
11
12
12
7
7
6
-2
-10
3
4
-4
0
7
4
3
12
10
6
13
14
1
8
11
8
6
12
6
1
3
-9
-11
-9
-4
-14
-5
-6
-9
-6
-6
-7
-3
2
9
4
4
10
11
10
8
15
16
16
19
17
16
10
2
12
4
2
6
5
13
4
4
3
2
3
10
5
12
7
12
10
15
22
14
18
14
15
17
18
15
19
16
12
9
12
2
7
7
1
0
-2
5
-10
-3
-4
-8
-13
-7
-9
-4
-9
-3
-4
-6
-1
-1
4
-6
1
-9
-3
-9
-10
-16
-22
-25
-25
-29
-29
-19
-29
-21
-28
-27
-36
-34
-31
-32
-18
-23
-16
-20
-16
-16
-12
-11
-15
-17
-18
-16
-25
-16
-19
-20
-25
-25
-25
-29
-29
-29
-29
-29
-23
-21
-25
-25
-20
-23
-22
-23
-17
-18
-9
-12
-13
-8
-15
-13
-15
-12
-13
-9
-12
-10
-10
-8
-6
-1
-1
4
6
7
9
7
7
-3
6
3
7
8
7
9
6
1
0
4
-1
2
-2
4
0
0
12
7
15
9
11
10
6
12
7
11
6
14
6
14
9
9
13
7
10
10
9
8
12
6
10
4
6
6
9
4
9
14
10
8
10
12
7
13
9
5
0
7
-3
8
-1
-2
3
-3
-1
-7
-7
-12
-6
-10
-6
-10
-10
-5
-15
-10
-10
-16
-9
-3
-2
3
4
6
0
-3
4
1
0
0
-4
-9
-15
-27
-27
-28
-33
-30
-27
-25
-26
-25
-24
-18
-20
-14
-10
-1
-4
-3
2
-8
0
0
5
3
5
6
3
4
3
0
-7
-2
0
-6
-7
-5
-6
-5
-6
-6
-7
-3
-6
-3
-2
-4
7
1
6
13
8
10
20
12
3
4
3
-6
-7
-4
-2
-7
-7
1
-6
-5
1
1
0
6
4
4
2
10
3
4
13
10
11
19
19
16
21
9
18
13
14
10
18
10
10
6
9
9
3
15
0
8
7
16
7
18
19
18
26
28
25
32
38
31
35
36
38
31
34
32
41
35
29
36
28
23
22
22
22
23
21
16
21
20
22
20
21
16
13
18
16
18
14
11
7
9
-5
-4
-6
-7
-12
-11
-12
-16
-18
-12
-7
-8
-8
-8
2
-6
-3
-5
-4
-13
-5
-12
-13
-3
-6
-10
-13
-12
-20
-17
-21
-18
-24
-20
-21
-18
-16
-11
-14
-13
-13
-16
-12
-12
-10
-12
-8
-9
-10
-14
-8
-8
-16
-12
-18
-21
-14
-13
-13
-17
-13
-13
-10
-10
-2
-2
-2
-2
0
2
1
3
1
2
4
7
6
12
1
6
1
2
-3
0
-3
-6
1
-6
-1
-7
-2
-4
2
-8
-2
-4
-13
-9
-6
-1
3
8
11
10
0
8
10
3
14
9
3
7
4
-2
-2
0
-5
-6
-5
-9
-17
-13
-16
-14
-11
-9
-12
-6
-10
-10
0
-5
7
8
6
12
14
7
7
3
-2
0
0
-2
-6
-6
-4
-8
-8
-7
-16
-12
-4
-4
-6
7
7
4
8
5
8
12
15
16
16
16
12
7
10
9
11
10
13
10
1
1
4
3
5
6
8
7
3
7
6
7
3
9
3
3
4
1
-3
0
-4
-3
-1
-3
4
-9
3
-11
-9
-9
-6
-7
-8
-2
-10
-7
-15
-9
-9
-11
-12
-4
-12
-9
-15
-7
-8
-3
-6
-5
-5
-16
0
-15
-9
-10
-8
-11
-14
-16
-24
-21
-25
-18
-25
-23
-22
-18
-23
-19
-15
-14
-7
-12
0
-9
-1
-9
-3
2
-7
-2
3
-1
-8
1
-14
-5
-8
-4
-10
-3
-5
-5
-3
-3
6
-1
4
4
15
3
12
14
13
10
17
13
10
13
10
10
7
18
5
5
4
16
11
7
14
9
7
8
14
8
13
19
19
16
19
19
11
7
9
4
3
3
3
4
0
4
1
0
1
-4
4
-3
6
3
-3
0
0
-4
0
9
3
3
1
6
-4
-4
-5
-1
-6
-6
-8
-2
4
0
5
-6
6
1
6
10
12
6
10
10
9
10
9
10
0
6
3
8
-3
6
7
6
7
0
3
-4
-9
-14
-9
-12
-10
-10
-11
-18
-14
-14
-16
-17
-16
-12
-14
-11
-13
-4
-12
-4
-1
-10
-6
-6
-8
-14
-7
-7
-8
-7
-10
-13
-19
-12
-15
-19
-11
-8
-7
-7
-6
-3
-6
0
1
1
12
14
12
9
16
4
10
10
7
8
11
9
1
12
13
7
4
9
5
6
6
15
10
16
22
22
20
24
24
24
24
24
21
13
21
16
19
6
13
11
13
13
15
10
13
16
11
11
11
13
4
9
3
13
7
15
8
12
11
8
12
9
10
4
9
7
12
5
10
8
13
5
17
11
11
13
8
10
5
7
-2
-3
-6
-4
-7
-4
-4
-7
-6
-5
-3
-12
-3
-9
-5
-7
-8
-1
-10
1
0
5
1
6
-2
-6
-6
-11
-12
-13
-7
-12
-1
-5
-8
-13
-3
-13
-10
-9
-9
-9
-14
-7
-10
-9
-16
-11
-19
-12
-12
-12
-11
-11
-9
-4
-7
-7
-1
-5
-3
-7
2
-8
-5
-3
2
-3
-8
-6
-3
-3
-7
7
2
0
2
3
6
16
17
16
13
17
14
9
19
15
13
11
10
10
3
7
-4
-7
-7
-5
-6
-9
-9
-12
-10
-12
-2
-9
1
-6
1
5
6
9
11
15
7
6
8
7
3
13
6
12
-2
0
-7
-7
-9
-7
-14
-18
-13
-18
-12
-10
-6
-19
-9
-12
-14
-14
-7
-9
-15
-10
-11
-16
-10
-12
-15
-15
-21
-18
-18
-14
-17
-13
-13
-13
-17
-17
-15
-13
-13
-11
-9
-9
-14
-13
-13
-5
-5
-6
-4
-1
-1
-6
1
-4
-2
-10
-12
-11
-14
-13
-6
-3
-1
-5
-8
-9
-12
-6
-14
-10
-12
-7
-3
-2
1
0
5
8
13
10
6
10
4
10
13
13
12
15
15
13
17
13
16
8
9
3
17
10
2
12
13
15
8
10
10
12
6
12
8
8
0
2
-6
-2
3
-6
2
-1
2
-7
3
5
3
0
13
13
7
9
9
3
8
14
10
10
5
8
-8
-1
-2
-1
-5
-7
-1
-6
6
3
3
6
14
4
9
12
11
11
6
12
5
10
12
10
5
7
9
-1
6
4
-1
-5
-5
-7
-8
-1
1
-5
-6
-4
-6
-3
-2
1
-6
-6
-9
0
4
1
7
3
4
6
-1
3
6
1
6
5
8
-1
1
6
2
2
0
-1
-3
0
-1
4
3
6
3
10
11
12
16
14
12
15
9
0
9
1
5
1
6
-2
-4
-3
-12
0
-9
-2
-7
-6
-8
-12
-5
-10
-4
-10
-8
-9
-9
-7
-6
-3
-2
-8
-9
-14
-19
-19
-26
-23
-29
-22
-26
-31
-35
-31
-34
-31
-30
-25
-21
-28
-19
-13
-14
-16
-4
-7
-1
-3
-2
6
-3
-2
-4
0
-6
-3
-7
-11
-7
-13
-10
-14
-9
-10
-6
-9
-6
-6
-12
-9
-1
-4
-7
6
4
5
7
6
-1
6
3
10
7
4
14
9
15
12
9
10
13
13
10
7
15
9
13
13
13
12
8
16
5
14
10
15
10
8
9
9
6
1
7
6
6
4
3
0
7
1
2
3
3
1
3
6
6
8
7
13
10
11
14
18
19
17
12
17
14
15
13
10
13
13
14
7
11
16
12
7
10
7
16
9
16
16
14
16
16
18
14
22
20
19
14
19
17
17
8
8
6
3
7
4
3
0
0
-2
-3
-3
0
4
8
6
9
11
7
12
6
3
-2
-5
-13
-9
-6
-10
-7
-8
-3
-13
-3
-3
-3
0
-3
-1
-4
3
-8
-7
-4
-1
0
3
1
0
-2
-2
-3
-6
-4
-9
-6
-16
-8
-3
-9
-15
-14
-13
-11
-16
-17
-4
-18
-10
-9
-7
0
-12
-12
-15
-21
-22
-26
-22
-16
-19
-20
-20
-12
-19
-17
-18
-14
-14
-15
-13
-15
-13
-16
-8
-15
-13
-13
-12
-16
-12
-12
-11
-9
-10
-2
-10
0
-8
-5
-1
-12
-4
-11
-3
-14
-15
-10
-12
-15
-19
-17
-16
-4
-3
-3
-1
-2
0
6
-2
7
4
6
3
2
0
-6
-4
-10
-6
-8
-10
-13
-13
-23
-15
-19
-20
-14
-10
-10
-4
-2
-9
-1
-2
0
1
7
4
2
0
4
-1
-1
1
-10
-9
-14
-15
-18
-19
-23
-21
-10
-13
-9
-10
-5
-10
-6
3
0
2
7
15
9
16
14
16
14
10
13
12
12
19
22
16
17
17
18
14
21
17
18
18
16
11
11
16
15
21
16
26
22
29
29
28
34
34
33
26
26
30
28
22
28
27
22
21
22
25
21
19
22
13
19
22
26
23
25
29
20
25
23
21
19
14
20
12
13
17
13
20
9
19
15
10
9
1
6
-3
6
-5
2
-2
-3
-4
-4
-6
-3
1
-2
-3
-2
1
-9
-1
-2
-4
-6
-1
-3
0
-5
0
-7
-6
-5
-7
-6
-8
1
-6
-2
-2
2
-1
-3
3
-7
-4
-4
-6
-10
-10
-2
-9
-11
-19
-17
-13
-13
-12
-8
-12
-8
-7
-10
-9
-5
-5
-12
-1
-12
-4
1
3
6
4
-2
0
0
-5
-3
-2
-1
-7
-4
-9
-3
-9
-3
-3
1
-9
-5
-1
-13
-10
-6
-1
-7
2
-1
-4
-6
-1
-2
-1
-2
-1
0
-2
1
0
-2
-6
-4
-3
-5
-9
-9
-2
-13
-8
3
-7
-5
1
9
-3
8
11
6
5
14
10
9
6
4
5
0
9
-3
3
-5
3
-9
1
3
-1
3
1
2
1
5
5
12
6
16
16
16
11
9
5
12
12
11
11
6
6
3
8
3
4
1
4
6
2
4
2
-3
0
0
1
2
0
6
3
5
3
-7
-3
-5
-8
-20
-15
-15
-13
-10
-15
-13
-21
-14
-19
-12
-12
-11
-11
-10
-1
1
1
0
0
4
0
-2
-1
-3
1
-10
-4
-12
-15
-14
-15
-16
-12
-13
-15
-9
-12
-14
-15
-10
-15
-18
-14
-5
-13
-7
-4
-10
-10
-4
-10
-7
0
-5
0
-7
-2
-5
1
-12
-6
-10
-8
0
-3
-2
-4
2
0
-4
-6
0
-8
0
-1
2
0
2
7
7
3
3
8
-3
-2
-9
-6
-9
-4
-6
-4
2
-4
-3
-3
-5
-4
7
-1
9
6
6
9
6
13
10
11
6
16
9
9
17
13
10
12
6
2
10
5
0
-4
5
-3
-3
-3
0
-3
1
3
2
4
7
15
8
14
11
12
3
8
0
-9
-8
-7
-8
-10
-6
-10
-15
-13
-8
-15
-11
-9
-10
-13
-7
-12
-16
-8
-13
-4
-9
-6
-8
-3
-2
-4
-3
-9
1
-6
-1
-4
-2
-4
-6
-3
-2
-5
-9
-3
-8
-7
-6
-3
-4
-2
-3
-3
-8
-7
-7
-1
-3
-11
-4
1
4
3
9
4
6
7
9
12
7
15
16
14
13
16
8
14
13
18
12
13
22
20
21
19
23
13
14
7
15
13
10
13
9
3
3
4
-1
3
4
7
-2
0
-3
-7
-8
-4
4
0
7
4
2
5
7
4
4
6
7
12
9
11
7
11
8
9
8
7
8
0
8
9
3
0
8
-1
1
-3
0
6
1
4
-2
-4
-6
-5
-6
-16
-12
-8
-18
-7
-9
-11
-10
-6
-5
-9
0
-1
2
0
10
7
4
15
6
8
6
5
5
3
11
3
3
1
0
-1
-6
-3
-7
-10
-9
-4
-7
-1
-2
-1
-3
-6
-5
-4
3
-2
-3
-4
-3
0
-1
-7
-3
-4
-5
-3
-3
-5
-5
-5
-9
-4
-9
-4
-6
-6
-4
-7
-6
-4
0
-2
4
1
5
3
9
6
6
1
-7
-5
-9
-13
-16
-14
-16
-12
-15
-10
-14
-19
-19
-22
-19
-20
-19
-13
-6
-19
-6
-6
-3
-5
0
5
-1
9
3
9
-1
8
7
10
6
6
0
0
5
6
10
6
15
10
23
13
22
23
21
25
24
28
26
32
26
26
25
25
20
21
17
20
13
15
16
15
22
10
11
4
-1
-4
-3
-3
-2
3
3
3
4
10
7
8
9
7
0
-3
3
0
5
4
-3
-9
-6
-11
-2
-7
-12
-7
-15
-14
-11
-9
-8
3
-3
3
-5
-6
-4
-7
-1
-7
-2
-10
-8
-12
-8
-10
-9
-10
-12
-9
-12
-3
-4
-7
-4
3
-1
-3
1
3
-6
5
0
-10
-3
-6
0
-7
-7
-7
-12
-7
-8
-4
-12
-16
-15
-9
-15
-8
-5
-10
0
-3
2
1
-1
1
3
-2
-3
0
4
4
5
7
7
2
-4
-5
-9
-6
-9
-8
-15
-10
-7
-12
-6
-10
-6
-3
-1
1
-1
-1
3
2
9
7
6
5
7
0
0
3
-4
-10
-13
-9
-15
-13
-18
-16
-13
-20
-17
-17
-10
-5
-7
-1
-1
0
4
3
7
6
9
9
11
4
6
0
-5
-7
-8
-7
-15
-13
-9
-8
-6
-14
-13
-8
-8
-6
-13
-2
-7
3
8
9
12
9
21
15
24
16
18
7
10
8
9
8
4
12
1
8
-2
-2
-3
-1
-2
6
4
8
8
4
19
15
20
22
21
19
27
25
24
20
19
18
15
13
9
8
4
11
3
5
-4
-2
-1
-9
-3
-12
-4
-9
-3
-4
-6
-8
-8
-8
-8
-4
-9
-10
-16
-12
-19
-17
-18
-21
-19
-22
-25
-28
-25
-22
-25
-32
-24
-29
-25
-23
-24
-26
-22
-21
-20
-19
-22
-19
-26
-20
-23
-13
-22
-26
-27
-22
-18
-22
-19
-16
-12
-16
-6
-10
-7
-5
-4
4
5
11
9
15
14
19
17
19
19
17
21
16
19
20
18
18
12
17
15
10
15
8
12
9
21
15
19
25
20
23
23
31
22
32
30
29
27
31
25
14
20
15
16
13
16
14
10
15
13
10
13
16
6
14
14
9
15
16
13
12
16
10
12
9
6
10
7
7
4
2
1
-4
0
-6
-11
-6
-7
-8
-12
-3
-8
-4
-6
-3
3
-2
8
0
7
11
13
13
5
8
0
1
2
-1
-3
-3
-3
-3
-3
-12
-6
-2
-13
-11
-7
-6
-9
-9
-6
-3
-8
-9
-8
-8
-7
-4
-3
-2
0
-5
-6
-6
-6
-10
-6
-8
-9
-13
-14
-6
-15
-15
-10
-9
-14
-6
-2
3
1
2
2
-1
0
0
-3
-6
1
-3
2
-7
-1
-7
-5
0
-4
-3
-3
-1
-2
1
-7
0
-2
2
2
12
12
10
15
13
15
13
16
7
12
7
11
8
9
4
-3
4
0
0
-2
4
-6
0
-5
-7
-9
-7
-2
-8
0
-10
-3
-7
1
-2
-1
-6
-10
-5
-16
-7
-15
-9
-11
-12
-10
-8
-10
-12
-11
-16
-10
-10
-2
-11
-3
1
6
1
9
10
7
7
2
10
0
2
4
1
-8
-2
-3
-2
-5
1
-8
-10
-3
-6
-9
-11
3
-1
-1
-9
-3
0
-2
-1
-6
-9
-8
-4
-2
-7
-4
-6
-12
-7
-16
-10
-9
-16
-11
-20
-11
-14
-16
-10
-18
-9
-11
-6
-11
-5
-4
0
-1
0
-2
-7
-6
-8
-1
-10
1
-13
-5
-9
-4
-11
-4
-8
-8
-3
-9
-8
-12
-5
-10
1
-3
8
-2
7
2
5
10
10
16
13
26
17
20
13
13
4
11
15
9
9
11
10
7
16
15
12
16
23
18
20
22
21
17
17
19
15
12
9
16
10
2
6
3
5
7
11
8
9
8
3
4
8
7
4
14
5
7
7
10
13
8
12
7
4
13
5
1
3
-2
2
-18
-1
-10
-14
-6
-12
0
-9
-9
-5
-14
-9
-3
1
-4
-3
6
1
2
4
6
4
1
-7
4
-6
0
-1
-2
4
0
11
1
12
13
12
9
11
4
4
0
10
-3
5
5
4
7
2
7
-2
8
0
5
-3
3
-3
1
-3
-3
-2
2
1
-7
0
-5
0
-7
9
1
-1
-1
0
-4
-7
-3
-5
-5
-3
-4
-13
-3
-7
-1
-6
-7
-2
-10
-7
-11
-6
-13
-5
-5
-4
-3
-7
3
0
2
0
6
6
10
4
7
2
-3
-2
-9
-2
-6
-1
-6
-2
-2
0
-5
-2
-3
-7
-10
-12
-9
-9
-3
-3
-6
-7
-4
-6
-1
-4
-7
-7
-6
-13
-12
-8
-14
-10
-13
-9
-11
-8
-6
-7
-5
-8
-4
-1
-7
-4
-3
-10
1
1
0
1
-1
1
-6
-4
-3
-1
-3
-1
-6
-9
-2
0
2
-6
6
-4
-6
-14
-7
-7
-9
2
-3
-3
1
5
3
9
11
16
11
17
8
12
6
9
6
5
3
0
10
1
7
-6
2
-4
-3
-1
-1
-2
-1
3
-1
-1
-4
4
-2
2
0
5
4
-2
-2
0
-1
-5
0
-4
-4
1
5
-2
-1
-4
0
1
-3
8
9
7
9
5
4
8
8
2
7
10
10
6
-3
-3
-1
-7
0
3
3
0
2
7
-1
4
-2
0
7
6
7
10
8
12
12
14
15
13
20
17
16
16
15
10
13
9
7
1
4
0
-7
-4
-2
-4
-7
-4
-2
3
-3
9
4
7
1
9
5
5
12
6
2
-5
-1
-12
-10
-9
-7
-15
-5
-15
-19
-21
-14
-18
-18
-13
-21
-11
-17
-7
-10
-5
-13
-6
-6
-6
-9
-10
-9
-16
-13
-18
-14
-25
-17
-19
-17
-21
-16
-11
-16
-9
-7
-10
-12
-5
-10
-4
-3
0
-3
-6
-4
-10
0
-2
-1
-1
0
-4
1
-1
-7
5
-2
6
4
4
4
4
-4
-5
-3
0
-4
0
4
-6
2
-2
0
3
5
4
6
3
8
2
-1
3
1
3
-2
2
5
6
-1
8
3
8
10
13
9
7
16
9
12
9
13
9
12
11
9
8
6
5
3
3
6
7
-2
7
6
6
12
15
20
12
16
17
16
15
15
21
23
21
19
28
26
25
26
27
20
22
17
9
8
9
12
7
14
7
8
6
9
12
12
6
15
8
16
23
17
22
13
11
7
16
3
11
4
4
1
-4
0
-6
0
-4
-2
-7
2
1
8
4
8
11
7
10
10
15
10
12
9
15
10
10
7
0
1
1
4
-2
-3
-9
-11
-7
-9
-10
-12
-14
-17
-13
-12
-12
-15
-13
-15
-15
-9
-10
-11
-16
-10
-9
-10
-10
-6
-18
-21
-18
-21
-29
-32
-23
-29
-26
-22
-24
-31
-26
-23
-17
-16
-12
-13
-14
-6
-6
-5
-7
3
5
5
4
3
-7
-10
-12
-13
-13
-18
-16
-22
-17
-22
-12
-16
-16
-7
-16
-6
-4
5
9
9
17
9
16
19
19
15
19
20
20
22
20
14
6
13
9
14
8
9
-1
3
-1
-7
-6
-4
-4
-3
3
0
4
1
4
-4
-1
-8
-3
-6
-9
-9
-12
-8
-17
-3
-14
-11
-8
-12
-9
-9
-3
-10
-5
-10
-6
-4
-3
-1
-8
-6
-5
-4
-2
1
-2
-5
-7
-3
-13
-13
-10
-17
-13
-14
-14
-19
-18
-19
-20
-26
-20
-20
-12
-12
-9
0
-7
-3
-3
3
0
2
3
0
-2
-3
1
-1
-3
-3
-4
-3
-1
0
2
-6
0
4
3
3
2
2
1
10
4
10
11
13
13
10
15
6
10
-4
7
4
7
9
4
3
5
9
-3
12
6
8
9
16
20
21
17
18
19
23
22
19
22
19
18
14
18
12
18
7
22
16
7
12
9
10
9
18
15
19
12
21
11
9
17
13
11
10
9
3
9
13
11
5
3
7
6
7
4
4
0
-4
1
4
-2
0
3
4
3
4
6
3
5
-3
4
2
3
2
3
3
-8
0
-2
-8
-8
1
-7
-2
-2
-1
0
-2
-3
-1
0
1
5
0
2
4
6
0
4
0
-2
1
4
6
5
6
4
-1
-1
3
-2
-2
-4
-6
0
-6
-9
0
-4
-3
-9
-6
-3
-5
1
-6
-4
-5
-8
-5
-4
-7
-4
-13
-10
-17
-19
-30
-25
-27
-34
-26
-31
-22
-30
-22
-28
-20
-24
-19
-19
-16
-18
-19
-10
-13
-4
-9
-4
-17
-4
-12
-7
-6
-11
-12
-13
-8
-14
-10
-19
-18
-21
-22
-26
-21
-20
-21
-11
-9
-1
-2
2
3
6
7
6
6
10
10
7
9
2
7
5
9
3
9
12
12
11
11
19
11
13
14
15
6
13
16
17
16
19
14
16
20
21
25
19
30
22
26
21
26
22
13
18
16
13
6
6
5
12
11
12
12
12
13
18
12
11
15
20
22
19
23
22
18
15
17
7
13
13
12
17
16
23
12
13
13
9
12
9
22
11
6
4
9
5
0
3
4
0
-1
6
1
2
0
6
-1
6
-1
0
-4
-4
-1
-6
-8
-9
-4
-7
-5
-10
-8
-18
-11
-8
-13
-15
-14
-11
-16
-17
-13
-9
-13
-8
-7
-11
-14
-16
-16
-18
-18
-19
-15
-12
-13
-9
-10
-8
-13
-10
-9
-12
-10
-8
-9
-13
-13
-15
-19
-16
-20
-22
-16
-24
-15
-15
-18
-11
-15
-13
-6
-8
-9
-6
-3
-5
-4
-3
-1
-2
-9
-9
-10
-5
-13
-13
-15
-15
-22
-23
-19
-27
-29
-24
-16
-22
-24
-18
-15
-22
-19
-13
-13
-7
-1
4
7
7
15
14
15
19
19
13
9
14
6
8
10
10
4
4
13
0
6
6
0
8
8
7
10
9
9
0
10
9
9
14
6
9
6
10
6
10
4
1
4
7
2
10
8
5
9
6
15
5
13
11
16
13
12
19
10
15
13
18
17
21
17
16
11
12
6
4
6
1
5
-4
0
-11
0
-1
-5
-7
-6
-1
-1
6
-1
3
4
12
9
11
6
11
9
14
16
19
15
7
14
7
10
1
6
3
-1
-2
-2
-2
0
1
-5
-4
-6
-7
-12
-6
-10
-10
-8
-1
-1
1
4
3
3
5
2
-3
2
2
-6
-6
-3
-5
-4
-1
-6
-1
-2
1
-1
-3
1
0
8
5
11
3
13
10
10
8
2
12
4
8
6
10
4
7
8
8
8
8
0
3
2
3
2
-8
-4
-8
3
-5
5
3
2
3
6
1
-1
7
-4
-3
-5
-4
-9
-3
-7
-1
-4
2
7
-1
3
0
-1
-7
-2
-8
-5
-5
-4
-6
-9
-9
-14
-12
-12
-12
-19
-6
-16
-18
-19
-20
-17
-20
-18
-22
-18
-19
-16
-23
-13
-11
-9
-3
-9
-8
-9
-16
-11
-3
-6
-6
-10
-5
-6
-3
-12
-12
-8
-11
-7
-6
-8
-13
-3
-3
-3
-3
-2
-7
-8
-10
-9
-7
-8
-7
-9
-9
-15
-13
-16
-17
-19
-15
-16
-13
-16
-13
-17
-18
-15
-11
-11
-10
-7
-12
-2
-6
-6
-3
-6
-1
-2
-2
3
-3
0
2
-3
-3
-8
-5
-12
-6
-10
-10
-6
-13
-8
-12
-10
-4
-3
-3
4
0
6
4
0
9
13
11
15
14
10
12
6
15
7
14
14
10
15
8
15
12
18
18
19
13
19
14
10
13
15
19
17
22
16
24
13
22
17
15
16
16
16
8
19
9
10
7
12
7
10
9
9
9
7
10
13
14
12
20
17
25
25
25
24
22
20
20
22
22
18
21
25
15
16
14
14
17
20
14
13
15
12
13
10
10
13
6
3
0
-1
1
0
-3
-1
-4
-5
2
1
-4
-1
0
0
-3
0
4
-7
3
-2
3
-3
1
-1
0
3
3
7
-1
8
-1
6
0
6
0
2
-3
-1
0
-4
-1
-7
0
-9
-1
-10
2
0
7
4
3
4
1
3
-2
3
1
9
6
13
13
8
4
3
-2
-1
-4
-13
-2
-3
-2
-6
-7
-5
-3
-3
1
3
-3
-1
0
-2
-2
-1
-4
-3
0
1
-1
-3
-4
-7
-9
-13
-12
-15
-16
-18
-19
-17
-20
-17
-22
-20
-16
-16
-18
-18
-14
-10
-10
-6
-7
-13
-7
-5
-4
-12
-9
-16
-20
-17
-13
-19
-18
-12
-23
-21
-19
-20
-24
-23
-21
-23
-19
-15
-14
-7
-9
-5
-6
0
-3
-4
-4
-5
-5
-7
-5
-11
-5
-8
-2
-7
-7
-4
-7
-6
-3
-7
-7
-6
-12
-6
-8
-2
-7
-3
-8
-4
1
2
4
6
3
-3
4
-2
1
4
5
0
2
-6
-1
0
-4
-6
-11
-9
-18
-14
-13
-9
-7
-10
-9
-8
-3
-5
-1
0
-9
-4
-3
-5
-1
-9
-10
-6
-9
-10
-10
-4
-12
-7
-11
-9
-17
-14
-9
-9
-4
-8
0
-8
0
-6
-4
-8
-1
-3
0
-1
-7
3
-4
2
0
3
0
-2
-6
3
0
3
9
4
7
6
9
10
16
15
16
15
19
19
19
19
23
20
16
20
15
18
22
18
20
26
26
26
21
18
14
16
16
12
18
11
12
11
11
15
6
11
7
9
2
3
9
3
2
-3
2
1
6
3
2
-1
7
3
2
9
9
4
6
5
4
1
3
5
2
12
1
10
2
2
1
1
2
8
12
7
9
3
10
0
4
0
0
-1
-2
0
0
3
4
7
4
13
11
10
13
9
12
6
-3
6
0
-3
-3
-2
-2
-6
-1
-6
-3
0
-1
-1
-4
-1
1
3
-2
-2
-2
-4
-3
2
-3
-4
-5
-3
3
-4
5
4
5
4
6
9
7
9
10
16
14
16
18
22
16
16
10
11
12
13
12
2
9
4
0
1
3
3
3
2
2
7
2
3
3
4
5
3
12
7
11
13
5
11
4
7
1
-8
-10
-9
-10
-7
-8
-9
-13
-11
-13
-17
-14
-22
-14
-17
-14
-13
-10
-11
-11
-11
-12
-9
-8
-8
-9
-3
-8
-8
-9
-5
-13
-12
-15
-18
-19
-25
-18
-21
-18
-18
-6
-8
-5
0
2
-1
5
10
7
11
2
10
0
-6
-3
3
8
3
10
5
0
1
4
0
4
1
3
8
5
8
11
9
3
7
10
12
14
16
15
19
21
15
12
10
5
4
1
-8
-7
-5
-3
-18
-10
-7
-15
-5
-6
-4
0
1
-12
1
6
-8
-6
7
3
-12
3
2
-8
4
-3
12
0
-9
-3
-19
-7
-25
-14
-9
-32
-20
-14
-15
-10
-10
-9
-7
-4
-4
2
6
6
5
19
9
6
17
13
14
10
19
10
9
5
11
7
9
2
6
10
-1
0
3
8
-5
5
6
3
-2
13
9
7
13
16
18
18
21
17
25
12
11
10
9
-4
3
0
-7
-2
-6
1
-3
4
-8
-3
-4
-9
-6
-2
-5
-8
1
-4
-3
-7
-4
-3
-1
-3
-5
0
-12
-16
-11
-16
-24
-21
-19
-19
-17
-17
-22
-20
-22
-19
-20
-22
-23
-29
-18
-22
-25
-22
-15
-17
-18
-17
-23
-26
-25
-19
-20
-16
-21
-20
-10
-19
-16
-13
-12
-16
-14
-6
-10
-16
-10
-5
-5
-2
-1
4
-2
-3
1
3
-4
-6
1
1
0
7
0
-1
7
2
7
6
-3
3
3
9
3
4
12
7
12
13
11
8
12
5
14
13
17
20
19
15
19
18
11
18
10
11
8
12
4
8
8
16
12
15
19
13
22
22
21
15
25
17
16
12
11
6
7
12
-3
12
8
6
6
13
9
4
10
9
7
8
12
6
10
4
9
6
7
7
13
12
4
9
3
7
1
0
-1
6
-1
-3
3
-2
4
1
-1
0
3
3
3
3
3
3
3
3
4
3
7
0
-6
1
-6
-8
-6
-10
-9
-6
-6
-5
0
3
-3
-4
1
3
-1
3
7
-2
2
3
3
4
0
2
3
3
1
0
-5
-10
-9
-12
-13
-20
-12
-7
-5
-6
-7
-12
-10
-7
-8
3
-2
3
4
5
2
3
-1
1
-2
0
-1
-10
-7
-9
-6
-6
-3
-5
-6
-6
-1
-3
4
2
-3
1
-9
-4
-5
-5
0
0
-7
6
7
6
12
10
6
3
4
0
2
2
0
1
3
1
3
7
1
0
1
5
1
5
6
10
6
4
7
-1
9
7
6
5
4
6
-3
-8
-8
-6
-9
-7
-7
-11
-4
-4
-4
-3
-6
2
-1
6
5
6
11
10
18
15
10
10
15
10
8
-1
0
3
-1
-6
-12
-10
-13
-12
-12
-14
-12
-3
0
-5
-6
1
-1
4
3
7
9
3
1
3
5
-2
-2
-5
-9
-11
-2
-13
-12
-12
-12
-17
-13
-9
-18
-9
-8
2
0
-3
4
0
-7
0
-6
-1
-4
-6
-5
1
4
1
11
-7
0
-9
-7
-7
-17
-14
-18
-12
-13
-9
-18
-6
-5
-1
-4
0
2
-3
0
-6
5
-5
-1
-1
3
0
0
1
-3
-2
-5
-3
-3
2
-5
2
-3
-3
1
-2
-7
0
0
-1
4
3
9
7
10
6
13
16
12
13
9
0
8
3
6
11
7
11
5
12
6
-3
9
2
4
4
-1
3
-1
1
6
9
11
18
12
15
12
7
5
0
-4
-9
0
0
7
17
12
20
20
10
8
0
8
-13
-6
-9
-18
-7
-13
9
4
12
9
7
7
-6
-11
-10
-29
-12
-20
-7
1
2
30
8
26
19
7
8
-4
-24
-22
-68
-34
-35
-25
14
-5
70
34
40
58
-10
49
-16
-13
17
-54
40
-31
39
44
18
80
13
40
1
-54
-32
-95
-72
-68
-92
-22
-66
5
3
7
24
19
7
1
-50
-15
-55
-57
-22
-55
28
-20
34
20
12
16
-23
-42
-46
-90
-58
-90
-61
-45
-33
18
-8
50
28
46
22
14
-3
-22
-34
-24
-33
-4
5
17
35
33
34
20
15
-4
-17
-41
-31
-51
-14
-24
11
29
46
67
49
66
44
25
26
-8
-9
-15
-26
4
-19
30
17
27
39
17
20
0
-16
-10
-33
-21
-10
-13
33
10
62
51
46
67
23
22
0
-21
-9
-47
-25
-25
-32
12
-20
28
10
9
20
-8
20
-6
-14
3
-4
16
11
25
45
39
51
33
36
19
-1
-21
-31
-34
-45
-35
-31
-11
-9
0
10
9
25
10
20
8
-5
7
4
10
12
27
35
36
33
31
22
13
-7
-24
-29
-41
-44
-51
-44
-23
-26
-12
-4
10
29
-3
15
-5
10
-3
-23
22
-10
33
16
22
42
8
43
-6
7
-5
-46
4
-58
-36
-27
-29
24
-30
29
30
16
38
-9
32
20
-9
17
0
16
22
-2
47
11
18
48
-9
26
-16
-12
10
-55
12
-22
-6
14
-25
63
4
26
35
3
37
-19
19
0
-26
12
-16
-3
-22
-2
19
-6
-15
-7
6
-17
-32
-37
6
-28
-39
-4
-12
6
-28
2
16
-19
18
-26
-10
-17
-48
-4
-57
-29
-37
-15
-2
-42
5
13
-1
-6
2
5
2
-19
0
-9
-15
1
-16
-1
-3
-5
27
-21
0
6
7
-4
-56
12
-11
-23
-23
-10
32
-1
10
31
19
37
-7
28
14
-23
14
-12
-4
-13
15
30
4
3
29
15
12
-18
-3
6
-22
-19
-13
4
9
5
21
24
17
47
11
5
-4
5
-9
-42
-26
0
-16
-19
-9
10
15
-10
7
13
-1
-18
-11
-13
-20
-27
6
-9
-23
0
-5
5
-32
-34
8
-22
-14
-31
-21
19
-37
6
15
11
38
-4
47
22
1
56
-14
22
23
-10
38
-35
10
22
-28
22
-39
11
19
-59
25
-8
-2
31
-31
60
-3
13
71
-13
68
23
20
70
-18
49
22
-6
44
-54
45
-6
-38
32
-44
28
1
-17
49
-13
32
24
-31
60
-31
28
30
-28
73
-9
34
40
-29
66
-17
2
39
-71
43
-41
-32
13
-76
31
-15
-40
46
-30
30
21
-64
81
-35
-1
25
-76
64
-45
-16
55
-67
84
-15
-23
56
-83
40
-52
-62
19
-81
15
-17
-53
67
-27
28
34
-32
64
-40
-22
6
-81
24
-74
-31
29
-75
77
-32
20
48
-67
44
-64
-31
0
-107
47
-64
-25
52
-64
74
-38
-4
49
-88
16
-43
-91
45
-114
18
-16
-93
116
-71
66
45
-31
175
-53
46
94
-41
142
-76
74
112
-70
132
-26
59
83
-70
121
-12
-5
81
-59
83
-41
1
108
-75
59
18
33
88
-69
91
25
-29
15
-86
50
-63
-73
19
-80
15
-67
-35
19
-104
26
-43
-44
0
-95
47
-57
-59
34
-78
56
-61
-23
70
-85
49
-56
-25
11
-139
7
-90
-59
2
-79
55
-32
17
67
11
81
22
57
57
-4
7
-19
3
18
-21
41
41
59
47
-24
43
-27
-22
-60
-79
53
-16
63
127
173
313
195
303
276
180
223
20
70
-30
-102
-49
-171
-109
-101
-132
-65
-175
-149
-96
-273
-244
-320
-280
-191
-344
-129
-56
-16
161
53
301
225
102
189
-46
-2
-178
-236
-143
-314
-232
-205
-252
-175
-253
-175
-165
-262
-171
-189
-140
-56
4
222
312
426
585
570
639
618
589
522
434
370
312
141
94
143
30
95
-8
66
126
-128
56
49
150
243
90
473
434
256
23
35
99
-309
-836
-944
-488
-1094
-1365
-1319
-902
-536
-1658
-942
-435
-657
-512
-999
496
473
-107
961
1052
1692
1424
1375
2388
1417
1190
1454
590
404
-497
-323
-228
-1777
-1115
-855
-1087
-979
-1404
129
-129
-719
295
42
663
205
264
1080
155
594
588
148
473
142
530
251
-440
164
-265
-980
-940
-1314
-930
-1421
-1730
-507
-1218
-653
-326
-368
469
-530
432
425
-371
404
-138
470
117
-277
1070
299
723
916
906
1632
509
1050
1130
395
833
238
804
744
277
1337
818
1216
1390
1152
1623
833
1131
1271
422
787
470
335
-442
-1565
-1069
-2028
-2930
-3250
-2728
-2327
-3264
-3062
-1901
-1407
-2038
-1838
-431
34
-345
-333
1263
1916
1363
2215
3056
3497
2738
2612
3245
2010
800
642
-112
-1305
-2707
-2432
-2051
-3452
-3015
-1743
-1245
-1387
-1284
541
913
95
988
1452
1558
804
1081
2044
1112
1058
1434
1282
515
-48
387
-216
-1575
-1725
-1842
-2730
-4038
-4071
-2332
-2591
-2251
-546
63
1439
213
749
1499
-239
784
-890
247
153
-1100
1506
-52
1520
1857
1139
2529
497
1299
1073
-42
489
-572
870
552
299
1907
1897
2858
2945
3010
3892
3416
3035
2910
2273
2465
1418
1481
1049
293
794
-349
-775
-2496
-3816
-3977
-4938
-4909
-5799
-4648
-3560
-4067
-2892
-3148
-1251
-1065
-1452
222
246
1320
974
1413
3331
3372
3933
4319
3920
4255
2833
1940
1116
-753
-1309
-2890
-4019
-4505
-5141
-3905
-3888
-3436
-1814
-953
431
162
822
2088
1843
1921
1629
1586
1881
1087
1429
1608
1061
1164
619
247
-686
-1370
-1353
-2358
-3111
-2899
-2977
-2523
-2586
-1616
-242
-195
-99
99
1210
530
171
429
-446
-51
-989
-1121
-343
-750
185
85
782
584
124
516
-17
-55
400
260
260
1292
753
2344
2585
2649
3836
3604
3381
2668
2305
2192
1422
1325
1077
1146
1493
1049
1840
1916
2597
2286
2576
2120
1248
1487
392
-255
35
-887
-1183
-3573
-5211
-3307
-4386
-3792
-4768
-3154
-672
-3741
-3507
-2481
-2052
-1251
-4389
-1215
689
-1675
260
91
4082
4142
2211
5659
4218
2929
2829
730
1771
-1571
-2297
-637
-4310
-3643
-3515
-2324
-1812
-4085
-956
-30
-2239
-1499
-1468
702
-486
-1455
1448
490
624
1246
2188
3177
1264
1936
2846
134
-228
-613
-204
-1310
-3411
-1490
-1646
-2433
-2016
-1064
493
-240
-148
792
7
-342
-728
-238
-987
-1919
-1046
-793
-535
-31
1172
2054
1638
1535
1708
1449
413
72
348
304
287
440
1565
1738
2759
3620
3827
4036
3288
3221
2652
1545
1105
962
964
751
645
1173
1048
1759
1643
1663
1809
1308
1851
584
821
1192
649
1166
45
840
83
-3645
-4497
-4174
-4881
-6171
-7408
-5189
-2528
-5568
-4129
-2466
-1323
-723
-4386
695
964
-1628
374
-35
3655
2971
1022
5894
4275
3704
4528
2242
3522
-727
-999
4
-5280
-4582
-4339
-4505
-4041
-6718
-1708
-895
-3363
-759
-580
1984
-241
-755
2848
617
462
1843
2247
3213
920
3067
4368
998
1433
1123
1294
-814
-3186
-1232
-2041
-3745
-2658
-2181
-672
-1131
-480
936
-706
1089
1496
1132
918
-309
1634
115
-3424
-689
184
23
127
-471
3366
2192
-545
1453
409
1335
-197
-2204
2079
-933
907
2382
637
4722
2965
3781
3975
1863
3414
2247
700
74
-237
712
-1196
-610
683
1329
1728
1357
2802
2235
2203
1805
1765
1911
621
1021
1263
-37
756
539
-250
-4570
-5331
-4006
-6909
-6755
-9300
-4406
-2940
-7612
-3969
-3662
-769
-2282
-5467
2182
-855
-1517
108
-566
6072
1832
3326
8394
4447
6932
4501
3764
4311
-2493
728
-3054
-7851
-5367
-7958
-4972
-7165
-7461
-322
-3182
-2150
-93
842
3929
-536
2413
4365
654
2690
2726
4453
4332
1795
6033
4574
1409
2003
943
1605
-2628
-4161
-1623
-4425
-4475
-3911
-2382
-6
-1232
1547
2497
2068
3756
2975
2931
705
-679
275
-3099
-3527
-1589
-1210
162
-982
1602
3052
385
1129
509
522
-784
-2637
-393
-1185
-871
1392
2177
4250
4093
5311
6135
4236
3680
2660
1354
-565
-1808
-2134
-2294
-2237
-1140
466
1167
2212
3252
3306
2928
2762
2832
2486
1418
1294
1562
1170
259
637
1645
965
-1435
-4557
-5334
-6238
-8606
-9141
-9444
-6510
-5929
-7663
-4597
-3831
-1275
-1999
-3080
1376
-46
-366
118
772
5189
3495
4517
7803
6381
8006
5552
4409
4010
-318
-719
-4442
-7870
-7147
-8817
-7634
-7980
-6940
-2114
-2990
-1042
1025
2477
4185
2460
3933
4437
2283
3381
3445
3909
3879
2925
5332
3548
1595
1516
827
-236
-3460
-4762
-3942
-5524
-5941
-4967
-3056
-829
-760
1677
2867
3597
3890
2052
1577
30
-1762
-1228
-2943
-2225
883
-190
2072
1568
2396
3899
-186
1485
-474
-1010
-765
-3385
158
-81
593
3762
3724
5606
5761
4886
5155
3174
1965
219
-923
-1843
-2348
-1539
-921
295
1638
2874
3550
3941
3643
3165
2207
1841
449
175
260
-581
160
360
833
611
-2007
-5144
-5588
-6103
-7818
-8645
-8981
-5192
-5641
-6838
-4487
-3758
511
-3263
-2697
1857
-731
1055
-926
1693
6628
2852
5610
7111
6711
9091
3608
5076
3823
-869
-224
-6293
-7122
-6673
-9440
-6924
-8580
-6128
-1957
-3866
-90
359
2769
3934
1328
4314
3461
1713
2878
2227
3989
2890
1917
5186
2554
1904
1176
756
483
-3767
-4068
-3180
-5081
-5101
-4965
-2488
-397
-997
1794
2086
3229
2978
1523
1348
-1332
-1843
-1690
-3349
-1749
-23
811
2557
1555
3692
3806
1421
1472
-246
-315
-1127
-2461
-241
-375
1311
3703
3627
5369
5055
5239
4634
2047
852
-83
-1633
-3026
-3265
-1637
-696
345
1931
3243
4861
3890
4094
3580
2815
2536
527
659
230
-24
1064
528
1830
-121
-6004
-6473
-5809
-6232
-8433
-10759
-5173
-2135
-7690
-6498
-3877
1445
-905
-8193
1402
1606
-410
-2071
-1736
9421
5368
1413
8378
7993
10422
5151
2428
7826
-281
-389
-4818
-9127
-5504
-8893
-8016
-8060
-8840
-782
-3511
-3884
601
1774
5189
-830
2468
5614
1659
1418
2635
5424
4773
766
5167
5977
1573
1176
1592
3120
-3001
-5201
-2380
-2963
-5768
-6016
-2616
-395
-2003
-573
1835
2324
3032
1831
2104
-628
-997
-221
-2409
-2468
656
1414
1601
401
2591
5362
179
1062
5
948
-848
-3805
431
-670
799
1900
3016
4605
3884
5039
4884
2251
2008
1038
100
-2380
-2670
-221
-867
-433
227
2802
3327
2712
3281
4119
2727
2076
1159
1127
1273
667
2049
1670
-645
-5566
-8626
-6762
-6818
-9520
-8991
-7619
-1277
-5751
-7616
-2752
-976
756
-8579
-3466
1540
-2812
-2887
-3477
5743
8948
747
7707
10105
10340
9476
1700
7972
2820
-1343
-2949
-9848
-6040
-6671
-8900
-6897
-8790
-2011
-1368
-4714
675
305
3717
130
-552
4384
237
1104
3420
3558
5599
2175
6259
7792
1660
3670
3155
3407
-1815
-5733
-1011
-2897
-6145
-5813
-3795
48
-2412
-1824
1241
1654
3513
442
-37
-1078
-1481
-613
-3168
-1185
1535
3216
3340
1881
5593
5410
3243
1218
-220
1186
-2366
-2247
-2076
-1053
1569
1342
3499
3795
4651
6462
4336
2842
1815
1695
546
-2437
-1366
-259
1081
717
930
3313
4096
3812
3204
2520
2605
1532
502
-110
-119
1478
-378
-3945
-11068
-9464
-8073
-10123
-7538
-9988
-1318
-369
-7132
-267
-2870
2570
-464
-9572
2905
-4515
-2638
-1637
-5492
10664
2418
3274
10722
3417
12702
4308
1386
7148
-4987
1007
-7577
-11085
-3044
-10139
-3670
-5437
-5644
3744
-3329
1266
2701
-559
4464
-3030
1450
582
-4158
2938
1600
3150
3931
1807
8649
4475
1489
4789
2006
2834
-4005
-4092
-1335
-4396
-3257
-3850
-1401
784
-892
760
-495
591
1054
-3515
-3061
-4782
-1569
-1385
-3313
2190
3237
4946
3802
3760
6840
3787
3126
1079
350
393
-1682
-33
-37
1233
3096
3462
3336
3329
4452
4200
2008
974
1113
639
-773
-762
25
1677
2223
2378
3486
3675
3970
4338
3216
1402
2928
1061
1815
-150
-3164
-6332
-12748
-7300
-9640
-12013
-8935
-9104
1434
-5317
-8300
2049
-1434
1214
-8798
-4260
5201
-6701
-3035
-2334
4950
10266
-1777
8631
11964
7380
9552
-1503
6429
2510
-5336
-3260
-12148
-4967
-5040
-10774
-5235
-5971
405
1049
-5086
3583
2330
2211
618
-1542
3795
-1211
-1116
3862
1973
3852
3294
5146
7464
401
4138
4320
827
-2155
-4872
-768
-3515
-6937
-3468
-1298
533
-617
-613
3248
1775
2256
-1017
-2662
-2185
-3825
-3505
-4934
-2667
2012
2431
1972
4214
5886
7015
3184
2045
2794
627
-114
-2136
-674
1010
1173
2866
3358
4028
5873
5535
3785
2604
2550
2184
-187
-979
-21
2214
2101
1436
2633
3005
4041
3054
2106
3155
2330
2241
1284
-584
1012
-2123
-10216
-11510
-9581
-9540
-10401
-13591
-4767
164
-6308
-3871
-3023
3644
118
-9755
817
-1128
-2494
-2883
-5591
9623
5065
2146
9949
6947
12508
5127
970
6820
-1918
-1318
-7469
-11201
-3872
-8883
-7080
-6699
-5055
2433
-3615
-1634
2741
1096
2967
-2668
1387
2921
-3245
1877
3136
3911
4398
1815
7655
5040
1170
4576
2575
1994
-3308
-3418
-1181
-5142
-4437
-3436
-994
135
-1286
1401
1073
906
2066
-1279
-1477
-2430
-2197
-1503
-3306
-730
2324
1875
1905
2911
4129
4598
1987
2072
1980
253
572
-261
408
1701
2025
3814
3280
3060
5170
4688
2711
1768
2045
2092
518
-273
1783
3375
2783
2463
3003
3878
4079
2447
2395
3156
2144
2463
326
-1799
-5364
-12462
-10017
-10837
-12322
-9875
-12306
-1536
-3634
-6836
1573
-2491
4579
-4623
-6179
4944
-5418
-1172
-3769
-121
11117
-1214
6764
10519
6392
12456
-1038
4552
2722
-6091
-2182
-13265
-7922
-5599
-10985
-4604
-6858
79
3543
-3634
4541
1451
2192
1820
-3569
2510
-2936
-2939
2481
-340
3379
3471
4864
8878
1067
4722
5124
1520
46
-4694
-552
-2784
-6046
-2619
-1783
1329
1066
935
4131
1814
3809
618
-1987
-1773
-3943
-2906
-6362
-4746
-22
102
1678
2299
4705
6166
2738
3322
1269
1120
129
-1618
-225
-1518
1580
2582
2533
4343
5546
6739
4731
2576
3653
2321
308
-935
-493
1032
901
1143
2352
3615
3592
4495
3066
3219
3004
2137
1849
393
1719
1112
-2883
-9335
-10938
-7707
-10361
-11282
-10504
-5718
-212
-7909
-4091
-1026
949
542
-9414
292
-650
-3964
-2284
-4103
8631
6083
1036
10043
7280
11370
5637
925
7704
-2145
-2346
-7472
-10406
-4771
-9631
-7785
-5778
-5795
877
-3402
-1237
2614
-285
2854
-2297
279
996
-3238
1749
2410
2331
4323
2983
7940
4908
2871
6550
3712
2790
-2451
-1394
-1013
-5064
-4040
-2889
-1596
-1026
-2039
1470
1237
1402
2490
-854
-765
-2911
-2535
-2698
-3722
-1406
1785
1133
2210
3685
4611
6033
2542
3506
1550
366
17
-2179
-466
-393
1168
2647
1860
3937
5580
4868
3772
2987
3396
1520
452
-425
1450
2015
1168
2699
2358
4059
3962
3967
3837
2472
3282
2219
1210
816
-1258
-5677
-11764
-9303
-9923
-11095
-11043
-10665
36
-5353
-6017
-940
-642
4158
-7691
-3059
2923
-4962
-1556
-6855
3692
8397
-2388
8485
7481
9886
9283
-712
8775
1663
-2516
-3718
-11455
-4457
-8935
-10319
-5654
-7714
-262
-2039
-3146
3355
-618
2809
74
-1738
1532
-4204
-221
1406
-192
3631
2495
6338
5835
1517
6296
4590
3411
-155
-1816
782
-3882
-3897
-3193
-1641
176
-2026
740
1280
1235
2342
-1085
-833
-2273
-2428
-2351
-3964
-1334
1175
1822
2109
3397
4172
5879
3650
3158
2565
1426
1920
-1477
-191
521
1198
2433
1189
3643
4811
3594
3097
2319
3599
1140
230
222
273
2735
1030
3043
3175
3853
4321
3755
4143
2747
3456
2430
1675
466
-2366
-7092
-11420
-9010
-10516
-11719
-10444
-9535
-787
-6014
-4708
169
335
2732
-7921
-218
1690
-4038
-1989
-5676
6671
5800
-2196
8948
7399
11245
5460
260
9685
-328
-2133
-6687
-8679
-4204
-10596
-9181
-5858
-5942
-725
-3210
-444
2609
-670
3709
-378
277
-436
-3171
1081
-182
-873
2949
3229
5612
3329
2110
7000
3664
2505
-273
51
636
-4298
-3651
-2368
-1715
-359
-2056
1261
1290
750
2257
-1798
474
-1912
-2380
-2095
-4625
13
-274
851
2719
2052
5635
3943
4664
3701
1619
4082
195
525
-835
466
2560
-59
1957
3060
4417
3468
2381
3688
2484
1545
308
458
1256
987
2450
1815
3032
3272
4007
3736
2098
3997
2665
2427
821
367
-834
-8594
-10351
-8964
-10247
-10727
-13332
-7366
-2052
-7448
-3659
-2204
2506
1042
-8106
2070
340
-2062
-3040
-5386
8616
2841
-308
8388
7287
12481
2955
3075
9679
-496
-866
-7256
-6023
-5235
-12715
-8011
-7118
-6199
-2618
-4084
1731
856
-602
4701
295
1232
-1504
-1713
2136
-2825
-863
2646
2902
4731
1092
5353
7342
3062
4159
652
3086
-540
-4411
-1604
-3812
-1834
-2740
-2479
1452
-1125
1800
1844
113
1524
-2018
-138
-2590
-2713
-1404
-1067
2016
40
3614
4400
5426
5649
3116
6020
3635
3064
498
-45
2252
-1242
584
573
2184
3360
1895
3747
2327
3235
1524
1153
1097
-676
2184
120
991
1168
2558
4390
1933
3510
3310
3781
2949
937
2115
-621
-6852
-10574
-9806
-9573
-12167
-13051
-10022
-2868
-6460
-5690
-1789
1530
3249
-7649
1026
1632
-2537
-2306
-6707
6884
3728
-1824
7341
6839
11743
4490
3385
11137
1228
582
-5274
-5139
-5099
-12751
-8537
-7930
-8394
-5477
-4827
-14
-88
-1368
5210
1956
1153
-472
-646
2673
-2878
-2042
2234
2025
2625
1124
5435
7647
3833
5355
3648
4692
666
-2144
-658
-3965
-4124
-4969
-3902
-3278
-4116
-1005
318
291
1081
1172
3300
807
6
758
593
1527
-997
1754
3072
3708
4874
3713
7070
6296
4689
4545
2825
3266
591
28
-207
-936
72
-691
851
218
1665
2802
2458
2704
2182
4263
2789
2037
1579
1904
2031
119
1250
837
2808
1514
-651
-1675
-6912
-4642
-7541
-9453
-9591
-12260
-5530
-10331
-9044
-5192
-4630
1676
-7245
-1067
3649
28
2436
-3355
6584
6252
-473
4738
4831
9774
4711
2233
8357
3720
2391
-696
-1780
-1612
-7225
-6654
-7115
-9760
-8392
-7244
-5301
-4475
-5124
858
1092
-332
1142
1088
4024
238
-831
1844
1036
1381
4
2184
4433
2870
4508
4147
4627
4075
2087
2820
-436
-1940
-2331
-3778
-4319
-5868
-4235
-2301
-2910
-1871
-336
2267
2146
1297
2361
2403
2640
341
997
1805
1738
2536
1954
4362
4858
5348
6286
5400
6073
4397
3527
2291
53
421
-762
-719
-1717
-1158
742
581
1202
1435
3639
3287
2588
2368
2232
2853
873
1121
615
1092
993
-1107
-2609
-5295
-3594
-5214
-6730
-7528
-8030
-4731
-9114
-8347
-7433
-5586
-4442
-9523
-3596
-2984
-2019
-2121
-2479
5237
3059
3358
4968
6953
9488
5798
7448
8112
6345
4997
2757
2741
400
-1962
-2038
-3504
-5807
-6353
-6424
-5938
-7762
-7557
-4462
-5339
-4884
-5291
-2980
-1411
-3382
-1597
-558
699
254
526
3114
3343
4125
5154
6493
7103
6138
6724
6735
5207
3913
3185
2153
-17
-1866
-2431
-3050
-4476
-5004
-4571
-4056
-3989
-3648
-2465
-1447
-972
-463
362
803
1533
2138
2797
3431
3961
5192
5943
6370
6859
7342
7566
6710
5581
5108
4202
2884
1245
172
-182
-1285
-2485
-3065
-2573
-2523
-2995
-3152
-2659
-1858
-2184
-1878
-1198
-510
275
45
253
-134
-441
-8
-647
-1134
-2049
-1558
-1450
-3212
-3473
-3505
-2727
-4546
-5939
-4374
-4437
-4823
-6409
-4861
-2821
-3758
-3433
-2288
54
351
-112
1688
2923
3441
3390
3983
4827
4419
4311
4685
4157
3336
3275
2980
2222
457
242
505
-887
-1985
-2774
-2503
-3350
-4603
-4741
-4418
-4608
-5180
-4961
-4687
-3988
-3578
-2692
-1349
-652
516
1500
2145
3080
4018
5202
5484
5375
5649
5666
5240
4392
3926
3751
2810
1473
749
519
372
-375
-655
-602
-791
-1183
-1351
-979
-773
-807
-650
-209
39
388
907
1716
2049
2242
2498
2680
2747
2550
2432
2437
1984
1192
767
481
384
-361
-1081
-1462
-1765
-2310
-2861
-2929
-2576
-2351
-2621
-2324
-1817
-1083
-779
-353
257
445
525
557
668
572
498
429
415
-134
-274
-107
-137
-206
-589
-365
-416
-1040
-1228
-1420
-1533
-2005
-2610
-2493
-2741
-2756
-2681
-2368
-1849
-1748
-1086
-596
-488
-110
364
628
442
26
297
394
-108
-278
-101
193
-95
-511
-280
-212
-514
-876
-1044
-974
-1306
-1542
-1496
-1428
-1073
-943
-757
-381
-172
469
818
1168
1671
1862
2385
2593
2652
2864
3000
3090
2719
2374
2431
2219
1756
1197
1190
1133
540
218
406
661
414
440
708
914
826
827
1294
1310
923
1100
1141
976
778
696
1051
464
206
540
403
186
-278
-270
-266
-996
-1140
-1151
-1180
-1331
-1603
-1351
-1406
-1305
-956
-686
-305
-191
-152
197
51
156
198
-33
23
-348
-512
-616
-682
-636
-596
-627
-568
-579
-550
-415
-484
-665
-834
-872
-1137
-1499
-1648
-1417
-1344
-1394
-1243
-863
-594
-632
-401
-176
-144
-193
-412
-488
-680
-865
-545
-598
-513
-258
-186
-70
-428
-288
-55
-321
-446
-517
-408
-527
-709
-190
170
222
343
509
948
994
1091
1444
1437
1504
1510
1531
1573
1565
1832
1839
1647
1476
1453
1411
1112
921
796
611
377
224
266
460
607
776
900
1204
1445
1505
1444
1435
1598
1282
960
830
739
586
388
285
312
99
-32
-59
-521
-707
-791
-885
-1166
-1574
-1458
-1332
-1562
-1575
-1256
-963
-896
-877
-740
-652
-667
-623
-586
-784
-828
-809
-881
-1183
-1277
-1023
-1157
-1449
-1584
-1504
-1403
-1503
-1459
-1212
-1165
-1062
-1007
-964
-842
-699
-512
-556
-518
-328
-128
-129
-117
212
393
389
245
229
431
300
155
125
251
365
169
109
157
241
268
139
273
248
26
66
-44
161
208
243
570
515
652
894
1239
1574
1618
1820
1989
1956
1953
1788
1812
1684
1392
1207
830
764
743
626
557
377
416
482
284
330
390
473
508
398
603
835
893
888
955
1112
1141
921
875
893
752
398
79
23
-126
-511
-838
-917
-1019
-1215
-1475
-1459
-1341
-1509
-1605
-1607
-1515
-1410
-1516
-1311
-1182
-1175
-1117
-1156
-1008
-1110
-1162
-1066
-1143
-1203
-1265
-1215
-1144
-1302
-1210
-1135
-1120
-1107
-1132
-936
-935
-857
-752
-718
-613
-521
-300
-147
-48
236
420
552
697
853
1101
1138
1233
1249
1203
1274
1232
1214
1113
1191
1297
1065
894
822
756
548
208
161
-31
-341
-399
-506
-524
-579
-399
-218
-393
-322
-7
322
371
495
952
1164
1127
1236
1395
1505
1421
1252
1162
844
683
649
385
228
221
279
177
-48
119
304
204
125
183
375
349
233
281
391
465
404
396
414
434
355
153
65
-47
-166
-431
-663
-822
-1052
-1179
-1338
-1467
-1555
-1661
-1645
-1700
-1781
-1630
-1538
-1394
-1331
-1216
-1022
-987
-857
-771
-694
-547
-478
-394
-335
-263
-36
-10
43
155
219
221
118
161
222
166
61
50
74
141
137
173
294
414
509
563
612
797
962
946
932
887
985
939
732
670
714
786
677
497
521
534
328
107
-51
-136
-319
-606
-711
-791
-787
-713
-629
-489
-424
-231
-37
38
220
388
486
530
409
560
639
633
749
646
743
714
522
501
384
400
265
-77
-91
-198
-317
-410
-424
-218
-278
-218
-5
89
158
170
401
468
258
310
324
214
51
-88
11
-140
-334
-292
-436
-532
-692
-787
-808
-1075
-1157
-1207
-1335
-1331
-1362
-1219
-1069
-935
-712
-654
-433
-242
-154
-72
-48
126
125
44
159
233
310
315
378
541
572
603
608
607
608
549
450
362
374
352
235
220
310
496
512
578
830
957
1002
972
1078
1151
984
845
758
699
580
360
322
260
115
-67
-310
-345
-489
-750
-909
-1011
-992
-1079
-1125
-924
-782
-703
-566
-359
-129
-39
68
250
262
285
352
433
464
412
475
457
379
358
350
320
167
68
47
-142
-308
-331
-335
-420
-560
-514
-319
-293
-278
-99
115
206
136
177
286
209
9
-101
-167
-264
-413
-430
-370
-402
-471
-517
-518
-610
-710
-778
-869
-951
-1029
-1045
-944
-825
-618
-399
-225
26
153
299
464
550
626
555
522
507
426
399
423
534
544
523
558
569
623
591
607
612
494
399
232
135
149
98
81
60
127
180
148
280
435
490
408
307
256
118
-42
-44
-89
-151
-203
-202
-88
-81
53
180
95
28
-57
-120
-228
-374
-339
-476
-654
-685
-592
-441
-418
-261
-72
-54
-27
68
244
329
281
319
292
174
153
199
216
141
23
4
-81
-234
-192
-131
-183
-291
-382
-287
-273
-253
-64
70
192
153
167
282
261
272
218
107
40
-142
-150
-127
-147
-80
-186
-185
-220
-358
-363
-428
-394
-437
-645
-578
-506
-380
-260
-162
155
223
225
310
347
485
417
303
239
39
43
-25
-58
29
71
157
28
-40
106
184
191
125
136
200
94
80
162
311
456
475
521
543
632
745
702
620
511
402
189
-73
-170
-176
-215
-347
-408
-328
-232
-201
-168
-109
-31
-70
-131
-184
-184
-159
-288
-402
-451
-415
-380
-431
-382
-297
-275
-238
-204
-59
23
71
148
172
201
249
331
357
275
198
158
64
-28
-79
-128
-196
-290
-351
-348
-332
-157
-47
-17
98
221
381
339
344
477
414
293
163
183
278
206
211
181
82
23
-120
-244
-405
-554
-639
-904
-1080
-1032
-919
-768
-692
-458
-155
-38
151
353
570
716
661
641
515
400
362
265
234
151
75
35
-113
-136
-83
7
64
-68
-113
-86
-84
-136
-138
7
117
53
54
239
476
631
703
754
746
606
428
278
134
50
-120
-314
-487
-497
-375
-349
-331
-243
-152
-130
-213
-182
-44
-6
-76
-248
-260
-187
-188
-212
-161
-59
-59
-191
-221
-88
-17
-21
-82
-69
-66
-109
-112
-87
-25
-9
-77
-132
-134
-50
2
-16
42
73
43
-19
43
164
198
260
356
427
349
335
430
411
315
236
284
269
135
123
211
243
166
63
47
-44
-193
-343
-438
-448
-541
-629
-622
-540
-447
-333
-182
42
168
269
386
419
433
391
359
297
164
118
97
33
-3
-41
4
-4
-19
28
26
23
-14
-56
-75
-102
-77
-28
15
126
252
370
491
578
617
583
491
368
171
-33
-149
-277
-387
-458
-423
-335
-356
-319
-247
-174
-148
-207
-199
-222
-287
-344
-401
-350
-268
-228
-138
-47
47
103
153
231
218
144
78
-15
-156
-238
-275
-218
-260
-284
-181
-141
-38
16
152
247
199
203
135
54
37
-3
33
0
20
154
174
240
308
384
361
245
199
132
24
1
-29
-56
-80
-94
-31
-117
-111
-41
-86
-169
-294
-250
-273
-436
-393
-324
-258
-290
-270
-20
58
126
212
278
360
231
218
217
146
155
45
22
-12
-51
33
6
86
158
80
75
-19
-23
-56
-139
-67
-102
-89
-7
84
274
344
431
505
358
242
79
-36
-145
-312
-274
-279
-292
-169
-55
163
269
337
450
323
249
145
19
-73
-260
-299
-386
-528
-483
-409
-279
-206
-125
26
41
12
48
76
55
-33
-112
-125
-237
-253
-164
-90
28
77
190
310
279
361
330
270
209
-16
-55
-167
-202
-114
-97
55
94
120
222
192
243
188
97
138
-26
-60
-52
-49
58
-40
-16
31
-86
-79
-187
-174
-171
-372
-298
-349
-316
-230
-241
5
-1
14
116
86
200
99
68
131
-26
-44
-152
-136
-29
-143
-58
-10
87
182
136
316
396
350
304
184
203
131
13
68
56
132
134
128
235
222
222
123
-35
-121
-288
-410
-510
-579
-502
-483
-389
-251
-120
77
182
249
279
250
276
180
52
-1
-31
-58
-188
-200
-100
-57
-104
-130
-56
-17
-85
-126
-77
-37
-55
-88
-76
0
43
97
149
197
290
266
224
171
144
136
-8
-103
-129
-157
-127
-145
-49
61
94
129
103
148
156
115
71
11
-33
-76
-152
-157
-157
-147
-133
-190
-210
-225
-226
-201
-252
-252
-174
-144
-68
-43
133
297
315
367
399
486
435
294
259
181
46
-133
-255
-249
-333
-391
-357
-285
-191
-164
-65
67
87
100
104
140
180
149
193
247
276
338
347
393
401
319
244
84
-27
-174
-331
-420
-529
-537
-537
-505
-371
-259
-95
12
58
147
155
173
122
60
49
-29
-101
-144
-107
-60
-66
-40
1
23
25
23
63
57
19
-19
-45
-78
-81
-14
73
116
142
227
266
240
203
194
151
23
-110
-180
-209
-213
-190
-108
-45
36
86
149
205
201
245
188
108
14
-45
-44
-109
-141
-122
-122
-145
-223
-193
-174
-196
-228
-264
-205
-203
-136
-42
112
253
331
409
485
537
544
528
466
351
190
57
-69
-196
-286
-315
-352
-385
-400
-313
-235
-192
-162
-142
-82
-98
-91
-35
45
138
162
232
323
385
447
419
413
349
232
102
-74
-168
-257
-348
-399
-423
-344
-267
-196
-80
14
101
121
103
112
88
33
-7
-63
-64
-92
-84
-47
-52
-12
19
29
37
7
25
7
-41
-40
-82
-21
-10
16
89
113
181
174
144
140
65
22
-69
-150
-172
-218
-173
-163
-114
-22
56
153
177
188
230
221
174
88
51
64
0
-58
-73
-40
-8
-73
-114
-105
-135
-196
-322
-340
-327
-345
-340
-310
-172
-27
59
172
294
451
500
467
477
416
366
223
135
71
-12
-44
-87
-90
-73
-46
8
-4
-54
-77
-122
-169
-249
-241
-205
-176
-176
-121
0
123
199
249
300
282
226
102
34
-26
-81
-148
-212
-192
-152
-77
4
83
169
183
161
109
44
11
-66
-123
-201
-266
-246
-238
-159
-94
-18
83
83
107
83
91
123
63
38
-5
0
34
6
95
166
218
232
141
156
102
16
-69
-183
-212
-318
-396
-377
-358
-259
-189
-111
-26
-16
70
118
127
145
123
152
103
32
69
110
171
142
107
157
104
47
-37
-81
-75
-199
-279
-332
-309
-231
-231
-136
-38
42
82
83
141
156
139
89
26
-1
-38
-47
-23
6
72
108
117
119
120
118
73
10
-60
-122
-190
-221
-217
-181
-142
-66
18
76
98
129
185
167
115
67
55
-10
-84
-87
-29
21
57
116
211
258
252
240
214
170
44
-75
-188
-280
-325
-357
-337
-285
-227
-134
-90
-19
53
82
99
37
34
3
-32
-15
-6
90
136
166
232
254
296
256
199
161
47
-81
-206
-284
-302
-358
-347
-281
-209
-144
-109
5
94
113
123
120
124
85
33
64
69
104
120
133
177
171
195
166
117
73
-11
-94
-178
-225
-196
-210
-184
-136
-84
-22
2
79
123
119
88
63
49
9
-3
15
45
58
50
86
124
124
103
89
80
19
-60
-111
-123
-132
-189
-190
-154
-117
-109
-104
-22
25
19
10
22
19
-13
-39
-10
2
10
35
80
153
184
233
268
259
243
174
115
46
-57
-114
-201
-235
-263
-280
-251
-244
-191
-169
-177
-147
-136
-129
-128
-160
-106
-79
-54
2
66
178
227
266
303
320
322
260
184
134
59
-28
-116
-165
-164
-177
-166
-147
-112
-60
-48
-29
-19
-21
-16
-48
-79
-56
-27
30
53
91
175
210
227
201
202
196
98
10
-62
-122
-144
-190
-179
-132
-98
-43
-28
23
62
73
86
34
31
24
-10
-7
-7
29
60
63
98
107
125
139
100
95
57
26
-7
-66
-53
-57
-32
-12
-8
47
65
75
82
53
41
1
-60
-92
-134
-124
-110
-85
-42
2
59
100
105
138
136
105
59
-24
-51
-94
-89
-96
-86
-40
-19
-3
6
16
23
-10
-75
-120
-168
-188
-209
-190
-128
-53
12
85
152
202
249
269
273
204
152
89
3
-54
-102
-83
-79
-103
-76
-39
-5
6
-2
22
-22
-65
-108
-154
-120
-118
-80
-31
11
96
132
166
196
177
172
86
-13
-67
-145
-162
-203
-189
-132
-118
-71
-16
41
105
96
108
97
68
66
17
32
25
24
41
24
48
58
51
67
24
6
-20
-85
-96
-143
-141
-134
-138
-101
-75
-12
32
50
111
119
113
81
47
50
-1
-33
-37
-35
-16
-22
10
53
57
73
58
36
-6
-57
-89
-121
-166
-173
-179
-157
-138
-109
-45
-28
1
10
20
14
-17
-41
-40
-49
-34
-29
6
59
98
158
191
228
242
224
184
134
58
5
-74
-135
-181
-196
-186
-185
-151
-102
-54
-36
-28
-25
-10
-41
-52
-54
-42
-12
-6
36
84
118
146
143
131
101
42
-7
-80
-124
-148
-172
-164
-151
-103
-49
-9
34
67
122
133
129
119
123
113
97
71
73
83
52
56
39
69
55
44
29
-1
-12
-41
-64
-72
-76
-73
-59
-58
-20
-6
33
45
35
41
22
3
-29
-61
-56
-68
-68
-55
-45
10
26
47
66
74
83
40
16
-7
-35
-47
-76
-59
-50
-39
-12
4
32
51
41
32
-2
-36
-41
-82
-76
-88
-62
-26
-6
47
107
164
194
191
190
176
99
55
-11
-43
-86
-129
-133
-149
-127
-97
-73
-53
-54
-48
-48
-82
-84
-87
-61
-52
-38
6
50
84
101
118
139
117
53
22
-20
-50
-84
-93
-72
-59
-43
-10
32
71
99
116
130
112
97
91
72
55
22
20
-8
-40
-48
-60
-48
-60
-64
-53
-57
-63
-47
-28
-7
3
18
44
47
65
86
110
125
108
101
86
44
16
-16
-29
-61
-93
-109
-114
-110
-109
-85
-60
-48
-39
-33
-21
-10
-21
-5
1
-6
-6
6
20
31
42
57
59
35
15
-14
-33
-81
-111
-113
-133
-135
-122
-76
-31
6
66
105
132
136
130
116
80
41
1
-37
-56
-95
-116
-105
-103
-97
-86
-58
-50
-47
-31
-3
7
31
51
69
90
94
105
98
103
88
66
52
21
-7
-10
-16
-19
-16
1
5
12
30
40
66
65
79
92
98
103
101
111
124
100
73
59
29
-2
-36
-41
-61
-78
-88
-99
-92
-89
-72
-46
-39
-37
-27
-8
10
17
38
63
66
65
57
60
52
23
12
-19
-51
-80
-99
-101
-98
-94
-85
-69
-60
-49
-32
-21
-18
-17
-19
-25
-37
-37
-27
-16
-19
-25
-26
-36
-57
-72
-82
-93
-110
-123
-115
-94
-69
-27
16
54
79
103
118
114
113
95
80
45
10
-6
-34
-46
-57
-56
-41
-45
-31
-19
3
9
17
42
46
63
67
79
91
102
103
115
107
105
98
80
77
50
63
50
44
40
34
44
44
41
58
70
72
79
79
95
90
96
92
82
71
43
36
25
6
3
-13
-25
-43
-66
-66
-82
-85
-91
-97
-92
-103
-89
-68
-48
-28
-12
2
7
7
10
5
-18
-30
-68
-91
-120
-136
-134
-133
-122
-117
-104
-98
-94
-85
-72
-77
-77
-90
-84
-85
-83
-67
-47
-49
-44
-45
-47
-44
-60
-57
-71
-72
-81
-75
-54
-31
-6
34
63
88
109
119
136
119
111
102
80
54
28
28
31
25
41
57
69
78
80
98
101
97
103
108
119
95
100
113
109
124
127
128
119
100
89
82
60
48
29
35
13
5
19
25
51
45
52
66
52
35
28
11
-3
-45
-54
-74
-92
-100
-102
-87
-95
-102
-95
-99
-122
-123
-139
-139
-177
-178
-171
-178
-156
-141
-107
-91
-86
-78
-66
-72
-73
-85
-90
-121
-150
-155
-167
-154
-152
-138
-119
-119
-115
-105
-103
-89
-100
-95
-80
-95
-81
-65
-41
-21
-14
11
15
16
12
8
29
9
3
18
12
34
57
90
147
165
202
225
231
233
213
215
193
158
136
112
97
92
102
132
143
158
175
182
196
185
183
191
158
149
128
132
143
136
158
167
174
165
149
156
136
97
97
67
44
17
17
34
20
45
66
67
64
40
35
23
-25
-39
-75
-101
-132
-149
-148
-151
-156
-146
-145
-150
-157
-180
-171
-195
-198
-222
-231
-227
-243
-222
-194
-174
-151
-150
-120
-111
-139
-131
-151
-162
-193
-218
-220
-235
-230
-199
-183
-149
-138
-107
-70
-72
-44
-45
-42
-46
-63
-47
-50
-52
-29
-19
6
11
8
32
26
28
31
22
44
33
47
78
104
149
169
215
241
244
264
264
250
225
191
190
146
120
120
111
118
113
128
156
161
180
197
205
225
191
197
183
164
167
146
161
159
140
152
141
133
129
109
117
80
64
55
32
28
15
24
34
22
32
36
30
26
-10
-13
-34
-73
-84
-123
-134
-155
-174
-171
-195
-187
-197
-194
-189
-194
-187
-183
-193
-177
-183
-169
-153
-154
-130
-125
-106
-101
-105
-101
-108
-138
-145
-176
-182
-205
-212
-194
-198
-168
-152
-113
-75
-52
-18
13
18
35
33
33
23
8
19
3
3
6
2
13
7
12
26
29
47
48
68
90
101
129
145
171
192
189
206
208
193
184
158
145
117
73
61
38
25
24
22
38
33
57
73
87
108
117
130
133
124
132
136
127
131
121
126
111
95
82
62
40
18
-3
-13
-32
-32
-33
-37
-19
-13
2
5
6
20
11
7
5
-14
-19
-45
-58
-79
-90
-101
-128
-145
-146
-165
-177
-178
-182
-174
-182
-164
-158
-150
-132
-112
-100
-78
-66
-47
-59
-56
-54
-62
-74
-109
-109
-140
-142
-148
-145
-131
-108
-90
-62
-45
-18
1
17
50
47
71
60
65
72
73
74
77
71
64
55
51
54
35
45
45
47
51
65
90
107
120
144
152
155
161
167
178
151
156
137
95
81
49
48
13
3
9
-6
-5
6
22
33
44
56
62
51
65
56
62
71
81
84
74
75
58
35
14
-11
-41
-62
-88
-91
-105
-102
-79
-66
-55
-53
-45
-37
-42
-43
-43
-54
-61
-78
-75
-86
-91
-87
-102
-114
-130
-143
-149
-172
-173
-174
-189
-193
-205
-197
-187
-171
-148
-127
-92
-63
-57
-45
-28
-26
-40
-55
-69
-90
-120
-130
-126
-115
-104
-81
-55
-40
-14
13
44
54
69
79
88
85
104
111
124
127
124
133
126
129
128
134
135
135
121
125
113
123
117
128
148
140
161
165
186
200
212
221
221
196
174
155
135
110
85
81
57
40
42
44
43
38
40
37
20
9
-2
4
14
12
29
31
26
27
21
20
1
-24
-54
-78
-89
-101
-104
-94
-88
-87
-83
-83
-83
-90
-81
-75
-76
-79
-78
-82
-86
-89
-81
-77
-93
-99
-95
-95
-101
-99
-90
-100
-116
-127
-130
-132
-132
-118
-100
-77
-59
-45
-24
-8
-2
0
-12
-18
-40
-64
-64
-70
-70
-63
-47
-26
-15
1
36
54
58
62
74
73
66
76
88
85
88
104
102
104
109
119
130
129
140
127
125
116
110
107
101
98
91
84
96
104
112
123
128
138
123
121
111
103
80
73
66
38
16
19
15
-3
-7
-19
-29
-61
-71
-72
-73
-72
-61
-57
-53
-50
-46
-38
-52
-56
-75
-90
-99
-117
-122
-123
-117
-120
-116
-111
-104
-104
-110
-104
-108
-114
-120
-106
-106
-101
-93
-76
-70
-62
-52
-37
-29
-29
-22
-25
-23
-40
-33
-43
-47
-50
-43
-40
-30
-21
-9
0
18
37
30
34
32
37
21
28
35
38
40
60
74
82
84
101
108
89
89
90
88
74
80
78
81
73
75
78
75
80
78
81
85
69
72
64
64
49
47
43
32
33
10
23
19
18
8
9
1
-6
-23
-19
-35
-37
-40
-35
-34
-52
-43
-43
-47
-60
-55
-72
-73
-97
-95
-97
-100
-103
-96
-86
-82
-80
-78
-73
-78
-76
-82
-76
-84
-76
-82
-69
-56
-61
-45
-33
-32
-31
-27
-18
-22
-35
-26
-26
-31
-31
-20
-10
-10
-3
15
19
25
29
34
38
33
37
42
36
37
38
47
50
45
53
55
62
59
53
45
42
31
25
22
28
26
31
50
63
69
68
83
82
72
65
72
67
50
48
54
42
38
45
51
44
42
45
45
41
31
38
30
24
12
15
14
13
10
18
22
24
19
15
15
6
2
-20
-21
-31
-47
-58
-51
-57
-61
-62
-51
-53
-54
-48
-44
-45
-66
-60
-75
-79
-83
-72
-72
-66
-66
-63
-60
-63
-51
-65
-57
-62
-63
-63
-47
-44
-35
-21
-6
6
-1
13
19
29
18
22
24
20
16
22
32
25
26
31
41
28
40
45
50
42
42
59
55
61
62
76
75
84
81
75
75
72
60
44
36
15
0
-12
-10
-19
-12
-8
2
1
5
13
12
7
3
6
3
-2
-12
10
10
5
15
31
32
22
29
22
10
-10
-24
-39
-47
-58
-62
-57
-51
-40
-36
-29
-16
-11
-13
0
-3
-16
-27
-26
-28
-40
-41
-38
-32
-42
-45
-39
-33
-36
-45
-37
-48
-59
-63
-58
-60
-61
-50
-40
-33
-25
-9
-1
-1
8
12
0
5
-2
8
6
13
10
10
20
25
34
31
50
46
45
47
63
64
66
75
82
79
82
86
86
85
70
70
58
46
31
34
32
35
41
47
57
54
64
64
64
61
52
36
27
6
-3
-15
-13
-18
-19
-3
-2
1
-3
1
-3
-10
-34
-41
-47
-55
-62
-56
-40
-34
-22
-12
3
6
12
12
5
-12
-20
-34
-50
-56
-67
-60
-63
-59
-42
-37
-30
-29
-22
-19
-15
-14
-19
-13
-15
-17
-21
-20
-16
-16
-14
-12
-14
-15
-28
-24
-32
-40
-38
-45
-42
-41
-35
-26
-20
-7
-3
4
6
9
17
20
24
23
29
26
38
35
42
46
56
46
38
42
27
25
12
22
20
29
34
53
66
78
87
107
102
102
95
81
70
46
45
20
25
15
19
23
25
32
29
23
20
8
-8
-13
-21
-25
-40
-31
-38
-33
-28
-24
-12
-11
-10
-17
-24
-48
-59
-76
-96
-102
-116
-105
-107
-98
-82
-66
-56
-51
-38
-40
-45
-50
-48
-57
-55
-59
-48
-41
-38
-28
-20
-15
-15
-17
-20
-26
-32
-35
-38
-29
-32
-22
-6
6
14
24
32
37
33
35
34
21
27
22
24
18
30
34
35
48
48
56
41
31
31
12
6
1
-1
12
13
31
44
40
57
54
51
48
37
38
19
7
10
0
2
-1
9
28
27
54
53
54
54
30
35
7
0
-1
-8
13
0
8
19
2
17
-6
7
-7
-31
-21
-44
-40
-54
-57
-43
-57
-50
-31
-40
-16
-28
-21
-9
-32
-24
-48
-47
-42
-76
-41
-54
-54
-16
-53
-2
-41
-21
10
-47
15
-38
-22
0
-70
29
-29
-3
21
-33
64
-38
13
13
-58
19
-69
0
-10
-46
39
-31
52
0
0
55
-26
52
28
56
79
44
111
86
76
96
41
79
32
13
41
-33
-29
-38
-20
13
-14
36
55
23
63
17
32
3
-56
-8
-28
-4
-13
-7
49
2
62
101
61
119
69
110
81
5
34
-44
-45
-85
-105
-38
-108
-60
-4
-21
37
-24
22
-5
-73
-49
-124
-110
-145
-196
-88
-168
-131
-91
-94
8
-69
76
50
31
99
19
115
34
18
83
-19
67
1
54
92
-8
148
73
131
114
74
156
14
39
-25
-88
-82
-202
-104
-154
-170
-89
-114
-2
-53
24
62
11
75
27
70
34
-19
26
-17
11
-13
36
87
57
143
155
183
165
150
163
101
74
19
-3
-44
-114
-91
-110
-118
-120
-86
-49
-70
-32
-22
-23
-35
-64
-43
-80
-103
-95
-81
-50
-71
-12
18
32
67
94
133
118
127
136
119
90
55
34
5
-50
-53
-63
-74
-94
-88
-60
-75
-57
-62
-58
-66
-72
-63
-87
-91
-113
-106
-92
-120
-89
-67
-44
-12
12
74
70
86
115
110
127
73
91
69
35
35
7
24
-16
2
24
15
43
31
44
62
26
44
18
3
-17
-46
-17
-60
-51
-38
-30
-4
5
48
69
70
94
96
95
83
36
43
-10
-35
-46
-87
-78
-110
-81
-61
-80
-27
-35
-12
16
-30
38
-14
4
-4
-25
52
-27
68
51
97
132
123
206
160
196
169
151
126
49
37
-10
-55
-75
-114
-105
-140
-132
-104
-123
-96
-107
-82
-76
-96
-69
-76
-61
-54
-38
0
7
40
66
94
98
106
117
124
100
101
89
69
65
29
52
8
-7
-20
-33
-44
-85
-65
-89
-85
-101
-96
-83
-102
-98
-85
-82
-82
-76
-68
-54
-73
-46
-32
-30
2
13
48
62
76
103
97
103
87
93
78
60
44
46
16
12
2
8
19
-26
28
-33
22
-42
-34
-25
-103
-59
-140
-76
-149
-119
-123
-130
-119
-147
-102
-122
-108
-119
-81
-108
-83
-105
-69
-72
-62
-15
-12
51
56
126
143
178
199
228
226
230
206
219
193
144
162
92
113
25
37
9
-33
-49
-96
-83
-152
-156
-201
-191
-237
-229
-226
-204
-193
-160
-110
-86
-21
-34
67
28
98
82
123
118
118
144
128
158
114
191
122
165
120
152
102
95
32
71
-26
-33
-42
-165
57
-328
50
-222
-136
-10
-335
164
-327
77
-140
-68
31
-105
111
-78
203
-91
362
-144
398
26
162
343
-208
613
-350
496
-207
170
73
-143
204
-248
224
-284
182
-271
152
-239
17
-86
-138
36
-229
112
-204
117
-132
133
-62
112
17
78
77
18
105
-11
86
-23
67
-32
64
-31
86
-11
68
43
36
60
-7
46
-5
-22
-18
-36
-28
-30
-52
2
-46
-4
-34
19
-18
-3
-28
0
-39
-18
-66
-12
-34
-36
18
-48
74
-46
71
-24
36
-7
-6
-13
-48
-6
-75
-9
-90
9
-51
-23
-10
-12
26
-4
12
32
12
25
-4
14
28
-11
24
-15
27
-14
-2
-13
-9
-16
-32
-8
-20
-3
-12
-14
10
-7
21
18
14
46
24
48
29
57
29
55
10
54
24
17
26
-29
25
-59
-11
-51
-37
-43
-58
-46
-26
-64
-8
-39
-13
10
-40
55
-33
78
-7
64
27
44
63
24
91
3
93
-1
66
22
21
27
-16
22
-30
-15
-38
-41
-26
-50
-38
-34
-44
-26
-56
-12
-44
-10
-43
-9
-12
-17
21
-24
53
2
55
30
48
58
34
49
34
41
23
-1
1
-7
-21
-15
-55
2
-43
-13
-34
-32
-10
-40
-13
-36
-15
-34
-16
-21
8
-4
15
11
28
32
19
30
9
24
5
8
-8
9
-30
7
-25
-7
10
-25
22
-28
15
-10
-4
6
-11
8
4
23
9
34
15
31
17
6
19
-22
7
-37
-31
-31
-44
-38
-48
-42
-31
-45
-18
-13
-23
14
-18
30
9
25
27
24
43
44
49
59
65
66
69
49
59
26
41
-19
-7
-37
-37
-46
-66
-38
-71
-42
-59
-13
-39
-13
-17
-1
2
-6
15
-13
21
9
34
32
38
57
55
53
55
46
54
33
28
16
5
-5
-22
-7
-25
-14
-37
-6
-18
-15
-13
-21
-12
-23
-12
-29
-24
-28
-13
-27
-4
-9
9
12
10
36
19
47
23
37
26
25
18
12
13
2
6
-12
-1
-14
-10
-18
-25
-23
-33
-38
-39
-50
-41
-48
-41
-38
-38
-27
-30
-24
-20
-12
-13
-13
-19
-12
-13
-13
-15
-10
-6
-19
-19
-6
-22
-10
-30
-21
-13
-21
1
-17
15
-2
16
8
9
9
9
7
-10
5
-19
-7
-22
-9
-21
-14
-17
-18
-17
-21
-28
-31
-19
-30
-16
-30
-5
-15
-3
4
22
29
36
45
34
45
38
38
20
33
19
19
15
12
10
11
13
-3
10
1
-2
-16
-9
-19
-24
-26
-37
-25
-30
-20
-20
-10
-9
-7
-3
-7
9
-3
1
-1
10
8
13
24
12
26
19
35
30
26
32
9
6
-10
-10
-18
-25
-22
-23
-21
-25
-16
-21
-16
-12
-10
-12
-11
-10
-11
0
0
10
16
27
38
49
61
57
54
54
38
22
13
-9
-13
-23
-29
-24
-26
-12
-15
-10
-4
-3
5
-7
1
0
-7
-12
-9
-9
-2
2
5
7
17
18
12
8
4
2
-19
-19
-34
-23
-33
-29
-28
-23
-9
-12
4
7
25
19
21
20
21
14
3
2
0
-5
-4
1
2
8
0
1
-6
-8
-16
-19
-25
-28
-21
-23
-16
-6
2
9
18
19
25
23
16
13
9
9
-6
-3
-9
-3
-7
-5
3
4
10
7
12
-3
-4
-8
-13
-18
-22
-18
-18
-12
-3
0
1
3
6
7
0
-6
-18
-19
-24
-24
-21
-8
-3
8
18
26
36
32
29
18
12
9
0
-9
-10
-10
-7
0
5
10
17
16
20
18
15
3
-9
-13
-19
-15
-20
-11
0
9
22
30
34
38
36
31
19
7
-5
-18
-23
-29
-23
-22
-12
-6
-1
3
7
9
3
3
-3
-8
-19
-17
-18
-13
-16
2
1
5
11
16
22
11
14
-9
-11
-27
-29
-25
-18
-13
-4
6
11
25
28
35
32
30
13
9
6
4
-1
-7
-10
-11
1
-4
15
17
21
23
16
12
4
1
-3
-1
-3
3
14
26
28
36
36
37
33
19
19
8
6
-3
-3
-5
-3
3
13
26
28
43
44
48
43
36
29
28
10
6
3
7
16
18
32
36
37
34
25
16
10
-6
-12
-19
-24
-28
-23
-13
-6
-2
7
20
18
22
15
15
12
0
1
-11
-9
-8
-3
0
7
18
16
25
21
16
4
-6
-21
-25
-35
-34
-28
-22
-16
-13
-5
2
9
2
1
-5
-12
-29
-24
-43
-40
-39
-29
-25
-18
-1
-4
9
4
-1
-18
-20
-35
-35
-46
-45
-36
-35
-23
-19
-3
-5
6
4
7
4
-3
-8
-13
-19
-28
-24
-22
-17
-11
-4
-3
1
2
-3
-8
-14
-22
-29
-35
-38
-29
-28
-19
-13
-6
0
1
2
-6
-12
-10
-15
-15
-15
-20
-10
-9
0
-2
0
2
3
4
-6
-7
-16
-18
-25
-23
-24
-21
-9
-6
0
9
5
5
6
1
-10
-10
-13
-20
-19
-16
-7
-11
0
0
6
5
6
7
0
-4
-19
-16
-22
-16
-15
-13
-7
0
10
9
10
9
9
4
6
1
3
4
3
-1
6
5
13
12
19
26
14
18
7
5
-7
-12
-16
-15
-16
-1
-4
6
13
11
18
10
16
8
8
7
5
2
0
4
3
8
15
17
25
33
30
34
32
25
26
23
12
14
19
18
19
23
28
21
25
19
21
20
19
13
11
13
7
11
7
20
20
25
27
24
23
13
19
12
5
3
6
1
10
13
16
18
21
24
23
23
16
14
3
6
0
-3
-3
3
10
15
24
27
23
27
24
16
18
2
1
-6
-10
-12
-12
-15
-10
-10
-6
0
1
4
-1
3
-6
-5
-8
-13
-9
-5
-4
-3
0
2
2
0
10
13
4
3
-7
-13
-22
-27
-29
-30
-26
-24
-19
-10
-9
-3
1
-3
2
-7
-6
-12
-10
-6
-9
-1
2
2
1
9
8
9
0
0
-7
-9
-10
-11
-13
-8
-4
-6
0
-1
2
-4
0
-7
0
-9
-9
-5
-9
0
-4
4
6
8
9
13
5
1
1
-10
-17
-23
-19
-30
-29
-25
-15
-16
-20
-6
-5
-3
-8
-9
-16
-15
-14
-7
-4
-5
-1
-1
0
3
5
1
9
0
-2
-13
-18
-19
-22
-20
-23
-17
-19
-9
-7
-1
-1
-4
-3
-9
-12
-13
-22
-22
-19
-16
-15
-16
-12
-6
-13
-16
-14
-16
-15
-18
-18
-21
-22
-19
-19
-22
-18
-13
-6
-8
-3
2
0
-7
-8
-4
-19
-7
-10
-3
-10
-3
0
-3
4
5
3
2
0
-3
12
1
3
2
7
-2
14
14
13
21
21
36
26
36
23
21
14
8
6
-1
4
7
9
6
12
12
16
13
16
15
12
10
12
18
13
25
24
26
20
25
28
22
21
17
13
9
8
3
3
-1
8
5
6
8
10
11
3
8
6
6
-1
5
5
11
11
16
14
12
18
16
16
8
7
-5
-6
-11
-13
-21
-28
-22
-19
-17
-19
-15
-16
-13
-12
-10
-11
-13
-11
-10
-14
-14
-5
-3
-3
-3
6
2
5
2
-7
-6
-15
-8
-15
-18
-21
-19
-16
-11
-2
0
7
7
15
15
16
13
13
8
11
11
16
21
21
25
21
25
22
26
25
25
19
19
12
10
9
8
6
-3
8
8
13
19
19
16
15
14
18
17
17
16
19
16
14
19
13
11
12
18
10
9
5
4
-5
-10
-8
-10
-9
-6
0
-6
5
-1
-1
7
6
9
4
9
8
7
2
9
1
-3
3
-6
-6
-6
-6
-18
-18
-24
-23
-24
-24
-22
-18
-20
-12
-8
-7
0
0
1
-2
3
1
-1
-5
-6
-7
-4
-3
-4
-1
0
2
1
2
0
-2
-5
-2
-6
-6
-6
-3
-4
2
3
6
9
9
13
7
6
5
-2
-3
-10
-15
-8
-16
-12
-16
-13
-18
-22
-12
-21
-19
-27
-17
-22
-16
-15
-15
-25
-20
-15
-20
-14
-16
-7
-14
-8
-18
-16
-28
-22
-23
-27
-26
-26
-28
-30
-22
-31
-19
-30
-26
-24
-28
-28
-26
-29
-29
-21
-21
-13
-15
-4
-10
-4
-4
-5
-7
-13
-8
-21
-12
-21
-24
-25
-22
-22
-25
-18
-16
-13
-14
-12
-11
-6
-9
1
0
4
10
10
9
11
9
5
7
2
2
1
3
-2
1
1
1
-6
-6
-1
-6
-1
-2
0
1
10
10
16
19
21
12
19
25
22
30
29
39
25
24
19
16
21
24
20
19
23
14
20
12
12
9
13
19
13
23
19
22
19
27
25
25
29
31
29
21
24
20
15
4
16
5
8
5
3
-6
-4
-3
-3
-3
-5
7
-6
-2
-6
3
-3
0
5
3
7
8
7
4
9
6
11
4
3
1
2
-1
-5
-6
-5
-10
-15
-16
-14
-14
-17
-14
-12
-4
0
0
4
3
6
5
8
5
3
6
7
7
6
2
0
3
3
7
6
8
12
13
12
8
6
10
3
3
12
10
13
17
17
12
22
22
19
25
25
23
22
22
19
16
16
18
14
16
14
9
8
6
13
19
16
17
16
16
16
19
15
13
14
12
16
9
12
6
9
1
0
5
2
-1
-1
3
1
6
1
3
-3
10
5
14
7
10
10
7
8
3
13
-2
2
-5
-2
-12
-6
-12
-7
-8
-14
-8
-14
-6
-14
-4
-15
-9
-15
-10
-9
-9
-14
-13
-2
-10
-6
-6
-6
-15
-6
-8
-7
-10
-4
1
-4
5
1
-1
-9
-4
-6
-1
-6
-7
-9
-9
3
-9
-7
-8
-9
-13
-10
-9
-13
-16
-12
-12
-15
-12
-16
-13
-17
-10
-14
-12
-12
-9
-17
-15
-14
-13
-13
-18
-13
-19
-12
-18
-16
-21
-16
-13
-13
-9
-12
-12
-16
-14
-16
-14
-21
-22
-24
-18
-18
-19
-19
-14
-19
-22
-16
-20
-13
-16
-16
-23
-19
-12
-15
-6
-10
-7
-11
-12
-9
-8
-5
-3
2
-4
3
-3
-6
-9
-7
-9
-13
-10
-3
0
-2
-1
2
1
2
9
2
9
0
-2
0
2
-3
1
0
0
10
7
17
6
8
10
13
8
8
12
6
8
12
16
16
19
21
21
17
21
20
16
11
6
5
0
0
0
3
-1
-1
5
3
3
4
7
2
4
-2
-1
0
4
4
1
5
-1
4
-2
-9
-9
-3
-7
-3
-11
-7
-9
-5
-3
-5
0
-3
-6
-7
2
-6
0
-6
-5
-3
-1
-1
3
6
4
5
1
2
0
2
3
5
1
9
5
3
3
2
0
2
-2
2
1
2
-2
-6
0
-1
4
3
6
1
6
5
5
8
7
4
9
8
5
5
7
7
-3
7
0
1
3
10
9
9
16
16
12
12
21
12
18
10
19
14
15
16
12
16
10
19
10
20
6
11
14
9
12
9
13
11
18
16
12
12
26
25
25
27
28
35
27
31
28
28
19
27
19
4
11
4
-3
-7
5
6
7
2
12
9
10
20
15
14
9
11
10
10
11
13
1
3
-1
1
-7
-8
-9
-16
-13
-15
-9
-19
-14
-12
-12
-13
-8
-7
-6
-9
-9
-11
-11
0
4
6
4
3
4
-3
3
5
-3
-4
-12
-11
-18
-12
-10
-11
-7
-13
-3
-4
-6
1
-3
7
0
9
5
1
10
6
11
-3
5
-2
3
-2
0
0
-7
-10
-12
-13
-19
-16
-12
-16
-22
-14
-20
-14
-21
-18
-18
-15
-17
-13
-11
-11
-10
-16
-9
-14
-5
-8
-4
-9
-9
-12
-15
-19
-22
-17
-24
-20
-18
-13
-19
-10
-16
-16
-14
-14
-14
-17
-6
-11
-15
-22
-16
-13
-23
-22
-18
-23
-26
-25
-30
-31
-28
-26
-25
-29
-29
-32
-29
-26
-29
-21
-19
-23
-17
-11
-2
-3
0
0
-3
-4
-3
-1
-5
2
-4
-1
-3
-3
-3
-1
3
3
3
7
15
12
8
7
10
10
16
16
18
19
21
22
25
29
25
20
16
16
18
17
13
15
16
10
11
15
15
16
16
19
16
18
16
21
17
23
22
18
24
10
16
12
19
13
17
16
17
13
9
15
7
8
9
15
11
19
20
22
10
15
16
6
10
13
16
10
18
9
5
6
11
9
7
6
2
1
-2
-4
-10
-6
-10
-3
-7
-7
-6
-9
-3
-6
1
-3
9
4
5
13
10
4
2
12
7
11
12
15
6
5
4
1
3
0
2
-3
7
4
-1
4
11
4
9
13
13
12
15
23
19
13
15
16
16
14
11
16
10
10
4
4
4
0
1
-6
-7
-8
-2
-3
-3
-3
0
-2
-1
1
-5
0
6
4
4
10
8
11
8
3
2
-5
3
2
1
-3
-9
-13
-9
-13
-13
-8
-13
-9
-10
-8
-11
-5
-12
0
-3
-6
-4
-3
-3
-5
0
-8
-7
-6
-11
-24
-16
-22
-21
-25
-16
-21
-26
-16
-26
-24
-26
-20
-29
-25
-23
-15
-16
-21
-9
-16
-10
-11
-10
-17
-18
-15
-20
-14
-14
-21
-24
-21
-19
-21
-22
-16
-18
-19
-20
-20
-20
-19
-10
-12
-11
-9
-9
-9
-9
-10
-7
-10
-20
-17
-19
-15
-18
-18
-16
-14
-20
-20
-15
-19
-15
-7
-7
-9
-6
-7
-8
1
5
1
4
11
1
-3
1
-3
-9
-12
-8
-13
-13
-16
-18
-15
-16
-13
-13
-9
-15
-9
-7
-6
-2
-6
1
4
0
3
6
4
13
10
10
9
11
9
13
5
5
5
6
2
-3
12
6
12
8
12
6
8
10
10
7
4
6
0
4
3
10
7
16
7
6
12
9
9
10
10
2
7
5
5
3
8
8
7
11
15
14
15
20
19
21
17
26
24
27
28
29
28
33
32
23
26
21
23
13
16
13
8
3
6
6
10
14
13
22
13
22
19
18
17
23
23
21
29
25
25
18
23
20
18
12
12
14
10
4
7
12
7
10
5
9
8
6
4
3
7
12
14
17
19
21
22
23
25
23
23
12
18
17
15
12
9
9
2
11
9
15
16
10
18
19
23
16
22
23
29
28
24
24
23
21
23
23
16
21
10
11
11
13
10
13
7
13
9
9
10
2
5
3
0
-3
3
-4
2
-1
6
0
-1
5
-4
0
-2
0
-10
-10
-6
-10
-13
-9
-9
-9
-9
-9
-6
-11
-13
-15
-12
-8
-4
-5
-10
-7
-8
-12
-7
-4
-7
-9
-11
-11
-17
-15
-24
-27
-23
-24
-19
-28
-26
-30
-31
-32
-25
-20
-23
-21
-19
-26
-19
-19
-18
-10
-11
-2
-11
-2
-10
-7
-5
-10
-6
-10
-6
-7
-11
-12
-13
-13
-17
-14
-11
-11
-10
-19
-13
-16
-13
-9
-11
-10
-9
-7
-12
-9
-10
-9
-13
-13
-15
-14
-13
-16
-17
-17
-15
-16
-12
-5
-4
0
3
-1
7
2
5
2
4
7
3
6
2
8
3
9
0
-2
-1
0
-3
-3
1
-9
-7
-7
-7
-11
-8
-6
1
-4
6
3
-1
3
-7
1
-3
-1
0
-1
0
0
-9
-5
-7
-7
-12
-10
-8
-16
-10
-17
-6
-19
-19
-19
-18
-15
-19
-3
-12
-10
-10
-8
-16
-4
-3
-8
-7
-8
-7
-12
-10
-16
-5
-17
-14
-13
-18
-15
-18
-15
-20
-14
-13
-15
-16
-16
-15
-14
-18
-13
-9
-13
-9
-3
-9
-9
-6
-6
-10
-13
-7
-9
-9
-10
-9
-14
-7
0
-8
-4
-4
3
2
7
4
7
10
7
13
6
10
7
8
-1
4
1
-5
-5
-9
0
-7
-1
-3
3
1
3
0
-2
0
-3
4
2
3
6
11
6
10
6
14
12
13
16
10
4
6
7
4
13
9
15
14
15
17
17
19
15
16
16
16
16
15
17
17
14
15
16
17
19
13
12
9
12
11
11
16
15
16
15
18
20
17
18
22
17
17
17
16
16
17
18
14
16
16
14
12
13
13
19
15
16
13
12
10
6
13
9
13
13
15
11
13
16
16
16
19
14
13
12
11
13
9
13
14
19
18
15
12
12
9
12
11
10
7
6
4
-1
1
4
3
0
-3
-3
-8
-9
-1
0
-2
2
10
10
12
3
3
-3
0
-2
0
1
-4
6
-4
3
-8
-6
-10
-10
-10
-14
-2
-13
-7
-12
-9
-10
-6
-8
-9
-7
-8
-10
-11
-10
-21
-15
-22
-15
-23
-22
-18
-21
-17
-18
-16
-19
-16
-18
-13
-23
-14
-18
-19
-17
-17
-13
-16
-9
-9
-8
-18
-9
-16
-17
-13
-15
-8
-12
-14
-16
-15
-17
-14
-11
-11
-18
-13
-9
-8
-2
1
0
-2
2
-6
-3
0
0
0
0
-3
-4
4
2
1
9
8
4
12
11
8
10
13
11
5
7
5
6
0
2
6
6
6
10
9
12
10
3
4
4
2
-6
-7
-10
-6
-8
-8
-12
-9
-8
-7
2
0
6
3
5
10
10
9
10
3
2
7
4
10
4
4
1
-1
3
-1
-4
-7
-7
-6
-2
0
-4
-1
-1
-6
0
-3
1
2
0
-1
-3
-3
-1
9
6
7
2
1
-4
-4
0
-6
-6
-10
-7
-15
-9
-8
-13
-14
-12
-5
-10
-5
-6
-5
0
-1
0
0
-3
1
3
-1
-1
-3
1
-6
1
0
-3
-1
-3
0
-5
1
-4
-2
-4
-6
-7
-4
-1
-3
-3
3
4
8
9
6
14
9
15
10
15
13
10
15
12
18
15
16
10
9
8
10
7
7
6
0
7
12
14
10
19
17
16
20
18
21
22
22
23
17
18
13
17
17
13
13
9
11
6
9
13
6
4
10
10
13
13
23
13
21
13
16
11
11
15
10
11
6
12
4
12
9
14
7
14
1
6
5
5
5
4
6
-2
9
1
7
-1
10
-2
-4
-1
-3
-3
-4
-2
-7
-3
-6
-6
-6
-6
-9
-7
0
-3
0
-2
-2
-2
-5
0
-3
-4
-7
-7
-15
-10
-12
-11
-16
-18
-21
-25
-25
-34
-36
-38
-30
-30
-29
-30
-24
-29
-25
-23
-25
-28
-26
-30
-27
-22
-25
-23
-25
-16
-19
-17
-23
-13
-23
-19
-19
-26
-20
-22
-15
-22
-17
-25
-22
-16
-11
-19
-17
-9
-12
-9
-10
-11
-13
-13
-11
-10
-10
-5
-6
-15
-2
-4
-3
5
4
9
3
8
-1
-1
-10
-6
-13
-10
-6
-6
-13
-6
-4
-6
5
4
11
8
18
14
12
4
8
4
7
6
12
7
7
9
1
4
0
8
1
12
10
14
12
13
10
1
8
12
16
12
13
12
16
12
14
11
11
10
7
10
11
16
16
15
10
13
13
15
19
19
17
13
13
16
15
16
22
12
17
19
12
14
16
13
16
20
17
24
19
25
22
22
23
12
19
20
12
6
17
16
15
12
13
6
4
9
5
9
9
9
1
2
4
-2
0
5
4
3
7
11
5
10
12
9
9
9
9
6
6
6
3
-1
3
3
6
-3
3
1
-6
-7
-6
-13
-8
-7
-6
-4
-16
-6
-15
-8
-12
-10
-18
-10
-12
-16
-11
-13
-1
-6
2
-2
5
-6
3
0
1
-2
-8
-5
-10
-7
-12
-14
-16
-11
-12
-9
-13
-16
-14
-7
-6
-5
1
-2
1
5
5
8
11
9
6
6
4
2
0
8
5
4
5
3
0
-2
4
4
9
2
12
7
14
19
19
16
18
21
14
18
14
19
9
18
9
12
9
8
6
3
4
-6
-5
-9
-6
-10
-7
-9
-4
-8
-3
0
0
-2
-2
-1
-5
0
-4
-2
-5
-1
-5
-4
0
-7
-10
-7
-12
-18
-15
-22
-15
-17
-16
-13
-14
-9
-15
-9
-11
-12
-10
-13
-9
-9
-6
-6
-5
-9
-11
-13
-13
-19
-11
-12
-17
-19
-12
-14
-14
-9
-10
-8
-8
1
-3
-1
-3
3
-2
2
1
7
4
0
10
0
-1
-6
1
-9
-1
-3
-1
-5
-13
-9
-10
-6
-15
-7
-11
-7
-3
-3
-3
1
3
-2
2
1
-4
-7
-4
-4
-2
-6
-4
-5
-7
-4
-10
-5
-1
3
2
0
4
6
6
7
-1
1
3
-3
3
3
3
0
-2
1
4
6
2
0
1
0
-2
-6
-9
-9
-12
-10
-3
-9
-6
-3
-6
-3
2
0
0
3
3
2
3
3
4
3
-5
-5
-3
-10
-4
-3
-1
-2
-2
6
3
7
0
2
0
-2
0
-2
-5
-4
-1
-2
-4
5
5
0
11
9
10
1
10
7
10
5
9
6
1
6
5
6
1
9
3
7
0
12
4
6
0
5
4
0
11
1
13
9
13
2
3
2
1
0
-1
-1
-3
0
-7
-3
-4
-2
-7
-1
-7
-6
3
0
7
6
11
6
3
1
1
4
3
-3
-10
-9
-11
-6
-6
-8
-16
-11
-12
-15
-12
-11
-10
-13
-8
-4
-3
-3
3
6
8
13
13
14
13
13
12
13
13
9
13
12
4
5
4
10
6
10
10
7
12
9
15
12
20
25
19
22
29
23
23
25
27
28
16
22
14
10
13
5
10
5
12
5
6
6
3
1
-5
-7
1
0
3
9
7
14
10
18
19
23
15
28
23
19
24
12
12
6
3
-4
-2
-15
-10
-12
-9
-9
-16
-16
-19
-16
-23
-19
-20
-16
-20
-12
-8
-9
-7
-5
-3
-10
-6
-9
-11
-15
-13
-9
-11
-7
-6
-5
-9
-9
-10
-7
-11
-12
-15
-14
-13
-13
-13
-9
-4
-12
-12
-14
-17
-15
-10
-12
-10
-9
-13
-13
-16
-16
-22
-18
-12
-10
-10
-14
-9
-10
-12
-8
-10
-4
-6
-6
-8
-8
-11
-16
-14
-12
-13
-9
-10
-4
-10
-10
-4
-16
-10
-13
-10
-12
-10
-5
-3
-7
-3
-1
-10
-6
-6
-4
-14
-5
-9
-4
-3
-3
-1
-6
-9
-15
-8
-18
-8
-10
-3
-7
-1
-3
-5
1
-8
2
-5
4
-3
4
-1
-2
-3
6
2
-4
1
-6
-1
-11
-4
-9
-3
-10
-7
-8
-9
-6
-5
-7
-11
-6
-4
1
-3
5
2
10
12
11
16
15
15
12
9
0
5
-3
2
3
-8
-2
-4
0
-6
-1
-3
-7
-6
-2
1
3
10
9
9
13
19
16
17
17
14
8
12
16
13
11
10
7
1
-2
-3
-4
-2
-1
-6
1
-3
-1
-1
0
6
6
18
16
15
15
22
20
22
23
22
20
20
19
13
18
10
8
2
7
-1
0
0
-5
2
-9
0
-5
0
5
3
4
4
9
12
8
10
13
6
13
15
17
16
22
14
10
11
4
8
3
10
14
11
10
14
10
9
15
11
13
19
24
19
23
22
26
29
30
29
25
24
24
25
21
15
9
13
7
6
4
11
2
-1
-2
1
6
6
12
11
17
15
19
15
23
21
21
18
17
12
6
13
0
7
0
-4
-6
-3
-2
-5
0
-5
-5
-10
-4
-6
-4
-2
-6
-2
1
0
1
6
6
8
12
11
6
9
6
3
3
0
-1
-1
-1
-5
-1
-3
0
-5
-6
-3
-4
3
-1
-4
-3
-2
0
-4
1
-2
-1
-3
-8
-13
-19
-14
-16
-12
-15
-11
-11
-13
-8
-10
-15
-12
-10
-12
-6
-3
-4
-6
1
-7
0
3
5
5
4
4
-4
-3
-10
-7
-10
-12
-15
-19
-22
-19
-20
-16
-13
-16
-12
-14
-13
-14
-9
-16
-16
-16
-9
-8
-9
-9
-12
-6
-19
-12
-17
-15
-16
-18
-14
-10
-8
-18
-16
-17
-12
-16
-6
-4
-1
1
4
5
4
6
9
12
8
9
8
3
-6
-7
-10
-12
-15
-10
-16
-22
-17
-13
-15
-23
-13
-13
-14
-10
-6
-9
-10
-7
-3
-6
-9
-3
-7
-3
2
-2
-3
-5
-12
-16
-19
-17
-18
-19
-15
-18
-20
-17
-16
-9
-10
-4
0
1
3
1
4
4
7
10
9
10
10
5
9
7
7
3
4
4
-3
4
-2
0
0
-2
1
6
-4
-2
0
7
7
6
13
7
13
13
20
17
22
20
20
22
17
13
9
2
7
2
4
12
4
13
0
6
0
3
4
10
12
9
15
14
15
10
12
4
6
4
2
4
10
4
9
13
11
14
12
13
7
4
0
5
10
9
9
3
16
10
9
15
13
18
12
21
17
19
11
12
11
10
5
8
6
3
5
1
2
-2
1
-5
-7
-4
-3
-5
-3
-6
-1
-3
5
9
0
1
0
3
3
6
3
-3
-2
-1
-9
-4
0
-3
-4
0
-3
1
0
-4
0
-6
0
-6
0
-2
2
3
3
-1
-3
-5
-4
-7
-8
-8
-8
-9
-14
-6
-21
-6
-9
-7
-11
-6
-5
-11
-5
-16
-17
-22
-16
-23
-18
-23
-13
-20
-15
-18
-17
-14
-16
-15
-22
-15
-20
-16
-21
-12
-18
-17
-12
-12
-10
-11
-14
-19
-12
-16
-18
-25
-22
-24
-32
-25
-26
-26
-35
-28
-30
-28
-29
-29
-21
-30
-20
-21
-10
-16
-10
-13
-16
-15
-13
-4
-5
0
1
2
-3
0
2
5
0
12
4
2
6
3
3
0
4
-1
-4
0
6
4
12
8
13
10
11
11
10
9
12
19
19
16
17
15
12
16
14
17
9
6
4
3
-2
-2
4
1
6
10
8
4
3
6
6
9
12
15
14
10
12
9
7
6
7
3
5
4
2
1
0
0
3
3
3
2
0
0
2
3
1
8
6
10
6
13
9
13
15
16
18
13
20
11
19
14
13
8
10
7
11
16
9
17
14
17
14
15
12
17
13
12
16
15
13
10
16
10
15
15
19
15
16
12
6
9
8
9
-1
5
4
3
2
4
1
4
5
6
11
4
13
6
6
6
6
12
13
1
7
6
7
7
6
11
2
9
7
9
7
8
14
9
12
12
5
9
13
10
10
15
17
15
13
13
14
11
7
6
12
7
7
3
6
5
-1
-1
-1
7
-4
3
7
0
6
10
6
11
12
19
13
13
17
7
15
7
12
9
8
6
3
-3
-1
-6
-6
-3
-6
-6
-12
-3
-13
-1
-7
-7
-7
6
1
-4
7
-2
4
0
3
-2
0
-2
-3
-4
-6
-7
-14
-10
-11
-12
-11
-6
-9
-12
-7
-6
-4
1
4
1
3
2
7
1
-2
2
-2
3
3
1
-12
-7
-15
-18
-15
-12
-19
-20
-26
-25
-20
-22
-16
-21
-14
-22
-16
-18
-13
-12
-8
-4
-10
-12
-12
-9
-15
-9
-13
-13
-21
-15
-18
-20
-21
-24
-30
-25
-22
-22
-21
-28
-16
-21
-20
-17
-12
-17
-9
-9
-10
-7
-8
1
-6
-2
-4
-6
0
-2
-2
-3
1
0
-7
-7
-9
-11
-9
-4
-9
-6
-9
-4
-3
2
-1
1
2
7
6
7
12
8
8
3
10
1
2
-10
-7
-13
-8
-8
-14
-11
-11
-10
-15
-12
-16
-10
-18
-9
-12
-10
-11
-9
-8
-7
-2
-5
-3
-11
-7
-16
-17
-14
-8
-6
-6
-11
-3
-2
-9
-5
-9
-4
-4
1
0
6
0
-1
4
-2
5
3
8
8
9
6
3
0
-3
-3
-6
-3
-3
-3
-6
-2
-9
-3
-4
-6
-4
-5
0
-1
2
0
2
0
0
-1
0
-3
-9
-7
-11
-10
-14
-12
-12
-11
-18
-13
-8
-9
-9
-10
-12
-7
-7
-4
-3
-12
-6
-3
-12
-6
-3
-7
-4
-12
-9
-7
-7
-9
-10
-9
-1
-3
-1
-2
-1
-2
-1
-1
-6
-1
-9
2
5
5
10
14
13
22
15
17
22
20
23
20
24
12
11
6
10
6
16
13
7
10
4
13
18
19
14
18
23
31
28
33
35
31
41
39
43
43
41
34
32
28
24
26
13
19
16
18
17
18
16
16
22
21
21
19
25
19
24
22
22
21
28
25
26
25
20
19
13
21
12
15
14
17
10
11
9
12
9
11
10
10
18
14
21
13
18
15
16
16
22
20
18
22
14
13
13
12
11
7
4
4
0
6
1
3
7
-1
4
4
2
0
-2
6
-5
4
1
3
5
3
4
4
5
2
2
-3
-4
-5
-5
-6
-4
-12
-10
-14
-13
-19
-18
-22
-22
-19
-16
-15
-18
-10
-19
-9
-16
-12
-16
-14
-11
-20
-17
-13
-16
-19
-14
-22
-16
-18
-14
-15
-13
-10
-11
-8
-3
3
0
4
8
12
7
12
7
11
12
9
3
8
5
-2
2
-4
0
-5
-4
0
-10
-9
-8
-10
-6
-7
-6
-7
-6
-6
-1
-5
-8
-6
-5
0
0
3
4
-3
-2
-3
-6
-7
-11
-8
-13
-11
-10
-4
-11
-15
-8
-16
-14
-11
-6
-8
-7
-6
-2
0
0
-1
-7
-1
-1
-7
-6
-6
-7
-8
-2
-10
-11
-9
-9
-3
-3
0
-5
-9
-10
-6
-7
-3
-8
0
-7
-2
-4
-5
2
-3
-2
-6
0
-6
2
-4
-3
-18
-7
-14
-15
-14
-16
-12
-21
-8
-18
-10
-13
-7
-11
-9
-12
-7
-6
-8
-2
-4
-1
-4
-2
-11
-3
-10
-9
-9
-12
-13
-13
-9
-24
-17
-17
-13
-21
-16
-12
-19
-9
-13
-13
-13
-10
-6
-6
0
-1
-4
-7
-10
-11
-22
-12
-15
-24
-20
-19
-20
-25
-20
-22
-22
-17
-16
-13
-10
-1
-4
-2
2
10
8
10
11
9
10
12
13
11
14
10
12
10
13
12
10
8
4
1
-2
3
1
-1
3
9
5
8
12
11
13
16
15
13
20
15
16
12
16
9
5
6
8
8
6
16
6
12
8
7
-1
1
-1
0
2
3
7
2
9
6
12
14
18
14
13
11
13
11
16
15
19
16
10
15
7
12
3
3
2
8
6
-3
10
7
7
8
13
5
9
12
7
11
7
6
3
6
3
2
7
6
1
1
2
-3
-3
-2
0
-8
2
1
6
1
-2
5
0
5
8
13
14
16
17
18
12
13
7
10
5
6
7
-2
1
-2
1
-2
-3
-6
-3
-8
-4
-3
-7
-7
-8
-3
-7
-4
-1
-9
-7
-8
-7
-4
-3
-8
-3
-1
-5
0
-3
0
-6
-4
1
0
-2
-2
0
-7
-3
-5
-7
-6
-3
-3
-2
-6
-3
-10
-10
-9
-18
-16
-15
-8
-15
-11
-10
-16
-16
-17
-14
-10
-11
-9
-4
-11
-4
-5
2
-3
2
-6
-6
-1
-5
-2
-2
0
-6
3
4
11
3
10
7
3
6
9
6
6
13
6
8
5
6
-3
2
0
-3
-2
-2
1
-4
3
-1
-3
-3
3
5
4
9
6
7
8
10
7
10
8
8
5
4
1
0
4
3
7
1
5
3
3
0
-3
2
0
3
5
5
4
1
1
3
-6
-2
-3
3
0
4
2
0
4
-3
6
5
9
2
9
4
3
-4
-6
-5
-3
-3
-8
-3
-3
2
0
5
3
4
1
-1
0
0
0
1
6
1
1
-1
1
-3
-2
0
-2
0
-2
4
-3
-3
-5
-5
-4
-6
-4
-9
-13
-17
-4
-7
2
4
3
1
4
9
5
10
15
13
10
15
9
15
7
4
3
1
-2
-6
1
1
5
-11
-1
-2
-1
-2
-1
-1
-3
5
7
3
3
13
9
9
11
18
13
16
17
11
1
-1
6
-2
4
-3
2
1
1
-3
-6
-1
1
2
-4
-4
-3
0
-5
-2
-2
-3
-3
-2
-5
-7
-7
-6
0
-6
-4
0
-3
-4
-4
0
-6
-4
-3
-3
-9
-7
-8
-16
-7
-9
-4
-4
-1
-6
-8
-4
-9
-8
-15
-12
-16
-13
-16
-18
-16
-14
-10
-13
-7
-7
-6
0
9
4
6
5
9
6
6
8
-2
7
-2
-3
-10
-8
-11
-10
-13
-10
-9
-10
-1
-10
-5
-10
-3
-8
-7
-3
-2
-4
-2
6
1
4
3
16
7
14
10
6
6
11
12
4
9
-3
3
0
3
2
6
3
9
11
4
8
0
6
-6
4
0
-1
-2
-3
-1
-3
0
-3
3
-9
-2
-5
-5
-6
-12
-8
-13
-9
-7
-6
-7
-3
-5
-9
-9
0
-5
0
3
-2
-2
-11
-10
-15
-15
-16
-11
-9
-16
-13
-8
-15
-13
-13
-11
-10
-1
1
-10
-9
-10
-9
-12
-9
-13
-14
-12
-8
-9
-12
-11
-15
-4
-5
-4
-6
-12
-8
-14
-9
-12
-6
-3
-10
-9
-11
-7
-8
-5
-2
-3
3
6
3
6
-2
7
6
6
8
-2
-3
-6
-1
-7
0
-5
0
-3
-6
-3
-9
-4
-2
3
0
8
0
7
13
15
16
14
16
19
22
16
19
15
17
12
15
13
9
7
3
0
-3
4
0
0
2
2
3
6
3
5
7
10
9
12
14
17
19
20
21
19
19
14
13
19
17
15
11
7
10
9
9
7
11
7
12
10
5
10
9
12
10
13
16
15
20
14
22
25
19
24
15
15
14
17
9
5
7
8
10
9
5
-2
-2
0
-2
-2
1
0
2
6
6
7
4
6
14
5
15
12
12
10
4
4
4
5
3
2
-2
5
4
5
-2
2
0
3
-2
0
-4
-3
-3
-9
0
-4
-4
-4
-5
-10
-4
-8
-9
-11
-9
-16
-16
-14
-13
-20
-18
-12
-21
-13
-13
-11
-18
-14
-16
-19
-18
-12
-5
-7
-3
1
5
7
6
5
10
7
5
2
6
9
0
-3
0
-2
5
-3
-6
-3
-1
-1
-2
1
1
3
0
5
3
4
3
2
7
14
5
7
10
14
9
7
13
10
8
6
10
8
9
8
7
7
5
10
7
4
4
2
3
7
3
4
6
0
1
-4
-9
-7
-10
-9
-13
-16
-13
-16
-9
-13
-17
-13
-9
0
-5
-3
-7
-5
-6
-4
-2
-2
0
2
2
-2
3
1
0
1
2
-5
-4
-6
0
-6
-4
1
-3
1
-3
-4
-9
0
-5
-7
-8
-1
-2
0
3
1
4
-6
0
-5
-4
-5
-10
-13
-8
-10
-18
-9
-13
-7
-14
-9
-9
-14
-11
-3
0
-2
3
-7
3
-3
-6
-7
1
-1
-10
-6
-7
-13
-13
-17
-18
-13
-21
-15
-24
-18
-24
-29
-24
-20
-19
-15
-14
-16
-18
-22
-15
-16
-8
-12
-8
-8
-8
-6
-10
-12
-13
-11
-7
-6
-6
-12
-9
-4
-9
-8
-5
-8
-6
-4
-7
-4
-6
7
3
6
6
8
2
-1
4
-3
5
-1
2
-3
3
5
6
4
7
7
4
8
3
2
-3
6
1
7
10
14
13
16
20
15
25
10
9
7
6
3
4
7
6
10
16
16
16
24
14
7
6
8
1
6
6
12
17
9
13
13
16
14
18
7
13
10
12
9
9
12
11
16
14
15
13
22
18
19
19
24
21
25
25
15
19
13
21
13
19
11
7
8
9
12
7
9
2
6
2
8
0
5
-6
-3
0
-6
-1
-3
8
-3
-2
-4
4
4
9
1
0
3
0
3
0
8
1
3
0
0
-7
-1
-3
-7
-8
1
-3
-8
-1
-6
-1
-1
4
2
6
1
3
4
2
4
3
3
-2
-1
-6
-6
-9
-7
-1
-10
-12
-13
-7
-10
-4
-1
1
7
4
15
7
11
7
16
7
16
10
14
16
12
8
4
0
-7
-1
-15
-8
-22
-10
-15
-12
-16
-13
-11
-16
-4
-10
-7
-6
0
-5
6
-1
5
10
15
13
12
13
7
9
0
2
-3
-3
-7
-9
-8
-9
-11
-12
-17
-17
-10
-14
-6
-7
-3
0
-3
-3
-10
-3
-7
-4
-7
-13
-11
-13
-21
-22
-25
-22
-21
-16
-16
-18
-3
-18
-11
-12
-10
-12
-11
-6
-13
-5
-12
-6
-5
3
0
3
0
-6
0
-3
-3
-6
-4
-3
-5
-9
-9
-12
-14
-15
-9
-8
-10
-5
0
-5
-3
-1
-6
-7
1
-1
-6
2
-9
-7
-7
-4
-10
-11
-11
-13
-12
-12
-16
-14
-17
-13
-4
-8
5
-2
-1
-5
1
-8
-3
-6
-7
-1
0
2
-6
0
-5
1
-4
1
-5
-3
1
0
-2
-2
0
-3
0
-1
3
4
11
9
13
10
7
9
6
13
9
14
14
15
15
11
6
13
12
2
7
5
11
7
9
9
15
12
20
21
23
28
25
22
20
27
20
29
25
24
19
19
19
12
15
13
15
10
9
12
10
3
15
9
5
8
16
19
16
23
21
21
20
21
15
21
20
21
13
19
18
10
12
7
9
6
6
6
8
-3
3
0
-7
-6
-12
-13
-15
-12
-6
-9
-11
-9
-14
-9
-9
-5
-2
-8
0
-6
-8
-11
-11
-11
-13
-13
-12
-18
-21
-17
-24
-20
-16
-12
-13
-10
-11
-7
-8
-10
-8
1
-2
-9
3
-5
-10
-8
-3
-8
-5
-9
-11
-11
-15
-12
-22
-25
-24
-19
-25
-19
-13
-16
-18
-20
-10
-18
-16
-6
-4
-9
-8
-6
-10
-13
-3
-7
-9
-4
-10
-10
-14
-6
-2
2
1
1
-3
-5
1
-6
-4
0
0
2
4
3
2
3
9
10
10
9
7
11
8
9
8
9
9
11
13
13
21
17
19
17
17
19
21
20
21
21
21
25
25
23
20
19
13
16
14
17
13
22
19
18
16
19
18
17
15
15
17
19
22
18
20
16
21
10
19
14
18
4
8
7
3
9
7
3
1
7
-6
-1
1
2
-9
0
-5
-4
0
6
6
0
7
7
13
13
17
9
17
19
16
14
13
7
3
1
-4
-8
-19
-9
-12
-17
-19
-18
-19
-21
-17
-16
-14
-15
-7
-7
-7
2
0
0
-2
-2
3
3
-1
2
-1
-2
1
0
-1
-6
-3
-9
-9
-14
-12
-16
-20
-14
-12
-14
-13
-6
-6
0
0
3
6
4
8
10
9
12
8
7
9
3
-1
-7
-7
-14
-11
-18
-7
-12
-9
-3
-6
-4
-7
1
-5
0
-6
-2
-1
1
1
-4
-5
-7
1
-10
-6
-7
-2
-9
-14
-15
-18
-14
-16
-13
-23
-17
-21
-17
-21
-16
-22
-22
-18
-21
-14
-17
-4
-13
-7
-12
-6
-8
-3
-8
-8
-3
-8
-2
-12
-6
-15
-12
-19
-18
-22
-15
-19
-17
-16
-24
-14
-19
-12
-15
-4
-12
-8
-11
-16
-15
-22
-23
-23
-23
-27
-23
-23
-15
-22
-22
-25
-14
-12
-14
-9
-13
-7
-10
1
-4
-3
-1
-6
-3
-3
-4
-7
-3
-4
-4
-7
-3
0
3
1
0
5
1
-4
-1
-1
6
10
2
7
13
11
11
21
21
14
15
19
15
16
11
11
12
9
15
9
18
16
13
18
16
12
13
12
16
17
10
18
9
12
10
12
12
11
15
18
9
13
9
7
6
4
7
1
9
0
4
-5
6
2
6
12
6
9
5
7
0
7
2
10
9
20
15
16
17
19
16
11
16
15
22
15
18
14
12
13
12
6
11
9
12
12
12
20
16
19
16
17
15
21
16
9
10
10
12
5
14
7
3
5
5
3
0
7
0
0
0
-1
-9
-6
-7
-1
-5
-2
-4
-8
-2
-2
1
-2
3
-7
-1
-5
-2
-3
-6
-9
-10
-6
-8
-6
-12
-3
-6
-2
-2
-7
-10
-11
-8
-12
-7
-6
-7
-10
-6
-10
-3
-7
-10
-10
-10
-5
-13
-8
-6
-8
-12
-4
-11
-9
-7
-6
0
-7
1
2
11
7
13
7
7
13
5
5
4
6
0
3
-6
-2
-3
3
-1
0
0
-6
-6
-11
-9
-9
-8
-10
-10
-14
-10
-10
-4
-4
1
-1
-1
0
3
0
-3
6
-3
3
0
2
3
0
1
-4
0
-3
-1
3
4
3
3
-1
-5
3
0
1
0
4
0
-2
0
-1
-8
-7
0
-8
-1
-5
-4
-6
0
-5
-7
1
-2
-4
-8
-7
-9
-5
-1
5
2
6
10
6
1
4
1
-4
2
4
0
4
1
1
-1
-5
1
-4
-5
-1
3
1
4
6
7
6
7
5
5
7
7
6
6
4
4
5
1
9
6
6
12
11
6
17
16
12
12
9
14
8
6
10
15
11
23
13
13
15
11
12
10
16
13
20
13
13
-2
2
-1
-6
0
-3
0
3
6
3
13
6
15
9
12
12
11
9
13
11
7
12
6
6
0
2
-5
-5
-7
-6
-8
-9
-6
-7
-6
-14
-10
-15
-9
-9
-5
-3
-9
-3
-13
-6
-12
-7
-12
-18
-18
-17
-23
-21
-15
-28
-23
-25
-16
-22
-14
-10
-10
-13
-13
-7
-10
-7
-3
-3
-6
3
0
3
2
5
0
4
6
2
-2
-2
-3
-7
-5
-12
-12
-13
-12
-16
-8
-7
-7
-8
-7
-7
-9
-6
-6
0
0
3
3
9
7
7
12
5
4
-2
-1
2
-5
-4
-3
-5
-7
-6
-9
-8
-9
-10
-16
-15
-19
-12
-10
-12
-2
-9
-2
-12
-5
-10
-8
-9
-5
-5
-6
-1
-12
-4
-16
-11
-19
-14
-19
-16
-16
-13
-11
-13
-7
-9
-7
-12
-1
-5
-4
-3
3
-2
-6
0
-2
4
-1
-3
-3
1
-2
-4
-2
-10
-10
-3
-4
-9
-6
-3
-5
-6
-1
-3
3
5
-5
6
2
9
9
15
18
18
17
18
19
15
22
14
18
14
22
14
16
17
16
15
19
19
11
11
7
10
8
6
0
3
-1
2
2
2
-4
0
6
6
3
9
9
7
10
10
13
15
19
16
18
14
19
7
15
21
17
21
19
18
15
10
11
12
10
11
5
2
-3
4
-10
3
-8
-6
-5
-10
-11
-13
0
-17
-9
-12
-5
-9
-7
-7
-3
-7
-3
4
-3
4
-2
2
-6
-5
-5
-8
-12
-8
-8
-9
-3
-8
-9
-5
-3
-6
-3
0
2
6
10
19
19
20
15
19
12
13
15
12
11
10
5
-3
3
-6
7
-1
1
-1
1
5
1
5
6
15
6
11
7
10
7
12
12
10
7
3
2
0
3
-5
-3
-12
-10
-11
-2
-3
-4
-3
3
3
4
13
5
14
15
16
11
13
9
8
7
5
5
1
2
-1
1
-2
-3
-4
-9
-10
-6
-10
-15
-8
-15
-13
-17
-18
-19
-16
-11
-13
-1
-11
-6
-9
-4
-7
-8
-6
-9
-5
-6
-7
-7
-4
-10
-6
-15
-8
-11
-7
-18
-10
-14
-9
-10
-10
-1
-12
0
-5
3
-2
7
-5
-2
-1
-4
-2
-9
-11
-16
-13
-18
-12
-17
-13
-14
-7
-8
-7
-11
-10
-3
-10
-3
-5
-2
0
1
3
0
-1
2
-6
-9
-7
-12
-9
-10
-6
-7
-4
-7
-10
-9
-9
-7
-7
0
-2
-3
0
9
5
7
9
12
14
13
16
10
7
3
2
1
7
-2
-7
-4
-7
-11
-12
-4
-4
-2
1
4
5
12
11
11
16
19
13
14
10
14
14
19
16
13
18
17
20
10
19
13
13
11
14
13
14
14
16
17
15
22
20
27
20
22
22
19
16
23
23
21
17
20
19
15
20
10
18
10
20
18
22
20
22
13
7
5
13
19
7
16
12
11
-2
12
9
14
18
17
15
12
19
10
9
1
9
-4
0
0
-2
-4
-13
-15
-22
-19
-25
-19
-20
-11
-16
-12
-11
-19
-10
-18
-9
-16
-17
-17
-13
-14
-17
-19
-23
-23
-28
-19
-24
-19
-22
-22
-23
-19
-23
-22
-20
-21
-19
-19
-14
-18
-12
-15
-7
-15
-13
-18
-17
-20
-17
-21
-25
-22
-28
-29
-26
-20
-28
-17
-23
-15
-21
-23
-16
-15
-12
-4
-1
-9
1
-4
-5
1
-3
-3
-10
-7
-8
-14
-13
-11
-10
-6
4
-2
6
1
5
-1
5
4
1
4
1
1
2
9
2
7
13
20
12
12
7
9
8
9
4
-1
5
0
-1
-4
4
-1
4
0
3
3
10
12
11
16
12
18
16
18
9
9
13
9
8
0
2
2
-2
2
3
0
0
3
-3
-4
-4
-9
-5
-4
1
4
3
3
2
6
6
11
10
13
10
5
11
7
4
-1
3
-2
2
3
-3
-3
-6
-5
-5
-6
-5
-1
-4
2
2
0
4
7
6
13
17
18
17
12
5
0
4
-3
-2
-5
-1
-6
-8
-7
-10
-7
-5
-2
4
8
4
8
10
9
12
11
2
6
1
2
3
1
-6
-3
-3
-5
-4
-9
-4
-15
-12
-9
-7
-16
-5
-14
-8
-9
-12
-5
-12
-6
-15
-6
-9
-10
-13
-7
-11
-8
-11
-6
-15
-15
-8
-19
-10
-12
-10
-8
-3
-6
-5
-3
-4
-3
1
0
5
11
8
12
0
2
1
4
6
0
3
-6
0
0
1
0
1
-5
-2
2
-3
-1
-4
4
-6
-2
1
-1
0
5
5
2
4
10
11
11
16
14
15
6
9
5
5
5
4
9
9
12
14
15
8
12
13
11
6
9
12
8
11
8
7
13
6
5
6
4
6
9
6
6
4
-3
2
0
-4
-3
-6
-2
1
3
3
3
3
0
6
10
10
15
20
20
19
18
13
12
7
6
3
2
-5
-3
-8
-10
-10
-6
-10
-12
-6
-4
-3
-4
-1
-5
-1
-4
0
-3
0
-2
-3
-4
-6
-4
-7
-3
-5
-9
-13
-9
-14
-9
-3
-3
-2
-2
-1
-6
1
-3
4
5
6
11
6
13
10
12
12
7
9
6
2
5
1
0
-4
-5
0
-2
8
-1
6
1
1
5
1
5
1
5
4
12
9
13
13
23
23
27
27
27
27
24
28
20
19
18
21
20
18
20
16
16
11
10
12
9
12
6
12
12
20
18
16
20
18
26
20
23
19
16
13
16
8
2
1
-1
-3
-13
-7
-12
-15
-13
-13
-19
-17
-21
-17
-19
-18
-18
-17
-9
-9
-8
-9
-5
-16
-13
-18
-16
-23
-19
-17
-22
-21
-24
-19
-27
-22
-22
-13
-13
-6
-13
-13
-10
-9
-9
-13
-8
-13
-9
-12
-9
-10
-10
-20
-21
-22
-28
-22
-22
-23
-29
-19
-20
-20
-21
-22
-12
-12
-7
-10
-4
-6
3
-3
-1
-5
-8
-3
-8
-9
-9
-6
-18
-10
-19
-11
-13
-13
-11
-12
-7
-13
-9
-9
-6
-8
-4
2
3
0
3
1
4
6
6
4
6
10
9
8
6
5
0
0
0
2
3
-1
-3
-9
-9
-7
-8
-6
-4
-5
-5
1
-3
0
0
3
3
14
11
8
8
1
7
2
9
10
9
8
5
-2
-1
-4
-4
-6
-9
2
-2
-2
1
8
4
14
19
14
16
21
26
22
22
27
26
22
27
18
16
14
14
9
7
9
10
11
7
15
6
10
8
12
13
16
11
7
8
6
8
5
8
-2
4
3
7
3
8
8
9
13
11
13
7
13
9
9
3
6
4
9
3
3
5
-3
6
2
3
0
-3
0
3
1
6
4
-4
-2
-5
-1
4
-1
-2
0
-6
-3
-7
0
0
-3
0
2
-2
-3
4
-4
-6
-11
-9
-12
-12
-11
-10
-13
-9
-8
-16
-10
-14
-18
-17
-15
-16
-15
-16
-6
-16
-13
-12
-14
-7
-11
-5
-8
-1
-6
-4
-4
-3
-8
-5
-10
-3
-8
-3
3
-5
3
-3
4
-1
6
0
8
4
4
1
4
1
2
9
4
13
7
9
7
9
3
5
4
5
5
-2
1
0
0
-1
6
5
4
6
9
6
8
12
3
5
6
7
3
8
6
5
7
-2
-6
-3
4
-2
-7
-10
-1
-10
4
-2
-6
-6
-9
0
-5
-1
-6
2
-12
-3
-5
-8
-12
-12
-6
-11
-13
-18
-13
-21
-16
-21
-20
-23
-19
-23
-19
-17
-16
-15
-13
-10
-13
-7
-17
-10
-15
-13
-12
-17
-9
-2
-10
-10
-7
-15
-12
-9
-10
-13
-3
-3
-7
-4
-10
-3
-4
1
1
3
4
3
14
7
8
6
12
10
13
16
16
5
7
6
2
8
-1
6
1
7
8
10
6
8
3
10
9
4
0
3
4
1
15
4
6
1
9
6
5
0
0
1
0
1
-6
3
-11
-7
-8
-10
-13
-7
-5
-4
4
6
9
4
4
9
9
13
20
14
13
16
13
13
9
5
6
4
1
2
6
1
2
0
0
1
6
5
9
10
13
23
15
15
14
12
14
13
16
15
7
12
7
5
7
12
6
3
8
5
2
1
10
-3
6
9
10
22
19
25
21
18
22
17
12
22
13
11
16
14
7
12
10
1
-1
0
0
-4
1
4
-3
-5
-1
0
-1
4
7
-1
9
6
2
-3
9
3
5
7
3
3
0
0
-10
-5
-14
-14
-16
-17
-15
-13
-12
-12
-11
-13
-12
-6
-7
-9
-4
-7
-5
-2
7
0
0
5
-1
-2
-6
-6
-7
-1
-1
-9
-9
-11
-14
-18
-16
-18
-16
-22
-19
-16
-12
-10
-13
1
-4
3
0
6
0
7
2
4
5
0
-2
-10
-6
-7
-9
-18
-6
-16
-14
-11
-7
-11
-4
-1
-9
-3
-2
0
0
7
-1
6
9
4
2
5
4
2
3
0
0
0
-1
-5
-4
-9
-6
-9
-7
-3
0
-2
-4
4
4
3
6
6
1
8
10
11
12
6
6
-3
-3
-10
-11
-11
-12
-12
-13
-11
-15
-18
-20
-7
-16
-12
-13
-12
-15
-18
-18
-16
-10
-14
-9
-8
-3
-7
0
-3
1
-2
-6
-2
-6
-7
-3
0
-6
-4
-6
1
-4
4
5
3
3
9
12
9
10
7
13
11
13
9
6
4
6
3
3
5
4
5
0
6
1
3
2
1
-1
6
11
7
16
10
12
12
21
21
17
27
20
29
23
21
19
13
15
7
6
7
2
6
9
6
9
8
11
9
12
9
19
13
10
14
9
13
13
14
14
19
12
9
9
7
4
3
-10
-6
-6
-14
-13
-7
-10
-16
-16
-15
-10
-12
-9
-10
-5
-3
0
-4
4
3
2
6
3
1
-5
-7
-8
-11
-21
-13
-20
-19
-25
-10
-22
-13
-9
-18
-15
-24
-17
-21
-13
-22
-9
-11
-1
-3
3
1
6
6
0
9
-4
2
-4
0
-7
-1
-7
-7
-8
-9
-3
-2
-1
-3
0
-2
6
4
11
6
13
12
13
17
7
8
3
9
0
1
0
-6
-3
0
-3
-10
0
-9
-13
-12
-6
-14
-14
-11
-10
-3
-6
0
3
5
0
7
2
1
0
6
0
0
0
-2
-3
-9
-4
-7
-3
-4
9
2
4
8
7
13
15
21
12
15
21
22
17
15
15
13
12
3
-3
5
2
5
7
9
15
13
15
10
10
7
11
14
12
11
9
19
19
20
21
22
29
19
22
16
10
13
6
0
2
-1
-4
-4
-2
-5
-3
3
1
5
4
2
-3
2
1
1
-1
3
-4
-7
-1
-7
-6
-7
-6
-11
-10
-6
-12
-17
-16
-22
-20
-19
-22
-19
-23
-21
-19
-19
-22
-20
-15
-16
-10
-11
-8
-6
-7
-8
-11
-15
-14
-13
-17
-20
-24
-19
-25
-25
-25
-28
-31
-28
-30
-29
-26
-25
-23
-21
-15
-9
-9
-9
-1
-4
3
1
3
3
9
10
3
6
-2
-1
-3
2
-3
1
0
-6
