SAMPLES:	30498
BITSPERSAMPLE:	16
CHANNELS:	1
SAMPLERATE:	16000
NORMALIZED:	FALSE
4
2
3
7
6
3
2
7
3
2
-3
-3
-11
-15
-9
-9
-8
-14
-15
-16
-14
-6
-9
-7
-4
1
1
0
-1
-5
-5
-9
0
-3
2
-3
-7
-9
-14
-18
-21
-15
-16
-14
-12
-16
-12
-7
-15
-12
-3
2
-5
-1
2
6
3
8
9
15
13
11
13
7
9
3
9
7
11
10
11
11
9
4
3
12
14
10
17
18
15
18
18
16
14
23
18
28
21
18
16
13
9
5
11
4
3
0
0
-2
-7
-7
-3
-4
3
7
3
2
-1
4
5
-4
3
1
1
0
-6
-11
-13
-10
-16
-7
-15
-10
-18
-21
-22
-24
-21
-19
-15
-13
-11
-16
-4
-12
-7
-10
-2
-3
0
2
6
7
7
6
-4
8
-1
2
4
-1
-5
-3
-4
-2
3
0
9
3
-2
3
-2
-3
-4
6
6
18
13
18
13
4
2
-8
0
-10
2
-9
-6
-7
-7
-12
-10
-8
-8
-17
-18
-12
-20
-11
-16
-2
-12
-2
-9
-6
-3
-7
-3
-3
-4
-14
-9
-12
-10
-14
-9
-14
-5
-10
-6
-10
-13
-9
-6
-7
-12
-9
-17
-13
-15
-10
-16
-8
-9
-10
-3
3
7
3
9
9
9
6
6
6
7
16
9
12
5
7
2
2
14
2
9
-4
-2
-3
3
0
9
1
16
11
11
17
8
17
1
17
3
14
11
16
7
15
14
14
8
6
15
4
10
3
5
0
11
0
4
0
2
4
-4
-4
-2
8
1
9
3
3
1
1
-2
-5
0
-7
-1
-3
-2
-3
-6
-3
-3
-3
-3
-6
-4
1
0
6
1
4
6
6
-4
-2
3
-3
0
0
6
0
5
10
7
3
8
7
7
4
7
6
0
0
0
3
-4
0
-1
-4
-13
-4
1
-8
-3
-9
-7
-9
-11
-16
-16
-15
-10
-10
-4
-7
-6
-4
-4
3
-6
2
1
-3
-1
-1
-10
-7
-13
-8
-6
-9
-4
-6
-3
-3
-2
-6
-4
-6
-6
-8
-3
-7
-1
-3
-4
-5
-1
2
3
7
-1
3
2
6
-3
2
-4
-6
-12
-11
-9
-12
-10
-13
-10
-12
-2
-5
-3
-3
0
-4
-3
2
3
3
0
0
0
0
-1
-10
-11
-6
-14
-9
-6
-9
-9
-8
-6
-12
-12
-13
-9
-12
-6
-6
-11
-10
-9
-7
-6
-4
-5
1
-2
5
3
0
3
1
0
4
4
7
9
9
7
3
10
0
3
0
3
-5
-1
0
-3
0
-7
-4
-7
0
-3
1
-6
-3
0
-4
0
3
2
2
7
1
0
-2
2
-6
-5
-3
-7
-6
-6
-7
-9
-4
-3
-2
5
6
10
6
11
4
10
8
4
10
7
12
11
15
7
9
6
8
0
6
0
11
1
3
6
2
9
1
15
3
8
10
19
10
13
17
16
15
21
15
12
17
17
16
14
18
6
16
3
14
14
11
19
6
12
12
19
22
13
13
12
8
8
10
11
13
14
19
16
8
7
6
8
12
18
16
18
19
17
19
16
16
15
12
10
14
14
14
16
16
10
8
15
6
6
10
4
6
11
15
16
6
12
7
0
-2
0
-5
-2
1
-9
-13
-15
-9
-16
-11
-15
-10
-14
-12
-13
-15
-17
-12
-13
-21
-17
-18
-20
-27
-17
-24
-20
-15
-3
-13
-3
0
-3
0
-3
-6
-11
-9
-8
-9
-15
-14
-15
-9
-15
-4
-19
-12
-9
-13
-16
-16
-13
-16
-8
-15
-9
-18
-14
-13
-9
-16
-8
-9
-8
-5
-7
-1
-8
-7
-15
-15
-16
-14
-9
-14
-19
-22
-25
-25
-29
-22
-24
-28
-16
-25
-21
-17
-23
-10
-15
-11
-6
1
-7
-3
0
-9
-2
-2
5
-1
0
0
0
-12
-4
-8
0
2
-1
5
-3
4
-1
4
-3
3
7
6
2
6
1
-3
-2
-1
4
7
9
6
16
6
12
11
17
8
15
19
17
14
12
16
9
22
19
20
16
23
20
21
20
24
22
19
14
8
15
3
9
4
6
10
6
15
11
10
9
10
7
6
5
2
3
8
8
6
6
11
18
7
10
6
4
1
1
4
7
2
1
6
-2
1
-4
-9
-6
1
-2
0
-3
3
1
-4
-4
-8
-4
-6
-2
-7
-4
-9
-7
-8
-9
-11
-12
-12
-16
-16
-20
-16
-17
-16
-16
-10
-5
-7
-10
-8
-6
-7
3
0
5
1
2
1
0
-6
-9
-8
-9
-7
-13
-3
-10
-13
-18
-18
-13
-16
-10
-7
-5
-6
-7
-7
-6
-6
3
1
7
14
12
9
3
9
7
3
4
3
0
-1
0
-1
-5
-1
1
7
4
10
12
-1
10
7
7
5
13
12
12
14
14
9
9
14
10
16
7
13
11
6
13
8
7
5
-1
1
-5
9
9
8
7
7
10
6
13
5
16
10
17
14
16
11
7
7
2
9
2
7
1
4
4
2
-2
2
3
-1
-1
-4
0
0
1
6
6
12
14
10
18
19
18
9
6
11
0
7
5
7
7
7
2
4
9
-6
-1
-3
1
-6
3
0
2
-1
-6
-4
-3
0
0
6
1
7
-4
0
-1
1
-1
-3
-6
-4
-4
-6
-4
-6
0
-9
-3
-3
-2
-3
-1
-1
-2
4
12
10
11
15
19
20
12
16
13
14
8
10
3
9
13
10
12
8
12
10
9
2
4
0
3
0
-3
0
-8
-2
-1
-1
-1
-2
0
-9
-9
-15
-10
-13
-11
-13
-12
-16
-20
-13
-18
-13
-18
-8
-16
-7
-5
-1
2
1
-1
-9
-3
-2
4
0
0
-5
2
2
0
2
3
1
-1
3
0
-1
-2
1
-3
-3
-3
-2
-8
-7
-4
-6
0
-3
0
-3
0
0
1
3
-2
-3
-4
-6
-7
-4
-3
-4
-10
-12
-9
-9
-8
-13
-12
-15
-16
-13
-13
-15
-12
-9
-5
-4
-7
-7
-7
-7
-3
-1
-5
-3
-9
-7
-7
-4
-5
-5
-6
-13
-11
-16
-12
-14
-12
-13
-10
-12
-12
-8
-2
-3
-8
-10
-8
-6
-4
-4
-4
-5
-4
-7
-7
3
-4
3
-9
-2
-9
-9
-13
-17
-13
-15
-8
-10
-10
-17
-11
-9
-7
-7
-3
-9
-5
-10
-10
-9
-12
-7
-4
-4
-6
-4
-5
-3
-6
2
-7
-1
3
0
7
6
4
5
11
8
10
6
11
5
5
6
1
7
2
5
3
4
-2
3
3
2
8
6
10
7
6
-4
12
5
10
9
11
14
8
17
13
13
11
12
4
8
0
2
0
3
0
-1
-3
-6
-4
-8
-2
-3
-6
-6
0
-7
4
1
2
-5
-8
-6
-16
-3
-10
-12
-9
-13
-18
-14
-16
-16
-16
-20
-15
-15
-18
-15
-14
-15
-8
-10
-9
-9
-5
-1
1
6
6
4
3
0
1
2
-3
-2
0
0
2
-4
0
-3
1
2
1
7
9
9
3
6
6
15
9
9
13
16
18
16
13
14
12
13
19
13
23
12
13
16
21
16
14
19
20
19
23
21
16
24
17
24
15
18
24
26
22
19
22
15
15
6
13
7
9
1
-1
3
-1
7
1
0
1
8
2
4
0
3
-2
1
4
-2
3
6
11
5
10
7
6
1
3
-4
-3
-3
-10
-6
-12
-7
-9
-10
-11
-13
-12
-14
-14
-9
-6
-12
-13
-14
-18
-14
-13
-11
-6
-16
-9
-7
-9
-5
-6
-9
-12
-6
-10
-4
-5
-8
-10
-6
-1
-5
3
1
3
1
-3
2
2
-5
-1
-3
0
-1
3
5
3
-1
-3
3
-9
-2
-1
-5
-2
2
3
3
4
10
-2
6
7
5
3
4
10
4
13
10
12
1
11
8
2
2
9
-2
1
10
12
6
4
7
0
11
4
7
-2
9
1
2
4
-3
1
-1
9
7
13
7
7
0
-1
4
-5
1
-7
3
-10
-3
-4
-8
-3
-3
4
-7
6
-1
8
5
11
1
9
3
3
9
7
9
-2
8
0
3
0
9
-3
-2
5
3
-2
2
2
6
3
3
9
1
6
4
4
7
18
12
10
8
7
6
2
-1
-4
-4
-9
-2
-4
-1
0
1
-3
0
3
5
4
0
3
-7
-3
-1
-4
-3
1
11
7
12
10
13
5
4
12
0
-1
-4
-3
-9
0
-9
-3
-9
-9
-9
-9
-9
-12
-13
-15
3
-6
4
-5
-3
-4
-3
1
-4
-4
-7
-10
-4
-17
-15
-20
-13
-7
-24
-16
-22
-11
-26
-12
-21
-16
-11
-20
3
-13
-3
-15
-4
-6
-12
5
-18
-9
-22
-9
-12
-24
-14
-22
-6
-22
-17
-22
-17
-21
-19
-23
-15
-10
-19
-9
-15
3
-9
6
-2
8
10
13
6
1
6
6
9
-2
9
-5
12
7
5
4
7
16
5
10
3
1
6
-1
-1
-3
6
12
6
7
1
6
7
10
5
6
13
13
10
10
7
7
0
4
2
-3
11
-3
11
-3
7
6
0
6
-6
7
13
13
12
5
13
11
7
19
7
16
2
7
13
2
13
4
8
10
3
10
8
11
12
5
26
10
13
10
12
12
5
13
5
7
6
6
3
2
0
8
0
11
3
4
11
5
12
-6
14
6
2
3
4
11
6
12
-3
10
10
9
3
3
6
1
0
-6
3
-9
10
0
-5
-3
-13
4
-28
-17
-4
-19
5
-29
-18
4
-16
10
-29
12
1
-6
31
-35
32
-12
-23
10
-48
8
-35
-31
-18
-45
13
-51
-1
-19
-33
35
-40
15
7
4
28
-9
27
3
13
12
-21
38
-16
-9
-4
-38
21
-31
-4
-28
-8
6
-42
27
-34
19
31
-22
27
-9
37
6
-10
-6
-31
61
-56
-22
25
-50
61
-81
-13
35
-20
46
-83
75
-6
1
67
-98
113
-34
-26
29
-89
62
-75
10
-23
-71
74
-109
48
1
-37
87
-62
50
-10
26
47
-49
64
-38
13
18
-74
52
-33
-2
-6
-34
37
-54
33
-39
3
30
-47
25
-9
28
4
-1
20
-2
25
2
7
30
-15
14
-19
-10
6
-25
0
-46
8
-19
-26
5
-53
1
-23
-45
-14
-37
0
-29
-19
-17
-43
22
-38
-23
18
-37
16
-15
-37
6
-6
32
-16
4
12
-12
39
-24
-1
22
-10
-3
-14
14
3
11
23
-24
32
11
1
34
4
22
21
44
-2
30
31
-4
37
-12
-29
-7
-16
-31
-18
-12
-35
0
12
-10
72
-7
8
88
-4
-3
-7
1
33
-10
-91
-100
144
85
-149
131
33
94
217
-172
111
234
65
-15
-19
201
-74
149
-27
-239
325
-223
-90
-17
-214
71
-183
28
-233
13
142
-237
244
-105
104
194
-86
205
0
200
30
44
92
-89
152
-97
-3
32
-150
17
-44
-106
-74
-17
-93
-8
24
-98
171
120
129
139
187
184
146
261
-85
133
128
-179
6
-156
-146
-27
-240
-250
-197
-67
-142
-196
55
-49
27
80
-163
135
69
-94
-50
-147
92
-253
-26
-107
-238
196
-274
1
-36
69
141
-8
391
-128
354
269
58
492
-17
357
137
243
259
109
440
-128
173
-106
-266
-322
-912
-475
-843
-822
-895
-947
-315
-605
-205
-264
123
272
-162
474
123
396
393
95
626
298
462
185
201
354
-327
95
-527
-592
-404
-924
-612
-719
-277
-242
196
1041
903
1755
1878
1752
2484
2011
2047
1875
1791
1673
1117
1438
702
1031
656
-400
-901
-2186
-2218
-3313
-4156
-4086
-4646
-4220
-4326
-4081
-3025
-1824
-1103
-481
1213
1667
2673
3573
4022
4686
4754
4550
3813
3718
2642
1731
972
-704
-1622
-2634
-3657
-4200
-4571
-4196
-4029
-3485
-2536
-1671
-91
676
1714
2738
2897
3271
3268
2905
2697
2266
1782
904
166
-356
-1119
-1302
-2515
-3198
-3255
-3922
-4614
-4598
-3412
-3517
-2440
-1373
-1312
1507
2124
1841
3620
4430
4162
3993
4486
2422
3392
2906
-580
1125
-151
-1365
-1048
-786
-1246
-832
1136
-733
1675
2801
1706
3785
3543
3513
3626
3701
2153
1835
2371
-1644
-4666
-5363
-4233
-5876
-7807
-7913
-7445
-2761
-6284
-7345
-1607
-1259
1024
-549
1236
4887
4907
7198
5211
8829
9032
6099
8166
3392
3897
2635
-2217
-2627
-6813
-6772
-8003
-10480
-8936
-8275
-5702
-4518
-3765
615
2032
3507
5660
5098
6960
5869
4852
5130
3787
3405
2149
824
-76
-1392
-1384
-2750
-4345
-4075
-5845
-5487
-6202
-6371
-4573
-4529
-3019
-1445
718
2801
3619
4806
5277
5847
5709
3883
2669
415
-254
-2086
-4165
-3895
-4702
-3553
-3109
-2451
-901
1108
1926
2229
4545
3996
4405
5497
4134
4569
4901
4045
4251
4705
4071
3218
4095
2854
2142
2456
590
-182
-1555
-4594
-7531
-8062
-7394
-9038
-9587
-8636
-8671
-4453
-4771
-5249
612
1885
4035
4474
5352
8230
8774
9656
7596
8527
8030
3742
3471
-210
-2460
-3002
-6996
-8205
-9425
-9520
-8706
-8463
-6953
-4655
-1609
91
708
3551
5566
5696
6593
5378
5430
4998
3061
2867
1847
788
-292
-1698
-2763
-4016
-4249
-4934
-6720
-6508
-6963
-6416
-5530
-5309
-2768
-837
853
2893
5147
7168
8069
8666
8670
7299
6029
3125
-557
-3852
-6305
-6671
-9002
-8967
-9017
-7700
-3288
-4192
-1652
1649
3211
4706
5026
6627
5607
8738
6471
4986
7897
4623
5615
4548
3507
2463
2366
1475
-1428
1411
-886
-1170
362
-394
996
1317
1868
-255
365
-3232
-5106
-1545
-5646
-6650
-6842
-7327
-4207
-5682
-7319
-2902
-761
168
-278
2407
5192
4923
7001
4541
7237
7388
3833
5237
2265
1230
1032
-1925
-2750
-4781
-4607
-5202
-7297
-5929
-5425
-4127
-3685
-4563
-1618
-89
-1044
1438
1528
2387
3565
2201
3928
3654
3115
3190
1264
995
-467
-1266
-2030
-4902
-3850
-5340
-6020
-5021
-5603
-2645
-2731
-1106
1374
1951
4476
3833
5339
5834
4316
4743
2153
1191
-712
-2878
-2589
-4210
-3805
-4130
-4459
-2361
-2247
-1192
-709
625
1842
1565
3256
2875
4631
5464
4081
5386
5302
5611
5347
5149
4589
3557
4399
2174
2163
2360
1292
1576
1136
1735
1273
2242
-625
-2716
-4570
-7644
-4940
-8212
-10078
-8780
-9029
-4404
-6813
-7776
-1271
209
2435
1016
3836
7832
6065
7376
4998
7564
7455
3051
4305
1094
-386
-784
-4194
-4145
-6428
-6519
-6432
-9251
-7373
-5482
-4053
-2933
-3081
-181
2234
1787
4284
4431
5236
5345
3631
5076
3478
2951
2502
-140
-1378
-3042
-3197
-3523
-6779
-6049
-5951
-6649
-5012
-5899
-3639
-1379
-580
1877
2498
5539
5931
6198
7338
4209
5321
2626
255
-1006
-3123
-2639
-5808
-4048
-4756
-4983
-2039
-2632
-70
1103
2781
2365
3876
4915
3485
6443
4701
4562
5269
4969
4768
4753
5655
4381
5012
4578
3425
3403
2813
2447
2098
1306
519
492
-1139
-5192
-8711
-8157
-6048
-10043
-11266
-9188
-7488
-3473
-7023
-6325
922
1492
2427
1591
4072
7505
6295
7117
4875
7841
6764
2820
4571
236
333
-726
-5106
-4890
-6766
-7089
-7111
-9356
-7617
-5046
-3612
-1825
-1891
1683
3536
3221
5618
4926
5668
5040
2864
3748
1560
516
768
-2250
-2836
-4204
-4256
-4336
-7063
-6451
-6617
-6180
-5800
-5643
-2358
-1624
-132
2438
3426
6970
6359
7053
7217
4738
6119
2572
767
-1130
-3098
-3352
-6121
-4831
-5928
-3905
-2792
-2606
1559
1236
3697
4125
5465
5760
5467
7186
4910
5766
4733
4796
5169
4207
4700
4489
5085
3410
4059
3677
2630
2686
1133
1662
-688
-4067
-8747
-10043
-6872
-9409
-11688
-10999
-9159
-3319
-6114
-8266
582
2138
3258
1433
3547
9227
7125
7945
5970
8800
7869
2806
4584
359
-872
-1859
-6009
-6384
-8782
-8261
-7975
-10232
-7849
-5038
-3561
-1764
-1124
2658
4641
3287
5608
4785
5154
4814
1996
3583
1317
678
1637
-2638
-2339
-2846
-3447
-3596
-6876
-4880
-6249
-6050
-5445
-6016
-1755
-2871
-631
2079
2500
5562
5623
6655
6134
5221
3930
2244
1111
-2057
-2276
-3395
-4615
-4821
-4011
-3901
-1864
739
-481
3262
3647
3775
5642
4875
5140
4959
5614
3526
4005
4677
3365
4734
4019
4004
4800
4971
3963
3862
4574
3027
1706
1919
1064
-3609
-7680
-10657
-6479
-7277
-13810
-11296
-10125
-3440
-6108
-9041
831
1349
4076
1466
4154
10214
6194
9175
6103
7821
8219
2899
4778
-494
-1492
-2833
-6484
-7613
-10015
-8017
-9035
-11262
-8754
-5102
-3809
-1685
-277
3203
4970
3454
6580
7221
6274
5163
4012
3885
2344
807
345
-1173
-2620
-3882
-4237
-4722
-6783
-5821
-6217
-7236
-6284
-5842
-4606
-3463
-2186
796
1933
3481
5766
5979
7067
5785
5414
5235
2260
252
-1411
-1950
-3987
-4732
-3685
-4753
-2687
-1523
-734
1929
2542
4353
4966
5139
5002
5840
6520
4945
5170
5557
6161
5466
5820
5934
5916
6522
5134
4478
4075
3606
1975
292
-5083
-10248
-9598
-8907
-11904
-13467
-13088
-10411
-4173
-9566
-7789
1385
2411
4609
1304
6320
11053
9444
9038
6653
11851
7734
4038
4829
-1245
-602
-5129
-8735
-8984
-12015
-10460
-11854
-12895
-10033
-5358
-2219
-1561
423
5430
7058
6759
8028
7690
7667
4451
2627
3437
1940
615
-754
-2057
-3193
-3998
-3122
-5821
-7259
-6790
-7006
-6145
-7407
-5724
-4451
-2289
-1487
171
4533
3611
5994
7122
7163
6837
5208
4416
1096
-167
-3911
-4286
-4300
-6555
-5370
-5159
-2920
-1659
1290
2692
4057
6342
5381
7258
6258
6498
6001
4435
4339
3389
5320
4348
4990
5581
6317
6383
5929
5966
4232
5151
2435
1336
-1225
-7287
-11781
-10402
-9111
-13196
-12448
-12712
-7130
-3275
-10212
-4306
2649
3152
3305
506
7164
8794
7798
7277
7498
11581
5227
5170
3827
-219
492
-5010
-6926
-9110
-12181
-10408
-12299
-12841
-8728
-5931
-3220
-2156
1371
6709
6660
7700
8424
7245
6387
3116
3854
3608
-107
162
-1681
-1757
-2779
-4787
-1921
-4576
-5173
-5636
-7068
-5867
-7284
-4907
-5044
-3794
-906
-145
3058
2339
5344
7472
6192
6827
4271
4330
2047
-1138
-2121
-3786
-4312
-6026
-4943
-4046
-2395
660
678
2664
4499
5225
5686
5441
5994
5301
5024
3495
3099
4901
4373
4559
5287
6399
6799
7023
6651
5685
6154
4367
2687
1299
-2701
-8280
-11969
-10044
-9511
-13594
-13992
-12717
-6007
-4436
-10711
-2090
2089
2889
2762
939
9731
8836
7929
7645
8886
11481
5196
6633
3429
-135
-219
-6788
-7141
-10136
-11866
-10251
-13917
-13039
-8307
-5531
-3292
-1781
2223
6903
5929
7594
8513
8181
6538
2846
4239
2716
183
635
-1592
-1974
-2397
-3766
-1802
-5021
-5396
-5315
-6960
-5702
-7530
-5080
-4882
-4554
-1156
-642
2037
3308
5520
7618
6306
6849
6116
4638
1692
-1055
-1451
-3233
-4545
-5243
-4705
-3348
-1861
-714
1582
3007
3669
5300
4738
4914
5590
5277
4281
3773
4621
5141
5664
5447
6383
7763
7172
6623
5967
5732
4527
2868
565
-4665
-9156
-10106
-9926
-11665
-13272
-12425
-9926
-6898
-8821
-7890
-185
1642
2406
2027
4412
8800
8255
8465
8224
11341
9016
5267
5718
1795
511
-2938
-7005
-8296
-11506
-12515
-12891
-13344
-11884
-8061
-5094
-3686
-637
3465
6687
7535
7972
8427
8069
6011
3925
4418
3282
232
64
-1334
-2873
-2392
-3365
-2978
-4652
-5740
-5735
-6480
-5994
-7376
-4642
-4262
-4329
-756
-459
2636
3499
5906
7824
6088
7077
4602
4805
1573
-1412
-687
-3648
-4081
-5905
-4301
-3220
-2046
239
301
3808
3018
4382
5463
4417
5857
4218
4463
3598
4536
5551
5072
6365
6122
7832
7122
6888
6919
5754
4682
1432
-1595
-7064
-10467
-9410
-11284
-13459
-12841
-13087
-7519
-7406
-10088
-1591
1237
3238
2640
2968
8557
9048
10376
7292
10476
11279
5305
7207
2368
1475
261
-6774
-7459
-11085
-11836
-12454
-14337
-12515
-10647
-7455
-5333
-3227
1847
5397
6464
8032
8277
9719
7770
5249
5740
3972
2793
267
-1585
-1269
-2896
-3102
-3818
-4841
-4623
-6646
-6317
-6839
-6653
-5303
-5363
-4331
-3362
-968
720
3540
5340
6879
7681
7062
7385
5589
3809
1602
167
-2441
-4415
-4799
-5665
-3775
-3220
-2649
-219
819
2330
3479
4051
4118
4790
4902
3423
4692
4568
4530
4722
4901
6454
6901
7126
6646
7898
7631
6169
3746
-174
-4911
-7515
-7746
-12119
-13661
-13847
-13322
-10036
-12459
-10826
-2747
-897
280
1192
4624
9330
9443
10222
10169
13096
11264
7886
9004
4993
2986
123
-5388
-7046
-10106
-12236
-13650
-15593
-14241
-12205
-9685
-7924
-4946
527
3461
5660
8175
9580
10659
9239
7621
7295
4766
3866
2857
-493
-1404
-2914
-3088
-3589
-7343
-7896
-7076
-6774
-8475
-9138
-6399
-6103
-4467
-3384
-1687
3242
4644
6754
8313
9574
10363
8503
7182
4524
2876
476
-3042
-5520
-5977
-5529
-6505
-5216
-3128
-1482
710
2070
3722
5428
5956
5568
5740
6326
5525
6040
5842
4644
6257
7074
6959
7019
6584
6808
4629
-269
-4865
-5624
-7094
-13218
-14300
-14866
-13566
-10604
-15109
-10639
-3616
-1609
3222
3839
8882
12254
13072
14096
12702
16625
11229
8417
7018
639
2064
-4021
-8820
-9912
-13288
-13623
-15885
-16106
-13753
-11351
-9686
-7859
-3835
707
2656
5337
8450
9921
11319
9487
8823
8606
6824
6381
3565
316
-1395
-2938
-3924
-6890
-8301
-8209
-9039
-10065
-10209
-8158
-6199
-5231
-4227
-853
1158
3767
5900
7539
9381
8640
9458
7287
5779
4127
1259
-340
-3970
-4464
-5490
-6393
-5949
-5635
-2443
-1605
-167
2199
3469
5303
5769
6956
6670
6539
6591
5822
5890
5328
6133
5636
5087
4721
4522
5429
3200
-160
-4424
-6247
-6558
-9301
-11719
-13065
-11064
-8592
-10604
-10398
-4051
333
2669
3020
6101
11306
11483
11757
11479
13073
11280
7102
5924
1867
282
-3244
-6889
-8151
-11571
-11517
-12551
-13659
-12308
-9840
-7850
-7149
-4936
-1671
1559
2930
4718
6968
7906
7245
6543
6867
6371
5414
3612
1730
-144
-1459
-1351
-4664
-6181
-6665
-7118
-6866
-9076
-7271
-6211
-4449
-4207
-3025
870
1236
4298
5166
6855
8320
7477
7941
5098
4535
2973
922
-879
-4086
-3461
-4967
-4607
-4764
-3400
-776
-1435
906
1830
4398
5160
5152
5849
5704
7067
5886
6240
5587
5695
6189
4703
5416
4485
4276
2185
-1924
-4106
-5437
-5438
-9813
-11845
-11453
-11144
-7968
-11852
-9191
-3414
-1671
2003
1730
7315
9772
10768
11659
11185
14263
10005
8720
6291
2985
2646
-1978
-4682
-7842
-9280
-9651
-11962
-12786
-11944
-9666
-9446
-9121
-5990
-2506
-1029
146
2440
4955
6332
5351
6315
6604
5427
5169
3962
2376
639
431
-1249
-2935
-4225
-5474
-4547
-6667
-6980
-6040
-5006
-4978
-4954
-2130
-1660
1495
1810
3727
5875
4862
7922
5934
5954
5220
3230
2665
-613
-529
-2387
-2236
-3481
-4084
-1422
-2611
-776
-179
1224
2724
2786
4212
4483
5828
5668
5941
6169
5840
6136
5506
5784
5016
4301
2915
715
-1553
-4131
-4211
-6696
-8319
-9544
-11273
-8129
-9544
-9938
-6202
-4173
-531
-463
2239
5940
8120
10092
8819
12175
11003
9114
9585
6397
5717
2936
-647
-2667
-5492
-7178
-8226
-10254
-11438
-11238
-10495
-10067
-9788
-7042
-4987
-3579
-1689
212
3486
4030
4561
6066
5926
6225
5008
4272
3262
1518
1471
-927
-1786
-3280
-4717
-3694
-5747
-5055
-5129
-4758
-4897
-4652
-2006
-2651
59
-141
1529
3624
3584
5707
4841
6507
4680
4771
4179
1977
2719
-194
-14
-1722
-1574
-1659
-2485
-861
-1489
774
707
1789
2836
3156
4811
4500
5449
5130
5391
5267
4824
5315
5417
5203
2508
-416
-1959
-1412
-3634
-6847
-7736
-9213
-6977
-9405
-11587
-7726
-6060
-2958
-3384
-1064
3082
5171
7589
6163
10631
10946
8885
9422
6534
7600
5442
2328
412
-1487
-2927
-5226
-6526
-8528
-8255
-8663
-9716
-10140
-9084
-7105
-6607
-5302
-4446
-1562
136
341
2491
3555
5086
4631
4133
4745
3844
4221
2652
1028
726
-872
-952
-2758
-3251
-2967
-3941
-3583
-5568
-3481
-3694
-3528
-2025
-2908
618
-535
1446
2413
2991
4652
3468
5626
3247
4988
3975
2572
3652
981
2336
267
533
117
297
1151
-522
1829
947
2437
2685
2520
3737
3168
4544
3686
4774
4542
4363
3802
183
-493
-560
-1358
-3989
-5681
-6677
-5630
-6414
-10433
-8007
-6431
-4807
-4466
-4525
-729
1641
4357
3768
7280
8822
7786
9213
6453
8070
7240
4571
2736
154
-44
-2108
-3374
-5451
-5845
-5261
-7503
-8300
-7773
-7035
-6891
-7155
-7168
-4993
-4171
-3973
-2322
-1377
686
1120
2243
2711
3385
4845
4214
4446
3341
3320
3068
1749
820
328
55
-1677
-2634
-2795
-2744
-3163
-3649
-3578
-3004
-2595
-1996
-1445
-525
366
541
1629
1865
2635
3214
3174
3417
3373
4057
3357
3393
3217
3377
3695
2714
3287
2688
2811
2693
2585
2856
2357
2340
1780
2551
2489
2555
2725
1436
86
-1059
-533
-1449
-3116
-4298
-5172
-3969
-5837
-7632
-6421
-5256
-3916
-4652
-3581
-1305
380
1838
1745
4473
5150
4961
5903
4455
5677
5516
4142
3468
2163
2094
1225
295
-1141
-1197
-1104
-3494
-4066
-4357
-4996
-5161
-6681
-6635
-6127
-6807
-6565
-6191
-5387
-4458
-3723
-2952
-2453
-1038
79
847
1553
1707
3001
3502
3038
3292
3654
3513
3055
2488
2080
2014
1226
780
279
-255
-241
-887
-1147
-1351
-1496
-928
-1416
-1485
-1084
-918
-489
-733
-152
320
704
1059
1466
2489
2902
3455
3864
4100
4705
5049
4893
4908
4749
4607
4560
4147
3906
3487
2598
1695
848
299
-279
-1619
-2483
-3218
-3810
-4234
-5875
-6061
-5772
-5489
-5162
-5542
-4066
-3113
-1921
-1287
-418
1345
1447
2412
2570
3199
3725
3555
3677
3115
3506
3237
3220
2963
2224
2545
1792
962
548
-336
-964
-2227
-3383
-3527
-4453
-5167
-5831
-6322
-5976
-6521
-6241
-6073
-5870
-4838
-4712
-3949
-3226
-2596
-1508
-975
-194
964
1625
2369
2842
3439
4076
4047
4421
4087
4111
3797
3245
3380
2351
2136
1658
1095
816
152
77
-613
-920
-1457
-1568
-1525
-1921
-1723
-1665
-1041
-795
-246
419
770
1371
1605
2161
2383
2617
2732
2685
3059
2900
3005
3018
2855
2722
2445
2691
2198
2020
1660
1117
1189
117
-123
-328
-671
-777
-1495
-1110
-1160
-1046
-1140
-1586
-1168
-1688
-1531
-1755
-2402
-2228
-2538
-2320
-2239
-2087
-1609
-1122
-722
-374
310
508
771
539
552
513
-15
-10
-595
-607
-939
-1259
-1072
-1407
-1367
-1586
-1748
-1705
-1891
-2101
-2185
-2381
-2255
-2177
-2087
-1796
-1769
-1146
-963
-540
-26
102
689
575
842
980
948
1172
820
976
1142
1184
1408
1271
1360
1431
1307
1200
834
816
560
443
396
151
513
414
617
778
814
1193
1040
1103
1034
1088
1165
1057
859
806
963
853
1184
1203
1459
1648
1716
1947
1968
2285
1955
2047
1988
1774
2020
1623
1544
1601
1383
1207
929
486
282
-250
-853
-1213
-1989
-2414
-3092
-3315
-3410
-3619
-3286
-3255
-2768
-2468
-2055
-1434
-1252
-1049
-845
-878
-840
-949
-967
-791
-1106
-995
-1010
-842
-745
-986
-853
-980
-960
-1050
-1203
-1333
-1379
-1340
-1415
-1359
-1228
-981
-761
-490
-324
134
214
205
410
276
446
307
374
371
418
596
672
900
921
1186
1110
1056
1047
959
1046
749
658
737
728
954
1082
1278
1437
1585
1795
1886
1978
1900
1976
1726
1624
1589
1490
1430
1102
1297
1146
1135
1099
963
1069
741
789
689
681
642
420
559
431
534
726
651
547
558
489
377
235
-187
-329
-836
-1274
-1329
-1737
-1929
-2345
-2426
-2326
-2541
-2379
-2437
-2281
-2199
-2221
-1955
-1919
-1806
-1617
-1541
-1469
-1258
-1124
-1025
-1047
-1024
-889
-870
-923
-1003
-952
-945
-966
-804
-784
-724
-542
-509
-136
2
238
481
527
889
892
1096
1059
1029
1224
1037
1053
1012
969
973
874
752
720
537
406
249
58
138
-18
68
-8
159
561
518
859
1148
1420
1657
1600
1854
2067
1828
1863
1764
1640
1566
1300
1487
1311
1092
1140
1137
1090
766
701
753
439
199
110
-1
1
-188
-126
75
-14
180
250
253
271
168
216
-107
-439
-542
-797
-1112
-1367
-1504
-1635
-1814
-2040
-1999
-2027
-2156
-2217
-2268
-2194
-2211
-1866
-1796
-1622
-1376
-1229
-741
-793
-510
-442
-541
-452
-603
-516
-774
-913
-911
-957
-877
-936
-721
-553
-591
-346
-149
-2
110
67
182
313
401
555
734
784
952
1146
1327
1436
1352
1385
1180
1076
833
718
546
187
169
27
324
243
324
607
668
1131
1126
1344
1499
1410
1554
1490
1527
1489
1379
1317
1195
1208
1258
1198
1059
895
810
818
593
420
316
93
38
-117
-99
-10
-60
114
59
202
335
290
348
46
-68
-92
-412
-725
-887
-1096
-1192
-1336
-1577
-1477
-1624
-1777
-1658
-1835
-1751
-1861
-1842
-1683
-1807
-1361
-1413
-1152
-990
-991
-527
-800
-598
-568
-711
-769
-1040
-956
-999
-1063
-1082
-945
-792
-624
-392
-113
-21
61
294
255
326
235
279
447
286
464
673
856
1121
1184
1450
1594
1591
1654
1468
1320
1113
897
670
420
286
248
156
149
379
414
578
506
660
883
638
751
620
651
567
399
675
607
693
678
746
983
866
944
857
710
693
443
347
262
83
130
76
45
238
264
306
323
278
237
91
-59
-359
-546
-753
-961
-942
-1154
-1224
-1118
-1221
-1164
-1163
-1201
-1197
-1381
-1418
-1398
-1357
-1411
-1402
-1185
-1135
-897
-710
-591
-386
-401
-354
-304
-342
-432
-438
-522
-534
-433
-350
-140
-25
128
276
438
493
455
447
312
234
164
105
100
198
254
429
733
857
1113
1160
1141
1234
1120
946
671
399
232
-8
-187
-267
-237
-169
-225
-49
125
272
317
327
403
332
312
272
323
247
232
312
409
518
491
683
667
627
724
612
589
447
372
480
367
318
414
511
487
477
568
563
443
289
108
4
-210
-429
-415
-677
-762
-716
-726
-648
-754
-626
-613
-742
-743
-788
-723
-897
-972
-866
-925
-845
-834
-736
-658
-713
-540
-569
-634
-603
-657
-564
-680
-614
-462
-420
-301
-181
95
160
202
200
206
160
9
-78
-221
-329
-424
-375
-296
-140
92
261
482
646
851
998
930
860
741
584
351
76
-115
-279
-395
-478
-496
-461
-358
-265
-143
42
102
272
292
342
518
520
665
727
799
833
923
1020
1017
1042
926
907
874
719
670
657
560
495
534
538
576
604
496
576
512
390
337
123
-43
-164
-286
-445
-545
-635
-696
-736
-737
-712
-711
-720
-774
-623
-561
-567
-431
-408
-244
-163
-106
38
48
75
-61
-108
-180
-348
-458
-703
-786
-813
-880
-840
-816
-692
-569
-479
-373
-316
-212
-275
-319
-328
-380
-323
-397
-395
-244
-147
4
120
288
454
516
586
633
639
541
439
377
238
131
76
-25
-83
-208
-173
-155
-246
-256
-299
-243
-322
-311
-153
-134
-42
35
194
388
447
631
699
738
756
791
847
757
717
754
749
696
780
804
865
856
793
877
739
603
486
255
117
-97
-209
-333
-533
-516
-548
-531
-512
-529
-423
-473
-499
-392
-360
-325
-353
-276
-78
11
183
321
429
570
547
613
547
385
247
-35
-241
-509
-661
-845
-1032
-1040
-1096
-1005
-967
-957
-792
-737
-677
-621
-611
-524
-547
-528
-426
-322
-207
-178
-38
126
174
288
344
376
339
240
289
280
189
156
171
199
161
184
237
221
155
64
45
-69
-202
-287
-347
-395
-431
-345
-299
-229
-45
85
233
323
415
607
600
660
793
867
944
931
1042
1132
1132
1157
1115
1031
885
702
579
339
98
-46
-216
-348
-429
-449
-406
-452
-444
-312
-355
-318
-320
-306
-246
-362
-275
-228
-195
-86
-21
178
279
339
493
509
543
516
401
351
115
-66
-215
-457
-577
-761
-886
-966
-1110
-1067
-1090
-1103
-1037
-1074
-978
-980
-932
-788
-744
-630
-542
-370
-217
-124
25
155
273
287
276
323
345
280
179
167
186
174
107
79
132
161
158
111
90
51
-18
-115
-208
-250
-324
-436
-520
-474
-402
-362
-309
-205
-16
138
265
456
676
846
942
1109
1273
1376
1419
1414
1442
1358
1283
1148
988
851
599
494
332
141
39
-142
-220
-320
-380
-426
-541
-572
-586
-541
-540
-563
-471
-393
-354
-222
-60
75
182
262
414
541
561
573
565
540
428
328
221
49
-71
-266
-399
-536
-648
-742
-867
-926
-961
-960
-1022
-1081
-1065
-1063
-1037
-999
-910
-785
-692
-529
-336
-79
95
241
382
516
621
596
579
498
442
314
142
69
-48
-105
-208
-274
-228
-263
-245
-293
-282
-240
-293
-300
-348
-375
-366
-375
-316
-233
-140
8
115
284
485
609
755
830
913
1000
958
1010
977
945
910
845
925
847
818
839
806
806
646
567
492
282
102
-146
-276
-466
-657
-749
-841
-832
-795
-711
-596
-457
-256
-33
123
297
481
624
693
701
756
735
597
495
344
238
46
-143
-226
-411
-505
-621
-659
-689
-784
-767
-778
-803
-802
-816
-780
-785
-802
-731
-660
-617
-512
-405
-274
-151
-59
145
173
247
297
312
369
240
255
202
113
77
-26
-4
-74
-129
-127
-154
-139
-200
-227
-259
-313
-346
-375
-389
-385
-356
-299
-183
-72
85
247
357
515
632
756
774
776
796
740
719
614
626
591
541
547
562
652
641
635
657
649
595
468
371
234
43
-111
-274
-381
-524
-575
-592
-560
-490
-400
-221
-114
42
178
325
427
448
492
473
442
389
317
258
144
72
-2
-95
-191
-282
-351
-488
-611
-685
-733
-853
-925
-933
-918
-883
-877
-768
-683
-575
-466
-373
-243
-203
-76
-34
1
101
137
229
207
247
329
325
316
249
267
230
98
41
-39
-101
-209
-305
-343
-387
-437
-479
-490
-489
-445
-435
-365
-311
-194
-66
4
167
288
411
503
549
652
660
630
601
551
527
403
363
343
312
301
300
354
404
424
434
475
450
423
336
253
173
25
-65
-196
-273
-312
-391
-360
-361
-285
-208
-173
-39
31
135
202
247
344
358
389
383
352
362
290
207
97
-19
-134
-300
-465
-583
-706
-792
-844
-867
-794
-757
-648
-529
-401
-231
-128
-1
83
174
259
252
286
281
295
274
206
210
161
122
18
-25
-50
-135
-187
-243
-237
-265
-284
-268
-258
-251
-274
-277
-284
-305
-344
-357
-343
-338
-286
-243
-127
-16
95
230
311
445
513
538
545
518
514
426
339
309
255
232
190
203
246
249
258
276
291
284
232
154
133
40
-15
-99
-165
-168
-234
-225
-234
-221
-176
-194
-138
-109
-78
2
21
116
189
280
368
409
477
513
509
464
399
300
163
-29
-164
-295
-452
-565
-664
-664
-678
-676
-591
-515
-411
-326
-202
-48
57
154
253
335
408
466
479
467
427
384
319
189
81
-17
-110
-195
-292
-252
-254
-252
-215
-167
-61
-70
-61
-65
-104
-151
-241
-290
-344
-406
-399
-394
-332
-236
-129
-4
72
172
271
294
292
278
274
266
195
210
224
248
285
327
423
436
436
432
390
324
202
99
-4
-134
-209
-265
-265
-262
-256
-193
-155
-110
-92
-93
-94
-119
-122
-150
-143
-111
-39
20
95
206
318
405
409
438
421
363
230
102
-5
-135
-275
-393
-451
-483
-519
-524
-484
-443
-395
-357
-296
-234
-144
-69
11
96
207
298
355
401
433
459
372
294
191
88
-30
-166
-210
-264
-285
-279
-240
-135
-82
-10
49
51
53
-3
-56
-141
-242
-292
-372
-392
-377
-343
-273
-212
-116
-22
20
60
97
108
105
63
86
101
106
168
227
345
407
459
535
547
543
471
374
273
136
7
-114
-193
-238
-245
-253
-214
-123
-44
19
42
92
125
89
46
15
18
-10
-39
6
45
104
134
171
224
229
197
133
61
-21
-111
-211
-300
-363
-380
-395
-393
-354
-294
-247
-220
-184
-117
-89
-69
-39
-2
64
75
139
193
235
241
236
235
166
87
-24
-93
-193
-279
-321
-345
-325
-286
-195
-90
-3
86
143
187
205
188
158
57
-24
-88
-138
-190
-230
-210
-182
-166
-143
-68
6
25
35
89
138
147
159
199
263
297
339
393
433
454
459
443
398
335
250
138
15
-76
-135
-196
-276
-263
-227
-176
-138
-71
45
89
125
142
189
201
151
137
117
101
83
64
82
74
72
65
43
9
-34
-74
-140
-203
-249
-273
-319
-330
-318
-280
-247
-237
-177
-137
-118
-97
-58
-25
-36
-33
12
38
57
75
112
126
117
94
69
32
-43
-113
-189
-237
-281
-303
-294
-275
-215
-152
-78
-13
65
150
179
205
227
253
237
187
166
162
132
68
35
34
1
-34
-51
-45
-35
-51
-17
26
98
158
229
282
344
411
429
437
397
366
294
203
108
32
-49
-148
-218
-262
-279
-300
-308
-275
-229
-185
-146
-82
-15
26
98
151
209
247
272
291
268
264
222
158
73
-15
-92
-189
-274
-352
-408
-466
-495
-483
-462
-430
-402
-348
-286
-238
-195
-167
-132
-124
-121
-111
-104
-97
-106
-85
-66
-51
-25
-10
7
17
33
29
12
-6
-23
-37
-56
-63
-62
-57
-60
-50
-11
4
28
49
75
107
115
146
163
180
189
189
200
198
179
155
120
92
63
31
10
-6
14
44
80
129
198
252
297
327
357
364
335
302
254
220
155
107
49
10
-30
-70
-102
-136
-161
-198
-225
-253
-246
-237
-203
-168
-96
-4
88
161
249
329
362
378
344
311
220
114
-5
-129
-243
-345
-440
-505
-548
-553
-543
-519
-460
-406
-335
-277
-206
-154
-92
-64
-48
-18
-6
12
-1
13
19
31
34
49
64
66
73
84
91
90
102
91
89
83
88
70
62
54
40
35
27
26
15
16
6
22
28
43
62
74
94
104
114
118
115
104
90
76
80
79
87
99
122
152
177
193
203
215
208
189
161
133
104
70
41
27
23
6
-9
-28
-45
-80
-120
-174
-231
-279
-327
-354
-361
-326
-278
-203
-117
0
124
220
289
341
370
351
300
219
138
29
-73
-177
-243
-297
-331
-348
-338
-310
-284
-245
-217
-171
-135
-96
-71
-50
-33
-8
15
40
62
92
111
127
155
169
172
155
149
130
115
93
86
76
66
76
89
110
118
137
146
151
154
135
117
84
55
28
7
0
-14
-12
-9
0
19
40
58
67
89
101
112
120
120
120
116
111
107
108
95
76
55
39
22
-3
-22
-41
-55
-72
-82
-94
-106
-136
-164
-186
-220
-250
-289
-317
-334
-338
-323
-296
-249
-192
-116
-35
41
114
170
205
227
232
217
186
132
69
19
-41
-94
-142
-181
-207
-220
-224
-219
-205
-194
-174
-151
-117
-88
-49
-25
12
54
93
129
155
175
189
198
197
195
174
161
117
99
73
52
36
22
20
26
44
62
89
100
123
130
139
129
123
91
69
41
17
-5
-37
-45
-65
-55
-45
-19
-2
29
64
91
114
128
141
132
124
111
99
69
48
25
2
-16
-29
-38
-64
-76
-96
-121
-149
-169
-197
-225
-243
-252
-243
-243
-222
-204
-172
-141
-98
-66
-38
-12
16
30
45
64
62
77
84
99
100
101
79
56
23
-3
-34
-79
-119
-151
-176
-187
-178
-171
-150
-126
-89
-63
-21
4
25
47
63
82
106
124
151
180
195
228
241
243
225
214
186
155
112
64
19
-29
-54
-72
-75
-61
-53
-32
-14
4
14
14
5
-6
-26
-47
-60
-78
-85
-87
-64
-48
-17
7
39
52
69
75
68
53
26
16
-3
-10
-17
-11
-12
-6
-3
6
-6
-25
-54
-83
-115
-159
-194
-228
-240
-247
-228
-206
-163
-121
-80
-35
-3
38
49
57
57
51
51
52
65
77
93
112
135
142
144
130
101
57
13
-32
-85
-130
-169
-185
-189
-169
-153
-115
-79
-41
-4
21
45
51
52
53
62
64
71
87
120
136
167
192
216
208
196
180
139
82
21
-29
-87
-124
-149
-142
-144
-124
-98
-76
-51
-32
-20
-20
-36
-42
-55
-72
-84
-86
-74
-58
-28
6
44
56
91
97
115
111
97
85
69
65
49
58
47
54
57
62
61
50
24
-13
-53
-93
-134
-172
-199
-219
-212
-199
-164
-120
-74
-29
20
63
95
119
132
138
133
136
137
132
130
130
131
138
133
119
97
66
29
-14
-53
-98
-129
-152
-168
-166
-141
-123
-99
-66
-34
-10
0
8
2
-3
-14
-19
-18
-7
11
28
57
85
123
146
163
163
156
137
117
85
60
24
3
-5
-17
-16
-32
-21
-28
-36
-48
-67
-97
-124
-139
-154
-158
-161
-134
-105
-61
-12
40
81
108
139
158
161
154
139
113
91
66
52
41
39
33
38
38
34
22
12
-16
-50
-76
-106
-134
-159
-168
-165
-132
-115
-76
-41
-16
22
34
49
55
42
34
25
26
26
38
47
61
78
102
120
123
127
111
91
62
43
7
-20
-51
-57
-70
-67
-56
-50
-43
-30
-17
-19
-16
-26
-27
-42
-32
-31
-20
-12
6
31
47
69
64
67
64
58
39
21
7
2
-19
-16
-3
-1
6
12
17
6
0
-24
-54
-100
-139
-159
-182
-194
-198
-187
-171
-138
-112
-73
-44
-22
7
31
51
50
66
70
76
79
93
101
101
98
93
85
56
38
5
-23
-51
-75
-94
-108
-117
-108
-83
-56
-27
-9
28
40
59
71
72
76
66
62
60
63
54
54
49
49
54
50
50
44
38
36
31
29
27
28
33
35
34
41
42
36
30
19
7
-13
-27
-44
-54
-63
-67
-72
-63
-67
-65
-65
-58
-52
-55
-47
-39
-28
-28
-10
4
21
32
49
60
72
69
68
60
39
20
-5
-20
-50
-64
-81
-93
-104
-102
-112
-101
-98
-94
-78
-66
-44
-22
6
29
66
98
132
148
175
178
175
169
140
113
73
48
9
-22
-41
-57
-65
-70
-53
-39
-17
0
26
44
53
69
76
89
83
82
70
65
50
34
18
-4
-25
-45
-67
-95
-103
-120
-121
-118
-103
-82
-56
-25
3
23
48
65
74
76
73
66
37
21
4
-7
-31
-43
-53
-70
-77
-91
-100
-104
-119
-124
-124
-124
-114
-105
-84
-67
-42
-22
5
25
28
41
35
31
17
7
-1
-16
-19
-15
-13
-11
-3
1
-1
-3
-4
-13
-19
-30
-40
-44
-38
-32
-17
13
39
84
109
132
143
148
138
121
101
66
27
-15
-45
-73
-88
-101
-84
-76
-51
-21
9
41
60
88
104
118
121
124
119
112
101
80
67
53
30
15
-1
-23
-47
-70
-85
-95
-106
-101
-93
-84
-70
-48
-24
3
25
48
63
70
73
73
61
42
17
-9
-28
-54
-72
-86
-98
-100
-101
-98
-85
-75
-51
-29
-7
11
28
38
42
42
34
25
7
-16
-41
-60
-82
-97
-111
-110
-108
-94
-79
-60
-36
-19
-4
9
25
33
40
29
35
26
28
33
31
40
39
56
58
78
85
88
78
68
51
26
9
-21
-40
-48
-60
-64
-50
-44
-25
-7
22
37
53
71
77
76
70
66
49
31
14
19
6
7
3
10
10
24
35
30
33
26
28
7
-1
-16
-28
-41
-39
-32
-33
-19
-7
7
14
17
19
17
6
-4
-24
-44
-63
-84
-86
-89
-76
-61
-40
-16
7
28
42
52
51
40
19
9
-23
-42
-68
-88
-105
-110
-108
-103
-88
-76
-55
-42
-20
-9
9
14
24
25
21
26
26
28
22
24
17
15
11
13
14
27
30
44
54
65
78
77
88
83
78
73
68
47
35
22
10
-3
0
9
17
32
39
53
57
58
52
44
32
13
4
-6
-5
-17
-10
0
11
35
41
66
58
64
57
37
15
-7
-28
-51
-64
-64
-65
-57
-42
-31
-6
-2
11
7
9
0
-19
-38
-48
-63
-66
-51
-45
-25
-3
23
36
54
53
49
29
5
-25
-56
-75
-108
-126
-140
-129
-126
-110
-86
-70
-52
-35
-15
-9
-3
6
14
16
29
34
38
40
42
51
43
35
22
15
3
-5
-4
-4
6
18
45
71
96
120
132
135
135
122
98
68
36
9
-16
-37
-37
-40
-31
-17
2
20
32
36
36
31
17
11
0
-8
-12
-10
-1
18
35
53
70
73
71
52
38
12
-23
-53
-75
-89
-101
-100
-89
-81
-56
-36
-19
-3
0
3
-6
-13
-33
-38
-40
-38
-26
-13
5
20
34
43
37
24
6
-25
-54
-91
-114
-146
-165
-171
-173
-155
-143
-117
-88
-61
-40
-19
-4
11
22
34
48
61
67
82
97
102
115
114
113
94
85
67
41
22
9
3
-6
12
23
57
78
108
131
139
145
143
135
110
86
47
34
0
-19
-37
-39
-49
-49
-36
-36
-24
-24
-13
-18
-7
-12
6
13
25
35
45
60
55
55
40
34
6
-15
-43
-67
-88
-107
-114
-127
-122
-121
-107
-98
-86
-70
-73
-67
-61
-60
-60
-65
-64
-55
-45
-28
-19
1
9
6
8
3
-6
-18
-42
-59
-82
-101
-102
-120
-117
-114
-100
-82
-67
-45
-26
3
20
36
53
66
73
81
85
94
97
108
118
121
113
108
104
83
78
65
56
38
37
40
40
51
60
79
95
113
126
140
140
141
135
117
97
72
43
25
-10
-35
-44
-64
-67
-74
-67
-70
-57
-44
-32
-16
-6
7
18
31
23
34
18
10
-3
-15
-33
-59
-70
-95
-104
-125
-132
-139
-132
-124
-118
-106
-89
-76
-69
-53
-50
-36
-28
-29
-28
-23
-21
-20
-19
-18
-20
-19
-22
-27
-35
-38
-38
-47
-52
-57
-58
-60
-53
-46
-41
-30
-20
-11
9
27
38
44
54
60
65
64
65
70
69
73
82
88
98
105
105
111
110
111
110
105
106
104
95
98
83
83
85
86
77
75
82
71
66
56
48
34
16
-1
-15
-28
-40
-48
-44
-48
-38
-32
-25
-24
-18
-17
-22
-20
-24
-21
-31
-32
-40
-42
-54
-56
-68
-74
-84
-92
-99
-119
-119
-124
-118
-117
-108
-95
-82
-71
-58
-45
-30
-31
-29
-30
-42
-40
-63
-67
-83
-89
-96
-98
-97
-98
-83
-79
-60
-61
-40
-34
-26
-12
-7
3
5
10
15
25
28
41
31
38
41
49
44
49
57
64
87
93
108
114
135
133
143
152
151
151
141
133
111
106
87
76
58
44
31
16
12
9
-4
-10
-10
-7
-7
-9
-8
-16
-15
-16
-15
-19
-23
-16
-9
-13
-7
-12
-16
-14
-29
-25
-34
-40
-47
-57
-51
-67
-65
-81
-83
-92
-98
-94
-103
-99
-99
-90
-87
-72
-63
-47
-28
-5
3
28
32
34
36
31
31
7
2
-12
-24
-40
-50
-56
-61
-63
-54
-58
-42
-19
-1
21
41
66
87
111
119
135
143
145
147
135
132
119
111
101
89
85
78
84
85
93
105
116
128
148
162
171
171
176
176
169
158
137
117
87
63
30
3
-28
-51
-76
-92
-108
-117
-117
-110
-105
-92
-73
-66
-45
-34
-15
-13
-10
-8
-7
1
-7
-13
-21
-37
-46
-65
-79
-92
-104
-103
-118
-118
-123
-130
-127
-131
-131
-131
-130
-124
-130
-113
-115
-107
-100
-96
-80
-80
-67
-65
-44
-32
-19
-11
-13
-17
-21
-28
-22
-26
-20
-3
-1
8
7
21
19
40
55
77
98
110
128
120
135
127
128
113
115
105
84
79
60
62
51
53
40
47
76
101
129
142
161
193
208
219
204
199
198
190
185
140
133
82
44
-9
-82
-119
-172
-176
-192
-194
-203
-227
-237
-246
-243
-182
-154
-91
-49
-42
-10
-49
-24
-63
-20
-2
-23
10
-37
5
-19
-31
-35
-79
-48
-76
-22
-38
-42
0
-34
9
-54
-72
-116
-146
-199
-285
-250
-265
-211
-189
-233
-284
-322
-326
-360
-276
-219
-152
-69
-56
-27
19
94
97
151
185
242
326
363
402
431
445
410
381
351
339
367
353
275
236
189
159
121
54
-13
-50
-66
-107
-106
-76
-73
-43
-44
-72
-34
-39
38
32
72
72
67
107
45
105
70
77
61
41
53
49
83
49
33
25
4
32
13
-5
-7
-18
-34
-94
-121
-153
-157
-186
-243
-281
-293
-312
-314
-342
-374
-351
-338
-297
-277
-222
-183
-155
-138
-141
-82
-33
26
60
85
104
101
82
44
38
9
-1
-25
-18
-19
5
6
-47
-41
-72
-42
-47
-38
-30
-10
46
40
92
97
102
119
87
89
94
153
196
242
286
268
309
296
304
306
297
284
262
284
261
284
253
208
166
104
82
83
102
92
97
87
59
61
46
29
18
0
-32
-50
-54
-61
-52
-67
-105
-120
-101
-92
-67
-79
-104
-126
-132
-147
-154
-134
-167
-132
-173
-203
-197
-194
-164
-188
-171
-185
-171
-133
-163
-118
-106
-106
-95
-130
-110
-140
-105
-142
-151
-107
-130
-69
-75
-42
-25
-2
14
-4
40
31
49
64
19
32
33
41
44
38
39
-11
6
-23
-19
29
46
92
92
109
88
98
95
84
118
121
158
198
238
276
299
313
297
304
303
284
293
253
227
188
158
124
94
71
12
-8
-44
-58
-57
-41
-23
-9
11
2
7
12
-1
-18
-50
-84
-96
-112
-117
-127
-123
-133
-137
-135
-158
-158
-164
-167
-161
-158
-134
-108
-96
-97
-110
-116
-133
-144
-145
-140
-115
-104
-88
-75
-64
-72
-95
-108
-151
-167
-197
-205
-204
-201
-174
-166
-130
-122
-91
-62
-26
15
53
83
105
125
133
142
134
123
86
65
36
35
32
34
41
43
46
61
82
105
105
111
104
98
111
106
132
134
158
163
176
192
198
216
189
181
179
176
188
190
184
163
143
106
54
30
4
-4
-6
-16
6
19
36
37
35
37
15
21
-2
-10
-10
-24
-39
-66
-92
-117
-130
-146
-167
-156
-147
-155
-136
-131
-120
-118
-116
-143
-152
-151
-170
-161
-168
-171
-167
-144
-136
-121
-101
-94
-88
-97
-123
-145
-171
-199
-209
-224
-228
-222
-196
-187
-162
-128
-111
-78
-48
-11
29
70
89
94
103
89
86
82
60
54
50
51
53
59
56
54
52
48
51
70
85
103
130
140
161
170
186
188
192
191
198
203
214
224
222
233
212
213
201
201
198
188
162
145
116
101
89
75
72
75
94
96
118
114
119
113
97
74
51
20
-13
-45
-85
-117
-143
-158
-175
-176
-165
-149
-136
-127
-118
-116
-115
-124
-132
-147
-149
-155
-154
-146
-138
-118
-113
-108
-117
-108
-107
-112
-122
-129
-149
-168
-184
-206
-204
-218
-202
-189
-164
-136
-109
-77
-58
-48
-32
-14
6
23
40
61
66
76
69
76
69
72
64
57
48
50
64
63
76
76
95
118
139
168
183
193
202
201
198
190
182
168
149
140
135
129
129
119
114
107
104
93
89
77
60
59
44
39
35
43
49
76
87
104
114
116
101
77
47
14
-19
-57
-84
-106
-103
-129
-127
-135
-124
-126
-118
-108
-104
-99
-101
-104
-120
-131
-138
-131
-139
-124
-117
-92
-76
-60
-51
-51
-54
-70
-79
-97
-101
-116
-126
-129
-134
-121
-111
-97
-76
-60
-39
-23
-7
-1
7
21
38
57
66
83
89
84
89
73
64
45
33
18
2
4
1
9
10
25
46
69
91
126
147
178
193
202
199
181
173
139
123
101
85
65
60
51
40
36
32
25
4
-1
-11
-17
-25
-20
-13
-11
1
15
19
31
33
33
31
23
0
-16
-36
-69
-88
-116
-127
-150
-153
-157
-155
-152
-152
-148
-148
-141
-135
-130
-125
-123
-119
-109
-109
-95
-90
-70
-74
-67
-71
-74
-81
-97
-111
-130
-133
-138
-124
-122
-99
-81
-51
-42
-16
6
22
48
60
79
80
95
94
99
100
103
105
116
115
123
127
120
117
104
103
81
78
66
70
65
73
101
106
136
156
185
203
216
215
214
203
185
168
137
121
89
66
42
22
3
-15
-25
-28
-35
-40
-34
-38
-32
-23
-13
-13
-6
-3
2
5
3
0
-17
-31
-59
-88
-116
-139
-169
-186
-201
-209
-214
-210
-197
-186
-170
-158
-141
-126
-110
-108
-98
-88
-82
-86
-76
-79
-74
-67
-69
-60
-66
-61
-66
-74
-76
-76
-76
-70
-61
-48
-30
-12
16
37
60
76
97
113
119
132
131
139
133
130
123
121
127
131
135
135
133
123
123
111
107
96
87
82
86
88
104
116
130
149
164
180
184
189
176
173
154
127
99
79
52
21
-1
-16
-27
-40
-44
-44
-45
-45
-34
-32
-29
-20
-15
-16
-21
-20
-29
-31
-40
-55
-77
-94
-112
-132
-148
-169
-182
-193
-199
-202
-193
-189
-168
-156
-141
-113
-101
-86
-78
-67
-72
-69
-71
-73
-77
-73
-72
-82
-73
-73
-70
-77
-70
-75
-69
-60
-57
-49
-34
-10
6
34
55
80
104
123
137
150
151
155
146
135
126
108
93
75
74
61
60
66
69
83
88
101
104
114
127
126
137
140
152
148
156
158
160
145
141
120
105
92
63
61
17
16
-18
-23
-39
-47
-50
-56
-49
-51
-40
-40
-29
-45
-27
-40
-35
-44
-40
-54
-67
-72
-82
-92
-109
-110
-142
-138
-161
-163
-173
-181
-167
-168
-155
-135
-129
-95
-86
-73
-42
-53
-21
-46
-38
-40
-54
-48
-71
-71
-83
-83
-78
-88
-83
-72
-79
-56
-64
-45
-34
-26
12
6
54
44
84
90
96
114
100
110
88
100
83
92
53
71
28
49
17
14
24
-7
33
-11
44
4
65
24
88
60
85
113
70
152
64
152
85
106
91
69
61
38
-22
23
-31
-78
10
-147
28
-127
-43
-16
-148
98
-135
72
-21
-24
83
-56
85
-31
55
-18
25
-50
35
-85
-14
-61
-105
-9
-182
10
-171
-15
-124
-31
-68
-34
-17
-35
56
-47
103
-39
91
-9
29
21
-16
-4
-33
-37
-45
-46
-78
-17
-116
-18
-91
-45
-22
-66
37
-34
53
31
48
98
58
120
85
118
89
83
81
55
44
30
12
-5
-11
-32
-8
-49
-4
-39
2
-12
7
22
12
53
40
75
62
95
71
110
66
101
70
75
64
15
47
-24
25
-35
4
-27
-17
-4
-19
28
-3
50
27
57
58
53
71
54
53
53
25
33
6
-10
-5
-51
-16
-65
-56
-56
-89
-38
-84
-42
-39
-42
3
-31
19
3
12
37
19
32
29
18
17
-1
-20
-9
-54
-34
-64
-62
-59
-79
-60
-75
-57
-63
-41
-53
-31
-34
-6
8
1
45
26
63
58
46
71
29
52
31
10
34
-18
12
-24
-13
-3
-19
9
-7
12
1
14
13
24
28
31
41
29
46
32
29
42
21
38
22
12
26
-19
13
-20
-20
-12
-41
-13
-28
-15
1
2
13
24
12
30
15
24
20
6
15
-8
-13
-20
-48
-46
-58
-72
-57
-98
-74
-110
-94
-95
-100
-77
-87
-58
-70
-43
-54
-22
-33
-9
-7
-7
19
-14
19
-10
3
-7
-9
-6
-33
-19
-34
-33
-44
-48
-49
-54
-51
-44
-40
-37
-19
-22
9
6
29
44
43
63
45
67
51
50
51
28
36
24
10
19
-3
22
3
14
27
7
41
10
48
38
49
60
51
66
63
79
70
71
62
63
51
54
32
31
12
13
6
-5
8
-27
11
-13
3
10
3
32
12
41
41
44
51
41
50
37
35
16
6
-2
-11
-16
-34
-32
-63
-56
-83
-71
-76
-79
-56
-74
-47
-62
-22
-33
-5
-4
3
22
5
37
6
36
15
21
19
2
5
-16
-17
-32
-38
-43
-35
-52
-36
-50
-36
-26
-30
-4
-6
15
27
31
39
49
46
53
49
49
44
36
32
18
11
5
1
-3
-4
-6
-4
7
-2
13
8
20
24
8
37
16
46
30
33
40
10
28
2
1
1
-21
-15
-29
-40
-26
-55
-34
-49
-36
-35
-37
-26
-36
-12
-24
1
-4
15
13
16
21
16
16
4
10
5
-6
-9
-17
-33
-30
-46
-45
-49
-49
-48
-46
-35
-37
-37
-29
-34
-27
-14
-13
1
-4
16
18
16
23
17
16
5
4
-5
-7
-11
-13
-19
-23
-25
-41
-36
-34
-19
-13
-7
5
2
9
20
22
31
38
43
40
40
51
37
35
28
19
8
7
-2
-14
-20
-12
-14
-19
0
-9
4
5
19
20
28
35
35
46
43
52
39
43
31
20
16
9
-6
-16
-20
-32
-36
-46
-39
-45
-41
-40
-35
-25
-23
-8
-3
8
12
6
11
9
16
12
18
10
7
1
-14
-10
-21
-29
-30
-38
-43
-48
-50
-48
-55
-45
-38
-33
-24
-14
-1
6
12
13
20
22
20
31
29
24
22
16
5
-3
-5
-23
-28
-31
-38
-40
-35
-26
-28
-12
-2
6
13
25
34
46
54
57
65
59
64
55
50
37
30
19
8
4
-3
-7
-9
-6
-2
3
7
18
17
30
30
38
39
44
48
51
51
48
48
29
24
16
9
1
1
-4
-9
-15
-13
-11
-16
-16
-15
-7
-7
-14
-9
-3
3
6
9
17
13
11
8
6
0
2
-3
-6
0
-8
-7
-13
-15
-17
-28
-31
-29
-29
-26
-16
-18
-9
-6
3
6
7
10
15
13
10
16
7
11
3
-3
-11
-15
-20
-22
-26
-33
-32
-28
-21
-25
-20
-23
-13
-10
-3
1
2
7
12
13
8
9
3
-4
-6
-9
-18
-16
-20
-13
-16
-7
-11
-3
4
4
6
6
12
2
9
7
10
3
10
5
1
3
-1
-4
-9
-3
-12
-2
-1
-3
-5
-6
-7
-8
-10
-8
-10
-19
-9
-9
-10
-16
-7
-9
-9
-2
-4
-4
-5
-4
-12
-5
-15
-9
-18
-20
-15
-25
-21
-23
-23
-24
-17
-14
-10
-7
3
6
10
19
20
21
17
19
13
5
5
-3
-10
-7
-6
-12
-19
-15
-10
-7
6
13
14
19
34
38
41
47
44
35
32
38
25
26
17
11
1
3
3
-1
5
4
6
7
16
13
22
14
27
25
20
24
20
12
10
11
-3
-1
-10
-3
-6
-1
4
10
12
14
20
20
26
23
22
21
15
4
-1
-3
-9
-16
-11
-11
-13
-4
-4
-1
0
4
2
-4
6
0
0
-7
-12
-15
-19
-16
-26
-29
-33
-39
-41
-42
-36
-33
-25
-8
-7
-1
-3
0
-1
-7
-8
-11
-20
-24
-22
-32
-29
-32
-25
-23
-21
-16
-16
-9
-5
-7
0
8
2
7
14
6
-4
-2
-4
0
-7
-3
-10
-8
-6
-9
-7
-12
-4
-6
6
11
8
11
18
19
14
12
13
3
3
3
-4
-9
-7
3
-2
2
3
5
4
9
10
18
16
20
13
4
6
0
4
-4
0
-15
-6
-9
-6
-9
-9
-2
-8
1
9
10
5
12
6
9
8
3
-8
-12
-15
-17
-25
-19
-21
-32
-30
-28
-22
-21
-16
-8
-5
0
4
-2
1
3
-3
-7
-12
-13
-18
-16
-15
-23
-15
-23
-13
-21
-12
-11
-13
-10
-13
-8
-17
-14
-22
-20
-24
-20
-20
-18
-17
-9
-9
-10
-3
-5
4
4
11
6
13
15
23
23
20
29
20
19
14
11
7
13
16
14
24
25
29
34
40
40
35
32
28
27
20
23
17
13
19
13
13
13
11
9
11
10
12
11
9
12
10
10
15
10
12
10
10
8
8
5
6
6
3
9
7
-3
-10
-10
-18
-12
-18
-12
-16
-16
-11
-8
-15
-25
-25
-37
-32
-40
-33
-41
-34
-34
-22
-22
-22
-16
-15
-10
-19
-9
-13
-8
-8
-10
-9
-10
-12
-9
-12
-8
-7
-3
6
9
10
14
18
20
25
36
41
41
40
40
42
40
40
43
41
39
46
48
46
40
47
45
46
44
43
45
46
50
47
46
36
47
35
30
32
30
22
20
22
26
29
29
25
22
23
14
10
1
2
1
0
-11
-16
-19
-24
-29
-27
-30
-34
-31
-35
-33
-31
-35
-42
-37
-40
-43
-48
-44
-47
-50
-50
-53
-58
-62
-64
-66
-64
-67
-64
-69
-64
-65
-64
-55
-57
-58
-52
-53
-43
-35
-32
-24
-21
-15
-16
-17
-18
-6
-11
0
-4
5
5
11
13
13
16
16
27
22
25
29
40
29
43
37
41
48
45
50
50
60
55
56
59
58
51
58
61
61
58
54
56
50
56
53
49
44
48
40
34
45
33
35
33
42
37
38
35
32
28
19
25
12
9
2
-2
-13
-11
-16
-19
-23
-22
-26
-30
-32
-47
-41
-44
-44
-51
-50
-48
-53
-56
-45
-47
-48
-50
-45
-46
-44
-38
-45
-47
-53
-42
-46
-45
-46
-53
-56
-43
-40
-39
-39
-39
-34
-35
-29
-29
-29
-22
-8
-7
0
7
6
13
13
19
22
26
30
28
41
40
48
42
52
50
55
57
63
63
57
69
65
75
64
71
58
69
67
65
67
69
62
60
67
63
56
45
51
42
46
39
47
41
45
41
37
34
25
22
9
11
5
0
-13
-18
-22
-32
-38
-38
-44
-53
-56
-57
-67
-68
-67
-77
-81
-82
-71
-73
-76
-69
-75
-78
-80
-77
-79
-86
-79
-78
-75
-79
-80
-78
-77
-76
-75
-76
-74
-73
-69
-61
-58
-48
-44
-45
-43
-35
-28
-20
-19
-12
-8
-3
11
6
13
21
26
23
26
34
35
35
36
41
40
44
54
51
56
60
59
56
60
64
63
64
69
73
70
73
71
69
63
70
69
60
70
71
67
57
53
52
44
41
35
29
38
26
24
22
16
9
4
5
-6
-3
-12
-10
-23
-21
-25
-31
-31
-30
-36
-43
-40
-48
-45
-60
-54
-62
-61
-68
-70
-71
-78
-76
-81
-79
-86
-77
-79
-78
-84
-80
-82
-79
-76
-73
-65
-65
-58
-52
-47
-48
-35
-28
-25
-20
-16
-16
-16
-9
-12
-3
4
12
17
20
22
25
29
30
41
40
49
58
58
64
69
69
72
80
78
86
86
85
94
96
100
102
99
93
98
102
95
101
98
94
92
82
84
79
74
71
69
63
60
55
47
41
38
35
29
31
24
21
18
23
13
10
0
-6
-13
-18
-19
-35
-31
-41
-43
-43
-54
-65
-63
-62
-73
-69
-70
-76
-75
-71
-69
-75
-79
-81
-88
-85
-81
-73
-65
-68
-66
-68
-61
-57
-60
-57
-59
-51
-48
-44
-45
-40
-38
-38
-39
-33
-37
-34
-30
-32
-19
-17
-13
-16
-3
-3
2
10
16
17
23
30
31
42
38
44
40
48
50
48
54
53
53
53
55
57
51
51
50
44
48
39
43
43
46
47
44
42
38
33
30
32
34
31
29
25
19
19
10
6
4
-11
-13
-22
-24
-24
-31
-35
-39
-38
-47
-48
-56
-54
-58
-52
-51
-54
-50
-62
-57
-60
-53
-59
-54
-49
-46
-45
-43
-44
-53
-41
-37
-32
-37
-33
-30
-30
-22
-29
-25
-26
-22
-22
-18
-16
-11
-6
-5
2
4
12
14
17
15
29
28
33
39
35
41
35
49
50
57
59
69
60
59
61
57
53
54
56
53
56
55
66
54
60
54
58
54
57
60
54
60
50
52
42
44
36
43
38
35
25
20
21
11
12
5
2
-12
-1
-12
-6
-13
-20
-13
-14
-14
-22
-12
-19
-25
-35
-30
-31
-35
-35
-33
-33
-37
-34
-33
-32
-36
-31
-41
-43
-42
-43
-42
-37
-39
-43
-39
-36
-32
-36
-29
-30
-29
-26
-19
-25
-25
-25
-29
-23
-28
-16
-17
-9
-7
-7
-7
0
-4
-3
8
6
6
9
16
7
16
15
20
19
26
30
21
27
28
27
22
33
34
28
28
30
28
23
31
27
25
25
30
28
27
29
29
22
21
29
23
21
14
18
9
12
10
7
2
-1
3
-4
-4
-11
-14
-16
-6
-12
-13
-20
-20
-22
-24
-26
-36
-25
-30
-25
-27
-27
-27
-22
-19
-29
-32
-36
-37
-43
-48
-45
-45
-51
-40
-43
-39
-39
-38
-32
-33
-24
-31
-20
-22
-13
-9
-13
-7
-6
-8
-9
-3
-4
-3
-3
5
9
12
14
12
9
12
11
9
15
16
23
21
31
29
29
34
36
36
34
37
34
37
34
34
29
35
32
24
19
17
19
19
17
12
17
24
24
19
25
23
23
16
22
22
25
18
19
21
17
16
6
3
-5
-5
-10
-9
-15
-16
-31
-29
-28
-29
-25
-23
-23
-23
-26
-35
-32
-39
-34
-34
-29
-32
-25
-22
-20
-24
-25
-31
-25
-29
-22
-13
-15
-13
-22
-10
-12
-7
-9
-5
-1
6
6
6
11
15
20
18
20
18
22
24
20
20
25
31
23
26
24
28
25
23
22
16
21
17
25
20
23
23
25
27
25
26
25
26
27
31
32
32
32
33
32
31
29
29
23
25
19
16
12
10
13
6
9
7
1
-6
5
0
5
0
3
-3
-1
6
-1
-4
-15
-14
-21
-19
-23
-25
-29
-35
-38
-35
-32
-33
-30
-30
-21
-28
-23
-27
-28
-23
-30
-23
-25
-19
-15
-15
-13
-15
-15
-17
-14
-18
-13
-20
-14
-22
-13
-17
-19
-10
-9
-10
-9
-2
-11
-2
-6
3
-1
8
5
9
10
8
15
13
20
16
15
13
16
6
15
13
10
9
16
15
13
15
4
8
5
15
13
7
3
-1
1
-5
-6
-6
-5
-6
-3
-2
3
-1
-4
-7
-9
-7
-10
-1
-8
1
-3
-6
0
0
-9
-16
-10
-13
-11
-18
-15
-18
-24
-19
-19
-19
-16
-12
-13
-15
-18
-14
-16
-18
-12
-15
-15
-16
-14
-15
-15
-7
-7
-8
-13
-6
-3
1
0
-4
1
-1
5
5
1
2
7
3
8
9
12
9
2
2
0
5
6
7
6
7
3
6
3
6
9
4
7
12
12
14
16
14
11
8
9
0
3
-4
-4
-7
-5
-1
-3
3
0
3
-1
2
0
7
8
8
7
3
7
7
9
7
10
6
5
-1
6
0
-4
-7
-10
-9
-9
-10
-12
-12
-18
-10
-14
-10
-12
-10
-5
-16
-10
-14
-8
-11
-8
-13
-10
-4
-12
-3
-7
-4
-9
-10
-13
-10
-11
-2
1
-5
-3
1
1
-3
5
-1
5
5
13
6
2
3
6
10
16
23
18
18
19
19
14
25
15
19
16
11
12
9
9
4
4
3
6
8
13
6
7
13
12
14
23
25
27
31
28
30
27
27
29
29
26
22
20
17
15
12
13
13
18
17
18
18
16
13
7
13
15
23
14
19
21
18
21
23
13
6
6
0
-4
-13
-8
-10
-7
-15
-9
-18
-16
-16
-15
-12
-20
-7
-10
-7
-9
1
-10
-7
-7
-11
-10
-7
-4
-16
-6
-13
-15
-19
-17
-21
-23
-17
-18
-21
-16
-8
-10
-4
-6
-1
-4
-5
-4
-8
-4
-6
-3
-8
-6
-3
-2
-1
-3
-6
-5
-3
-6
-10
-5
-5
-9
-10
-11
-5
-12
-9
-9
-16
-13
-6
-10
-10
-3
-1
3
0
3
3
3
5
5
-1
5
3
6
4
8
0
-4
2
-4
-7
-2
-7
-12
-9
-18
-17
-26
-14
-15
-10
-10
-4
-1
-3
9
4
3
5
6
5
12
0
6
3
7
5
3
4
3
4
-5
4
-4
-2
-9
-7
-5
-5
-3
1
-1
-1
6
-2
3
3
16
6
3
6
0
-2
-1
4
0
1
4
-4
-3
4
-3
0
-3
2
0
1
3
0
-1
-7
-1
-2
-1
-4
-2
-1
0
10
-3
4
0
-2
-3
-2
-8
-6
2
-4
-2
-3
-7
-20
-9
-19
-15
-15
-11
-3
-5
-3
-9
-2
-9
-12
-15
-13
-8
-8
-11
-6
-9
-4
-7
-7
-5
-5
0
-9
-13
-15
-12
-15
-16
-15
-13
-19
-22
-15
-17
-14
-11
-15
-11
-12
-12
-16
-17
-9
-10
-15
-14
-13
-18
-15
-16
-14
-11
-9
-9
-3
-3
9
6
6
11
10
15
13
10
11
13
10
13
13
16
16
19
14
25
21
21
23
20
24
23
24
24
32
27
33
32
39
34
29
27
31
34
25
24
22
30
22
18
12
16
10
8
11
11
20
23
22
22
28
26
29
27
29
29
25
24
21
11
3
7
4
7
4
2
-2
-7
-5
-13
-16
-18
-22
-21
-14
-10
-9
-12
-6
-4
-4
-1
0
-8
-5
6
4
4
1
6
4
9
3
4
2
3
-1
-3
3
4
9
1
5
1
4
4
0
-3
5
3
3
12
9
15
9
12
14
12
14
16
16
20
21
18
11
12
10
1
5
1
-7
-10
-2
-11
-7
-6
-2
-9
-2
2
7
7
5
11
1
9
3
6
0
-2
3
6
1
6
2
-2
3
0
-7
-7
-7
-25
-11
-16
-15
-21
-23
-20
-25
-18
-16
-20
-20
-12
-17
-10
-6
-4
-9
-15
-9
-15
-17
-21
-16
-20
-20
-20
-20
-18
-18
-21
-22
-12
-16
-10
-12
-3
-8
-4
-8
-10
-9
-8
-11
-18
-7
-16
-12
-18
-11
-15
-11
-9
-3
-1
-1
0
-2
-3
-9
-2
-9
-5
-12
-7
-9
-14
-11
-13
-13
-13
-14
-6
1
-4
3
6
3
5
0
-2
4
-1
-3
0
1
3
3
3
3
8
8
11
19
12
18
13
16
6
5
7
1
4
-3
5
-6
5
-2
5
-1
-1
0
0
0
-2
5
0
5
-5
1
-9
1
-4
-4
-8
-4
-10
-7
-2
-5
0
-3
2
-5
2
-6
0
-2
-2
-3
-11
-6
-9
-9
-9
-4
-6
-1
0
1
-4
-7
0
-7
-8
-10
-13
-16
-17
-16
-16
-15
-9
-9
-12
-11
-12
-9
-10
3
-3
6
3
12
10
8
15
4
6
4
14
6
12
7
11
10
10
8
9
10
4
5
-7
1
-6
-8
-5
-4
-1
5
4
3
2
3
10
7
12
15
14
9
10
10
9
9
11
13
12
15
18
12
15
16
22
18
18
20
9
19
13
8
4
9
12
7
16
20
17
17
17
14
16
13
16
7
11
2
7
6
10
15
10
11
9
18
3
11
6
10
12
15
12
11
9
8
5
0
0
-6
4
-8
1
-1
0
1
2
0
0
3
-1
3
-9
-10
-7
0
-5
-3
-2
-9
-5
-10
-6
-9
-4
-7
-6
-3
-3
-9
-12
-6
-7
1
-11
-1
1
6
4
10
10
13
13
13
22
16
22
14
21
10
12
3
3
-3
-3
1
-5
2
-7
-1
-5
0
2
6
5
3
1
6
4
-1
0
3
5
2
2
1
7
-1
3
-4
-7
-9
-17
-13
-13
-16
-18
-23
-22
-26
-22
-16
-18
-19
-19
-22
-11
-12
-13
-10
-7
-10
-12
-6
-6
-9
-12
-6
-9
-4
-9
-6
-11
-7
-2
-5
-11
-8
-7
-11
-6
-2
8
2
6
4
10
8
10
11
11
12
16
20
18
19
16
15
10
17
8
8
0
3
1
-8
-5
-7
-10
-13
-9
-15
-21
-24
-18
-22
-16
-11
-12
-6
-10
-7
-3
-5
-7
-2
0
1
2
-3
1
-1
0
6
0
-2
0
3
-8
-1
-3
-6
-8
-5
-13
-11
-7
-13
-9
-9
-3
-13
-10
-11
-4
-8
-1
-5
-8
-10
-10
-13
-13
-9
-10
-10
-13
-3
-6
-6
-2
-7
-2
0
2
3
4
9
7
14
6
5
7
9
7
4
14
11
13
12
15
12
12
7
6
4
14
13
19
16
12
17
10
19
16
19
7
12
13
18
10
18
17
16
24
16
28
19
19
8
16
14
23
16
17
15
12
14
12
18
3
13
10
13
7
13
8
2
7
1
-1
-4
1
-1
4
-1
-3
-7
-7
-8
-13
-13
-13
-15
-22
-16
-18
-12
-12
-15
-11
-13
-8
-16
-14
-13
-11
-14
-14
-11
-17
-21
-18
-13
-18
-11
-18
-15
-15
-7
-13
-16
-19
-24
-19
-17
-13
-12
-9
-15
-6
-6
-8
-15
-10
-16
-16
-13
-9
-8
-9
-5
-11
-2
0
3
3
6
1
6
7
1
-2
-2
4
3
12
12
17
13
7
7
5
7
-1
6
2
-7
-5
0
-6
-9
-6
-6
-4
-5
0
-3
2
0
5
8
6
6
8
8
5
9
7
11
5
9
6
3
1
5
2
6
3
-2
5
-4
1
0
7
-1
-6
-5
-2
-1
-2
-6
-6
5
-2
6
6
2
0
4
1
-4
-2
-5
1
0
3
3
3
1
7
3
4
0
1
2
-5
0
-6
-1
-5
-4
-1
-6
-4
-9
-8
-9
-1
-6
-6
4
0
0
-1
1
-5
-7
-10
-13
-9
-1
-3
-7
-6
-7
-10
-12
-4
-6
-13
-4
-4
-4
-1
-3
-1
-5
2
0
1
-1
-3
0
-9
-2
0
0
4
9
7
3
7
6
7
5
9
12
7
5
4
5
-5
3
-4
-4
-6
-5
-3
-6
0
2
5
-5
3
-10
-4
-9
-2
-7
-6
-5
-10
-4
-5
0
-6
1
-14
-11
-15
-13
-18
-12
-14
-16
-14
-12
-9
-14
-3
-12
1
-2
6
6
0
3
7
7
1
13
12
23
19
26
19
23
24
17
22
9
13
6
15
4
7
11
4
7
3
2
2
10
0
6
0
7
6
6
0
4
10
5
16
7
9
-1
1
0
2
-2
2
0
-2
-1
-1
-1
-10
-3
-15
-7
-12
-7
-10
-3
3
-1
3
3
-1
-9
3
-3
-3
-7
0
0
-1
1
5
3
5
7
3
2
3
6
-1
4
6
5
-1
-2
-1
-3
4
6
7
9
10
12
10
7
2
3
5
5
-1
6
4
6
4
7
11
10
11
10
17
10
9
9
10
8
10
12
15
13
14
13
10
17
15
20
15
22
20
21
21
18
17
13
17
16
19
18
14
16
17
13
18
12
14
12
12
16
3
5
3
6
3
2
7
1
-3
2
0
-1
2
1
6
7
14
6
12
3
3
4
-1
5
3
6
4
2
0
7
2
5
3
9
3
2
0
-4
-2
-2
-3
-9
-6
-3
-6
-2
2
-3
-3
1
6
0
13
9
13
8
8
9
6
1
-1
6
-6
-4
-8
-10
-8
-8
-13
-7
-12
-23
-25
-13
-10
-10
-7
-10
-5
-10
-3
-10
-5
0
-4
3
-9
0
-5
-5
-10
-13
-10
-20
-14
-18
-20
-22
-17
-16
-13
-17
-13
-13
-11
-14
-9
-11
-19
-12
-16
-16
-24
-16
-20
-15
-15
-13
-12
-19
-18
-18
-14
-27
-18
-32
-22
-22
-22
-24
-29
-18
-21
-15
-9
-9
-16
-9
-13
-9
-15
-14
-14
-16
-16
-13
-19
-19
-13
-16
-16
-18
-16
-18
-12
-19
-14
-15
-13
-10
-10
-12
-10
-1
-3
-3
-6
-3
-8
-4
-4
-6
-1
-3
-1
-3
-7
-7
-10
-13
-12
-8
-4
-6
-8
-2
-4
0
-4
-1
6
5
15
10
15
16
20
15
22
16
22
19
9
22
17
14
9
12
9
11
9
12
8
12
6
12
15
6
9
10
16
9
11
7
18
9
15
9
12
6
6
7
2
10
5
10
4
8
2
6
3
4
5
5
10
5
19
7
12
9
7
10
7
16
10
11
9
11
11
11
9
10
5
5
3
4
10
12
12
6
12
3
5
0
4
-1
0
3
2
9
1
9
3
-1
4
9
-4
2
0
1
4
3
8
-2
5
-3
4
0
-2
-4
1
-1
-6
3
-7
-4
-3
7
3
2
11
10
12
5
4
0
0
-2
-3
-4
-6
-8
-10
-13
-16
-11
-16
-16
-13
-17
-11
-15
-12
-13
-6
-3
1
3
1
5
-3
-1
-8
-4
-6
0
-3
3
0
0
0
-2
6
-1
2
-3
1
-3
6
0
2
1
6
7
6
13
14
15
8
11
4
7
3
9
10
5
13
13
13
10
10
8
12
10
12
11
9
15
9
6
4
10
5
6
5
5
0
9
7
4
2
-2
4
-7
0
-9
-6
-9
-3
-6
-8
-10
-12
-10
-6
-6
-14
-2
-9
0
-5
-5
-10
-6
-8
-8
-4
-5
-7
-13
-1
-10
-5
-13
-7
-16
-25
-19
-22
-19
-24
-16
-21
-17
-14
-12
-14
-10
-5
-6
-2
-3
-2
-5
-4
-4
-6
-8
-1
-3
-6
-3
-3
-1
-4
6
-3
-2
-3
-6
-1
3
3
4
4
-1
1
0
4
0
9
3
8
12
13
14
7
12
6
10
6
10
6
14
13
10
10
6
11
9
8
2
3
9
9
7
15
11
11
8
8
9
9
9
9
12
2
9
2
0
2
6
9
3
3
0
3
3
4
0
4
-3
4
3
-1
2
-7
-5
-11
-8
-9
-5
-16
-13
-10
-13
-16
-19
-15
-18
-12
-8
-6
-16
-10
-8
-6
-11
-5
-2
-7
-9
-7
-9
-13
-12
-13
-11
-12
-3
-5
-7
-4
3
0
-7
-6
-11
-9
-4
-5
-6
-1
5
2
6
-1
-2
3
1
7
5
6
2
0
2
-1
-3
-5
-9
-15
-12
-14
-10
-6
-6
-4
0
7
3
5
4
7
-1
2
-4
-4
-6
-2
-1
-10
-4
-16
-7
-12
-11
-19
-16
-15
-13
-18
-16
-19
-22
-20
-15
-8
-14
-4
-16
-4
-12
-11
-5
-5
-6
-7
3
3
-1
4
6
-6
6
1
10
0
7
9
4
11
2
12
1
12
4
6
-4
5
13
9
22
19
21
12
19
15
12
12
17
10
12
12
15
13
12
15
11
12
6
13
7
8
11
14
9
9
9
12
15
11
16
12
9
13
16
16
16
15
14
7
12
13
12
13
5
7
-1
4
9
6
7
3
2
-3
-5
-11
-4
-7
4
8
5
3
-2
2
-7
3
-3
5
0
-1
-3
6
7
-3
3
-2
4
0
7
0
7
7
12
3
4
7
-1
0
-4
-6
-8
0
-7
3
-3
4
0
0
4
1
6
4
9
8
15
12
19
17
15
12
19
16
10
16
13
17
12
15
11
6
4
2
1
0
0
1
3
-1
5
0
3
5
3
8
6
6
0
0
-4
-3
-7
-6
-1
-6
-8
-11
-7
-13
-8
-16
-12
-15
-13
-12
-12
-12
-14
-9
-10
-10
-15
-4
-4
-1
-2
6
0
0
-2
-5
-2
-3
1
-4
1
-7
-6
-5
-7
-12
-3
-9
-10
-2
-4
-3
2
3
5
6
4
5
3
8
5
6
3
6
6
9
9
12
9
10
2
4
3
6
8
2
11
2
9
1
1
-1
0
-3
-4
-1
-3
-4
-3
0
-6
-8
-6
-1
-12
3
-5
2
-2
5
4
0
7
-4
-2
-6
-1
-12
-7
-12
-12
-15
-17
-17
-16
-12
-11
-3
-9
-2
-7
-2
2
-3
5
-3
3
-7
-4
-3
-8
-7
-13
-16
-25
-13
-19
-13
-15
-10
-15
-11
-11
-9
-10
-13
-6
-13
-8
-13
-8
-15
-11
-13
-14
-13
-9
-8
-4
0
-8
-1
-4
-7
-7
-3
-3
-1
-1
2
-3
3
5
4
5
7
18
23
22
12
19
14
19
12
13
6
6
5
-1
8
3
11
7
12
16
17
16
16
13
12
9
5
7
2
5
4
6
5
2
4
2
4
0
5
4
5
4
6
10
9
9
6
4
1
7
-3
9
1
10
6
4
10
4
14
4
12
7
10
1
1
-3
-3
-8
-12
-6
-13
-8
-13
-13
-8
-9
-7
3
-2
6
1
7
7
12
12
10
16
8
11
0
9
-3
0
-8
-6
-2
-9
-5
-9
-8
-18
-9
-18
-13
-10
-6
-1
-2
2
0
1
0
5
8
13
11
10
5
4
3
-5
0
-3
-4
-11
-9
-12
-9
-9
-17
-6
-7
-10
-6
-7
-2
0
3
13
2
6
14
13
10
10
7
7
6
10
3
2
3
-5
-5
-12
-10
-19
-11
-12
-7
-9
-4
-4
0
-3
1
8
1
1
-3
7
-7
4
0
8
1
5
6
5
7
3
5
-3
0
-6
-3
-13
-8
-15
-7
-12
-13
-13
-15
-13
-16
-13
-9
2
-6
0
0
0
-3
0
3
-1
0
0
-3
-8
-3
-3
-13
-20
-18
-18
-18
-16
-14
-9
-15
-10
-9
-6
-1
-5
-1
3
-3
-5
3
-3
-4
-11
-3
-9
-6
-10
-9
-10
-18
-8
-17
-9
-3
-3
-5
0
-5
-2
-3
1
-5
-1
1
0
4
-3
5
-3
-1
1
-3
-5
1
-5
-6
-7
-9
-9
0
-7
-14
-6
-8
-7
-4
5
0
7
13
8
14
9
13
7
0
3
0
2
0
6
1
2
0
4
-3
5
7
6
6
3
7
-4
3
-2
1
-2
12
6
9
10
8
12
13
13
10
17
7
12
3
12
7
9
10
7
1
-2
12
8
8
9
10
4
7
13
10
10
14
16
17
16
10
6
3
9
7
7
8
6
9
7
8
9
10
4
3
8
6
9
7
3
6
2
0
2
6
10
12
24
20
21
19
15
16
16
13
12
12
6
6
-1
6
-2
0
4
4
3
0
6
8
8
8
13
7
6
3
6
-1
3
-1
-6
-6
-6
-12
-12
-11
-12
-11
-13
-11
-16
-7
-14
-10
-10
-13
-2
-6
-1
1
-1
3
9
-1
-3
-6
-5
-9
-5
-9
-1
0
-4
2
-2
-1
-10
-1
-9
1
-2
-2
-16
-9
-15
-17
-8
-14
-7
-10
-1
-2
3
-2
4
-6
1
0
-1
2
4
4
0
7
4
7
-2
2
-2
-2
1
7
0
6
7
-1
3
4
4
-5
3
-3
-5
-3
-1
0
0
3
-2
-4
-4
-5
-4
0
-4
-1
-4
-6
-8
-8
0
-4
6
0
0
2
-2
-7
-2
3
-2
5
-8
-1
-9
-2
-6
-6
-6
-8
-10
-11
-1
-6
2
-3
-1
-8
-6
-8
-4
-5
-4
4
0
0
6
-1
-6
-5
-7
-4
-6
3
-1
-3
-4
2
-3
-4
0
-9
-7
-10
-10
-15
-13
-5
-13
-9
-3
-6
-5
-4
-11
-8
-13
-9
0
-7
-1
2
3
0
6
6
9
9
12
9
9
4
3
13
2
9
5
5
5
5
13
10
4
10
9
3
6
4
4
0
4
4
-1
2
4
1
-6
-9
-6
-2
-3
7
6
-1
3
-1
-4
-2
0
5
6
3
3
0
-1
-4
3
-1
-2
0
2
3
5
6
4
6
-1
6
3
-1
0
2
2
0
2
4
1
3
7
1
2
1
0
-5
-5
-4
-12
-11
-5
-9
-9
-11
-6
-3
-6
-3
0
-1
-5
-2
-2
4
11
13
6
5
3
3
6
1
8
3
4
3
3
-1
1
-2
-2
2
1
5
4
1
2
6
3
5
0
6
-1
-2
-1
3
-4
-2
-4
-8
-6
-12
-8
-19
-15
-19
-8
-10
0
-8
-3
0
1
3
-6
1
-10
-4
-11
-6
-18
-11
-16
-22
-20
-20
-15
-25
-16
-24
-20
-27
-27
-28
-29
-20
-26
-22
-26
-15
-22
-16
-19
-15
-14
-12
-4
-12
1
-6
-2
-10
-12
-6
-8
-14
-10
-11
-12
-7
-12
-13
-9
-6
-10
-3
-5
3
-2
3
4
7
6
4
7
3
11
4
12
8
16
14
22
13
10
17
10
20
14
21
14
17
16
25
18
15
15
21
24
20
26
20
25
13
15
15
13
12
16
17
13
15
8
10
6
6
9
9
9
10
8
6
8
9
15
8
16
8
5
6
10
12
7
16
17
18
7
16
15
15
13
10
6
4
3
-2
-2
0
5
0
6
-2
7
0
7
6
7
5
-3
7
7
12
5
12
10
9
7
7
6
9
5
5
4
-4
1
4
3
3
2
-4
-1
0
1
-3
-2
0
1
6
6
7
6
3
7
12
9
5
9
4
6
13
9
10
6
9
4
-5
0
1
0
-5
1
4
-3
-2
1
0
-3
-4
-3
0
-5
-3
4
-2
2
-2
6
-2
6
2
-2
-5
-9
-6
-15
-6
-18
-11
-11
-7
-12
-5
-4
-3
-8
-6
-2
-6
-1
-3
-1
-12
-10
-18
-17
-16
-8
-19
-14
-21
-16
-22
-21
-19
-15
-3
-17
-6
-9
-7
-13
-4
-11
-3
-9
5
3
-5
-7
-6
-8
-13
-8
-16
-9
-15
-5
-17
-16
-21
-16
-13
-9
-8
-6
0
-5
-2
-1
11
8
15
12
9
10
12
13
11
16
15
17
12
12
17
10
14
14
12
4
8
10
9
11
9
10
7
5
6
5
7
14
4
6
11
5
3
3
-2
-4
-9
-4
-6
-9
-2
-7
-4
-8
-11
-8
-13
-12
-10
-12
-4
-10
-5
-3
-3
3
3
5
4
9
6
6
0
6
6
5
3
2
8
-4
-3
-6
-5
-4
-4
4
-1
-2
0
2
-4
-9
-3
-4
2
9
10
7
7
1
13
11
9
12
13
13
4
8
-5
5
-1
0
0
-2
-2
1
2
3
8
9
15
15
27
18
19
13
19
10
9
11
10
10
4
6
1
3
1
8
4
10
7
7
0
-1
-3
-2
-1
0
7
4
3
7
12
9
11
10
3
1
-2
-4
-3
-4
-3
0
0
-1
-3
-2
-9
-7
-4
-10
-7
-2
-2
-10
-7
-7
-6
-9
-6
0
-5
7
4
3
6
7
0
0
5
3
0
-3
9
4
0
2
6
-3
-5
-6
-4
-2
-7
-4
-1
-3
-1
-1
-3
-4
-6
-13
-14
-16
-18
-9
-14
-7
-11
-2
-6
-8
-3
-4
-6
-3
-7
-6
-5
-15
0
-8
6
-1
6
-4
-5
-2
-9
-7
-5
-12
-11
-2
-14
-10
-18
-10
-15
-11
-13
-7
-13
-9
-10
-9
-10
-12
1
-3
2
-7
-2
-6
-2
-5
-1
-2
-3
-3
-9
-6
-8
-7
-14
-9
-16
-13
-18
-16
-13
-13
-7
-14
0
-8
-3
-3
-2
1
0
2
2
5
-4
6
-5
2
-5
0
-3
-5
-5
-15
0
-11
-11
-12
-3
-11
-5
-2
-1
1
1
1
-3
7
3
9
9
11
10
15
10
8
10
9
9
12
11
12
9
4
7
4
3
7
11
4
12
6
5
4
3
11
11
23
19
20
18
16
13
10
8
5
6
-2
1
-1
-1
0
4
3
-3
0
0
0
-7
-3
-6
4
0
9
12
7
10
7
11
1
9
4
3
-3
-1
-5
-9
-2
-6
-7
-6
-10
-15
-13
-15
-11
-18
-13
-13
-7
-9
-6
1
-3
0
-3
-3
-1
3
2
-3
-2
1
-2
2
0
6
1
-4
4
0
3
2
1
1
4
1
-3
-3
-3
-1
0
1
8
13
12
7
8
12
3
7
10
1
6
3
2
4
3
-3
1
3
-2
-5
4
4
4
8
4
3
4
11
6
13
5
6
6
1
10
0
4
-3
3
-1
3
0
-2
-6
-6
-5
-6
-1
-5
0
-2
4
-2
-1
-3
-1
0
6
0
5
3
5
7
4
5
-2
10
0
2
-2
7
1
12
4
4
1
-3
0
0
6
7
15
6
11
5
11
-1
7
1
0
3
0
1
-6
-4
-10
-7
-9
-11
-9
-7
-13
-10
-10
-3
-3
-5
-1
-6
-3
-3
-1
-1
-3
-1
-3
-1
-7
-1
-10
-6
-7
0
6
6
12
8
13
11
13
-3
9
4
-2
1
2
2
-2
3
2
6
4
8
3
6
5
2
-5
-3
-7
-1
-1
-3
-2
-1
6
-3
0
-3
0
1
7
2
3
7
3
3
-1
-6
-4
1
-5
-9
-10
-7
-5
-3
-3
0
2
-1
6
0
-2
-1
0
7
2
8
-2
2
-3
0
1
6
1
1
-1
-2
1
-4
3
-11
9
-3
1
-3
2
-4
-5
-1
-3
8
0
10
1
7
-2
2
0
4
-1
3
1
-7
-2
-8
-6
-15
-2
-5
-3
1
5
5
2
1
-2
3
-3
0
-6
-4
-7
-8
-7
-4
2
0
3
4
2
3
-4
-12
-5
-9
-10
-16
-13
-12
-16
-15
-14
-12
-14
-15
-11
-12
-16
-16
-16
-15
-14
-9
-12
-18
-13
-6
-6
-5
-9
-9
-13
-15
-11
-19
-13
-17
-16
-17
-12
-12
-17
-13
-14
-9
-8
-1
-4
2
-2
4
12
4
11
4
9
7
10
2
4
3
-1
-3
-6
0
0
-4
-9
-3
-7
-1
-7
-1
3
6
1
6
11
10
16
17
18
14
17
13
16
12
8
4
3
2
3
2
9
7
0
-3
0
2
-6
-3
-3
3
1
3
3
1
4
8
4
7
5
5
4
0
7
3
6
3
6
12
6
7
9
9
4
9
12
7
13
16
14
17
24
23
24
25
25
25
16
18
18
11
9
9
12
6
4
0
-10
-7
-9
-6
-12
-7
-10
-11
-13
-12
-7
-11
-6
-8
-6
-6
-6
-13
-6
-7
-1
-6
2
0
-9
1
-5
-4
-9
-6
-6
-4
-9
-9
-12
-13
-16
-12
-12
-12
-10
-15
-9
-15
-14
-13
-14
-8
-16
-9
-7
-5
-6
-5
-1
-6
-2
-6
-9
-10
-3
-16
-4
-15
-7
1
-3
-4
-12
-6
-9
2
-8
5
8
17
14
15
9
13
13
9
16
9
15
7
16
8
8
11
17
10
16
16
6
8
0
10
5
13
6
7
7
5
6
10
9
5
11
3
8
4
4
1
4
-3
0
3
-1
1
4
9
3
9
6
1
4
4
7
6
8
4
3
0
-1
3
-1
-3
-5
-7
-4
-4
-3
-6
-9
-2
-11
-11
-11
-9
-20
-20
-18
-22
-11
-15
-4
-10
1
1
6
6
5
4
6
2
-2
1
-3
2
-5
-2
0
-2
-11
-8
-18
-11
-10
-7
-5
1
1
4
5
6
8
9
9
5
6
-1
5
1
7
-4
6
-6
3
-3
3
7
-1
4
2
12
-2
12
8
13
7
22
23
25
25
28
26
18
26
15
19
8
19
21
17
19
16
5
6
4
0
6
2
9
9
9
11
15
7
14
22
16
16
13
15
7
11
3
5
9
7
9
7
12
3
10
6
6
12
10
13
7
3
4
1
3
2
-4
-1
-3
5
-1
10
0
4
6
-3
3
-8
0
3
-2
-2
3
-4
3
-2
4
4
0
3
10
15
7
12
3
6
-2
6
-3
-3
-2
-2
-4
-5
6
2
6
-1
5
-2
6
-1
0
2
1
0
2
12
3
8
3
6
1
4
0
-5
6
1
4
4
7
1
0
-3
-2
-2
-5
-1
-8
-10
-17
-8
-12
-18
-16
-20
-16
-15
-16
-12
-16
-15
-23
-21
-14
-20
-15
-18
-11
-22
-16
-16
-25
-19
-22
-23
-30
-25
-35
-33
-36
-32
-33
-42
-28
-31
-32
-29
-20
-25
-22
-16
-17
-13
-9
-6
-8
-16
-23
-18
-20
-17
-16
-21
-23
-31
-29
-32
-34
-29
-26
-16
-21
-17
-12
-16
-13
-6
-4
-4
6
3
10
4
6
6
3
3
-1
6
-3
6
1
-1
4
5
6
3
1
-1
-3
-7
0
1
5
4
3
3
4
6
12
9
12
17
18
26
22
23
17
16
16
16
12
15
16
13
13
19
7
11
9
3
9
-1
1
-3
-2
-9
-3
-2
-3
-2
-10
-5
-9
-10
-10
-7
-10
-4
-5
-1
-6
-4
-4
-9
-7
-8
-2
-5
1
0
4
-4
6
4
11
15
3
12
5
13
3
4
0
7
3
3
2
-6
0
-6
2
-9
2
-4
6
1
1
4
0
10
1
6
6
5
3
10
0
12
13
7
11
5
5
-5
4
5
3
2
6
3
3
6
3
7
5
7
4
6
11
10
8
6
0
-7
-3
-8
-10
-13
-10
-5
-9
-14
-7
-9
-8
-8
-3
1
2
3
0
6
-1
5
-4
2
-1
1
3
-3
3
0
7
1
12
8
10
6
3
10
8
8
10
16
8
16
9
5
6
9
8
10
12
13
11
4
20
11
12
16
17
7
11
12
3
3
7
7
0
7
-2
6
0
6
8
9
11
9
15
9
16
13
25
16
16
17
17
14
11
13
14
17
16
18
15
13
6
13
5
7
6
4
9
13
13
5
13
6
7
1
6
6
1
7
0
5
3
1
0
-5
-10
-6
-6
-12
-5
-10
-13
-13
-12
-13
-13
-13
-12
-11
-6
-9
-6
-2
-3
3
1
6
3
1
2
-5
-3
0
-1
-3
-2
-1
-9
-3
0
0
0
6
1
3
8
1
5
1
-1
-7
0
-3
-3
-3
-9
-6
-11
-11
-9
-13
-17
-10
-16
-16
-12
-6
-12
-5
-3
-6
-7
1
-1
-5
3
0
1
1
7
4
8
8
5
-3
-3
1
1
1
2
0
-1
2
-2
4
3
2
-4
2
1
5
3
-1
8
0
3
2
0
1
6
-3
1
2
-2
-1
-12
-7
-8
-11
-19
-16
-18
-19
-10
-14
-13
-12
-5
-12
-9
-10
-16
-12
-6
-6
-9
-9
-9
-11
-13
-12
-15
-12
-23
-15
-16
-15
-7
-13
-14
-13
-10
-16
-13
-15
-14
-19
-8
-20
-13
-13
-10
-6
-10
0
-9
-11
-12
-2
-6
0
-3
-7
-9
-3
-1
-5
2
2
6
3
6
1
4
10
9
17
11
17
23
11
21
16
12
17
13
15
15
14
19
9
11
13
9
3
7
2
-5
0
-9
0
-1
-2
0
2
1
5
4
8
5
8
5
5
4
3
-2
-5
-3
-9
1
3
5
5
3
4
0
5
6
-1
3
1
7
1
0
-3
-5
-7
-2
6
8
6
4
8
3
5
-3
-1
-3
-3
-4
1
-7
-2
0
-3
2
-2
4
0
2
7
5
2
8
3
7
-2
3
3
0
-3
3
6
-5
3
-2
-1
-6
3
-4
-4
-6
-1
2
1
5
-1
1
0
-1
6
9
10
12
3
6
3
8
6
3
7
7
2
1
-2
-1
-3
-10
-4
-3
-4
-7
-4
-11
-4
-7
-4
-9
-4
-6
-6
2
1
9
4
18
5
10
10
15
9
9
7
5
4
8
10
-1
0
-6
-3
-12
-4
-9
-8
-7
-3
-3
3
0
0
12
-3
2
0
4
-4
-1
3
0
6
0
9
3
4
-2
4
6
2
10
0
7
6
8
6
4
12
13
10
14
16
13
24
22
22
22
25
13
23
20
14
14
10
12
1
0
0
0
0
-1
2
3
-7
3
-4
0
0
-2
0
0
-7
-11
-1
-10
-4
-6
-4
-7
-4
-6
-3
-6
-6
3
-6
-3
-4
-3
-9
-5
5
-3
-2
2
-4
-5
1
-7
-12
-5
1
2
-8
3
-4
-9
-15
-4
-7
-12
-4
-9
-6
-15
-5
-9
-13
-14
-12
-15
-3
-6
-11
-5
-5
-4
-1
-6
-9
-13
-13
-12
-16
-7
-6
-7
-14
-7
-17
-16
-14
-15
-11
-13
-3
-9
-8
-3
-7
-13
-7
-8
-9
-7
0
3
-10
-12
-9
-16
-20
-16
-22
-26
-13
-19
-22
-11
-9
-13
-12
-7
-5
-2
0
0
-4
-1
2
5
6
10
4
0
-6
-9
-8
-13
-5
-5
-4
-4
-6
-4
-9
-9
-7
0
7
5
4
7
6
8
7
18
26
25
32
26
22
19
20
16
11
16
11
10
6
3
0
-3
-2
-3
4
0
4
0
5
3
9
6
10
12
10
24
18
25
26
22
15
19
13
16
10
17
11
9
9
6
14
2
13
8
15
9
11
10
7
1
2
10
8
18
12
16
12
15
13
17
17
15
7
-1
2
-3
-4
-9
-13
-11
-11
-7
-12
-12
-11
-17
-15
-18
-18
-18
-23
-21
-19
-9
-19
-9
-4
-9
-9
-15
-9
-22
-14
-16
-18
-22
-16
-19
-20
-23
-25
-24
-30
-17
-24
-18
-21
-19
-25
-19
-21
-19
-22
-22
-16
-19
-16
-23
-19
-18
-19
-22
-13
-21
-19
-18
-16
-15
-16
-15
-9
-6
-14
-6
-5
-7
-6
-7
-3
6
10
6
7
6
10
6
7
8
7
12
8
9
0
6
-1
0
-2
-13
-6
-10
-6
-1
-4
1
7
7
12
16
16
13
16
14
16
15
18
12
13
13
11
12
10
16
7
15
3
12
7
9
8
6
11
8
16
8
19
9
13
9
9
13
10
17
13
17
9
6
2
-3
2
6
1
6
4
4
5
4
6
2
9
6
10
9
12
16
12
17
16
15
11
16
11
12
7
9
7
7
10
11
11
10
13
1
12
2
7
7
6
4
3
7
4
9
0
13
11
11
5
4
-4
-1
6
1
3
-1
3
-4
-7
-6
-6
-9
-3
-4
-3
3
-4
0
-4
5
4
6
13
7
14
15
13
12
10
13
10
15
10
11
10
7
6
8
6
4
3
6
8
-4
6
0
1
-4
1
4
3
5
1
5
-3
5
1
5
-3
2
-3
4
7
0
1
-2
3
0
8
-3
2
-6
-7
-1
1
2
-1
2
-1
1
-6
1
-6
2
-2
-9
-6
-5
-6
-10
-1
-8
-6
-14
-1
-5
-3
-6
-6
-7
-15
-6
-15
-9
-15
-10
-12
-10
-15
-9
-12
-11
-16
-15
-7
-18
-14
-18
-13
-16
-11
-19
-15
-16
-19
-15
-20
-18
-20
-13
-16
-13
-9
-8
-7
-10
-6
-6
-2
-9
-3
-4
-8
-7
-8
-6
-12
-12
-14
-12
-7
-6
-2
-2
0
6
-4
4
-1
2
9
1
5
0
4
0
7
10
14
13
11
17
11
15
12
9
4
8
8
9
8
6
4
4
6
1
2
-1
5
4
6
3
2
-7
-9
-11
-11
-10
-12
-20
-19
-19
-20
-13
-15
-4
-10
-5
-7
-4
-6
-10
-11
-10
-2
-4
-3
-7
-1
-6
-1
-3
-3
-2
-10
-6
-13
-9
-8
-12
-10
-11
-14
-13
-8
-1
-3
-6
0
-4
3
3
6
9
13
16
16
18
15
19
16
15
9
12
7
10
10
9
12
10
16
6
10
7
7
5
3
5
3
4
2
-1
-1
6
5
6
6
9
10
9
4
4
-2
2
7
4
3
0
3
3
1
5
0
2
1
-2
3
-5
3
-6
-3
-1
-2
0
-6
-7
-3
-1
3
0
-6
-4
-5
10
-1
6
7
7
8
9
8
9
9
1
5
-2
2
-4
-1
-2
1
0
5
1
3
0
-3
3
-3
0
-7
2
-2
4
-1
-3
1
-3
0
-5
-5
-6
-9
-13
-6
-6
-7
-2
-4
-2
-4
-3
-4
-2
-8
-5
-9
-10
-8
-7
0
-1
4
0
4
1
6
8
6
7
6
6
5
5
1
3
1
6
1
7
5
2
2
0
3
6
6
4
0
1
2
1
6
-1
6
12
15
16
16
13
15
19
18
23
26
21
23
22
18
18
11
9
4
0
5
0
3
0
2
-1
-4
9
1
11
9
7
7
5
6
3
-2
0
7
3
6
3
6
4
1
-3
-7
-16
-7
-15
-13
-13
-18
-13
-15
-11
-13
-7
-13
3
1
6
10
11
11
10
14
13
14
11
15
4
7
-1
0
1
-4
-6
-6
-6
-12
-2
-9
-3
-7
-7
-3
-12
-6
-4
0
6
9
7
14
6
10
12
7
4
6
12
0
6
-3
-9
-14
-12
-14
-13
-12
-13
-15
-19
-13
-21
-19
-12
-3
-8
2
7
7
7
12
15
13
14
12
9
6
8
3
6
1
-4
-3
-3
1
1
-1
-1
-3
-1
-1
0
-3
-3
-1
-3
6
1
-1
2
6
-3
1
3
2
5
3
11
3
0
1
-1
-3
0
-3
7
0
0
3
-1
3
-5
-3
-3
1
-1
3
3
8
1
3
6
0
3
6
11
4
6
5
2
4
8
4
0
0
3
-3
0
6
-3
3
3
1
4
10
9
9
6
12
6
5
15
0
7
3
7
5
-3
-1
0
3
-3
6
-3
-2
-11
-2
-3
-3
-2
-4
7
-1
4
1
5
4
8
8
4
-1
-5
-12
-10
-16
-17
-5
-10
-14
-15
-17
-21
-19
-22
-16
-22
-16
-12
-19
-12
-17
-13
-16
-12
-20
-20
-17
-18
-13
-16
-18
-23
-17
-16
-15
-18
-20
-19
-19
-12
-16
-12
-10
-8
-12
-6
-3
-9
-5
0
2
-4
4
-3
4
1
7
2
0
3
-4
-1
-2
3
0
9
10
9
15
21
12
20
12
23
22
21
30
22
26
19
27
16
18
17
17
12
15
7
6
6
-2
2
-7
-5
-9
-6
-12
-10
-16
-16
-17
-16
-9
-13
-9
-11
-13
-12
-12
-13
-12
-16
-13
-12
-12
-13
-11
-14
-19
-12
-16
-19
-20
-12
-16
-18
-14
-16
-9
-15
-11
-8
-7
-3
-4
-6
-6
-5
-12
-7
-7
-12
-15
-17
-15
-12
-14
-12
-15
-17
-16
-19
-9
-6
-3
3
3
4
3
2
-1
4
0
2
2
0
1
0
0
0
1
3
6
10
5
6
3
6
5
6
13
13
8
10
15
9
14
13
25
16
24
21
20
12
19
12
9
25
16
20
15
27
14
21
19
15
22
22
17
15
16
13
11
13
16
13
16
16
12
9
10
4
7
9
12
13
12
11
4
1
2
1
0
4
2
0
-1
-3
1
-6
0
2
0
-3
-3
0
0
-7
-5
0
-4
6
0
8
3
6
3
3
8
5
3
-1
3
-4
-2
-5
-6
-6
-2
-9
-13
-8
-7
-15
-9
-3
-3
0
-2
2
2
-5
-6
-1
-3
-1
-6
-4
1
-4
2
3
5
4
1
-1
0
-4
-7
3
-4
-5
0
4
-7
-6
-2
-3
-2
-3
-1
-7
-2
-4
2
-7
0
-7
-7
-10
-12
-3
-6
-4
-4
9
4
9
7
12
6
12
12
4
-1
-4
-3
-13
-4
-9
-6
-15
-5
-6
-2
-6
-3
-4
-11
-6
-7
0
1
3
-7
3
1
2
7
0
-2
-3
-6
-4
3
-3
-1
-1
-4
-3
-2
0
1
9
2
1
2
1
2
-2
3
1
0
3
5
6
6
8
9
9
13
16
7
4
1
0
1
1
6
5
3
7
4
4
7
4
7
2
6
10
10
8
3
2
4
8
6
9
9
7
5
4
-2
-3
-4
-5
-3
-3
-3
-3
0
-3
0
1
0
3
4
4
0
10
3
1
2
4
1
-8
-2
-12
-8
-8
-7
-10
-11
-9
-13
-16
-15
-23
-23
-17
-19
-10
-9
-1
-8
-3
-9
-3
-5
-6
4
-5
6
-2
-4
-12
-6
-12
-13
-12
-15
-15
-18
-17
-19
-16
-23
-7
-12
-5
-7
-7
-10
-11
-5
-6
-2
-7
1
-3
-3
-1
0
-6
0
-3
-2
-3
-9
-3
-7
-3
-9
-3
-5
-3
-2
-9
-7
-6
0
-3
-1
3
3
8
8
6
10
4
6
9
8
9
7
11
5
9
14
16
12
15
12
11
13
9
10
4
7
10
9
3
10
15
8
9
17
17
10
13
5
4
7
12
5
7
8
-3
-1
-6
3
-2
0
-3
-2
-7
-3
-6
-11
-2
-6
-1
-7
5
0
6
7
6
4
3
7
3
7
3
7
3
2
-1
1
-6
-4
-7
-3
0
-6
3
4
8
2
9
3
6
8
8
7
-5
-3
-3
-3
-5
3
1
1
-1
0
-3
1
-4
-8
2
-4
1
-6
-3
-5
0
1
1
2
3
6
-3
5
-2
4
-5
0
-4
0
0
-10
-3
-9
-9
-5
-3
-6
-4
-10
-6
-11
-11
-14
-17
-8
-5
-5
-10
-6
-6
-6
-11
-4
-4
-9
-6
3
5
1
7
3
6
4
3
3
0
3
7
12
9
13
6
3
5
2
6
14
9
4
7
7
10
5
10
6
10
12
12
13
6
19
14
16
18
15
13
10
12
5
12
11
13
10
11
12
11
15
13
19
10
17
17
14
13
23
17
20
22
16
22
22
25
16
19
17
17
16
15
7
9
6
10
10
10
12
3
6
-3
-2
-5
-4
-3
-1
-4
-8
-4
0
-1
1
4
2
7
1
0
-1
2
0
-3
1
-12
-8
-12
-10
-18
-15
-13
-22
-19
-21
-13
-21
-15
-22
-16
-14
-13
-15
-13
-16
-16
-8
-9
-13
-16
-11
-18
-17
-15
-15
-25
-19
-30
-33
-29
-31
-24
-26
-22
-20
-19
-22
-17
-19
-12
-16
-13
-12
-13
-9
-11
0
-6
-7
-6
-3
-6
-1
0
-7
-7
-4
0
-3
0
-10
-5
-7
-9
-8
-13
-3
-8
-2
0
2
2
1
0
3
3
-2
9
3
1
3
5
0
-8
-10
-5
-6
-9
-8
-12
-9
-13
-7
-8
-11
-15
-5
-6
-6
-10
-10
-3
-1
-1
3
6
-4
1
-4
7
-3
-1
-5
-10
-7
-12
-8
-16
-8
-14
-19
-21
-15
-17
-18
-9
-1
-2
-3
6
10
3
3
12
4
6
4
3
10
10
8
0
-1
-4
4
8
5
1
1
7
5
7
6
13
14
11
14
12
17
19
15
21
27
19
20
20
13
12
16
13
12
8
7
10
8
0
-8
-4
-6
4
6
0
2
9
7
4
7
4
-3
2
1
3
9
4
6
3
6
3
3
3
4
0
-4
1
-3
0
6
-3
2
0
2
5
7
11
9
19
11
23
10
14
19
13
8
2
4
1
2
-7
-3
-7
-2
-5
0
-1
2
1
0
3
-3
5
-6
-1
-8
-13
-6
-2
0
-2
1
4
1
-6
-2
-6
-2
-9
-3
-10
-8
-11
-13
-6
-17
-3
-8
-2
-8
4
0
2
-2
2
7
1
6
4
8
-2
6
4
2
-5
-4
-5
1
-3
-7
0
-7
-8
-13
-5
-10
-2
1
-3
4
0
-5
-4
-3
-4
-6
-4
2
-6
2
5
-6
-3
-3
-3
-3
-4
-4
-3
-7
0
-2
-4
-5
-3
0
1
3
6
6
2
15
7
11
9
8
7
4
10
7
8
6
2
0
0
-1
-1
-6
4
3
3
0
-5
-3
0
2
-2
4
-2
0
2
12
6
7
13
10
9
5
9
7
12
10
8
6
12
15
13
14
13
17
9
18
23
23
16
14
15
11
15
16
19
22
18
25
18
10
13
10
16
9
15
17
16
16
9
12
9
14
15
16
15
13
11
9
5
3
3
3
6
6
7
5
2
0
4
3
0
5
7
0
-3
-3
-10
-9
-9
-8
-7
-9
-10
-6
-9
-6
3
-4
-3
1
-1
-2
0
-9
-6
-8
-9
-7
-8
-8
-12
-6
-11
-10
-9
-13
-10
-7
-15
-10
-11
-15
-16
-12
-7
-9
-5
-2
-4
-9
-4
-2
0
-2
4
-7
-3
-5
-12
-10
-13
-6
-15
-13
-12
-7
-15
-6
-16
-15
-12
-12
-4
-7
-1
-11
-7
-14
-7
-13
-5
-7
-5
-7
-10
-6
-13
-7
-15
-6
-13
-10
-11
-13
-16
-9
-6
-7
-3
-7
-6
-16
-9
-12
-5
-5
-4
3
-6
-6
-7
-9
-19
-12
-11
-9
-5
-5
-5
-5
-4
-8
-1
-7
0
-3
-2
-10
-7
-8
-11
-3
-5
5
-2
4
-3
4
0
-1
3
5
4
2
-2
-11
-7
-16
-11
-11
-8
-9
-8
-7
-7
-3
3
3
7
4
8
12
6
9
3
3
1
3
0
5
1
3
1
-7
1
-6
1
5
3
4
1
2
-5
-6
-3
5
1
6
6
2
6
3
6
3
5
2
7
-1
1
0
2
-2
5
4
-4
-4
-7
-3
-7
-2
-4
2
-2
6
5
7
6
8
12
10
15
9
12
4
13
7
4
5
7
0
4
11
3
7
1
9
-2
0
2
2
1
-2
0
-2
4
0
4
7
6
7
7
5
6
3
7
4
5
8
6
6
6
5
5
7
3
6
4
6
10
1
4
3
6
9
7
7
11
9
13
16
14
21
16
16
16
19
13
15
13
13
10
6
0
3
0
1
11
7
13
10
19
13
18
15
18
19
22
22
19
19
15
17
12
12
11
8
2
2
3
4
-9
-7
-12
-6
-12
-10
-9
-12
-11
-7
3
-8
2
-3
5
-3
5
3
0
-1
-1
-6
-5
1
-9
4
-3
2
-9
-7
-5
-14
-6
-4
-2
-8
3
-5
-10
-4
-1
2
-3
-3
-3
-5
-10
-8
-5
1
-4
-1
-5
-4
-7
-7
-7
-10
0
-16
-10
-18
-13
-18
-11
-17
-16
-13
-21
-13
-18
-15
-24
-16
-18
-8
-14
-9
-9
-10
-4
-5
-2
-2
-2
-9
-2
-3
-3
-9
-6
-9
-10
-19
-13
-15
-21
-14
-13
-13
-11
-9
-10
-6
-8
-1
-6
1
-2
-3
7
0
-3
3
5
-1
2
3
4
2
-4
7
0
0
0
3
0
0
6
-2
6
3
11
8
10
10
10
13
19
14
13
14
14
14
12
18
6
7
4
10
8
6
6
11
6
4
6
0
-1
7
16
3
12
10
13
2
9
8
6
12
10
15
8
16
14
11
13
15
14
18
13
16
12
11
15
10
9
5
4
3
4
9
5
4
4
3
5
7
5
7
10
0
2
-3
4
2
5
3
-7
-6
-5
-4
-10
-16
-16
-17
-18
-13
-13
-11
-12
-13
-16
-10
-15
-11
-10
-4
-3
-8
-5
-9
-3
-12
-8
-8
-5
0
-2
-9
-9
-17
-21
-20
-17
-17
-22
-19
-19
-23
-16
-13
-19
-14
-12
-17
-25
-12
-20
-13
-10
-1
-3
-3
10
-2
0
-6
-5
-13
-3
-12
-3
-9
-4
3
-6
2
-2
-1
-7
-3
-3
-1
-2
4
-2
-1
-2
-3
-4
2
-1
4
9
7
10
7
13
1
2
3
5
0
6
7
0
4
4
6
1
7
5
6
14
10
13
9
12
8
6
7
8
5
-3
6
3
-1
-6
1
-8
-3
-1
-2
-3
1
3
2
9
6
12
4
13
4
10
13
10
9
19
13
7
9
0
6
-2
7
-3
3
2
0
2
1
2
-4
-4
2
1
0
-4
0
3
-7
6
3
4
-4
-2
0
-5
-5
-9
-6
-11
-4
-5
-6
-6
-3
-2
-3
3
-6
3
-7
-4
-3
-6
0
-2
3
-1
0
-6
3
-5
2
3
3
4
8
6
-9
-1
-3
2
-7
3
-5
1
0
7
1
0
-1
-6
-2
-12
-5
-8
-2
-3
1
0
4
4
6
-1
5
9
3
1
-7
-7
-13
-4
-10
-4
-3
-9
0
-3
-4
2
3
4
9
7
5
0
-3
0
-2
-3
-2
3
-6
-3
-4
-8
-4
-5
4
-2
-2
-2
-3
-7
-10
-8
-12
-13
-3
-8
-5
-4
4
-2
-3
10
9
11
10
7
1
7
1
4
2
-1
-3
-5
-12
-5
-1
-6
0
0
-1
1
3
3
5
5
9
7
10
3
6
0
4
5
4
3
0
6
1
9
7
6
5
9
1
13
1
3
7
-3
5
-5
4
2
10
5
12
10
9
8
1
6
1
6
1
9
-2
2
2
10
6
3
10
8
9
5
17
11
9
3
12
1
2
0
4
8
0
8
7
8
-1
13
1
3
-2
-1
1
-4
3
-14
-5
-8
-7
-6
-5
-5
-3
-7
-9
0
-9
0
-3
0
4
3
2
10
10
2
6
1
-1
1
-1
4
4
1
8
6
9
15
15
7
13
15
11
16
17
22
13
19
15
15
11
8
6
1
4
5
7
3
9
7
6
0
7
13
15
18
16
24
16
20
16
13
16
14
18
16
11
11
16
3
11
4
2
0
-2
3
-4
0
1
7
3
6
5
0
-5
4
-7
-6
-6
-4
-3
-8
-5
-9
-11
-16
-8
-16
-16
-15
-12
-21
-20
-19
-26
-27
-25
-18
-24
-24
-22
-16
-21
-20
-21
-26
-21
-20
-15
-17
-17
-13
-12
-16
-18
-16
-16
-19
-21
-13
-18
-15
-12
-12
-11
-13
-12
-10
-11
-10
-3
-15
-4
-4
-3
-10
0
3
-6
-3
-6
1
-7
-9
-10
-10
-13
-12
-13
-16
-15
-10
-15
-15
-14
-16
-18
-17
-13
-11
-7
-14
-7
-16
-12
-2
-8
-10
-4
0
-2
0
0
-5
-10
-9
-6
-15
-11
-13
-14
-13
-21
-12
-17
-12
-12
-14
-7
-9
-10
-9
-6
-12
-13
-6
-3
-5
3
1
3
0
-2
-1
0
6
-3
-1
-3
5
-5
0
2
2
2
0
-1
-9
-1
-2
8
0
12
7
9
7
3
4
7
6
1
6
1
6
-3
5
1
4
-1
2
0
8
9
5
13
3
11
6
15
6
14
15
12
18
9
18
9
16
7
1
1
1
5
0
15
13
16
14
16
9
9
13
13
18
15
19
11
16
14
15
15
13
13
13
11
9
-2
0
1
0
-3
-6
-2
-7
6
5
9
3
11
17
19
14
20
18
12
7
6
15
0
9
3
10
2
5
7
1
5
0
3
-3
6
0
7
3
7
12
3
12
2
5
0
7
6
6
6
4
5
-1
11
4
7
5
2
-2
6
-1
4
1
-6
0
1
3
1
6
-2
6
5
11
3
5
4
6
9
8
12
6
0
-3
3
-8
-4
-4
0
-12
-6
0
-13
-8
-10
1
-8
-2
3
-3
-4
-6
-5
-6
-1
1
3
-4
4
5
6
5
5
7
-1
6
0
-5
-11
-8
-11
-12
-13
-19
-14
-16
-14
-12
-8
-16
-10
-9
-4
-7
-7
-4
-7
-6
-3
0
-13
-8
-8
-10
-16
-16
-16
-22
-22
-18
-15
-21
-16
-12
-17
-13
-5
-10
-16
-8
3
-1
-6
2
2
3
7
12
11
7
16
9
8
10
10
14
9
6
3
3
3
2
0
8
2
4
2
4
3
2
9
7
19
16
22
15
18
16
16
16
13
14
13
22
8
16
14
9
2
13
12
10
10
7
7
10
15
10
17
16
19
16
23
22
26
22
23
28
17
23
21
24
17
25
16
17
23
15
17
11
13
2
2
4
5
1
4
3
8
6
0
6
3
-1
-2
11
-1
0
1
-3
-10
-9
-4
-12
-3
4
0
-1
8
4
3
5
4
-5
4
-1
-1
-6
-9
-10
-12
-4
-12
-13
-16
-9
-7
-11
-6
-3
-9
-6
-2
-6
-9
-5
-6
-6
3
1
-3
0
2
0
-2
-5
-9
-15
-3
-12
-15
-15
-12
-12
-21
-23
-17
-22
-19
-19
-21
-17
-14
-10
-19
-16
-23
-16
-24
-19
-25
-16
-22
-25
-19
-25
-21
-23
-20
-21
-16
-16
-13
-16
-11
-18
-13
-16
-18
-14
-13
-10
-16
-6
-12
-13
-13
-12
-6
-8
-7
-3
-5
-7
-9
-10
-9
-9
-5
-5
-10
-10
-8
-3
-6
-6
-12
-8
-10
-9
-8
-11
-6
-5
0
-4
-5
-5
-8
-10
-7
-7
-6
-6
-1
-4
-2
-2
-3
-6
-6
-5
-9
-7
-5
-1
-9
-3
-2
-6
-5
1
1
5
7
13
7
11
13
4
10
4
5
6
1
6
7
5
7
7
9
3
-1
1
2
-4
-9
-8
-2
-4
0
2
0
0
6
3
-2
6
11
3
6
2
3
-1
-5
-6
-10
-1
-13
-7
-16
-8
-15
-17
-14
-14
-17
-10
-6
-12
-7
-5
-8
-19
-5
-10
-2
-9
-1
0
-2
-5
-7
-3
-9
-3
-3
-3
-2
-2
-3
12
0
8
8
8
1
0
9
-1
13
7
16
11
13
13
12
15
12
23
16
22
17
21
19
19
22
20
19
16
23
19
19
16
19
18
23
24
23
19
19
19
18
23
14
24
23
19
20
29
25
21
31
28
21
23
25
21
21
14
23
20
15
23
19
28
24
20
17
17
18
7
10
12
6
7
1
4
0
-1
3
-7
-6
-13
-9
-7
-9
-1
1
-3
-9
-1
-9
-7
-10
-3
-6
-3
-2
-4
-7
-10
-10
-18
-13
-22
-8
-14
-13
-25
-21
-23
-24
-15
-13
-6
-6
0
2
5
0
8
4
7
4
3
4
4
-1
-2
3
-4
0
-2
-1
-3
-4
-4
-6
-6
-5
-2
-5
-9
-10
-10
-13
-10
-10
-6
-3
1
2
3
11
1
7
9
14
13
11
5
-7
0
-3
0
-9
-9
-6
-13
-12
-9
-12
-11
-11
-15
-10
-11
-13
-10
-5
-3
-3
0
-4
-6
-2
-3
-4
-4
0
-4
0
-4
-4
-5
-15
-17
-19
-17
-23
-17
-17
-17
-20
-12
-13
-17
-8
-9
-3
-9
-4
-8
-9
-10
-6
-5
-3
0
2
-1
-16
-10
-5
-5
-8
-6
-9
-9
-19
-11
-12
-10
-8
1
-3
-3
5
1
9
7
21
10
21
16
22
23
17
18
17
13
12
15
4
12
7
9
10
17
9
9
13
14
16
16
14
11
12
9
12
6
9
6
6
6
13
10
10
22
9
15
13
16
10
5
11
1
7
0
4
0
8
7
14
10
5
9
5
6
4
4
2
10
6
11
5
9
-1
6
6
8
10
0
6
-4
-1
0
7
-1
5
0
1
-3
0
-1
-6
-3
-2
-3
-11
-5
-10
-6
-11
-8
-7
-9
-6
-3
-6
-5
-4
-8
-1
0
0
0
1
6
-2
12
13
11
11
9
11
7
15
11
11
13
14
9
13
5
9
10
12
12
14
13
9
18
13
19
13
14
10
19
12
15
9
4
4
1
1
-1
2
-9
0
-9
0
-7
-8
-6
-12
-2
-4
0
-9
-5
-13
-7
-6
-11
-6
-14
-8
-15
-11
-17
-11
-17
-15
-16
-18
-17
-24
-19
-24
-13
-22
-16
-22
-15
-25
-20
-13
-25
-19
-20
-13
-22
-13
-15
-14
-16
-13
-11
-12
-12
-13
-12
-19
-17
-15
-17
-13
-11
-12
-6
-11
-8
-4
0
-10
-8
-15
-16
-10
-6
-1
-7
-4
2
-3
-6
2
-7
-10
-6
4
-6
6
10
3
1
-1
3
-3
6
2
8
1
3
2
5
6
10
11
12
12
10
6
7
8
1
11
6
11
4
12
8
9
11
12
10
9
11
11
9
4
8
1
4
-2
6
4
2
2
-3
-7
-10
-6
-6
-8
-10
-10
-13
-11
-13
-14
-3
-6
6
-4
-1
0
-5
-5
-6
6
5
7
6
7
-13
0
-5
-7
-13
-6
-4
-14
-6
-9
1
-12
-4
-11
-2
-6
-1
2
0
-3
-2
-1
0
0
-3
8
3
10
3
5
-3
4
4
1
3
2
0
-6
1
0
9
7
8
11
11
5
7
6
1
3
7
10
3
3
4
6
7
4
3
7
0
0
6
0
-1
1
3
-6
0
6
3
2
0
9
1
4
-6
-2
-2
-4
0
-3
3
-2
5
4
1
-3
-2
1
1
-2
4
0
1
-1
-2
-6
-8
-4
-7
-5
-8
-7
-15
-10
-12
-15
-12
-11
-6
-10
-8
-11
-10
-10
-7
-5
-2
3
-3
0
0
3
-5
6
5
-4
-2
0
-3
2
5
5
13
0
18
12
10
19
10
9
12
11
11
13
10
10
10
15
13
16
9
8
9
6
8
9
15
11
4
10
13
9
16
15
15
12
15
17
15
18
23
13
21
21
12
15
12
12
4
8
9
13
11
11
10
-1
0
9
6
6
13
8
13
11
8
7
-1
6
4
4
-6
-4
-2
-9
-4
-12
-7
-13
-15
-12
-12
-8
-11
-10
-6
-8
0
-3
-4
-1
1
-4
-6
2
3
-3
-6
6
-1
0
-5
-2
-7
-9
-5
-3
-10
-7
-6
-14
-12
-12
-16
-14
-14
-17
-7
-11
-5
-5
-4
-5
-4
-4
-4
0
-3
0
-7
0
-4
-1
-12
-7
-4
-16
-2
-3
0
0
3
-3
0
0
-6
1
1
8
1
10
-1
6
9
4
5
10
12
7
16
6
11
2
6
1
8
1
2
8
3
8
0
10
2
1
3
9
6
6
9
9
8
9
6
7
6
8
9
6
11
8
9
4
4
1
-1
-2
-4
-4
-2
-2
-4
2
2
4
5
-2
-1
-5
-2
-12
-3
-5
-9
-10
-13
-10
-16
-4
-6
-2
-6
1
2
0
-1
-1
-2
-2
0
1
-3
-2
0
-6
-4
-9
-3
-11
-4
-9
-2
-7
-1
-4
-7
4
-4
0
-8
-1
-6
2
-2
-3
-6
-1
-2
-4
1
-2
1
-3
-9
-16
-17
-23
-18
-22
-18
-19
-25
-21
-19
-20
-20
-9
-13
-10
-3
-7
-3
-7
-7
-3
-6
-10
-3
-2
-9
-2
-5
-8
-8
-5
-10
-3
-6
-4
-6
-9
-15
-15
-16
-17
-10
-16
-7
-12
-7
-6
-1
-4
-4
5
4
5
4
3
3
1
4
-1
-3
-1
-5
-5
-7
-4
-5
4
-2
9
5
10
16
16
15
8
17
14
27
16
26
16
19
19
19
17
16
18
13
7
-3
6
0
-1
-3
4
3
3
-1
3
-1
2
1
7
5
10
21
11
15
16
18
7
21
17
13
8
5
1
-1
6
2
8
4
3
6
13
9
7
12
8
11
4
7
-2
4
6
3
10
11
16
11
25
15
16
8
9
10
8
12
7
10
5
6
3
0
0
-2
-3
1
-3
5
4
-4
0
-2
-3
-2
-1
-3
-6
-8
-1
-6
-4
-4
2
-3
-6
-1
-9
-14
-15
-6
-11
-13
-12
-10
-16
-13
-12
-12
-19
-16
-13
-16
-13
-20
-10
-20
-17
-17
-10
-17
-19
-10
-13
-15
-13
-5
-13
-10
-11
-7
-12
-3
1
-8
-3
-3
-4
-6
2
4
11
12
9
12
12
6
8
11
3
6
9
4
3
5
6
8
9
4
9
5
6
14
13
5
15
16
7
9
15
9
5
14
7
9
0
5
-1
0
2
1
4
-6
3
-8
-7
-7
-3
-5
-4
0
-3
0
-3
3
4
9
3
5
2
4
-7
-7
-4
-9
-2
-4
2
2
2
3
2
0
3
-1
3
6
1
5
6
4
-1
-1
-1
2
4
6
10
7
8
8
5
7
7
10
11
12
11
3
2
6
7
13
11
7
6
7
3
-3
3
6
8
11
12
14
12
17
10
10
16
16
14
7
6
7
3
-3
1
2
-5
-3
1
-6
-4
-7
-2
-3
4
3
-3
-1
1
10
3
10
4
7
4
8
2
3
3
2
10
9
3
-2
2
-5
0
-5
-3
-4
-8
-3
-7
-5
-1
-7
-2
-3
-7
-3
0
-11
-11
-2
-7
-16
-7
-6
-9
-7
-4
-1
-5
0
-3
-1
-7
0
-4
-9
-9
-10
-14
-6
-10
-9
-5
-6
-5
-9
3
-12
-1
2
0
-6
-1
0
-6
1
0
2
-5
2
-2
0
-3
4
1
-4
1
5
1
4
11
0
3
2
2
-5
4
7
7
6
9
6
0
4
-1
-3
-3
-6
-12
-8
-15
-11
-2
-8
-6
-3
6
6
0
5
4
-2
-2
3
-4
-10
-9
-10
-18
-15
-22
-26
-26
-29
-29
-24
-19
-27
-25
-24
-20
-29
-22
-25
-20
-20
-12
-19
-19
-9
-17
-17
-15
-7
-26
-13
-15
-23
-20
-15
-22
-19
-19
-16
-7
-24
-12
-12
-6
-9
-11
1
-7
-9
2
6
-3
1
3
-11
-14
0
-8
-10
-2
-3
-7
-3
2
-13
-4
3
-3
-2
5
3
0
3
0
4
3
4
1
-1
0
10
3
7
12
-1
16
16
6
-1
9
1
-5
6
0
-7
-6
-9
-9
-6
-6
-4
-10
-5
-4
-7
-8
-7
-2
-4
-4
2
4
3
0
6
5
0
-2
-5
-2
-3
3
0
-2
-4
2
-9
-1
-2
-9
3
6
4
5
12
-1
3
7
9
1
9
7
5
3
3
10
3
11
10
5
9
9
3
12
5
4
13
19
13
13
16
13
12
8
12
6
13
15
7
6
6
4
8
9
4
7
5
1
-1
10
13
3
7
13
6
9
16
2
7
9
7
1
10
3
-4
8
4
2
4
18
1
10
17
13
9
23
29
19
28
29
24
16
28
18
17
17
19
13
18
14
6
13
10
7
8
17
10
7
12
15
3
10
7
1
0
7
7
5
7
0
2
2
6
2
10
4
3
-1
3
-6
-4
-2
-16
-2
0
3
2
4
3
-6
0
-3
-1
-4
9
9
9
14
7
10
1
7
1
8
-3
-3
3
-1
-9
-5
-3
-15
-10
-8
-10
-23
-8
-18
-16
-13
-5
-10
-7
-4
-6
-1
-6
2
-4
2
3
12
6
6
7
13
5
-7
5
-3
-5
-16
-4
-11
-15
-13
-10
-12
-9
0
-8
-7
-4
0
-4
3
-3
-4
-6
-7
-8
-8
-6
-15
-11
-10
-14
-17
-5
-7
-14
-4
-9
-7
-7
-3
-6
-3
5
4
-2
4
6
0
8
10
8
2
16
7
3
2
1
4
-6
0
-7
-5
-8
-20
-16
-5
-10
-6
0
-1
-4
4
6
-1
5
10
6
5
6
10
4
8
4
0
6
0
9
1
9
5
11
14
6
6
8
5
-3
10
5
6
7
13
7
8
7
7
-2
1
4
5
6
2
3
6
2
-8
-1
-2
-4
-9
2
-12
-7
-2
-9
-10
-11
-5
-19
-12
-15
-15
-22
-21
-17
-18
-12
-15
-14
-7
-4
-10
-7
-8
-11
-23
-17
-14
-19
-5
-8
-13
-10
-1
-15
-10
-7
-10
-6
-4
-3
-10
-5
-12
-8
-5
-4
-15
-16
-18
-22
-22
-17
-18
-18
-12
-18
-20
-14
-16
-23
-12
-10
-9
-13
0
-8
-12
0
-1
-1
-2
11
-2
6
10
4
3
9
12
-1
14
7
-1
-2
5
0
0
6
2
7
11
15
-1
14
14
9
18
17
16
9
23
10
11
15
13
11
15
16
14
24
20
16
13
24
14
15
23
23
19
19
13
16
17
18
12
20
25
13
25
23
26
20
24
19
15
16
15
9
10
15
-4
6
10
6
0
12
16
-2
15
15
9
10
14
11
10
7
9
10
6
11
9
11
0
0
-1
3
-9
-2
-2
-12
-9
-8
-12
-16
-5
-13
-7
-11
0
-3
-6
5
2
-5
-2
5
-2
1
-1
1
1
-1
-2
5
3
1
4
3
0
-6
4
3
-3
5
3
-4
3
3
3
3
9
15
6
6
10
0
2
-1
-1
-4
-6
-5
-10
-10
-13
-9
-16
-13
-7
-5
-8
-12
-4
-7
-14
-4
0
-9
-3
0
-5
-10
7
3
-12
-3
-6
-16
-15
-9
-16
-22
-17
-15
-26
-19
-8
-15
-15
-12
-15
-23
-17
-16
-12
-7
2
-7
-3
5
0
1
6
6
-4
8
3
1
3
4
-5
-6
0
-12
-7
-2
-4
-8
0
-6
1
6
6
2
7
12
12
18
12
16
3
13
6
6
-1
-2
1
-2
-1
0
7
4
6
0
5
1
6
5
7
9
16
16
9
18
19
17
15
25
18
18
19
19
17
17
16
3
7
2
0
-4
0
-5
-2
-3
-10
-14
-14
-15
-23
-13
-13
-11
-9
-5
-6
-9
-9
-12
-14
-16
-13
-16
-10
-14
-9
-8
-12
-17
-18
-15
-30
-27
-20
-22
-32
-19
-19
-23
-19
-16
-22
-21
-12
-18
-11
-12
-8
-22
-18
-15
-22
-17
-19
-20
-21
-16
-17
-17
-21
-19
-26
-18
-16
-18
-14
-4
-10
-8
0
-10
-5
0
1
-10
7
1
-4
0
-2
3
1
9
1
4
3
3
7
8
6
9
16
14
13
14
21
19
20
25
28
25
23
31
30
22
26
30
19
22
23
22
12
8
8
6
7
1
12
7
7
10
12
0
9
11
6
16
20
21
17
23
20
20
16
22
21
10
13
9
1
-2
0
-5
-6
0
-4
0
-1
-3
2
-2
-5
-7
6
4
3
0
7
-1
-7
5
-2
1
4
5
0
-2
1
-2
-3
2
-3
5
2
0
8
-1
4
0
6
4
8
10
9
6
9
6
9
7
11
14
6
9
6
3
-5
8
7
13
9
9
3
5
7
1
5
3
4
-3
8
3
8
0
5
8
3
2
3
10
-4
2
6
7
5
9
6
7
12
0
4
7
3
-6
0
2
0
-3
-5
-4
-8
-1
-9
-4
-6
-10
-13
-10
-16
-16
-10
-13
-3
-7
-3
-10
-11
-6
-4
-9
-3
-5
-5
0
-3
-5
-6
1
-1
1
0
3
-6
-3
-4
3
-4
1
3
-2
2
4
7
-4
6
3
6
4
4
12
0
3
2
7
-1
1
11
7
3
3
1
-10
-5
-6
-3
0
-4
-10
-3
-9
-8
-1
-9
-7
-3
2
-6
-3
-5
-3
-7
0
-1
-1
-3
-4
-6
-7
-2
-15
-6
-13
-14
-15
-15
-22
-21
-14
-19
-21
-23
-13
-16
-19
-18
-10
-10
-5
-5
-4
-1
-6
-2
-8
-3
-10
-3
-6
-12
-9
-6
-10
-16
-6
-6
-7
-9
1
-7
-3
-1
-2
-2
0
9
-3
3
8
13
6
5
7
6
0
0
2
-2
-5
-4
-4
-9
-7
-3
-3
-10
-7
-17
-10
-11
-7
-6
-12
2
0
-3
6
3
9
7
6
16
12
19
12
12
13
10
6
10
9
1
6
0
-6
-4
5
-3
-3
-2
-4
-8
-7
-3
-1
-12
-14
-10
-16
-8
-6
-3
-13
-6
-7
-9
-6
-8
-6
-13
-3
-5
-5
-4
-2
-6
1
-2
-3
-2
-8
5
3
6
4
10
-3
-1
3
-5
1
-2
-7
-12
-6
-16
-8
-10
-11
-12
-10
-14
-18
-12
-15
-9
-10
-4
-11
-10
-10
-3
-8
0
2
-5
1
-2
0
-1
9
1
3
4
1
6
6
10
9
9
6
10
11
7
4
4
0
6
1
4
4
4
1
-10
-2
-12
-9
-5
-12
-11
-8
-13
-6
-9
-3
0
-4
-5
-7
-3
-1
3
4
4
2
7
5
4
8
8
4
13
13
12
13
7
6
4
12
12
6
16
9
10
12
11
14
12
19
10
16
8
11
13
17
14
19
9
12
7
0
4
-8
-2
-2
8
1
6
6
5
5
4
6
12
9
16
15
15
19
13
19
10
22
11
11
10
21
10
5
18
10
12
6
16
8
8
8
8
0
0
2
3
15
6
12
7
8
10
16
15
13
16
16
15
8
13
5
4
1
-1
-2
-5
0
-2
0
-4
4
0
-3
0
1
5
0
7
4
3
-1
4
-3
0
4
10
2
7
7
1
-1
-1
-4
-6
-1
-11
-6
-15
-3
-7
-5
-6
0
1
-3
4
0
5
7
5
3
-1
-1
3
0
0
-2
-3
-6
-4
-10
-4
-8
-6
-4
-8
-8
-8
-7
-8
-6
-11
-3
-10
-1
-13
-6
-10
-1
0
-7
1
-8
-4
-3
2
-8
0
-10
-11
-17
-8
-16
-13
-13
-16
-6
-13
-5
-11
-4
-13
-4
-2
-5
-5
-2
0
2
2
1
-4
-2
7
2
9
4
10
7
7
4
-3
3
-10
-6
-8
-9
-12
-10
-11
-12
-10
-16
-10
-10
-14
-15
-8
-17
-10
-4
-7
-3
-7
-4
-10
-8
-10
-6
-3
-2
-3
1
3
-1
0
-1
-5
-5
0
-3
-8
-5
0
-10
-4
-6
-4
-12
-7
-3
-7
2
-3
-5
-10
-11
-21
-10
-9
-9
-6
-2
-4
-5
2
-6
-2
-4
5
10
4
13
4
6
0
4
4
1
11
6
6
4
7
-4
2
7
6
-2
4
-3
-9
-4
0
-7
-11
-3
-11
-6
-7
-1
-3
-2
5
7
2
7
4
8
-3
-6
0
-8
-7
-13
-7
-10
-4
-7
-3
-2
-2
0
3
12
7
12
14
7
8
9
6
12
7
4
10
5
10
13
18
13
15
13
9
6
5
13
0
8
7
5
6
9
12
11
12
19
22
22
20
21
25
22
23
19
22
19
19
10
10
13
5
7
0
0
-3
0
7
9
3
3
8
10
4
5
6
6
5
7
9
0
2
3
4
0
3
-1
0
0
4
3
-10
-6
-11
-6
-13
-6
-3
-1
-5
-4
-5
-3
-2
-4
3
2
2
-8
-2
-8
-3
-4
2
-9
-6
-6
-10
-16
-15
-14
-13
-13
-22
-13
-15
-14
-24
-15
-22
-10
-15
-11
-4
-7
-5
-8
-3
-11
-10
-10
-6
-6
-7
-15
-13
-7
-9
-9
-8
-9
-10
-12
-6
-12
-4
-7
-11
-11
-5
-9
-19
-10
-9
-10
-3
-3
-9
-3
-2
5
-2
1
-2
-3
-11
-7
-2
0
-7
-3
0
-12
2
-3
-1
-3
11
7
14
13
16
13
10
10
8
4
2
9
2
10
-2
2
-7
7
1
-1
4
0
2
-3
-7
-7
-1
-5
1
1
9
7
6
7
12
7
9
14
2
9
6
1
6
6
4
-6
2
-8
0
-2
-3
3
3
10
13
13
7
17
2
9
8
16
4
9
8
8
9
8
18
7
18
11
17
12
20
10
9
11
10
6
6
7
0
5
0
-1
-1
8
0
4
0
6
-3
0
2
-6
-3
-2
-3
-12
-9
-13
-13
-15
-7
-12
-13
-7
-7
-17
-16
-9
-18
-20
-18
-15
-22
-19
-15
-20
-19
-13
-13
-16
-15
-10
-12
-7
-5
-9
-10
-5
-4
-8
-3
-9
-8
-3
-5
-1
0
3
4
8
2
2
4
-4
3
-3
0
-2
-2
-6
-3
2
0
0
4
11
6
12
13
12
18
21
20
28
27
21
16
30
22
17
16
6
9
3
4
-7
4
0
0
-2
6
-4
-3
-8
-7
-4
-8
5
4
12
1
13
0
5
2
7
1
1
4
-6
-6
-9
-2
-15
-13
-15
0
-19
-5
-9
-12
-11
-15
-11
-19
-12
-23
-16
-12
-9
-9
-2
-7
-7
-5
-6
-5
-11
-8
-16
-10
-13
-10
-17
-20
-13
-23
-17
-18
-10
-15
-4
0
2
-1
-7
1
-4
-2
3
6
0
8
0
6
-1
3
0
0
2
0
1
-7
-4
-14
-4
-7
-8
-6
-4
-6
0
4
-1
0
0
6
-2
8
6
13
12
6
14
8
11
9
10
2
5
3
-7
-1
-1
-1
1
1
2
2
-1
8
5
6
3
3
13
10
10
15
7
-1
10
10
9
3
4
0
3
0
4
3
-4
-6
-7
-1
-12
1
-6
2
4
8
11
12
12
5
15
10
18
16
16
12
15
12
10
14
10
4
7
9
3
3
4
-2
-7
-4
-2
4
4
4
10
9
13
14
9
19
17
16
11
10
9
15
11
16
18
12
13
10
16
11
10
9
10
8
13
15
7
6
9
9
8
5
6
6
3
9
6
6
5
9
5
8
9
2
-2
5
9
1
-2
-2
-1
3
4
1
4
0
7
7
10
15
11
3
1
-4
-6
-5
-6
-4
-2
-7
-6
-7
-13
-11
-18
-13
-15
-13
-15
-18
-21
-16
-19
-19
-16
-11
-11
-12
-6
-15
-4
-13
-3
-6
-5
2
0
-4
-2
6
-1
-1
-3
7
-8
-5
-3
0
-3
-4
2
1
3
7
12
-3
3
-3
-1
-5
-4
-6
-8
-9
-16
-5
-12
-9
-8
-4
-13
-6
-12
-6
-10
-7
5
-6
-4
-9
-3
-16
0
-2
-3
-4
-5
2
-9
2
-3
-9
-9
-3
-9
-5
-6
-11
-6
-14
-8
-10
-6
-4
-3
-5
-1
-1
-5
-4
-9
0
-4
0
-5
0
2
-2
1
0
-2
-4
-3
-3
0
2
10
3
10
9
5
7
6
7
7
6
6
1
2
8
14
6
6
12
2
8
3
4
4
-1
1
-6
-3
0
-2
-6
-5
-1
0
1
4
2
0
6
5
4
8
7
9
6
8
10
8
9
12
3
9
4
6
3
3
6
4
5
2
8
-1
7
3
10
4
6
9
13
12
6
9
3
10
4
10
3
2
-1
-1
-1
-4
8
-1
2
6
2
-5
-3
-3
-1
2
5
6
-1
0
-2
-4
0
5
6
10
10
8
4
5
4
3
0
-4
1
-6
-1
-2
-4
-7
-1
0
7
1
5
7
5
12
-3
3
0
1
-2
7
1
-1
3
4
3
-3
5
1
-6
-3
-4
-6
-7
-14
-8
-12
-13
-3
-17
-16
-9
-13
-11
-8
-12
-10
-4
-4
-7
-8
-10
-6
-10
-7
-7
-6
-8
-2
-1
-5
-2
-8
-10
-5
-3
-11
-2
-5
-4
-11
-13
-10
-13
-15
-17
-8
-17
-12
-14
-13
-19
-21
-15
-17
-22
-20
-19
-22
-16
-17
-18
-24
-26
-25
-25
-27
-24
-22
-32
-24
-25
-28
-25
-15
-16
-22
-17
-19
-18
-25
-22
-22
-22
-24
-16
-21
-15
-17
-14
-4
-9
0
1
6
3
15
6
15
12
18
19
21
25
23
21
16
23
14
30
22
29
23
25
23
24
25
16
22
17
22
15
15
19
19
14
18
17
18
20
25
22
17
22
22
19
21
25
18
24
26
22
23
21
22
18
23
22
19
13
16
19
13
18
12
22
15
25
22
26
34
26
33
30
33
23
33
19
20
20
20
15
15
16
15
13
10
9
2
3
-6
3
0
2
0
5
1
5
4
4
-4
0
0
-4
1
-9
-4
-12
-6
-10
-5
-19
-14
-10
-16
-13
-15
-10
-12
-7
-10
-11
-17
-13
-14
-18
-18
-11
-21
-25
-17
-16
-25
-25
-25
-30
-26
-29
-24
-30
-32
-30
-27
-24
-22
-20
-20
-23
-14
-14
-15
-11
-6
-8
-3
4
2
-1
2
0
-3
3
-3
1
0
-5
-8
-6
-10
-7
-8
-2
-3
-6
3
0
-3
0
7
1
0
3
9
4
4
1
1
-2
2
1
3
0
-2
-4
-13
1
-6
-6
-3
2
-4
-8
-6
-9
-7
-4
-7
0
-4
1
-4
-4
0
-4
2
-9
-4
-16
-6
-12
-10
-5
-7
-6
1
-1
-1
4
-5
4
3
6
-2
9
-1
5
6
4
8
0
7
-3
-7
-5
-2
-6
-5
-13
-5
-3
-16
0
-12
-12
-7
-3
-7
-5
3
0
6
0
12
7
9
8
14
10
5
7
0
3
-2
7
0
3
-2
4
2
-6
-4
-1
3
-1
9
5
5
6
9
10
12
10
14
9
9
13
6
10
7
6
6
7
3
8
4
5
9
1
-1
2
2
1
4
3
3
3
3
3
7
15
16
12
9
11
9
11
12
13
6
1
4
6
7
4
8
6
11
6
0
0
0
-7
-3
3
-3
-4
0
6
-3
4
4
2
-4
0
-1
0
3
-3
4
0
0
-5
0
1
-1
-4
1
-4
3
6
-4
1
0
5
2
-1
-2
5
0
6
3
1
5
3
7
1
0
4
0
-3
8
0
2
-2
5
7
5
9
2
3
3
21
10
16
16
15
12
6
16
5
5
0
4
2
1
2
-2
-1
-3
-1
-6
-3
1
-3
-2
-1
-6
-1
-3
-3
-3
1
-7
-6
-6
-8
-3
-11
-7
-16
-15
-16
-13
-22
-16
-19
-19
-19
-23
-12
-18
-11
-15
-12
-15
-9
-9
-11
-5
-2
-8
-2
8
8
7
8
16
5
9
4
7
8
7
9
4
0
0
-6
-1
3
-2
7
6
9
6
8
3
9
4
10
9
9
17
9
9
10
10
10
9
6
2
4
2
-4
-4
-1
1
-2
-2
0
-4
-3
-1
1
6
4
3
5
6
3
7
2
0
-6
-3
-7
-8
-10
-18
-10
-7
0
-12
-6
-7
-7
-8
-6
-2
-9
-3
-2
6
5
2
5
8
7
12
10
5
6
7
6
13
13
6
11
9
7
6
7
2
1
-2
0
4
4
9
4
3
-2
1
6
10
4
10
13
6
9
7
5
5
6
0
1
4
-1
-7
8
0
-1
2
-2
2
-1
2
-5
-1
-8
-1
4
-7
0
2
-1
1
4
-3
-3
-2
3
-3
-6
-1
-12
-7
-12
-12
-15
-12
-12
-10
-11
-10
-7
-9
-7
-13
-9
-12
-4
-6
-3
-13
-7
-6
-10
-5
-5
-5
-3
2
-6
2
-6
-4
-6
0
-6
-5
-9
-7
-3
-15
-8
-9
-6
-8
0
-1
-6
-10
-15
-18
-19
-17
-16
-19
-14
-6
-21
-14
-12
-19
-8
-7
-6
-11
-4
-3
-1
0
0
-9
-15
-7
-12
-6
-5
-10
-12
-15
-16
-7
-10
-10
-1
-6
-6
-7
-4
-4
-4
-5
3
-3
5
2
-1
7
7
7
8
9
4
2
1
3
-2
6
2
4
6
7
3
5
2
6
8
7
9
12
9
4
9
1
3
-3
6
0
8
8
5
8
11
5
2
10
2
2
0
6
-6
-1
-5
-4
-7
-3
-6
-3
1
6
8
7
16
11
19
16
22
17
18
21
18
11
15
9
6
12
7
10
6
13
7
15
6
6
9
3
11
4
10
5
7
7
8
10
7
11
0
5
-4
2
9
3
6
4
-1
-1
0
-6
-2
-6
0
-12
-10
-6
-5
-8
-4
-10
-6
2
0
6
-5
5
-4
8
6
9
-1
-1
9
-3
0
4
9
4
6
6
12
6
15
6
6
6
6
8
8
6
6
10
2
11
9
16
17
13
10
3
2
1
6
2
7
3
1
3
-9
0
-6
-1
-4
-4
0
0
0
7
3
6
6
4
12
0
14
3
9
2
8
10
8
7
10
9
0
-1
-5
-4
-6
-2
-11
-7
-15
-9
-15
-13
-15
-10
-8
-7
-4
-2
4
-3
8
-2
3
2
0
-2
-6
-10
-13
-9
-10
-5
-8
-9
-12
-13
-14
-16
-19
-20
-7
-10
-9
-15
-10
-16
-10
2
-13
-7
-6
-3
-7
-3
-6
-4
-6
-10
-12
-12
-10
-16
-11
-10
-7
-7
-3
-6
0
-4
-3
1
1
9
7
10
6
-3
-4
0
-3
-6
-2
1
1
3
3
10
-4
1
0
4
3
9
12
10
18
9
21
7
17
12
14
10
12
11
7
10
7
9
3
1
7
12
-2
6
1
12
4
7
7
10
3
3
8
-7
5
-5
8
3
3
-2
2
-3
3
1
-1
3
4
2
3
12
0
4
-3
-1
-8
-12
-12
-19
-12
-17
-11
-10
-8
-5
-1
3
4
9
4
6
5
7
2
2
2
0
-3
-2
-2
-3
3
-4
0
-9
0
-3
-3
-3
-4
1
1
1
-3
3
-1
2
-6
0
-1
-5
-3
-3
-2
-6
-4
-3
-5
-6
-9
-9
-6
-7
-3
-4
-1
-3
-1
-5
0
0
-2
1
3
4
-3
2
-9
-8
-4
-1
-3
-2
2
7
4
6
13
6
6
-4
7
5
-3
7
0
1
-3
0
2
1
7
10
13
4
16
6
1
-3
2
-1
0
0
-4
-7
-6
2
-8
-2
-12
-8
-8
-8
-14
-4
-11
-11
-9
-16
-13
-13
-9
-17
-9
-7
0
-5
3
-7
1
-1
-5
-7
-10
2
-13
-4
-17
-14
-9
-16
-9
-11
-13
-10
-2
-8
-7
-6
-6
-10
-2
-3
-8
-3
-6
-3
-7
-10
-7
-4
-9
-7
-9
-8
-9
-13
-13
-16
-19
-12
-10
-18
-9
-7
-13
-16
-6
-6
-1
-1
-3
-5
-14
-12
-9
-6
-10
-5
-10
-6
-10
-8
-7
-13
-5
-11
-7
-5
-3
-1
-7
0
2
-2
-3
-2
0
-9
-8
-7
-5
-10
-6
-4
-9
-1
0
2
-6
-1
3
0
-3
-1
-2
-10
0
4
-1
-1
3
3
3
3
5
7
7
7
15
12
5
6
13
15
11
22
19
21
16
26
20
8
16
19
13
8
24
13
11
16
12
9
5
11
10
13
10
11
13
10
11
16
15
16
12
18
15
12
12
8
12
8
21
16
21
25
32
34
31
32
26
28
19
22
13
16
11
13
13
8
9
12
7
6
12
3
3
0
7
5
5
5
9
14
11
15
16
14
10
16
15
8
3
2
-7
0
4
3
1
2
1
-7
0
0
-2
-3
1
5
7
4
6
4
0
6
7
9
-2
-2
-2
-3
-5
-5
-4
-9
-6
-13
-9
-16
-14
-17
-16
-13
-14
-11
-15
-10
-13
-10
-14
-3
-3
0
-8
-3
-3
-7
-10
-9
-7
-16
-6
-9
-1
-9
7
8
4
4
3
0
0
5
1
1
-6
0
-8
-1
-3
-5
-3
-7
-6
-8
-6
-7
-7
-10
-8
0
-3
-10
-7
-6
-7
-10
-8
-6
-10
-8
-9
-10
-7
-3
-3
-9
0
-6
-1
-1
-1
3
1
3
-5
-1
-1
-7
-11
-6
-18
-11
-11
-15
-13
-16
-19
-22
-15
-13
-11
-10
-9
-13
0
2
0
2
7
-2
-6
0
-3
-3
-2
5
4
4
7
8
4
0
7
3
1
-3
-1
3
1
6
4
7
5
7
15
13
12
12
7
10
14
12
12
6
14
3
5
4
3
9
4
13
9
14
6
13
9
10
9
9
12
10
14
13
10
2
5
-1
-1
-10
-1
-4
-8
-7
-10
-15
-17
-10
-17
-9
-10
-12
-13
-10
-11
-11
-11
-7
1
-10
-8
-14
-13
-16
-9
-8
-6
-5
-12
-3
-8
-2
-7
5
-3
2
7
0
-3
-6
0
-7
-1
-7
0
-5
7
7
7
7
8
7
3
12
9
5
0
0
0
2
3
1
-3
-3
-3
-3
-9
-10
-14
-10
-5
-6
-6
-2
1
-6
-10
-3
3
5
7
6
5
7
3
-4
1
3
1
-5
3
0
-4
-3
3
0
-5
-3
1
9
0
9
13
12
3
16
14
8
7
5
3
-1
7
3
0
-3
2
-6
3
-5
2
-2
0
-3
-2
2
-4
8
-1
5
3
5
0
6
4
6
-3
-12
-10
-13
-13
-11
-7
-14
-7
-10
-6
-14
-15
-16
-19
-15
-16
-8
-11
0
-3
-4
2
0
1
0
2
-1
4
0
3
1
1
1
1
0
-2
0
-16
3
-4
-5
-4
-2
-7
-13
1
-6
-1
0
3
-3
-2
1
-1
-2
5
-1
-1
6
0
6
6
6
3
8
15
6
6
12
4
7
3
1
7
4
-4
4
5
7
9
8
13
13
16
13
17
10
12
11
15
11
9
17
15
12
7
11
0
6
9
5
4
2
3
9
7
16
9
18
16
14
23
15
18
11
18
8
16
14
15
10
13
15
8
9
13
17
0
12
12
9
11
19
15
16
23
25
28
18
23
19
20
22
23
18
20
16
10
10
5
9
0
1
-3
3
0
0
1
0
3
-6
5
-3
1
-8
-1
-7
-13
-5
-4
-10
-14
-13
-21
-16
-20
-13
-21
-14
-16
-14
-16
-19
-19
-18
-16
-14
-12
-18
-8
-6
-3
-7
-1
-5
-6
-7
-6
-10
-7
-4
-6
3
3
-5
-7
-4
-13
-9
-7
-3
-14
-13
-9
-16
-12
-14
-16
-9
-7
-8
-2
-7
-9
1
-4
-1
-1
-6
-1
-9
-6
-3
-3
-10
-2
-5
-4
-10
-4
-5
-13
-7
-7
-9
-12
-1
-2
5
-3
3
1
-6
-9
-8
-12
-16
-17
-17
-12
-15
-10
-12
-13
-16
-6
-8
-7
-9
-3
-1
-8
-2
-4
-1
-3
2
-2
-3
-4
-4
-3
-10
-4
-7
-6
-13
-11
-14
-18
-15
-15
-8
-6
-11
-12
-8
-12
-10
-15
-3
-2
-6
-4
-6
-4
-9
-1
-9
-5
-6
1
0
-4
0
-9
-6
-6
-8
-9
-12
-14
-4
-10
-4
-8
-6
-1
-3
0
0
-6
-6
-5
-6
-3
-6
5
5
3
3
8
2
1
6
7
5
3
6
-1
7
10
8
10
13
3
4
2
9
5
4
5
5
5
-2
5
1
3
-4
-4
-4
-5
-2
1
-8
1
-6
-3
-4
-4
5
-4
9
6
12
3
13
7
8
6
6
8
2
2
-6
-7
-12
-8
-15
-10
-14
-15
-16
-11
-13
-11
-2
-7
-3
-3
-9
-9
-3
-3
3
2
6
4
3
6
3
2
-1
8
-3
-3
3
0
-4
0
2
-4
2
3
7
0
6
8
5
10
11
9
7
20
10
14
5
15
7
3
8
0
9
10
6
0
12
5
4
8
12
7
11
13
15
8
5
17
15
13
16
22
15
18
19
18
17
21
17
22
23
10
15
14
15
20
14
14
15
9
12
6
3
13
10
8
9
10
15
17
16
16
14
13
11
10
18
9
12
6
-3
-4
-1
2
-1
0
-5
-1
-14
-10
-16
-14
-16
-14
-2
-6
-7
-4
-6
-9
1
-13
-13
-13
-10
-11
-11
-7
-10
-9
-12
-16
-21
-22
-22
-24
-28
-28
-20
-22
-22
-21
-16
-19
-12
-9
-9
-6
-3
6
3
1
-9
-6
-8
0
-3
-5
2
4
-3
0
3
0
4
6
13
1
1
0
0
0
6
3
0
4
6
1
0
4
-2
-6
-6
-3
-8
-9
-3
-12
-6
-5
0
2
3
4
0
9
0
7
4
8
7
6
11
2
19
12
11
8
10
10
8
12
10
12
4
12
3
10
1
12
5
6
10
0
3
-5
6
-7
-1
-5
6
-2
4
-3
-6
0
-3
-4
-3
1
-6
5
-2
4
-3
3
-6
-6
-5
-4
-3
-10
-9
-4
-7
-15
-5
-12
-10
-11
-6
-6
-12
-10
-17
-15
-11
-10
-10
-9
-7
-7
-16
-12
-10
-9
-7
1
11
7
15
7
15
14
14
13
13
21
15
19
13
12
4
6
5
0
0
3
0
-3
5
1
3
1
9
5
6
8
12
9
4
8
9
15
9
16
11
14
11
10
5
4
0
5
8
4
9
-2
2
3
7
10
9
13
13
17
11
11
16
11
7
10
21
15
13
15
10
10
6
6
4
1
1
-6
-4
-4
-6
-3
-10
0
-3
-2
-3
-7
-6
-7
-5
-3
-10
-6
-6
-7
-7
-11
-1
-5
-1
-3
-3
-5
-5
-4
-3
-4
-2
-9
-8
-10
-11
-3
-16
-14
-8
-4
-16
-8
-9
-6
-5
-3
5
-2
5
-2
-1
-8
0
-5
-6
-9
-7
1
-3
0
0
-2
-15
-6
-6
-4
-9
-5
0
-7
-7
-13
-5
-13
-3
0
-7
-5
-7
-8
-14
-13
-7
-11
-13
-4
-3
-8
-6
-9
-9
-5
-6
-5
-7
-3
-6
-5
0
1
-1
4
6
-4
-5
-1
-5
0
3
3
5
3
7
-3
4
7
0
4
9
7
-1
3
-3
-2
-5
1
1
-1
7
8
14
8
15
15
13
9
12
10
7
11
16
16
14
16
3
15
6
9
3
13
6
5
9
3
3
2
10
1
2
-1
6
-4
7
4
-1
-4
4
2
0
2
0
3
-11
-4
-8
-5
-8
-5
-4
-7
-6
-6
-7
-5
-13
-9
0
-7
-2
1
2
-1
3
5
1
4
4
3
-2
0
1
-5
-4
-2
-3
-6
0
-4
-3
-11
0
-7
-1
1
-1
1
-6
3
-10
-5
-8
0
-4
-5
-2
-4
-10
-9
-7
-7
-3
-6
-2
-3
-1
-8
-4
-3
-2
-1
5
0
3
5
-1
-3
2
-1
-9
0
-2
0
-1
3
-2
3
2
3
7
5
8
5
13
11
11
15
12
15
15
22
22
15
15
11
3
-2
3
0
1
-3
0
-11
-3
-11
-3
1
-6
-1
0
5
-8
0
-2
-1
-7
1
-2
2
-2
3
2
-5
-6
-9
-9
-18
-7
-15
-13
-16
-10
-14
-8
-11
-15
-9
-11
-2
-3
6
0
6
2
3
8
0
6
7
13
2
7
9
0
3
-1
-3
-4
0
-4
-6
0
0
3
1
1
0
0
-3
-2
-7
-2
1
3
6
8
10
2
7
3
0
-2
-4
0
2
-4
0
-1
-7
-3
-5
1
4
2
10
10
2
8
9
6
4
7
6
12
9
11
12
19
12
11
12
6
9
6
3
-3
0
-3
0
-5
-6
-11
-4
-10
-5
-2
-3
1
3
6
0
6
8
8
-2
6
6
9
-3
1
-1
-7
-7
-1
0
-10
-3
-3
-4
-4
0
-3
-1
-4
2
1
-4
0
1
-1
0
6
-3
-1
-2
2
4
2
6
5
1
-4
-3
-5
-8
-9
-5
-7
-3
-6
-3
-9
-10
2
4
4
4
15
6
16
16
13
15
14
18
16
14
9
13
6
6
5
4
5
5
2
-1
0
-2
-1
-7
-3
-5
-5
-4
-4
3
7
1
0
-4
-6
-8
-6
-4
-12
-14
-16
-18
-23
-16
-18
-19
-19
-17
-19
-18
-12
-16
-15
-13
0
-6
-7
-5
-6
0
-1
3
0
3
-8
-6
-4
-6
-7
-18
-11
-19
-17
-18
-16
-12
-12
-19
-17
-16
-19
-12
-12
-3
-6
-2
-3
0
-11
-13
-11
-17
-13
-19
-13
-13
-12
-17
-14
-16
-14
-13
-10
-8
-13
-12
-9
-17
-16
-6
-13
-17
-12
-6
-13
-13
-12
-9
-12
-10
-3
-7
-13
-9
-4
-10
-1
-4
-2
-4
-5
-1
2
1
-2
6
6
0
3
10
6
3
5
10
10
8
13
7
1
3
9
6
-2
7
6
-1
3
10
8
14
13
13
7
10
12
7
10
3
13
10
16
19
21
16
16
18
10
15
7
2
3
2
-4
1
0
4
1
14
12
4
7
2
2
7
13
15
17
21
16
14
19
16
17
16
14
16
23
18
23
17
20
17
20
20
17
16
16
25
15
21
16
24
10
18
15
21
22
14
19
17
20
14
23
9
17
13
11
9
6
6
4
7
8
10
10
9
10
10
2
6
1
1
3
2
3
3
4
-1
2
-4
-3
-4
-9
-4
-6
-3
-7
-9
-10
-4
-9
-3
-3
-7
-10
-11
-4
-6
3
-6
-1
-5
-1
-3
-1
-2
-3
0
4
3
-2
6
5
6
5
13
7
12
6
2
0
4
5
7
10
-1
1
-4
1
2
-3
-6
3
-1
0
0
-4
0
-1
3
3
0
0
-4
-12
-7
-8
-5
-6
-7
6
-5
-2
-4
-9
-6
-3
1
-10
-1
-15
-8
-8
-6
-6
-9
-4
-6
-2
-11
-7
-16
-6
-12
-4
-9
-10
-13
-18
-19
-21
-21
-17
-12
-17
-7
-15
-9
-15
-9
-15
-10
-15
-17
-21
-24
-15
-20
-11
-17
-7
-13
-20
-11
-10
-19
-11
-3
-2
1
1
3
1
2
-1
-3
-4
-1
-5
-4
-4
-8
-9
-7
-8
-9
-3
-6
-1
-3
-3
0
-9
-7
-10
-8
-2
-1
0
0
0
1
1
0
3
-6
-1
-3
3
0
3
7
1
7
8
12
9
15
7
7
9
9
8
4
7
6
3
7
9
6
9
7
7
2
3
0
-6
-6
-3
-2
0
-4
-1
1
4
4
6
8
1
10
7
7
10
9
10
10
15
17
12
21
16
15
16
10
5
4
0
-3
3
2
0
-6
0
-12
-1
-3
0
0
0
1
3
10
5
9
5
16
13
16
17
16
11
15
19
10
13
12
13
9
9
12
6
4
11
4
0
5
-4
6
8
5
7
8
8
6
13
7
9
10
14
12
7
7
7
1
1
-2
-6
-4
-3
-6
-14
-5
-5
-5
-9
-4
0
-1
4
3
3
3
4
3
4
2
6
0
7
2
-2
-3
-8
-6
-15
0
-9
-3
-4
-5
-6
-8
-6
-15
-16
-15
-12
-14
-6
-6
-7
1
9
8
5
6
3
7
1
5
-7
-11
-10
-15
-9
-13
-9
-13
-7
-10
-4
-10
-10
-8
-6
0
-2
0
0
6
-3
0
0
7
1
6
4
6
3
3
7
1
6
-4
-6
-6
-5
-5
-5
-15
-5
-14
-11
-9
-6
1
-2
7
0
10
3
9
9
15
13
6
10
10
13
12
12
7
13
7
7
3
-4
-9
-7
2
-4
-3
-4
-1
-1
-1
2
-2
4
3
5
5
5
8
5
4
2
0
-4
-5
-1
-3
2
-1
-3
-1
-7
2
1
-2
-6
-4
-9
-5
-7
-6
-9
-16
-12
-17
-14
-16
-14
-16
-18
-21
-16
-17
-10
-16
-18
-17
-13
-14
-14
-12
-13
-7
-14
-7
-12
-6
-11
-4
-10
-12
-12
-10
-15
-15
-8
-16
-11
-21
-14
-20
-12
-15
-14
-18
-10
-10
-14
-12
-16
-10
-16
-6
-13
-7
-10
-10
-10
-8
-12
-10
-12
-11
-10
-13
-5
-13
-7
-9
-4
-7
-6
-1
-6
1
-7
1
2
1
8
12
16
17
18
19
17
16
12
8
15
4
7
0
7
4
0
0
-4
3
-2
3
-8
2
1
6
9
7
7
7
12
5
11
13
12
8
15
12
17
17
17
19
19
18
20
19
13
16
17
16
8
15
12
12
16
20
16
16
22
19
20
19
21
20
17
13
13
14
15
7
7
13
11
3
-1
1
-6
-1
4
3
3
4
7
3
11
9
9
2
-4
3
-1
3
-7
-1
-7
-3
-2
-5
-2
0
-2
1
-3
-4
-3
-3
5
-9
-4
-14
-13
-18
-12
-12
-13
-7
-10
-10
-6
-3
-13
-8
-9
-7
-5
0
-6
0
3
0
-1
5
10
3
2
5
11
8
6
7
12
13
12
8
6
6
1
-1
2
7
9
10
12
3
8
9
7
6
9
4
0
3
-2
-1
-4
-3
-4
-7
-5
1
0
-6
-5
-2
-2
2
2
-3
-3
-4
-1
2
2
0
5
6
7
2
6
9
3
6
7
8
11
7
8
6
6
2
7
11
5
6
1
4
-4
-5
-5
-10
-13
-9
-10
-7
-7
-3
1
0
8
3
12
7
12
7
13
12
18
21
13
16
8
12
1
5
-4
0
-1
-3
-6
-3
-7
-8
-7
-12
-13
-18
-8
-18
-16
-22
-15
-18
-20
-11
-14
-15
-17
-12
-17
-14
-19
-13
-10
-15
-12
-9
-12
-14
-10
-14
-12
-14
-11
-16
-18
-14
-11
-13
-17
-9
-17
-10
-12
-10
-15
-10
-11
-14
-6
-13
-12
-13
-10
-10
-5
-12
-10
-13
-7
-10
-6
-6
-10
-9
-13
-14
-15
-14
-7
-4
-6
7
6
6
3
11
12
11
22
17
16
12
12
7
11
6
2
4
0
0
-2
4
-2
1
-3
0
5
4
5
-1
-1
-9
-6
-13
-6
-13
-10
-11
-16
-6
-10
2
3
5
-2
6
4
11
13
13
15
9
12
9
18
16
23
17
24
17
19
13
10
14
7
13
12
16
14
15
12
15
9
15
13
15
20
18
15
16
20
16
16
17
16
8
9
4
4
2
-1
-1
-1
5
-1
4
0
2
4
5
9
6
7
6
6
3
4
1
2
0
-3
-3
-3
5
7
6
0
2
3
1
-2
-4
-1
-1
-2
1
3
3
1
1
4
7
10
6
13
9
16
19
14
11
13
15
10
16
12
13
7
3
6
4
3
1
-3
0
6
-3
-1
-2
-8
-15
-14
-12
-11
-6
-9
-9
-5
-6
1
2
9
12
6
9
3
9
4
3
4
-1
-3
5
-8
-2
-9
-13
-10
-14
-7
-13
-2
-11
-3
-13
-4
-4
-12
-12
-13
-7
-9
-7
-13
-10
-15
-11
-13
-17
-20
-20
-23
-24
-24
-29
-21
-29
-26
-23
-21
-23
-27
-19
-18
-18
-22
-14
-18
-12
-10
-10
-7
-11
-8
-6
-2
-4
6
-2
10
2
8
3
0
3
-3
-5
0
-1
-11
-3
-13
-4
-6
0
-5
-4
0
-1
-1
2
-2
0
-3
-2
-3
-9
1
-3
4
-2
3
-6
-3
-6
-5
-2
-2
0
-6
-4
-7
1
-7
-1
-7
-7
-7
-7
-6
-1
-3
-9
-2
-6
-6
-3
3
-2
-3
-7
-5
2
-11
0
0
0
6
4
9
-3
2
2
11
7
4
2
4
6
3
8
8
12
8
21
13
22
15
18
12
15
16
16
19
18
21
17
22
21
23
11
23
18
16
6
4
3
1
0
-4
-3
-8
-1
-8
2
-2
-3
0
3
6
9
9
8
12
8
14
13
16
22
16
12
10
6
1
6
9
7
6
6
1
2
2
0
3
3
5
6
11
7
8
10
9
10
11
13
15
20
15
17
15
16
7
8
6
0
4
0
-2
-2
-1
-6
-6
-8
-11
-12
-9
-10
-10
-9
-6
-9
-6
1
3
2
1
7
4
5
9
10
2
-1
-4
-7
-7
-6
-9
-12
-13
-14
-18
-16
-5
-10
-9
-6
-7
-7
-1
2
-1
-2
8
6
7
10
3
5
-1
4
-1
8
6
6
9
7
8
6
3
1
3
-3
1
-3
-10
-6
-6
-15
-3
0
0
4
6
7
-2
6
4
0
0
3
0
-5
-4
-7
-7
-9
-2
-10
-10
-3
-3
-6
4
7
4
8
2
6
-3
1
-1
-1
0
-3
-3
-6
-7
-13
-9
-5
-4
-4
6
5
8
8
7
4
-5
-3
0
0
2
6
3
3
7
4
0
3
-3
-1
0
2
2
0
-1
-1
-1
-5
3
1
-3
-4
-2
-6
-6
1
0
0
0
-1
-1
4
-2
-2
-2
-6
-1
-6
-6
-9
-9
-6
-8
-6
-6
-8
-10
-6
-7
-6
-7
-1
0
6
3
4
2
-1
8
5
10
9
11
4
3
-2
5
-6
-6
-6
-10
-3
-3
-5
-5
2
-9
2
-4
5
1
-4
-5
-13
-16
-20
-17
-18
-7
-15
-12
-19
-14
-19
-21
-19
-25
-25
-29
-28
-25
-25
-24
-18
-19
-16
-7
-7
-6
-6
-5
2
3
8
9
6
7
6
7
5
-2
-7
-5
-3
-6
-6
-4
-4
-7
1
-3
-6
-4
-2
-3
-9
-5
-10
-3
-9
-1
3
6
13
13
16
16
20
12
21
19
13
12
14
13
7
10
6
9
13
10
10
9
5
6
7
6
4
11
7
7
7
11
10
10
5
3
3
4
2
5
3
-1
3
-1
-2
-10
4
-3
6
3
-2
-3
-7
0
-6
0
-10
-9
-9
0
-7
-3
-1
-3
-13
-10
-11
-19
-11
-11
-3
-13
-3
-5
-7
-6
-4
-7
-10
-6
-10
-10
-10
-9
-12
-6
-11
-7
-12
-9
-3
-7
0
-9
-6
-14
-2
-5
-9
-10
-8
-4
-15
-10
-16
-6
-12
0
-5
-4
4
5
2
3
4
3
6
2
14
9
19
16
19
19
15
16
13
14
5
10
9
14
6
9
13
9
9
14
13
7
14
8
13
11
18
16
13
17
15
15
17
16
12
18
12
19
16
13
12
15
11
12
10
4
10
3
6
0
3
8
6
6
9
13
6
7
5
10
1
2
2
0
-4
0
0
-2
3
-1
4
-5
-1
-4
1
-4
0
1
3
4
-1
6
-2
7
8
3
4
5
-1
7
4
6
7
3
10
2
6
2
0
0
-1
-7
-4
-6
-10
-12
-10
-9
-13
-12
-5
-9
-6
-6
-12
-9
-13
-7
-9
-7
-4
-2
0
-7
-1
-4
-6
-8
-9
-7
-7
-12
-21
-28
-30
-26
-28
-22
-19
-14
-12
-11
-19
-14
-10
-7
3
-8
-2
-10
-2
-4
-4
0
3
0
-6
-4
-7
-5
-10
-4
-3
-2
-3
2
-4
-9
-5
-6
-10
-3
-3
-9
-1
4
0
-3
-3
-2
0
-2
6
0
2
-2
-5
-3
-3
-6
-3
-4
-10
-7
-8
-3
-9
0
0
1
1
2
1
0
-1
-3
3
3
3
1
9
7
11
5
8
9
12
12
11
15
9
13
12
11
7
7
13
8
10
15
10
8
7
12
10
5
18
12
10
13
7
14
11
18
12
16
9
12
9
9
15
8
12
11
12
5
6
3
7
-2
0
3
4
2
4
4
0
3
6
12
6
9
1
6
0
1
1
0
-1
1
2
2
1
-2
-2
-6
1
-4
1
-6
0
-6
-3
-5
-3
3
-3
-2
-6
-4
-9
-1
-3
3
-3
2
4
2
7
-7
3
2
1
6
4
10
4
7
-1
2
0
0
3
-6
2
2
3
-3
2
-6
-1
-3
1
-2
0
-2
0
3
-2
2
-1
3
-3
2
-5
2
-6
3
-3
-3
-3
-4
0
-6
-4
-7
0
-6
-1
-3
2
1
8
15
14
21
17
13
7
9
10
10
9
10
9
7
12
11
9
5
5
10
5
3
5
7
6
5
3
6
1
9
6
7
16
7
8
4
3
5
6
3
4
3
3
1
-1
-6
-2
-2
-2
-7
-12
-11
-16
-10
-15
-16
-16
-17
-19
-17
-15
-16
-16
-16
-16
