0.000000 1.053830 0.130505 0.248808 -0.709063 0.321101 -0.068157 0.132629 -0.190605 0.129436 -0.000804 0.079616 -0.146729 
0.000000 1.034840 0.115708 0.138933 -0.788069 0.555844 -0.100446 0.126023 -0.121690 0.152433 -0.066154 0.090047 -0.163657 
0.000000 0.909354 0.174600 0.047456 -0.618092 0.406348 -0.001293 0.046713 -0.100193 0.192642 -0.137990 0.105647 -0.089742 
0.000000 0.873654 0.286511 -0.012719 -0.573965 0.230546 0.197630 0.022617 -0.192679 0.167393 -0.060051 0.091982 -0.074026 
0.000000 0.746328 0.362781 0.081079 -0.592948 0.032338 0.250238 0.143538 -0.196768 0.098887 0.038247 0.130437 -0.158818 
0.000000 0.667389 0.314238 0.280473 -0.486109 -0.154521 0.163891 0.205548 -0.140787 0.178495 -0.134700 0.163947 -0.152261 
0.000000 0.736112 0.226603 0.289398 -0.523472 -0.086430 -0.006324 0.233879 -0.015182 0.167288 -0.126993 0.034106 -0.087762 
0.000000 0.798097 0.162586 0.256060 -0.650258 0.079809 -0.034033 0.409514 -0.311631 0.089567 0.022467 0.201403 -0.190156 
0.000000 0.847566 0.225356 0.219365 -0.658578 0.043945 0.218712 0.289712 -0.361518 -0.074255 0.154586 0.292646 -0.283193 
0.000000 0.747548 0.242486 0.155180 -0.353804 -0.062045 0.298607 0.118923 -0.238385 -0.044696 0.024054 0.301339 -0.256752 
0.000000 0.665402 0.259274 0.188116 -0.277823 -0.043919 0.168397 0.114095 -0.101207 0.046837 -0.128193 0.098647 -0.047926 
0.000000 0.826970 0.099267 0.280871 -0.504657 0.147485 -0.040457 0.222415 -0.194941 0.192951 -0.124554 0.110308 -0.080229 
0.000000 0.694439 0.241236 0.254758 -0.496637 0.014042 0.055526 0.078296 -0.107293 0.180609 0.000334 0.160774 -0.175162 
0.000000 0.692186 0.362272 0.226288 -0.642221 -0.092987 0.305643 0.076283 -0.097497 0.002392 0.119335 0.197215 -0.278899 
0.000000 0.897838 0.229783 0.196951 -0.846729 0.085564 0.410744 0.082352 -0.243380 -0.018887 0.165264 0.203183 -0.272079 
0.000000 1.023673 -0.017113 0.206043 -0.673317 0.308866 0.031612 0.005250 -0.077394 0.160993 -0.052677 0.014402 -0.036372 
0.000000 0.938199 0.053112 0.168502 -0.525759 0.267347 -0.028066 -0.004378 -0.011987 0.140040 -0.073638 -0.041483 0.009399 
0.000000 0.853488 0.143548 0.239584 -0.520722 0.190587 -0.208194 0.173396 -0.083244 0.184104 -0.034588 -0.073333 -0.066851 
0.000000 0.803755 0.210118 0.226359 -0.432387 -0.061053 -0.053769 0.131603 -0.058988 0.182079 -0.035608 0.028061 -0.158008 
0.000000 0.848903 0.143098 0.246755 -0.467118 0.046250 0.008102 0.010260 -0.102772 0.128199 0.042997 0.152580 -0.236028 
0.000000 0.768298 0.146872 0.277388 -0.464306 0.194811 -0.071433 0.013365 -0.196497 0.231410 0.051474 0.066514 -0.222309 
0.000000 0.713489 0.248600 0.247384 -0.434779 0.058583 0.050748 0.027437 -0.276831 0.268646 0.064732 0.071886 -0.224378 
0.000000 0.711475 0.341183 0.205624 -0.518145 0.096361 0.032817 0.018444 -0.255923 0.318827 0.066998 0.115421 -0.265723 
0.000000 0.733835 0.432071 0.055700 -0.575389 0.151104 0.096182 0.034416 -0.171331 0.228054 0.044677 0.025073 -0.141237 
0.000000 0.749827 0.307630 0.162603 -0.504016 0.179575 0.019097 -0.094004 -0.121966 0.218827 0.083997 -0.008492 -0.085086 
0.000000 0.872767 0.199759 0.200438 -0.538070 0.213544 -0.002507 -0.012441 -0.190019 0.214836 -0.005718 0.102386 -0.129879 
0.000000 0.887158 0.193743 0.240570 -0.604828 0.088461 -0.003013 0.194085 -0.193613 0.188091 -0.099815 0.192118 -0.157360 
0.000000 0.901688 0.166196 0.167789 -0.481458 0.029433 0.042158 0.090146 -0.185928 0.123963 0.021245 0.144507 -0.148832 
0.000000 0.927213 0.157034 0.151619 -0.571827 0.105433 0.068483 0.059544 -0.156305 0.120918 0.024874 0.040997 -0.104537 
0.000000 0.907463 0.075583 0.342590 -0.687030 0.220194 -0.081579 0.205231 -0.162781 0.241318 -0.246174 0.146691 -0.074532 
0.000000 0.907955 -0.002991 0.326843 -0.646708 0.345905 -0.165715 0.229217 -0.205785 0.291201 -0.278054 0.203343 -0.127211 
0.000000 0.860777 0.021842 0.254067 -0.580871 0.309223 -0.107337 0.384468 -0.370437 0.206629 -0.153499 0.219313 -0.166103 
0.000000 0.885236 0.060131 0.144627 -0.532615 0.249212 -0.015168 0.368508 -0.333248 0.111380 -0.086615 0.237859 -0.194793 
0.000000 0.897639 0.081685 0.142477 -0.352261 0.064665 0.025816 0.240590 -0.220358 0.191986 -0.142445 0.122649 -0.130202 
0.000000 0.797656 0.286796 0.020768 -0.286543 -0.080132 0.079233 0.212562 -0.193558 0.118991 0.013319 0.125319 -0.178891 
0.000000 0.785444 0.322457 0.060289 -0.535803 -0.019819 0.097610 0.457008 -0.325917 0.032260 -0.032252 0.157320 -0.122168 
0.000000 0.889913 0.227288 0.083313 -0.711811 0.177863 0.148658 0.390039 -0.371549 0.074182 -0.071190 0.154724 -0.142692 
0.000000 0.938687 0.300011 -0.084905 -0.569100 0.212608 0.184887 0.101202 -0.114118 0.047254 -0.101258 0.069759 -0.068635 
0.000000 0.851136 0.290380 0.041314 -0.495111 0.131734 0.127323 0.159971 -0.247831 0.142488 -0.096638 0.159284 -0.136857 
0.000000 0.816029 0.270353 0.205123 -0.555593 -0.011383 0.059224 0.317863 -0.253898 0.070906 -0.128707 0.258210 -0.146493 
0.000000 0.938991 0.158068 0.188420 -0.615261 0.121994 -0.024640 0.327175 -0.223556 0.059282 -0.035196 0.102003 -0.100699 
0.000000 0.942331 0.131147 0.155493 -0.550313 0.250809 -0.061371 0.272042 -0.350282 0.148678 0.138900 -0.039574 -0.111515 
0.000000 0.968943 0.091153 0.172863 -0.600975 0.378491 -0.156021 0.278533 -0.402253 0.273043 0.016561 0.038542 -0.130565 
0.000000 0.950193 0.172223 0.023196 -0.530686 0.323165 -0.195389 0.190270 -0.130705 0.158665 -0.030621 0.125254 -0.147513 
0.000000 0.844055 0.257317 0.117147 -0.622356 0.230972 -0.088751 0.063162 0.002456 0.121242 -0.000393 0.113657 -0.183079 
0.000000 0.726087 0.392237 0.177058 -0.677656 0.076976 0.118284 0.039051 -0.059616 0.143136 0.008968 0.095964 -0.174442 
0.000000 0.776482 0.311273 0.124312 -0.599764 0.118854 0.205926 -0.007581 -0.254074 0.156945 0.078342 0.163929 -0.199107 
0.000000 0.840968 0.130144 0.216075 -0.491889 0.293688 -0.022477 -0.058144 -0.152456 0.160851 0.040990 0.101021 -0.160784 
0.000000 0.861942 0.073716 0.282048 -0.442329 0.297879 -0.125967 -0.038179 -0.123821 0.154294 0.011611 0.010041 -0.057693 
0.000000 0.804201 0.140379 0.398982 -0.519035 0.157316 -0.111958 0.136967 -0.123085 0.097205 0.058393 -0.010971 -0.109331 
0.000000 0.854202 0.238336 0.349933 -0.762181 0.123914 0.036730 0.182207 -0.121469 0.062765 0.016733 0.069275 -0.132795 
0.000000 0.767375 0.350752 0.104388 -0.650828 0.235465 0.055249 -0.057123 -0.018165 0.183472 -0.050207 0.012258 -0.078082 
0.000000 0.675474 0.385711 0.066286 -0.497996 0.230863 -0.075553 -0.061307 0.033536 0.201292 -0.103022 0.108060 -0.128197 
0.000000 0.747654 0.437554 0.098491 -0.712722 0.254969 -0.069876 0.129636 -0.028488 0.213280 -0.182719 0.085039 -0.071690 
0.000000 0.842519 0.279929 0.162970 -0.652381 0.159703 -0.055293 0.279443 -0.109271 0.123917 -0.112663 0.193952 -0.194787 
0.000000 0.811508 0.248448 0.037031 -0.459301 0.186621 -0.125468 0.214013 -0.069293 0.108417 -0.117918 0.332677 -0.262214 
0.000000 0.849766 0.186923 -0.013482 -0.458466 0.362386 -0.209970 0.072016 0.088709 0.099104 -0.104536 0.177588 -0.168669 
0.000000 0.873690 0.245363 -0.019106 -0.457059 0.199446 0.034642 0.042413 0.036265 -0.047967 -0.001756 0.128298 -0.127550 
0.000000 0.799462 0.349452 0.154884 -0.602293 0.092109 0.204664 0.069213 -0.166956 0.052072 0.049462 0.077080 -0.140804 
0.000000 0.754198 0.403868 0.187148 -0.751893 0.218472 0.225578 -0.027616 -0.230758 0.188088 0.061647 -0.036914 -0.069154 
0.000000 0.719976 0.390746 0.055948 -0.639446 0.207101 0.210411 -0.105704 -0.052245 0.207294 -0.049901 -0.042520 -0.014891 
0.000000 0.856564 0.257231 0.034959 -0.612704 0.267312 0.097804 0.018060 0.043389 0.199572 -0.311001 0.134588 -0.084733 
0.000000 0.960425 0.135102 0.052382 -0.570869 0.302357 0.048689 0.074979 -0.012244 0.163564 -0.314402 0.206525 -0.111584 
0.000000 0.919675 0.145542 0.151896 -0.657689 0.325293 0.002139 0.147061 -0.164250 0.056326 -0.137016 0.276061 -0.149973 
0.000000 0.810332 0.265756 0.083873 -0.524147 0.142298 0.067392 0.132320 -0.167869 -0.023411 -0.019431 0.366305 -0.305048 
0.000000 0.885191 0.216560 0.018090 -0.570864 0.260767 0.019479 0.005726 -0.080074 0.095507 -0.164086 0.275231 -0.172897 
0.000000 0.922481 0.117810 0.046677 -0.545164 0.278434 -0.062676 -0.000034 -0.009512 0.115997 -0.125509 0.194691 -0.189621 
0.000000 0.803128 0.220756 0.023436 -0.459455 0.223784 -0.062420 -0.065877 0.103873 0.137590 -0.165663 0.231631 -0.209968 
0.000000 0.785071 0.200837 0.130949 -0.429346 0.166370 -0.099579 0.102313 -0.052213 0.154459 -0.151183 0.297162 -0.238719 
0.000000 0.830914 0.126703 0.280523 -0.500198 0.164231 -0.089451 0.218345 -0.181900 0.155532 -0.004150 0.195267 -0.279540 
0.000000 0.835924 0.175225 0.388912 -0.599638 0.149473 -0.137071 0.179399 -0.131843 0.210081 0.026506 0.100644 -0.241087 
0.000000 0.754358 0.334174 0.266739 -0.559856 0.275078 -0.169127 0.023391 -0.193512 0.291548 0.069339 0.091411 -0.218294 
0.000000 0.664460 0.342281 0.280671 -0.617489 0.315052 -0.084789 0.170194 -0.294906 0.189337 -0.050401 0.161423 -0.127067 
0.000000 0.547110 0.399170 0.378620 -0.495771 -0.006719 -0.058386 0.282918 -0.178464 0.111528 -0.117164 0.239299 -0.200042 
0.000000 0.571954 0.410713 0.340635 -0.514685 0.034725 -0.157261 0.286602 -0.130018 0.216704 -0.131013 0.186205 -0.240792 
0.000000 0.654384 0.325675 0.287946 -0.582006 0.288476 -0.256593 0.229393 -0.227025 0.320383 -0.143567 0.216379 -0.216945 
0.000000 0.682400 0.270324 0.319641 -0.524867 0.187952 -0.179587 0.190417 -0.238103 0.308988 -0.060474 0.232119 -0.253545 
0.000000 0.725893 0.335538 0.176715 -0.434483 0.048088 -0.028453 0.068583 -0.058838 0.269465 -0.068865 0.127819 -0.221841 
0.000000 0.715154 0.348298 0.190716 -0.462658 0.011330 0.003686 0.122528 -0.178156 0.290681 -0.044859 0.040425 -0.116018 
0.000000 0.775113 0.262086 0.170747 -0.476841 0.070364 0.032095 0.137651 -0.360749 0.353118 -0.037348 0.042066 -0.073146 
0.000000 0.712602 0.260171 0.267786 -0.492379 0.121804 -0.048663 0.176134 -0.282765 0.161619 -0.085729 0.107628 -0.004138 
0.000000 0.697269 0.215614 0.307703 -0.539878 0.148483 -0.005377 0.128304 -0.165997 0.155807 -0.061550 0.059996 -0.041480 
0.000000 0.802273 0.290467 0.207215 -0.561050 0.134124 -0.095654 0.218592 -0.180248 0.244513 -0.141825 0.143091 -0.136401 
0.000000 0.876683 0.240849 0.095607 -0.432196 0.039508 -0.018591 0.179637 -0.278206 0.255949 -0.157382 0.225051 -0.135030 
0.000000 0.741364 0.254119 0.159162 -0.349825 0.017993 -0.000394 0.048805 -0.142147 0.269960 -0.182639 0.186256 -0.176039 
0.000000 0.760007 0.272704 0.211168 -0.573259 0.172388 0.035177 0.073968 -0.062319 0.166203 -0.145383 0.020770 -0.033176 
0.000000 0.759941 0.203698 0.303190 -0.652267 0.271072 -0.081793 0.221474 -0.218047 0.224306 -0.114934 0.107192 -0.126842 
0.000000 0.646925 0.305162 0.334589 -0.526908 0.149047 -0.113051 0.176322 -0.146414 0.265614 -0.014323 0.067322 -0.212349 
0.000000 0.756166 0.219539 0.345544 -0.538277 0.142155 -0.164725 0.227357 -0.132377 0.206316 0.047918 0.015394 -0.169265 
0.000000 0.838702 0.138951 0.251281 -0.445523 0.110169 -0.082616 0.279397 -0.260300 0.160742 0.013140 0.146515 -0.204450 
0.000000 0.871494 0.118815 0.136915 -0.440738 0.113395 0.030038 0.311236 -0.361064 0.121724 -0.177934 0.235824 -0.061086 
0.000000 0.984755 -0.084944 0.149708 -0.508549 0.227003 0.043728 0.187767 -0.401493 0.278079 -0.087157 -0.020375 0.066938 
0.000000 0.949602 -0.056717 0.257538 -0.607041 0.313190 -0.037785 0.161213 -0.312299 0.208013 0.050694 -0.042079 0.010376 
0.000000 0.855771 0.106382 0.139414 -0.465938 0.155422 -0.012175 0.145983 -0.061052 0.020636 0.017415 0.080996 -0.097980 
0.000000 0.754851 0.178351 0.196575 -0.384665 0.006832 0.037104 0.188391 -0.085787 0.111042 -0.121883 0.190274 -0.196294 
0.000000 0.745639 0.203814 0.286982 -0.480021 -0.009896 -0.004552 0.285144 -0.199186 0.127418 -0.182018 0.278008 -0.146155 
0.000000 0.776962 0.130637 0.346357 -0.532108 0.053773 -0.048531 0.223954 -0.098776 0.097820 -0.053701 0.051872 -0.051952 
0.000000 0.802848 0.225397 0.298658 -0.569391 0.056546 -0.087965 0.278436 -0.160960 0.139556 0.013739 0.015487 -0.091559 
0.000000 0.875786 0.205195 0.187395 -0.558872 0.143561 0.003599 0.192006 -0.229032 -0.015197 0.220445 0.066950 -0.153480 
0.000000 0.821351 0.233799 0.118389 -0.497341 0.269970 -0.012972 -0.044036 -0.246406 0.154929 0.168970 0.014733 -0.070251 
0.000000 0.825579 0.185318 0.214111 -0.538854 0.300557 -0.144831 0.048835 -0.254201 0.301802 0.061711 0.062211 -0.153779 
0.000000 0.708562 0.257172 0.297072 -0.479502 0.135487 -0.007926 0.043413 -0.159839 0.101677 0.240892 0.050839 -0.266471 
0.000000 0.681446 0.301241 0.193762 -0.352009 0.133609 -0.072991 0.042841 -0.128248 0.180138 0.131763 0.033404 -0.215070 
0.000000 0.694268 0.194540 0.234639 -0.303674 0.127187 -0.111612 0.110222 -0.234841 0.263661 0.030518 -0.031813 -0.048606 
0.000000 0.687135 0.262660 0.164202 -0.368178 0.154248 -0.065334 0.131592 -0.236629 0.165338 -0.046956 0.178355 -0.118921 
0.000000 0.639747 0.359189 0.220693 -0.505579 0.054178 0.122096 0.074844 -0.223187 0.104558 -0.073291 0.284005 -0.156119 
0.000000 0.587699 0.376621 0.284304 -0.435317 0.108730 0.068360 -0.058501 -0.157544 0.144481 -0.034485 0.153868 -0.102530 
0.000000 0.597588 0.388352 0.140023 -0.215680 0.160820 -0.073906 -0.080742 -0.104791 0.169362 0.093582 -0.027413 -0.086429 
0.000000 0.573071 0.419649 0.136938 -0.256413 0.110769 -0.045091 -0.018770 -0.123051 0.127940 0.090246 0.063911 -0.112697 
0.000000 0.560094 0.442395 0.180963 -0.423971 0.038491 0.054616 0.155658 -0.124084 0.058356 -0.061830 0.172470 -0.123067 
0.000000 0.648937 0.366211 0.144743 -0.509353 0.203472 0.023751 0.153339 -0.216985 0.249339 -0.016883 -0.010001 -0.134140 
0.000000 0.579758 0.498247 0.127136 -0.479404 0.083193 0.020950 0.197253 -0.137747 0.239799 0.053803 -0.034701 -0.212039 
0.000000 0.614187 0.342776 0.199816 -0.439498 -0.004556 0.090168 0.147465 -0.035897 0.202901 -0.005059 0.090467 -0.260257 
0.000000 0.716306 0.174179 0.404970 -0.551338 0.077690 -0.134295 0.221416 0.030727 0.175799 -0.090026 0.031053 -0.121831 
0.000000 0.700786 0.207763 0.317818 -0.481186 0.053277 -0.029550 0.118576 0.042685 0.052943 0.058488 0.016458 -0.155611 
0.000000 0.578992 0.425153 0.215396 -0.546653 0.087482 0.115252 0.081105 -0.048282 0.229308 0.022906 -0.028713 -0.233311 
0.000000 0.558238 0.461934 0.153087 -0.539534 0.125162 0.169178 0.016540 -0.163944 0.402472 0.020200 -0.024430 -0.262915 
0.000000 0.639507 0.300267 0.148389 -0.431628 0.074765 0.119286 0.073661 -0.129390 0.224295 0.067678 -0.003055 -0.167519 
0.000000 0.720651 0.231175 0.092395 -0.356576 0.078130 0.098300 0.109048 -0.128335 0.132661 -0.066629 0.148927 -0.160466 
0.000000 0.636836 0.267651 0.182934 -0.386572 0.051084 -0.023889 0.150968 -0.040611 0.295520 -0.193555 0.152679 -0.191137 
0.000000 0.612360 0.207719 0.288085 -0.379903 0.075240 -0.182551 0.193173 0.025653 0.322980 -0.111706 0.063341 -0.204066 
0.000000 0.612673 0.230490 0.287559 -0.330152 -0.001226 -0.169597 0.270276 0.068939 0.174262 -0.032498 0.007291 -0.207977 
0.000000 0.527427 0.272413 0.356939 -0.283748 -0.044452 -0.242335 0.310385 0.015395 0.311402 -0.082105 -0.047559 -0.219182 
0.000000 0.639853 0.222386 0.213763 -0.393577 0.073322 -0.164126 0.294563 -0.152802 0.345748 -0.128896 0.046376 -0.157582 
0.000000 0.719097 0.255502 0.046733 -0.435028 0.294058 -0.118610 0.072095 -0.147559 0.386323 -0.020229 -0.009972 -0.172011 
0.000000 0.706702 0.315030 0.129742 -0.539792 0.310557 -0.017212 0.004018 -0.180639 0.278156 0.027857 0.034574 -0.166343 
0.000000 0.699241 0.314633 0.225768 -0.542599 0.188189 -0.118162 0.124195 -0.064352 0.220627 -0.038951 0.030165 -0.131662 
0.000000 0.682774 0.402385 0.152820 -0.577097 0.147378 -0.092188 0.190246 -0.087479 0.223954 -0.092101 0.113660 -0.173333 
0.000000 0.651207 0.478599 0.134694 -0.657737 0.142504 0.022595 0.324876 -0.285349 0.085115 -0.041296 0.318792 -0.301671 
0.000000 0.526528 0.367062 0.202705 -0.438537 0.251503 -0.114604 0.126003 -0.219662 0.188622 -0.003557 0.099676 -0.179534 
