2.69098 2.74389 4.07169 0.0924778 2.1292 1.39418 1.09094 0.741085 0.784886 0.660311 0.521407 0.111291 
2.64249 2.60533 3.29361 -1.40673 1.93434 0.671524 0.632233 1.33729 0.894928 0.753047 0.650275 0.0746056 
2.32206 2.35289 2.3959 -1.51442 1.19066 0.38003 0.348757 0.639268 0.923327 0.20015 0.407659 0.0545212 
2.2309 2.67332 2.41156 -1.11368 0.545851 0.872151 0.60617 0.176314 0.939022 0.122888 0.352371 0.0867458 
1.90577 2.56584 2.57166 -1.1589 -0.273717 0.539826 0.555477 -0.0590995 0.918942 0.456977 0.51825 0.0742573 
1.70419 2.14836 3.09017 -0.371783 -0.544335 0.596582 0.651339 -0.36652 1.33471 0.131056 0.449724 0.0544001 
1.87968 1.99068 3.08954 -0.548955 -0.529859 -0.557879 0.0761042 -0.0668416 1.02821 0.336011 0.309179 0.0646706 
2.03796 1.92479 2.91183 -1.41109 -0.448017 -0.87584 0.919256 -0.715661 0.151543 0.587734 0.403414 0.0494202 
2.16428 2.3388 3.21626 -0.969009 -0.268389 0.787402 1.40092 -0.438254 -0.0800356 0.429767 0.511464 -0.0221933 
1.90888 2.08817 2.49456 0.0321026 -0.0695813 1.82487 1.59776 -0.000371617 0.365629 0.123379 0.610331 -0.0328241 
1.69912 1.92314 2.40616 0.277434 0.343115 1.38533 1.33492 0.455566 0.925008 -0.0132219 0.239556 0.0328757 
2.11169 1.76531 2.89194 -0.51221 0.623594 0.286027 0.945489 -0.0322935 0.905379 0.248883 0.24734 0.0861305 
1.77327 1.92996 2.79982 -0.719836 0.0473775 0.214634 -0.172286 -0.439109 0.757729 0.30197 0.583759 0.0749798 
1.76751 2.40799 3.08134 -1.17134 -0.709263 0.887026 -0.322558 -0.0854162 0.561894 0.437125 0.715427 0.00495313 
2.29265 2.53205 3.37981 -1.83328 -0.95313 1.10711 -0.122109 -0.16947 0.561035 0.37056 0.625539 0.0590535 
2.61397 2.02791 2.86372 -1.27454 0.263427 0.435568 -0.496488 -0.0092223 0.649431 0.154832 0.226303 0.0776752 
2.39571 1.97342 2.58846 -0.779722 0.837558 0.425467 -0.273455 0.303234 0.67443 0.169456 0.0812618 0.0386704 
2.1794 2.03163 2.9856 -0.425849 1.03632 -0.693987 -0.120241 -0.208415 0.329996 0.379763 -0.050542 -0.00860422 
2.05241 2.1331 2.98028 0.0725222 -0.0211707 -0.524377 -0.270071 -0.673092 0.456828 0.211586 0.213468 -0.0131177 
2.1677 2.01422 3.00033 -0.0896022 0.380162 0.315294 -0.408976 -0.73465 0.0921577 0.0933959 0.431819 -0.0288236 
1.96187 1.76854 2.83909 -0.412748 1.21849 0.479199 -0.164907 -0.779083 0.393038 0.346465 0.285719 -0.0382972 
1.82191 2.01308 2.86231 -0.223299 0.728415 0.770455 0.139795 -1.22782 0.673576 0.323293 0.260654 -0.00489657 
1.81677 2.37777 2.98076 -0.476464 0.979439 0.475986 -0.139476 -1.15082 0.779705 0.354865 0.503454 0.041722 
1.87387 2.80608 2.64557 -0.842824 0.905474 0.255507 0.0687526 -0.375544 0.781109 0.450319 0.413624 0.0853088 
1.9147 2.35564 2.79924 -0.513041 1.29914 0.619423 -0.583449 -0.542902 0.368044 0.306883 0.262991 0.0677481 
2.22863 2.32312 3.12742 -0.28487 1.39706 0.892983 0.0315464 -0.515353 0.428058 0.0842365 0.318035 0.0564494 
2.26538 2.34972 3.3834 -0.404623 0.450742 0.069118 0.333021 -0.507443 0.592985 0.0681546 0.418505 0.0787817 
2.30248 2.2915 2.9472 -0.0989789 0.17377 0.134827 0.00555103 -0.953551 -0.0182199 -0.00929925 0.278847 0.0228424 
2.36766 2.34823 2.95204 -0.614331 0.098527 0.114856 -0.30973 -0.758316 0.0595211 0.0378521 0.11148 0.00772395 
2.31723 1.94985 3.46246 -0.877003 0.608241 0.09639 0.127341 -0.0711214 0.922793 -0.171872 0.17968 0.0794824 
2.31849 1.63725 3.00809 -1.13108 1.00837 0.033502 0.397452 0.0834343 0.995405 -0.0978139 0.261825 0.0749103 
2.19802 1.56967 2.54575 -1.2922 0.760324 -0.000385 1.74283 -0.0729856 0.617753 0.216711 0.218825 0.0500603 
2.26047 1.8083 2.25016 -1.2527 0.362879 0.025732 1.96495 0.178048 0.585447 0.267485 0.352592 0.0183438 
2.29214 1.93878 2.39594 0.0439831 0.384192 0.376691 1.55699 0.0490039 1.12615 0.295511 0.325534 0.0349647 
2.03683 2.42036 2.19567 0.339798 -0.0936676 0.115297 1.12387 -0.384042 0.706537 0.441602 0.511801 0.0185978 
2.00565 2.52436 2.49131 -0.882394 -0.586683 -0.633185 1.83184 -0.438967 0.653769 0.39938 0.252728 0.009287 
2.27242 2.49373 2.72949 -1.70457 -0.359447 -0.224413 1.60139 0.0180668 0.83096 0.335356 0.126714 -0.0162696 
2.39696 2.96312 2.47733 -0.900776 0.384022 0.509152 0.906659 0.829828 0.986615 0.217198 0.246069 -0.00494718 
2.1734 2.6111 2.59051 -0.472404 0.628005 0.695065 1.25697 -0.0308195 0.91198 0.0683343 0.355276 0.0342988 
2.08375 2.41388 3.18242 -0.376654 0.0421919 0.010178 1.17811 -0.454308 0.441751 -0.106582 0.3416 0.00816359 
2.39774 2.39634 3.21359 -0.570931 0.275294 -0.340606 0.942031 -0.121091 0.263209 0.332975 0.188749 0.0254167 
2.40627 2.30119 2.92616 -0.505709 1.12316 0.269773 1.44551 -0.352138 0.281885 0.922683 0.126989 0.0725414 
2.47422 2.24293 2.95979 -0.764681 1.60405 0.17262 1.33066 -0.495298 0.43677 0.715531 0.154857 0.107526 
2.42634 2.49531 2.47939 -0.833726 1.18729 -0.883169 0.208921 -0.20919 0.226602 0.426983 0.417983 0.0861782 
2.15532 2.4548 2.80438 -1.11655 0.78547 -0.712796 -0.775779 0.0146975 0.140322 0.357574 0.574496 0.0280367 
1.85408 2.62407 3.09109 -1.21406 0.339479 0.074452 -0.711062 -0.0688731 0.544313 0.232541 0.559807 0.0379667 
1.98277 2.45161 2.73769 -1.09223 0.30044 0.86303 -0.127443 -0.790758 0.33184 0.0510939 0.468915 0.0570836 
2.14743 1.93556 2.74666 -0.52445 1.60893 1.08163 -0.052514 -0.256565 0.268228 0.214993 0.415432 0.0195138 
2.20099 1.78124 2.93162 -0.0232093 1.99811 0.987098 -0.0184808 -0.130735 0.275708 0.212029 0.132132 0.0130979 
2.05355 1.8555 3.59341 0.043605 1.42784 0.749329 0.604566 0.263687 0.436288 0.622087 0.213175 0.0149864 
2.18123 2.41333 3.99213 -0.792402 0.677055 0.594482 0.0879536 0.212255 0.439981 0.35465 0.353756 0.0318078 
1.95951 2.58144 2.74875 -1.33848 0.953157 0.083552 -0.84089 0.192139 0.514977 0.108559 0.351388 0.0217358 
1.72484 2.45605 2.25258 -0.934595 1.34419 -0.452697 -0.73686 0.10461 0.467201 0.0315527 0.470366 -0.0140813 
1.90915 2.86897 2.96253 -1.36749 1.31156 -0.873362 -0.205286 0.340148 0.707313 0.172679 0.401051 0.0614006 
2.15139 2.54009 3.13677 -0.937198 0.609621 -0.611968 0.51115 0.264945 0.721666 0.405033 0.610107 0.0573238 
2.07221 2.31152 2.18562 -0.783056 0.684626 -0.936355 0.478252 0.123049 0.527314 0.165885 0.838602 0.038201 
2.1699 2.1925 1.83486 -1.15964 1.31544 -0.917028 -0.228442 0.700127 0.492425 0.387868 0.602613 0.0138243 
2.23099 2.50881 2.18973 -0.685967 0.672148 0.126455 0.222463 0.805344 0.200959 0.249809 0.444764 -0.00630579 
2.04145 2.67682 3.17041 -0.569772 0.715101 1.24685 0.640855 0.282491 0.661354 0.361916 0.373871 0.0392053 
1.92586 2.75385 3.32859 -1.35462 1.21323 1.35292 -0.0803371 0.0696782 0.756487 0.20571 0.215533 0.0902887 
1.83848 2.60043 2.42104 -1.56856 0.625457 0.69251 -0.635155 0.387256 0.94051 0.104185 0.297622 0.0665552 
2.18726 2.49701 2.4373 -1.40288 0.595987 0.282849 -0.0210423 1.13907 1.59759 -0.100231 0.502484 -0.00293457 
2.45247 2.38589 2.50369 -1.07898 0.748484 0.480074 0.531581 1.14054 1.51629 -0.10659 0.487607 0.0195744 
2.34841 2.27439 2.85815 -1.27331 0.919481 0.367675 0.571974 0.454178 0.283755 -0.251811 0.435626 0.0119625 
2.0692 2.37695 2.49922 -0.858776 0.431203 0.147665 0.525011 -0.126294 -0.184012 -0.21421 0.67036 -0.0774519 
2.26036 2.43403 2.31253 -1.29043 0.502605 -0.205317 -0.457563 -0.185871 0.0438629 -0.582929 0.425541 -0.0423621 
2.35558 2.17378 2.18686 -1.32547 0.405322 -0.558705 -0.858154 -0.145228 0.149259 -0.234702 0.451232 -0.0373683 
2.05081 2.17365 1.95814 -1.05272 0.648354 -0.507108 -1.01191 0.271795 0.495133 -0.168553 0.679274 -0.0450962 
2.0047 2.03658 2.35932 -0.543036 0.848194 -0.358981 0.0638131 0.00604497 0.565603 -0.104561 0.706019 0.00106188 
2.12176 1.88816 3.02592 -0.324949 0.972371 0.211281 0.898302 0.0182898 0.637545 0.604136 0.656343 0.0203752 
2.13455 2.09901 3.82859 -0.0909409 1.34418 0.398475 0.408276 0.0851933 0.794698 0.787113 0.611744 0.0744082 
1.92627 2.47549 3.47108 -0.196353 2.51616 0.44765 0.134951 -0.30633 0.553067 0.6622 0.511212 0.0703224 
1.69672 2.25276 3.17728 -1.06946 2.23536 0.433881 0.954771 -0.0776432 0.399942 0.257399 0.30262 0.0806921 
1.39706 2.19594 3.41697 -0.415679 1.01167 0.165718 1.20863 -0.152809 0.685782 0.0894933 0.49124 -0.011902 
1.4605 2.29774 3.3452 -0.461113 1.20467 -0.558012 0.932036 -0.141332 0.910796 0.273145 0.511434 0.00446884 
1.67099 2.15973 3.11738 -0.962112 2.10257 -0.764848 0.589435 -0.339045 0.67982 0.288257 0.433271 0.0698768 
1.74253 2.01319 3.19901 -0.558468 1.56588 -0.237748 0.481513 -0.596737 0.786934 0.389861 0.601396 0.0768296 
1.85359 2.39665 2.87253 -0.0229366 0.920786 0.14098 0.112047 -0.0971655 1.21759 0.409998 0.681056 0.0615971 
1.82616 2.41675 2.94567 -0.136851 0.652377 0.122696 0.310498 -0.70938 1.10366 0.321511 0.316871 0.098892 
1.97927 2.25056 2.77471 -0.38701 0.539245 0.261037 0.5294 -1.51995 0.906228 0.164363 0.0889233 0.121674 
1.81965 2.05685 3.00902 -0.440816 1.05832 0.268744 0.74392 -0.791458 0.270653 -0.185254 -0.0273945 0.0777159 
1.78049 1.83533 2.99454 -0.856235 0.859476 0.495649 0.35742 -0.114427 0.627853 0.104537 0.14702 0.0736678 
2.04862 2.44982 3.21128 -0.384835 1.09912 -0.228795 0.594993 -0.306281 0.862051 0.1603 0.369616 0.0829072 
2.23863 2.50123 2.78641 0.0831136 0.501756 -0.149723 0.566008 -1.18918 0.511504 -0.353775 0.288912 0.0408358 
1.89309 2.1163 2.53484 0.0969896 0.56261 0.226891 0.109105 -0.695686 0.945853 -0.308461 0.383633 -0.0130175 
1.9407 2.24665 2.96156 -0.83455 0.973329 0.528962 0.187301 0.47964 0.993587 0.0317285 0.187173 0.0424485 
1.94053 1.97035 3.16883 -1.24008 1.2496 0.18438 0.618658 0.117784 0.814704 0.282553 0.268697 0.0613758 
1.65194 2.05824 3.26309 -0.572579 1.46692 0.100324 0.574766 0.0540517 1.10424 0.723468 0.467303 0.062529 
1.93089 2.02229 3.43834 -0.282757 1.28708 -0.080913 0.625289 0.0954871 0.778605 0.963383 0.407305 0.0854339 
2.14165 1.96319 2.96009 -0.0227941 0.87909 0.1463 1.38944 -0.275232 0.585059 0.660626 0.48506 0.0566291 
2.22538 1.99481 2.41797 -0.495223 0.278916 0.198121 1.7829 -0.495892 0.401252 -0.354626 0.0920806 0.0391993 
2.5146 1.60015 2.01568 -1.26916 -0.204788 0.201831 0.983348 -1.04774 0.469018 0.0797986 -0.291924 0.0928095 
2.42483 1.57705 2.56489 -1.29361 0.430142 0.370895 0.502474 -0.66089 0.253491 0.490448 -0.0344577 0.108419 
2.18523 1.89073 2.30399 -0.799361 0.283864 -0.084952 0.419487 0.357273 0.296066 0.377011 0.342692 0.0240263 
1.92753 1.85351 2.48866 -0.232918 0.0902083 0.20363 0.892452 0.22922 0.906411 0.155978 0.51713 -0.014911 
1.90401 1.92774 3.02651 -0.338825 0.0801428 -0.001127 1.06818 -0.356226 0.651872 -0.145972 0.447466 0.0378228 
1.98399 1.73036 3.16841 -0.5237 0.175598 -0.029897 0.477429 0.0330677 0.530279 0.311677 0.191983 0.055981 
2.05009 2.19132 3.41967 -0.341248 0.56662 -0.276234 0.645014 -0.247602 0.484383 0.635165 0.207922 0.0762431 
2.23634 2.35543 3.09926 -0.429134 0.775106 0.308161 0.797623 -0.286288 -0.331253 0.708976 0.324388 0.0357993 
2.09734 2.28506 2.59639 -0.627606 1.48317 0.6454 -0.0851747 -0.954846 -0.289659 0.314497 0.160362 0.0761409 
2.10814 2.10501 2.90869 -0.635049 1.70344 0.148274 -0.105538 -0.946522 0.30034 0.488826 0.316943 0.0838529 
1.80933 2.03336 3.13525 -0.27149 1.32764 0.864409 0.291249 -0.182446 0.27355 1.01315 0.540659 -0.00573317 
1.74009 2.13428 2.6457 0.118984 1.55387 0.435134 0.459404 -0.188193 0.655487 0.866863 0.469737 0.0223849 
1.77283 1.74265 2.52366 0.185947 1.35069 0.240443 0.709513 -0.752135 0.799978 0.571177 0.0695748 0.0874604 
1.75462 1.99549 2.37463 -0.254745 1.25853 0.189959 0.832818 -0.629681 0.4045 0.0340214 0.348989 0.0519072 
1.63361 2.25593 2.82001 -0.687907 0.66841 0.826315 0.368087 -0.528409 0.385814 -0.367508 0.510937 0.0173871 
1.5007 2.19787 3.00641 -0.231814 1.57674 1.29518 0.0467727 -0.148083 0.559468 -0.157572 0.422118 0.0320242 
1.52596 2.26825 2.32431 0.706332 2.20582 0.864647 0.410702 -0.0673185 0.705039 0.650153 0.256728 0.0492465 
1.46335 2.33606 2.3082 0.464156 1.75703 0.630966 0.511456 -0.210918 0.489103 0.494394 0.376636 0.0469918 
1.43021 2.39765 2.55547 -0.38036 0.925843 0.441672 0.985624 0.139208 0.606705 0.0769505 0.448054 0.00901607 
1.65708 2.30772 2.48294 -0.928466 1.33901 0.364462 1.0451 -0.045678 1.21734 0.59079 0.236613 0.0631721 
1.48043 2.66596 2.52212 -0.532085 1.12446 0.031507 1.1611 0.106171 1.52806 1.02626 0.454519 0.0703125 
1.56834 2.12614 2.55683 -0.577271 0.261239 0.412678 0.629563 0.475614 1.56008 0.818074 0.724553 0.0152683 
1.82911 1.72338 3.42037 -0.563345 0.574647 -0.225351 0.223094 0.730395 1.11083 0.598368 0.462277 0.0741928 
1.78947 1.81375 3.03172 -0.462036 0.501137 0.199983 0.121328 0.676709 0.618356 0.710274 0.460948 0.000300701 
1.47847 2.37173 2.75967 -0.997431 0.917157 0.642964 0.332376 0.669902 1.54484 0.836653 0.534024 0.0063703 
1.42547 2.47167 2.45913 -1.11029 1.03792 0.850437 0.248261 0.0509611 2.06866 0.751757 0.643976 0.052843 
1.633 2.01956 2.24228 -0.787307 0.418391 0.656145 0.475989 -0.0187357 1.28501 0.791335 0.422666 0.0526515 
1.8402 1.96391 2.01235 -0.469671 0.369811 0.616483 0.889157 0.119147 0.915291 0.193866 0.46491 0.00919371 
1.62618 1.88224 2.3046 -0.524215 0.433282 -0.141036 0.510933 0.238535 1.69897 0.208578 0.620918 0.0302388 
1.56368 1.58128 2.57913 -0.426835 0.691945 -0.781613 0.34504 0.480061 1.66023 0.681853 0.556985 0.0523309 
1.56448 1.67315 2.65048 -0.0351146 0.499805 -0.744765 0.944919 0.879439 1.27757 0.938681 0.507788 0.00764853 
1.3468 1.64646 2.88169 0.227699 0.609567 -0.986979 1.23168 0.442324 1.67516 0.870219 0.339484 0.0258633 
1.63388 1.70884 2.32507 -0.614288 0.461453 -1.00409 0.908609 -0.340971 1.52908 0.561346 0.302058 0.0613093 
1.83623 2.05677 1.85853 -1.0524 1.34394 -0.420392 0.214432 -0.409881 1.36661 0.835618 0.422938 0.0650279 
1.80458 2.25959 2.46479 -1.10803 1.70815 0.410956 0.152996 -0.195384 0.798941 0.559301 0.427863 0.0571322 
1.78553 2.23702 2.93523 -0.753823 1.36215 -0.300265 0.108255 0.188255 0.810707 0.544322 0.370678 0.0584075 
1.74348 2.5426 2.79849 -0.928894 1.04929 -0.764729 0.294714 -0.0337862 0.878002 0.411979 0.504468 0.058082 
1.66287 2.76329 2.82343 -1.28643 0.955026 -0.469497 1.34495 -0.355625 0.462648 0.241081 0.607716 -0.0223888 
1.3445 2.02327 2.33163 -0.889106 1.92893 -0.223748 0.771328 -0.452172 0.427911 0.339622 0.222163 -0.00865384 
