1.053830 0.685784 0.776451 0.014922 0.313285 0.199169 0.160564 0.119653 0.149827 0.165304 0.204779 0.112142 
1.034840 0.651155 0.628074 -0.226987 0.284613 0.095932 0.093052 0.215914 0.170833 0.188520 0.255391 0.075176 
0.909354 0.588062 0.456885 -0.244363 0.175191 0.054290 0.051330 0.103214 0.176254 0.050106 0.160105 0.054938 
0.873654 0.668147 0.459871 -0.179701 0.080315 0.124593 0.089216 0.028467 0.179250 0.030764 0.138391 0.087409 
0.746328 0.641284 0.490402 -0.186997 -0.040274 0.077118 0.081755 -0.009542 0.175417 0.114401 0.203539 0.074825 
0.667389 0.536942 0.589279 -0.059990 -0.080092 0.085226 0.095864 -0.059177 0.254783 0.032809 0.176626 0.054816 
0.736112 0.497533 0.589160 -0.088578 -0.077962 -0.079697 0.011201 -0.010792 0.196275 0.084118 0.121428 0.065165 
0.798097 0.481065 0.555271 -0.227690 -0.065920 -0.125120 0.135296 -0.115548 0.028928 0.147135 0.158438 0.049798 
0.847566 0.584540 0.613324 -0.156357 -0.039490 0.112486 0.206187 -0.070759 -0.015278 0.107589 0.200874 -0.022363 
0.747548 0.521900 0.475700 0.005180 -0.010238 0.260696 0.235158 -0.000060 0.069795 0.030887 0.239703 -0.033075 
0.665402 0.480654 0.458842 0.044766 0.050485 0.197904 0.196473 0.073554 0.176575 -0.003310 0.094084 0.033127 
0.826970 0.441207 0.551478 -0.082649 0.091754 0.040861 0.139157 -0.005214 0.172828 0.062306 0.097141 0.086789 
0.694439 0.482359 0.533912 -0.116151 0.006971 0.030662 -0.025357 -0.070897 0.144643 0.075596 0.229267 0.075553 
0.692186 0.601833 0.587595 -0.189005 -0.104359 0.126718 -0.047474 -0.013791 0.107260 0.109431 0.280979 0.004991 
0.897838 0.632840 0.644512 -0.295813 -0.140241 0.158159 -0.017972 -0.027362 0.107096 0.092767 0.245676 0.059505 
1.023673 0.506840 0.546096 -0.205656 0.038760 0.062224 -0.073073 -0.001489 0.123970 0.038761 0.088879 0.078269 
0.938199 0.493221 0.493605 -0.125814 0.123236 0.060781 -0.040247 0.048959 0.128742 0.042422 0.031915 0.038966 
0.853488 0.507769 0.569339 -0.068714 0.152482 -0.099141 -0.017697 -0.033650 0.062993 0.095071 -0.019850 -0.008670 
0.803755 0.533129 0.568324 0.011702 -0.003115 -0.074911 -0.039749 -0.108675 0.087204 0.052969 0.083838 -0.013218 
0.848903 0.503416 0.572148 -0.014458 0.055936 0.045042 -0.060193 -0.118614 0.017592 0.023381 0.169594 -0.029044 
0.768298 0.442013 0.541400 -0.066600 0.179285 0.068457 -0.024271 -0.125788 0.075027 0.086735 0.112214 -0.038590 
0.713489 0.503133 0.545828 -0.036031 0.107177 0.110065 0.020575 -0.198239 0.128579 0.080934 0.102370 -0.004934 
0.711475 0.594281 0.568416 -0.076881 0.144112 0.067998 -0.020528 -0.185808 0.148838 0.088838 0.197728 0.042041 
0.733835 0.701328 0.504496 -0.135996 0.133229 0.036501 0.010119 -0.060634 0.149106 0.112734 0.162448 0.085961 
0.749827 0.588750 0.533800 -0.082783 0.191152 0.088489 -0.085872 -0.087655 0.070256 0.076826 0.103288 0.068266 
0.872767 0.580620 0.596383 -0.045966 0.205559 0.127569 0.004643 -0.083207 0.081712 0.021088 0.124906 0.056881 
0.887158 0.587268 0.645196 -0.065289 0.066321 0.009874 0.049014 -0.081930 0.113195 0.017062 0.164365 0.079384 
0.901688 0.572717 0.562016 -0.015971 0.025568 0.019261 0.000817 -0.153957 -0.003478 -0.002328 0.109515 0.023017 
0.927213 0.586896 0.562939 -0.099127 0.014497 0.016408 -0.045586 -0.122435 0.011362 0.009476 0.043783 0.007783 
0.907463 0.487328 0.660274 -0.141511 0.089495 0.013770 0.018742 -0.011483 0.176152 -0.043027 0.070568 0.080090 
0.907955 0.409200 0.573628 -0.182509 0.148369 0.004786 0.058497 0.013471 0.190013 -0.024487 0.102830 0.075483 
0.860777 0.392311 0.485462 -0.208507 0.111872 -0.000055 0.256510 -0.011784 0.117923 0.054252 0.085942 0.050443 
0.885236 0.451952 0.429093 -0.202133 0.053393 0.003676 0.289201 0.028747 0.111756 0.066963 0.138478 0.018484 
0.897639 0.484563 0.456893 0.007097 0.056529 0.053813 0.229157 0.007912 0.214971 0.073979 0.127851 0.035232 
0.797656 0.604924 0.418703 0.054829 -0.013782 0.016471 0.165411 -0.062006 0.134871 0.110552 0.201006 0.018740 
0.785444 0.630918 0.475080 -0.142381 -0.086323 -0.090455 0.269610 -0.070874 0.124798 0.099982 0.099257 0.009358 
0.889913 0.623261 0.520500 -0.275046 -0.052888 -0.032059 0.235692 0.002917 0.158622 0.083954 0.049766 -0.016394 
0.938687 0.740578 0.472414 -0.145347 0.056504 0.072736 0.133442 0.133981 0.188335 0.054374 0.096642 -0.004985 
0.851136 0.652596 0.493997 -0.076226 0.092403 0.099295 0.185000 -0.004976 0.174088 0.017107 0.139532 0.034561 
0.816029 0.603305 0.606871 -0.060776 0.006208 0.001454 0.173394 -0.073351 0.084326 -0.026682 0.134161 0.008226 
0.938991 0.598920 0.612815 -0.092124 0.040506 -0.048658 0.138648 -0.019551 0.050244 0.083358 0.074130 0.025611 
0.942331 0.575141 0.558003 -0.081600 0.165259 0.038539 0.212750 -0.056855 0.053809 0.230987 0.049874 0.073096 
0.968943 0.560578 0.564416 -0.123387 0.236015 0.024660 0.195846 -0.079969 0.083375 0.179128 0.060819 0.108348 
0.950193 0.623656 0.472807 -0.134528 0.174695 -0.126167 0.030749 -0.033775 0.043256 0.106892 0.164160 0.086837 
0.844055 0.613531 0.534780 -0.180163 0.115572 -0.101828 -0.114179 0.002373 0.026786 0.089516 0.225629 0.028251 
0.726087 0.655838 0.589454 -0.195898 0.049950 0.010636 -0.104654 -0.011120 0.103904 0.058215 0.219860 0.038257 
0.776482 0.612735 0.522063 -0.176239 0.044206 0.123290 -0.018757 -0.127673 0.063345 0.012791 0.184163 0.057520 
0.840968 0.483758 0.523774 -0.084624 0.236733 0.154518 -0.007729 -0.041424 0.051202 0.053822 0.163158 0.019663 
0.861942 0.445188 0.559045 -0.003745 0.293997 0.141014 -0.002720 -0.021108 0.052630 0.053080 0.051894 0.013198 
0.804201 0.463749 0.685244 0.007036 0.210089 0.107047 0.088980 0.042574 0.083283 0.155735 0.083723 0.015101 
0.854202 0.603167 0.761279 -0.127860 0.099620 0.084926 0.012945 0.034270 0.083988 0.088784 0.138935 0.032051 
0.767375 0.645184 0.524173 -0.215974 0.140245 0.011936 -0.123762 0.031022 0.098304 0.027177 0.138005 0.021902 
0.675474 0.613844 0.429555 -0.150804 0.197781 -0.064671 -0.108451 0.016890 0.089184 0.007899 0.184733 -0.014189 
0.747654 0.717047 0.564939 -0.220655 0.192980 -0.124766 -0.030214 0.054919 0.135019 0.043229 0.157510 0.061870 
0.842519 0.634848 0.598166 -0.151224 0.089698 -0.087424 0.075231 0.042777 0.137759 0.101397 0.239615 0.057762 
0.811508 0.577721 0.416787 -0.126352 0.100734 -0.133765 0.070389 0.019867 0.100659 0.041528 0.329355 0.038493 
0.849766 0.547974 0.349898 -0.187117 0.193551 -0.131004 -0.033622 0.113040 0.093999 0.097100 0.236672 0.013930 
0.873690 0.627030 0.417571 -0.110686 0.098898 0.018065 0.032742 0.130028 0.038361 0.062538 0.174678 -0.006354 
0.799462 0.669022 0.604580 -0.091937 0.105218 0.178121 0.094321 0.045610 0.126246 0.090603 0.146835 0.039505 
0.754198 0.688275 0.634744 -0.218578 0.178511 0.193275 -0.011824 0.011250 0.144406 0.051498 0.084649 0.090979 
0.719976 0.649929 0.461679 -0.253099 0.092028 0.098930 -0.093482 0.062525 0.179534 0.026082 0.116889 0.067064 
0.856564 0.624082 0.464781 -0.226365 0.087692 0.040407 -0.003097 0.183910 0.304965 -0.025092 0.197347 -0.002957 
0.960425 0.596310 0.477441 -0.174101 0.110130 0.068582 0.078238 0.184148 0.289444 -0.026684 0.191504 0.019724 
0.919675 0.568443 0.545035 -0.205458 0.135290 0.052525 0.084183 0.073330 0.054166 -0.063039 0.171089 0.012054 
0.810332 0.594075 0.476589 -0.138570 0.063446 0.021095 0.077271 -0.020391 -0.035126 -0.053626 0.263279 -0.078044 
0.885191 0.608342 0.440988 -0.208221 0.073952 -0.029331 -0.067344 -0.030010 0.008373 -0.145932 0.167128 -0.042686 
0.922481 0.543296 0.417023 -0.213875 0.059638 -0.079815 -0.126303 -0.023448 0.028492 -0.058756 0.177218 -0.037654 
0.803128 0.543263 0.373408 -0.169864 0.095397 -0.072444 -0.148933 0.043883 0.094516 -0.042196 0.266780 -0.045441 
0.785071 0.509005 0.449910 -0.087623 0.124801 -0.051283 0.009392 0.000976 0.107968 -0.026176 0.277284 0.001070 
0.830914 0.471912 0.577028 -0.052433 0.143072 0.030183 0.132212 0.002953 0.121701 0.151241 0.257774 0.020531 
0.835924 0.524609 0.730093 -0.014674 0.197779 0.056925 0.060090 0.013755 0.151700 0.197048 0.240258 0.074977 
0.754358 0.618702 0.661916 -0.031683 0.370221 0.063950 0.019862 -0.049459 0.105575 0.165777 0.200775 0.070860 
0.664460 0.563035 0.605891 -0.172565 0.328905 0.061983 0.140523 -0.012536 0.076345 0.064438 0.118852 0.081309 
0.547110 0.548835 0.651599 -0.067073 0.148855 0.023674 0.177886 -0.024672 0.130909 0.022404 0.192931 -0.011993 
0.571954 0.574279 0.637912 -0.074404 0.177252 -0.079716 0.137177 -0.022819 0.173862 0.068380 0.200862 0.004503 
0.654384 0.539784 0.594469 -0.155244 0.309367 -0.109264 0.086753 -0.054741 0.129771 0.072163 0.170164 0.070411 
0.682400 0.503159 0.610034 -0.090113 0.230400 -0.033964 0.070869 -0.096347 0.150218 0.097599 0.236194 0.077417 
0.725893 0.598998 0.547776 -0.003701 0.135482 0.020140 0.016491 -0.015688 0.232426 0.102640 0.267480 0.062068 
0.715154 0.604021 0.561723 -0.022082 0.095989 0.017528 0.045699 -0.114534 0.210677 0.080488 0.124449 0.099648 
0.775113 0.562486 0.529123 -0.062447 0.079343 0.037291 0.077917 -0.245406 0.172990 0.041147 0.034924 0.122604 
0.712602 0.514072 0.573805 -0.071129 0.155718 0.038392 0.109490 -0.127786 0.051665 -0.046377 -0.010759 0.078310 
0.697269 0.458706 0.571044 -0.138160 0.126461 0.070807 0.052605 -0.018475 0.119851 0.026170 0.057741 0.074231 
0.802273 0.612288 0.612374 -0.062096 0.161721 -0.032685 0.087571 -0.049451 0.164557 0.040130 0.145164 0.083541 
0.876683 0.625136 0.531354 0.013411 0.073827 -0.021389 0.083305 -0.192001 0.097641 -0.088565 0.113468 0.041148 
0.741364 0.528929 0.483380 0.015650 0.082781 0.032413 0.016058 -0.112323 0.180554 -0.077221 0.150669 -0.013117 
0.760007 0.561509 0.564754 -0.134661 0.143213 0.075566 0.027567 0.077441 0.189666 0.007943 0.073511 0.042773 
0.759941 0.492453 0.604280 -0.200097 0.183863 0.026340 0.091054 0.019017 0.155519 0.070735 0.105529 0.061845 
0.646925 0.514418 0.622255 -0.092390 0.215838 0.014332 0.084594 0.008727 0.210789 0.181115 0.183530 0.063007 
0.756166 0.505433 0.655674 -0.045625 0.189377 -0.011559 0.092030 0.015417 0.148628 0.241176 0.159966 0.086087 
0.838702 0.490662 0.564473 -0.003678 0.129347 0.020900 0.204498 -0.044438 0.111682 0.165383 0.190504 0.057062 
0.871494 0.498566 0.461095 -0.079908 0.041039 0.028303 0.262407 -0.080065 0.076595 -0.088778 0.036164 0.039499 
0.984755 0.399927 0.384379 -0.204789 -0.030132 0.028833 0.144729 -0.169164 0.089531 0.019977 -0.114651 0.093519 
0.949602 0.394155 0.489112 -0.208733 0.063290 0.052985 0.073954 -0.106705 0.048389 0.122780 -0.013533 0.109248 
0.855771 0.472554 0.439359 -0.128983 0.041767 -0.012136 0.061740 0.057684 0.056516 0.094382 0.134590 0.024210 
0.754851 0.463251 0.474575 -0.037583 0.013273 0.029090 0.131351 0.037009 0.173025 0.039048 0.203099 -0.015025 
0.745639 0.481803 0.577140 -0.054672 0.011792 -0.000161 0.157214 -0.057515 0.124436 -0.036543 0.175739 0.038112 
0.776962 0.432472 0.604200 -0.084503 0.025837 -0.004271 0.070268 0.005339 0.101225 0.078026 0.075400 0.056409 
0.802848 0.547679 0.652113 -0.055063 0.083371 -0.039462 0.094933 -0.039977 0.092464 0.159009 0.081660 0.076826 
0.875786 0.588696 0.591012 -0.069244 0.114047 0.044023 0.117394 -0.046223 -0.063233 0.177487 0.127401 0.036073 
0.821351 0.571108 0.495119 -0.101269 0.218230 0.092200 -0.012536 -0.154166 -0.055293 0.078732 0.062981 0.076723 
0.825579 0.526108 0.554672 -0.102470 0.250639 0.021182 -0.015533 -0.152822 0.057332 0.122374 0.124477 0.084494 
0.708562 0.508202 0.597875 -0.043807 0.195346 0.123487 0.042866 -0.029457 0.052218 0.253635 0.212340 -0.005777 
0.681446 0.533425 0.504522 0.019199 0.228633 0.062162 0.067615 -0.030385 0.125126 0.217013 0.184486 0.022556 
0.694268 0.435544 0.481249 0.030004 0.198737 0.034349 0.104426 -0.121437 0.152708 0.142990 0.027325 0.088129 
0.687135 0.498737 0.452830 -0.041105 0.185176 0.027137 0.122574 -0.101666 0.077215 0.008517 0.137063 0.052304 
0.639747 0.563827 0.537761 -0.110999 0.098348 0.118045 0.054175 -0.085315 0.073648 -0.092003 0.200667 0.017520 
0.587699 0.549316 0.573306 -0.037405 0.231997 0.185026 0.006884 -0.023909 0.106797 -0.039447 0.165784 0.032269 
0.597588 0.566908 0.443233 0.113972 0.324559 0.123521 0.060447 -0.010869 0.134585 0.162761 0.100828 0.049623 
0.573071 0.583854 0.440161 0.074895 0.258525 0.090138 0.075276 -0.034054 0.093365 0.123768 0.147921 0.047351 
0.560094 0.599248 0.487314 -0.061374 0.136226 0.063096 0.145064 0.022476 0.115814 0.019264 0.175970 0.009085 
0.648937 0.576771 0.473484 -0.149815 0.197019 0.052066 0.153818 -0.007375 0.232378 0.147900 0.092928 0.063655 
0.579758 0.666307 0.480955 -0.085856 0.165450 0.004501 0.170891 0.017142 0.291691 0.256918 0.178509 0.070850 
0.614187 0.531389 0.487574 -0.093147 0.038438 0.058954 0.092659 0.076791 0.297803 0.204799 0.284563 0.015385 
0.716306 0.430726 0.652246 -0.090900 0.084552 -0.032193 0.032835 0.117927 0.212046 0.149797 0.181556 0.074760 
0.700786 0.453314 0.578134 -0.074553 0.073736 0.028569 0.017857 0.109259 0.118038 0.177812 0.181034 0.000303 
0.578992 0.592769 0.526255 -0.160943 0.134948 0.091852 0.048919 0.108160 0.294894 0.209450 0.209734 0.006419 
0.558238 0.617749 0.468944 -0.179153 0.152717 0.121491 0.036539 0.008228 0.394887 0.188197 0.252917 0.053247 
0.639507 0.504752 0.427591 -0.127038 0.061561 0.093735 0.070056 -0.003025 0.245296 0.198105 0.165999 0.053054 
0.720651 0.490844 0.383745 -0.075785 0.054413 0.088069 0.130866 0.019237 0.174720 0.048533 0.182590 0.009264 
0.636836 0.470431 0.439476 -0.084586 0.063752 -0.020148 0.075199 0.038513 0.324316 0.052216 0.243861 0.030470 
0.612360 0.395211 0.491826 -0.068873 0.101811 -0.111659 0.050783 0.077509 0.316921 0.170697 0.218752 0.052731 
0.612673 0.418174 0.505433 -0.005666 0.073540 -0.106395 0.139073 0.141991 0.243875 0.234992 0.199430 0.007707 
0.527427 0.411503 0.549523 0.036741 0.089690 -0.140997 0.181278 0.071416 0.319772 0.217853 0.133330 0.026061 
0.639853 0.427092 0.443378 -0.099120 0.067897 -0.143441 0.133729 -0.055052 0.291886 0.140529 0.118631 0.061778 
0.719097 0.514052 0.354412 -0.169813 0.197744 -0.060056 0.031560 -0.066178 0.260872 0.209191 0.166106 0.065525 
0.706702 0.564744 0.470023 -0.178789 0.251333 0.058708 0.022518 -0.031546 0.152510 0.140017 0.168040 0.057569 
0.699241 0.559102 0.559734 -0.121635 0.200423 -0.042895 0.015933 0.030395 0.154756 0.136267 0.145581 0.058854 
0.682774 0.635475 0.533657 -0.149884 0.154390 -0.109247 0.043376 -0.005455 0.167602 0.103136 0.198126 0.058526 
0.651207 0.690634 0.538414 -0.207576 0.140520 -0.067071 0.197949 -0.057418 0.088315 0.060353 0.238676 -0.022560 
0.526528 0.505678 0.444630 -0.143464 0.283818 -0.031964 0.113524 -0.073006 0.081684 0.085022 0.087253 -0.008720 
