6777360.465399
3593518.407613
2293020.680511
2267610.787732
2264564.833497
2257985.103206
2276590.797580
2268483.897101
2264607.950812
2260976.442622
2266748.281798
2252739.017303
2265655.071821
2265880.092785
2263596.734857
2263970.545259
2252523.084968
2248981.943041
2245940.371373
2244934.088134
2260630.130063
2277748.609164
2272441.725683
2275074.804382
2278098.312365
2266987.667176
2266359.403243
2264921.632038
2258613.351668
2243083.609737
2238650.428125
2230610.991893
2200991.538040
2189840.439591
2191269.390928
2202468.589778
2184946.960741
2176504.242611
2179746.507485
2190522.223249
2188627.846406
2191044.448851
2173314.074002
2169255.362667
2170773.882533
2158780.159291
2163159.553576
2165686.254265
2182112.001153
2174615.584192
2175463.112320
2186204.657600
2167823.552578
2168822.193093
2181697.891601
2175033.335492
2174227.116966
2179032.627341
2142616.925680
2101763.245616
2090253.027892
2082973.981086
2081086.217336
2063534.274243
2038380.507801
2038040.119225
2033177.482062
2023207.132888
2013287.057684
2017517.662555
2019969.061036
2008791.328650
2001006.468394
1987029.895262
1989683.081096
2000176.213783
1989621.220602
1993481.642324
1994760.814274
2023338.977834
2019215.543008
2004307.744829
1999589.303971
1993458.971509
1984132.961381
1979757.688081
1970099.339228
1958369.083942
1922811.527817
1911956.231254
1935094.242948
1918326.880742
1909052.118023
1936348.115749
1949677.382711
1935576.499331
1922465.305542
1927026.354070
1932659.836400
1917935.119549
1923705.458421
1966459.066648
2000361.034652
1986730.553959
1998252.985374
2006891.875219
2011339.810896
2011453.379359
2021171.295131
2025082.896867
2020945.203043
2017602.244718
1992416.617801
1983061.864131
1993185.679492
2022780.605309
2041796.476880
2062688.167404
2045174.592013
2044462.157468
2055040.124030
2044302.045365
2055008.923377
2062794.281616
2081289.196313
2140415.614639
2139217.793278
2149869.155349
2143400.739236
2123221.836552
2109751.718759
2105700.868906
2104215.473982
2103280.705759
2112138.459316
2115875.115465
2122139.755622
2128753.726739
2139013.712352
2150543.486345
2158161.112699
2132285.940965
2131233.143827
2139916.370422
2160490.795867
2160843.677151
2151838.526243
2157237.298958
2158752.257408
2162444.187765
2171637.005315
2175586.936955
2177202.470085
2160414.525924
2159349.563619
2136900.357358
2142020.325583
2117955.679353
2118620.411550
2116351.701813
2120943.062385
2130172.251476
2133204.791852
2130984.348329
2121173.049857
2111523.901589
2114372.869736
2105784.746792
2110043.223602
2111177.685371
2109249.279285
2105449.303298
2110257.706246
2117863.208206
2122829.140164
2135852.182261
2152354.378124
2144265.470441
2140538.289543
2102756.892359
2106855.758571
2100277.265529
2116749.189892
2128371.441982
2109447.488550
2099001.730069
2081970.810403
2089553.261695
2094756.490993
2084076.366896
2113663.562107
2138205.841421
2151552.645469
2173681.366433
2169990.728193
2166405.360351
2138583.425936
2145445.078491
2152900.439431
2129804.907824
2094764.763833
2079164.605389
2079680.679398
2074399.318812
2080307.160212
2089033.882710
2076783.237053
2080118.923160
2039422.577007
2030489.114458
2007419.136656
1994135.168886
1998233.803259
1989462.145498
1987543.298548
1985781.938545
1970349.374874
1980503.264516
1986361.674684
1988315.891725
1990595.270484
1980833.421122
1944791.628954
1910371.866085
1907002.164100
1908476.612669
1896959.365061
1888159.551115
1890636.033557
1892483.092605
1874121.025330
1861541.684837
1830760.805321
1805764.914180
1793593.201696
1799002.929769
1801858.823579
1811839.389720
1825199.595219
1839188.544350
1850672.134263
1848805.205827
1862384.838542
1857920.146992
1858764.736912
1883746.711336
1882996.484857
1895987.682581
1901207.613423
1933020.476650
1914856.018074
1905975.375088
1911527.483247
1916641.053402
1916760.200818
1912701.477689
1909920.662697
1912376.086519
1922081.896693
1955883.582571
1970859.428323
1990888.776210
1995328.283859
1995258.951138
2037867.866305
2047410.606838
2063462.874258
2054417.889783
2049480.914816
2035030.929707
2047578.091468
2049805.590940
2051224.042867
2073331.194632
2093171.629720
2097648.351791
2088703.984470
2087476.542824
2087504.211754
2101531.157071
2125835.926102
2128089.116779
2081963.513497
2083574.244894
2083746.597125
2086546.381155
2089463.135120
2114800.622092
2096983.315594
2085970.704607
2093101.367888
2103792.674719
2097925.548063
2102619.889730
2095934.141201
2117668.972750
2111082.827970
2075091.695677
2074960.530844
2048658.219706
2045253.071203
2047555.708773
2068376.711942
2079887.304126
2052693.627166
2049703.766349
2052392.891833
2058624.906339
2066536.330111
2064697.659441
2059960.244791
2051048.652810
2068107.946252
2067065.934589
2032398.848480
2031817.520552
2048193.365137
2046298.781055
2054229.779079
2061687.567500
2068584.161308
2065147.731212
2064947.103836
2116698.831907
2124330.462333
2137482.236484
2154537.686378
2174741.571325
2170361.357026
2164165.327468
2169031.957099
2164985.415595
2161882.282404
2161326.537130
2170747.557506
2164053.582979
2168422.273133
2171828.942909
2171049.901982
2174057.833589
2175698.360290
2193263.042375
2203497.237279
2223190.731394
2233771.614077
2229960.655121
2266365.128189
2280008.568161
2278547.352365
2299383.364578
2314805.176856
2331987.345726
2340159.874749
2362242.679080
2408210.248225
2403029.036890
2416664.145182
2432035.460669
2421489.290868
2419440.950208
2411399.339365
2424700.140102
2433949.408505
2436986.743822
2437673.129869
2407743.961516
2402206.136578
2394993.510451
2385490.710383
2397227.957507
2402368.293404
2437513.285861
2439058.780530
2430143.239917
