130712974.691617 129984227.067869 128965673.083416 127478522.324768 125245469.477882 122958785.147367 120230669.302278 117153733.787695 113898805.695209 110282124.031057 106397625.205680 102248375.724213 97740576.531202 
21872732.403090 21454584.106136 21074974.669601 20587438.476311 19849687.111510 19495265.801194 19052918.394250 18658396.867143 18428702.191632 17966939.234327 17481147.055540 16905401.976579 16085211.231732 
3528449.368891 3230290.209144 2998427.336436 2724332.815570 2341939.825409 2231079.510755 2119423.835406 2048394.985250 2077817.243721 2039489.845618 1942606.821736 1864652.324857 1682195.798515 
3694771.915327 3472695.495712 3301519.762623 3085649.197025 2799857.257503 2673461.648794 2580186.162044 2502401.141007 2474573.116548 2457669.737349 2381188.827471 2335611.646287 2243185.455529 
2698589.600714 2412497.461689 2206103.678441 1943627.864987 1585952.598629 1433954.483527 1381092.589483 1386386.579045 1466387.516438 1576892.511730 1596565.723996 1588432.849443 1469924.961655 
2170427.884738 1859495.169546 1723491.868817 1597564.218729 1285868.880378 1138939.665220 1111799.348452 1036577.004014 1013679.557774 1092283.952470 1000267.631458 975350.749370 881363.204909 
1944170.541278 1611954.578218 1350654.655629 1074632.221709 638652.546268 417124.359445 343377.906367 347520.220244 444825.777011 588916.243696 605073.468732 572484.119379 444356.947036 
1856157.799784 1502696.738496 1182160.711579 823091.974852 324577.495726 57239.299288 -53116.193930 28706.198730 145472.593200 365249.502618 573384.418734 633547.556558 574148.064548 
3356781.996881 3017795.174068 2765553.569870 2540362.033027 2113653.316888 1849493.879373 1714830.370083 1606070.123861 1486940.262140 1446239.591327 1458358.029068 1393144.607118 1236158.216742 
3375866.127420 3108884.853678 2971068.323629 2855702.622560 2637286.771677 2497495.744818 2437627.557801 2320474.869312 2171115.201614 2067647.136396 1949934.624415 1863424.573227 1684674.378617 
3291239.457883 3023860.271978 2918962.944425 2826718.575690 2633036.187995 2534928.461136 2486968.725984 2385155.069753 2276639.168704 2203227.786361 2051328.189825 1962627.712322 1855300.893290 
3917740.263744 3571551.802902 3353493.519504 3157893.429932 2792711.769594 2621897.978244 2499126.426705 2394367.130291 2311642.327838 2289508.929245 2182557.131138 2088996.063327 1982709.064139 
1976046.974700 1651745.099953 1460180.886007 1262855.912353 885513.200609 730295.427334 654099.422874 597123.377007 681583.163060 811971.353201 865962.145897 950539.449554 892224.258383 
1912035.347276 1568735.696765 1346075.202726 1101982.871357 635047.543037 469141.927108 420345.708391 373238.139247 555748.097502 691121.988887 763404.005058 840144.315905 664600.884682 
2765335.827762 2398322.830508 1992030.622747 1534337.097458 866787.922809 549292.868792 461802.033358 454573.399567 722306.682701 994961.835372 1159381.472189 1258076.676371 1078310.352581 
2889567.568764 2574751.697188 2228094.426653 1854282.692190 1322469.371543 1034424.171758 858344.371259 712855.061468 746531.060015 806091.577364 798283.670669 809518.294347 741988.905709 
2606432.466272 2333738.129469 2092545.748705 1841327.009046 1467167.063652 1274603.990542 1106662.804965 948212.149650 894002.968613 832539.433299 730690.652780 648458.473809 548178.840770 
2435864.637750 2163603.139494 1940400.594451 1662025.659643 1245403.381419 969496.740804 660528.209493 441085.068365 266290.894580 111904.936522 -26695.962865 -211834.842810 -368136.505025 
2207279.710110 1933430.728794 1685033.384134 1388519.611773 960694.904279 638823.933893 393690.174174 220729.228099 117414.292313 88982.024446 30053.041979 -45466.056184 -169791.739741 
2220148.742702 1958350.726460 1734082.882729 1488816.398404 1091130.210130 813948.286780 579974.175669 360880.398966 250580.995173 188324.983639 133436.849224 108122.548947 -1884.590921 
1676655.513611 1451418.557922 1312001.128663 1176985.858591 915136.236549 771715.630561 605416.296790 428475.552160 311036.298443 226378.029896 127304.750431 29341.345069 -105958.801426 
1502426.765856 1291768.654211 1179959.984835 1068944.808118 840078.990386 699518.128241 581442.599643 439739.658776 319878.913418 287700.757135 199455.693620 117237.713470 26526.231720 
1760836.708068 1535676.714640 1415700.672928 1257393.058474 988238.960568 846950.109579 712164.275176 598239.775344 543018.969264 561211.131622 522144.128497 506926.745143 421670.194912 
2249054.900961 2015382.213958 1881802.338007 1673407.206922 1380746.803540 1244981.567183 1106661.021945 1037068.173099 1022587.740520 1046626.484228 1031839.172278 1008373.444432 923729.388873 
1965102.132257 1741057.533329 1616828.514018 1463995.165684 1189009.348670 1059329.822602 906641.099053 764224.140704 718546.646502 702488.893066 686910.046383 690760.099119 665464.899414 
2633681.118908 2450381.580816 2316831.576714 2161252.184058 1894622.260065 1727214.324393 1547742.210306 1357946.398592 1234278.031047 1142394.665248 1041295.945446 980794.703005 893354.300052 
2775520.670665 2555937.303247 2369333.250714 2145321.661621 1796258.280110 1567513.591194 1384315.527752 1242040.661465 1175840.069323 1170701.716272 1140742.038724 1143041.312570 1088985.640839 
2266633.401740 2033660.727861 1792036.195425 1497164.751156 1087323.270589 764938.164271 508031.997630 308760.235689 193889.424523 181970.337086 201062.107017 252492.357015 275761.924114 
2040183.253289 1819399.213348 1579006.703690 1282716.289646 868379.130524 559998.433804 307730.438471 99514.548655 -17158.152793 -62213.851691 -92906.630156 -103780.564546 -125563.520715 
2152920.806841 1910656.146397 1737377.048495 1570637.843311 1221517.676657 1044569.159926 903302.880248 729527.441370 667448.409682 625998.931441 499607.035267 459168.077268 383968.508643 
1939799.296405 1689255.012291 1519539.104933 1364669.497877 1058770.031758 944573.185227 843005.685514 726962.356191 702008.599613 671208.865590 553877.987719 509472.676163 408315.059672 
1397539.238061 1197746.537355 1064604.842850 932466.362139 743504.421901 685717.390518 634955.677418 629053.190883 579621.753353 554625.490162 496247.290008 427984.666054 357848.099999 
1845791.151763 1614971.797804 1424083.531699 1223721.708837 991264.929502 912919.281818 877865.934561 906584.706408 877300.317701 852998.271677 787001.524204 697596.721572 577202.934731 
3074309.661808 2861028.477906 2683529.846555 2495557.512457 2259555.766982 2103272.247728 1999108.514794 1928724.206676 1818752.747710 1746670.265451 1603305.905480 1451076.320475 1273618.106060 
2412050.381386 2194556.742266 2039327.867914 1829495.299056 1593549.333758 1414473.823578 1308110.382073 1270052.701735 1208066.330071 1220229.312858 1181872.282536 1127297.844538 999807.224017 
1814986.788081 1545325.753996 1355004.325086 1090860.035830 785707.735395 618618.888498 532284.383153 586803.545930 555961.402120 621648.084268 607954.586740 541072.023908 440445.324619 
2050098.220268 1780920.185455 1511369.584525 1179011.308055 799100.266357 633282.623538 569506.831929 611033.025332 617369.736101 621054.475014 514328.722818 332825.185717 131703.788113 
3842555.822048 3605457.853241 3356559.740795 3023414.607110 2641085.609480 2418800.407057 2244847.106589 2116358.149651 2001558.661686 1838509.341442 1596949.438908 1337101.208410 1038193.552725 
3584151.762819 3349231.432934 3186360.252037 2961328.793228 2668494.170621 2489550.684944 2324690.167957 2187282.440549 2037482.437553 1930306.752111 1754012.804299 1613731.683102 1431842.795782 
1954187.022099 1756257.037608 1624327.835797 1458053.570323 1200004.113451 1025409.405454 883641.136223 782289.517235 678731.818179 638342.855224 572909.938847 543030.920737 478076.358083 
1980495.301835 1817197.330847 1657449.982016 1461020.982495 1190067.201491 1001730.197879 843148.729045 741874.444225 654202.241896 594702.963375 539694.808587 461834.349445 374142.840685 
2915881.626394 2745571.965322 2605092.581251 2434340.963671 2193241.507688 2037443.409473 1873560.125889 1761950.071057 1621234.126890 1516890.263498 1425152.450002 1260293.220000 1121105.326904 
3477409.684592 3274072.904888 3110048.926354 2898921.643992 2611688.957333 2437127.314270 2227063.659111 2086847.438785 1918096.120875 1799602.491738 1683932.856326 1507069.001183 1357960.213309 
2454112.996679 2221642.064342 1973739.875278 1634934.589603 1239051.962908 1002929.188540 790516.819700 735649.912187 759589.388468 828080.452589 914785.884227 945425.741151 899369.334006 
1964738.231698 1682297.959944 1411842.991869 1051514.301461 560919.358156 325872.466537 128581.326053 83548.436408 241569.402573 372693.919507 537785.807669 650738.360272 569239.520328 
1791301.119989 1506385.873158 1325733.557000 1089435.053102 673628.026174 519171.870624 387516.918038 300005.111092 412516.922613 483759.611589 531700.350703 610538.661577 506918.646418 
1508163.924000 1294017.992309 1151268.760930 979413.238144 694383.922337 556874.411124 451386.812815 346198.521771 338148.789299 370954.098477 378996.660525 430012.803028 404373.770644 
1840802.162541 1661134.930910 1548752.113108 1440690.745847 1233945.225102 1144780.319589 1020462.773972 871121.471995 794681.224900 714776.027050 640832.060581 593819.475037 491606.987960 
1831730.417152 1684699.159058 1584542.879029 1489620.272399 1310717.895023 1204687.803050 1060780.393474 900609.544708 785155.255147 675320.507747 572144.755597 481011.596235 385792.579124 
2691138.654342 2526276.005983 2432367.656374 2346763.906600 2137950.355948 2011605.386984 1861782.432153 1702131.468882 1562877.161609 1416182.295216 1279275.546637 1117567.773629 952087.354925 
3254451.664163 3015016.812138 2856175.828091 2680218.638117 2302469.408878 2103673.515302 1902147.433030 1684777.641329 1581752.029916 1449520.717646 1314889.236430 1199782.611921 1014863.783204 
1631328.789610 1374891.117955 1231027.255186 1041342.410348 692443.026880 579627.344954 437397.800240 317972.610747 361455.477615 346662.035077 325298.537076 348023.004833 254181.832461 
1283926.828919 1025556.798567 928225.370510 769999.744045 488264.798857 424707.373923 285938.870739 204187.759661 252450.076120 243145.918298 243820.943497 291798.128766 203010.059477 
1956052.613830 1692819.682496 1563873.662118 1346109.334231 996143.354489 889797.860860 718197.306034 659312.924607 700870.314094 707849.346637 711651.690688 721860.113110 631245.356461 
2695649.933129 2448414.656484 2239221.720833 1959200.157509 1580076.643881 1396831.892778 1251093.087072 1223534.520618 1279944.150438 1326575.141467 1336084.116033 1304968.498495 1138850.801594 
2218154.072345 1920319.646303 1682556.657226 1347670.101015 957308.697349 778365.546149 644278.185173 685275.504182 810086.217118 951006.021601 1043741.449546 1122970.853459 985976.386720 
1765171.274739 1493522.546857 1271915.955308 986953.152426 636184.292483 534651.265250 422745.911958 450729.692167 600914.655090 669686.292625 739774.650184 744858.700495 588572.390637 
1976933.977224 1785943.327619 1632854.184857 1434901.031836 1181464.080321 1064883.673659 950651.597167 884511.740279 880756.980090 829532.418177 794570.668286 749664.124628 634161.834246 
3834083.070633 3622640.802813 3496243.805544 3338679.907098 3053727.417940 2899256.288180 2743747.158149 2567132.494387 2443563.642227 2309351.225507 2149834.251948 2004746.659605 1814910.389607 
2911650.912008 2644915.137889 2534500.944007 2409070.645486 2066780.818742 1955379.801769 1814259.380017 1606770.989584 1531472.039088 1438436.075153 1286049.592245 1203206.019268 1084287.025588 
1515054.941863 1258269.742902 1136897.897968 991300.957882 691557.469509 630960.714096 575530.303110 487446.136067 552930.967276 571359.299144 513471.401034 528972.328404 451800.047508 
2563115.463146 2239925.317358 2003413.812280 1737306.946178 1311409.921954 1227322.899351 1200962.664656 1155913.063816 1297111.525711 1289571.388446 1099080.953784 1008772.547522 710588.404030 
4258937.323011 3960625.805357 3693988.379693 3394044.260261 2980133.609991 2836076.470768 2749213.049426 2658815.578585 2678028.769251 2586586.153061 2342291.982622 2169317.059697 1857005.663158 
2725812.382803 2456586.701882 2266760.070671 2051242.536234 1683939.786216 1545926.667137 1385301.571324 1225355.800508 1183024.444549 1077113.591254 976729.011623 968645.012251 845184.742908 
1585839.553004 1351462.592889 1207713.968510 1021693.825713 727003.179145 593410.374703 445448.607705 327183.265138 288983.190184 220029.926987 179127.928511 198542.177150 72433.833687 
1461871.561878 1232226.480254 1044253.366532 799524.470986 439193.710176 258077.161843 77126.355234 -73499.911988 -85122.719896 -113182.960955 -130754.133466 -49354.658171 -85405.619413 
1982347.965189 1663836.551484 1336103.428767 932008.070846 399776.483004 126122.005790 -94738.913312 -218207.950429 -136708.033035 -83452.917566 -39527.923482 39725.909250 -67545.770865 
1686065.620141 1328324.716946 1086750.838638 788899.574826 317596.080645 180893.347596 41149.685025 -40433.688158 150046.293876 215661.042345 250987.746224 371329.749390 181374.884769 
1827709.319317 1544267.961305 1378582.818575 1172487.448670 855753.135803 729371.313247 593780.726655 519105.562829 549484.489202 564882.364869 542991.983395 595255.546438 466872.812867 
3412564.539873 3153182.077884 2974028.003297 2792065.797974 2483346.942690 2318016.303777 2167214.711620 2060352.289672 1983993.514087 1909871.274402 1820079.144303 1697604.634314 1467145.230889 
7233459.362438 6967283.773896 6789275.101956 6600654.823953 6220388.968566 6000027.503913 5770464.248903 5555866.175281 5419476.331074 5270836.272392 5109275.570658 4915777.974305 4624384.320665 
6894294.485807 6630536.466359 6523334.937570 6365288.220078 6044955.020012 5911083.651259 5656111.501928 5447485.525946 5308251.165218 5156436.783718 5033573.915959 4896581.169578 4699030.911923 
3592371.782821 3270056.600058 3221780.017913 3117610.381483 2826272.621871 2811314.589493 2621582.492508 2509030.545616 2415385.873223 2312893.616017 2232089.343597 2162161.487995 2070822.005061 
2869480.947350 2443823.096110 2405479.788449 2311352.636708 1970919.457402 1894673.401196 1720184.107766 1604700.149687 1477716.789884 1404184.135596 1249650.986586 1210819.857881 1020136.421031 
2929237.888444 2477275.486119 2421377.252417 2242250.955672 1856102.252324 1756202.636753 1510822.145420 1429247.029182 1297291.587671 1244641.541920 1082146.870733 1002225.968253 772607.585847 
2763366.087169 2309426.916182 2256053.657352 2063137.962096 1671923.032954 1636605.731716 1352844.076155 1300098.918449 1207938.842194 1191399.473571 1117675.071340 1084178.522243 974586.865381 
3762751.569285 3354512.041841 3229679.964172 3045222.327866 2656001.539364 2543105.311259 2334778.000439 2239208.948340 2187827.508312 2215722.923383 2174323.088334 2187500.726987 2064101.442055 
5346265.750104 4957881.625774 4745532.024257 4450761.384592 4002455.709577 3774637.832088 3569115.261071 3439402.190808 3416869.160768 3443027.829068 3345256.172399 3290694.986118 3042450.376913 
3339874.337996 3003916.590205 2837725.384736 2607549.352044 2232401.779119 2021166.926809 1842057.023168 1721612.515289 1630775.813408 1677806.767730 1604614.291309 1560346.997294 1481109.288629 
2000746.044461 1732620.773725 1584656.865129 1401062.657218 1093684.244754 905240.629642 761160.778946 650407.134828 534431.029913 603996.936783 570397.460738 561551.339120 595403.169855 
1835088.293125 1576139.961448 1464839.099191 1327366.544360 1049432.366476 907744.213286 739370.774773 601912.199135 464430.848363 427784.290919 362880.578131 345888.018896 378238.987827 
1981034.645037 1675138.696879 1557578.629292 1462025.599481 1161705.885530 1080297.082718 987308.683932 865448.164819 821010.560564 804405.053242 729333.470339 703471.223346 671252.527738 
3439522.969403 3163759.170806 3005572.560453 2777920.668597 2422492.110374 2222767.196208 2002068.510128 1861726.691419 1747675.380806 1700052.657081 1594465.261537 1522185.631051 1400040.063805 
2800688.516147 2525398.473035 2300083.902282 1966749.291130 1544160.986012 1200871.646102 890483.912607 676494.949339 482896.367589 458895.141287 393925.112671 433291.470141 437765.567508 
2069471.150939 1773810.942670 1625458.355214 1424347.033532 1112463.799342 910452.922505 725558.455752 551059.232458 417488.255314 379890.269875 221153.829955 186723.891879 58696.949951 
2528338.197939 2243811.455707 2107218.605617 1959617.890008 1629781.969924 1518466.597846 1388927.987925 1228656.015690 1172472.146036 1087653.262397 924371.978443 835755.128435 698288.220878 
2752823.131914 2402895.449825 2254038.785536 2093364.824371 1713997.481180 1622451.728223 1473073.569439 1347305.204581 1299790.162406 1236609.072297 1118172.304780 1026393.294315 884101.987058 
4287883.056147 3898859.218529 3781501.994420 3633770.217917 3259004.013845 3169935.568245 2994684.727055 2887130.974714 2832806.643181 2782258.272351 2677189.089438 2547454.998124 2339765.484294 
7326836.744830 6922345.916915 6714146.876746 6486316.403340 6025905.529569 5827482.291814 5589463.951776 5462734.407189 5377689.183020 5307413.969663 5243899.410205 5052252.769945 4820239.321103 
4695586.965256 4423975.910346 4241171.380200 4055085.617414 3755992.683405 3563068.742827 3399406.377990 3302335.275932 3167177.228045 3099383.079385 3019962.923982 2885465.880583 2703946.810650 
2116443.765501 1866391.957683 1684327.987646 1476119.861886 1213273.113588 1055092.765778 927336.735657 844987.018842 692478.761451 630655.230801 534077.254071 502287.234270 487165.030944 
1715206.832731 1421968.988872 1116411.006187 829645.198997 462106.626199 266609.416906 194314.125503 129300.579544 43385.056145 90957.118323 86387.391255 74276.535017 178980.404846 
2358875.396857 2032043.743401 1736576.469028 1467708.129892 1058509.835523 858434.408849 742038.177295 650373.878029 598951.321158 659131.047858 706913.669708 691664.297940 738652.244777 
2288914.741810 1982896.677693 1725711.835133 1451081.891110 1084736.241424 921702.557856 810859.281152 782662.435790 815585.230037 825957.562983 833719.986866 796189.065181 681620.337191 
2222547.623191 1927946.102145 1746559.963847 1563003.115046 1275760.766567 1131572.981935 1052832.122377 1006942.516799 975770.241981 955516.356619 855135.353868 779234.997497 594132.639075 
2117734.221313 1835164.401818 1694330.322107 1551831.654752 1268580.778790 1114811.414312 1009100.416409 935152.160067 863779.217734 867129.439577 805721.906336 816454.677835 748571.810221 
1725794.720305 1492052.895398 1349313.553047 1230819.300803 968691.201066 840856.210451 758140.890595 691201.301202 663265.718100 662693.345758 638668.330781 603924.610224 557941.497029 
2812310.347368 2559995.249267 2393158.000919 2203330.641976 1872336.062980 1680423.777742 1512285.881426 1418049.316859 1342164.743771 1321337.009170 1300824.143717 1218304.996894 1137928.506355 
4262923.123129 3964661.409226 3735098.105852 3466542.846383 3044894.343164 2785619.545821 2533135.587819 2368022.282885 2237859.709382 2149645.619397 2162553.260604 2089484.042715 1994258.476381 
2659881.559172 2371365.810985 2163004.526131 1903399.266242 1522130.729564 1308446.714056 1046304.967891 837830.673647 710617.237358 670279.218190 712012.431827 746822.167934 794192.127005 
2338674.868704 2091902.515510 1927416.117948 1729904.255154 1419038.789566 1261942.725025 1063459.481229 924938.806435 854362.366399 851560.206807 864048.174170 856679.947964 825744.800859 
2873714.997435 2626960.244459 2520742.364599 2422267.102517 2167480.339249 2074313.547193 1939427.049834 1812901.874954 1743050.684068 1654500.319835 1616494.909972 1507853.359817 1334997.399658 
3029824.955064 2793494.355153 2696489.201229 2575362.235081 2364366.687400 2271988.369826 2129581.194334 2030517.517862 1947562.780705 1886940.906906 1827641.656915 1720396.983348 1573844.509329 
2158756.247100 1913112.789537 1816525.670988 1723736.694520 1539285.757126 1451786.383109 1337141.269296 1266685.714335 1163343.046587 1167294.635614 1125277.505617 1045194.802072 1019700.975458 
2143436.123079 1848948.301800 1742260.425392 1590618.370291 1354855.598257 1257291.619254 1107606.975334 1026138.203794 917733.919271 905065.266200 853741.962569 851511.728858 806886.949837 
2063069.749854 1718518.587102 1625337.255478 1502735.557015 1174674.250408 1081447.514656 962463.018123 796991.082412 752346.880451 735206.127088 644402.587689 737758.492585 668769.463885 
2865383.753663 2534644.202575 2480255.947628 2425194.887013 2128609.568694 2081989.060961 1963519.221236 1752298.807426 1703752.772253 1625534.848367 1482782.079629 1506392.251585 1392906.899389 
5355958.005496 5068113.013606 5003313.644980 4883562.651909 4695139.763181 4616058.471861 4429376.419169 4286983.106969 4147747.361334 4049349.385402 3940528.772464 3800682.931451 3664799.069874 
5616200.774991 5280001.650043 5220778.611965 5080086.258988 4862217.618596 4781889.043080 4603422.711562 4491364.341962 4374290.250097 4313820.257191 4246563.596353 4177496.077540 4072661.041750 
3170891.346583 2775553.506868 2721338.945698 2573135.697848 2285341.185712 2220861.123391 2077394.115892 1994718.204772 1911733.588235 1861359.450229 1751353.456375 1734829.442160 1595498.453504 
3292354.955767 2890420.999664 2773250.704114 2563928.742069 2223328.746379 2155449.426008 1992236.959021 1945473.605449 1837967.135660 1807458.522613 1659825.867225 1477312.350258 1305145.930922 
4775577.219121 4378866.077368 4257668.773343 3980667.344604 3630974.492828 3530686.052563 3374483.942191 3414095.191457 3366211.524651 3400141.827543 3285533.369076 3075126.545976 2808420.450911 
3436020.776576 3095456.297637 2889643.245011 2633974.128456 2278446.485028 2175711.189998 2175587.784310 2254024.596140 2403935.044885 2527123.837361 2489250.309801 2388392.701223 2099160.754812 
3150775.293998 2826285.312771 2654423.345285 2508862.722228 2150369.396038 2044911.053461 1966980.492869 1922313.438826 1996975.987673 2015351.231122 1970181.279556 1908286.072670 1735262.714302 
2593229.022825 2259333.014095 2094754.221146 1948002.219535 1597337.435860 1494237.998789 1395243.346606 1325903.529347 1371441.756302 1334134.113748 1305215.029600 1226606.887671 1028931.031188 
3844767.668532 3382636.953560 3186277.579819 2918283.077508 2433242.801386 2354427.581572 2271412.694023 2240357.029135 2348234.663513 2345370.340714 2189667.012937 1981070.881533 1578749.219931 
3669728.223732 3204127.880983 3006937.642131 2707034.333740 2251701.591439 2171652.990384 2144512.944607 2177219.687390 2314675.102374 2475227.584560 2326662.560372 2193997.798032 1838831.455370 
2767375.559827 2384866.140798 2192337.122200 1975913.149680 1633021.386787 1540609.483160 1517680.990172 1528670.927730 1587589.486855 1689634.752317 1648519.492724 1544382.471940 1366316.502461 
2390055.733187 2068886.878787 1898804.685265 1703764.590626 1438127.646932 1339404.280390 1280724.772666 1242415.215307 1211929.443825 1211323.039678 1117982.937082 1062569.487739 912526.882103 
2045181.431097 1702973.522640 1556750.348548 1360556.150522 1071082.477351 996225.143420 963009.523998 998169.367587 1072915.458969 1181963.095408 1087556.729873 1068385.287133 877672.971148 
1912646.531837 1600237.891885 1412442.331129 1202499.706699 901410.425373 822872.733526 795121.655890 896385.629504 1050788.948389 1191376.107586 1186189.696887 1122637.542518 923906.511134 
2677597.091460 2323717.297759 2108780.302693 1880717.777323 1554358.307080 1444873.699454 1400952.224299 1521798.759800 1637115.720745 1704198.185593 1681122.090322 1522324.261257 1247206.416757 
2525709.705398 2115474.289926 1956837.716053 1765946.497463 1456728.158250 1342352.757310 1252491.631167 1362890.841131 1363418.834398 1436470.373224 1347558.890792 1152225.793337 910689.779578 
1665934.819644 1285183.201881 1106417.561557 846310.290739 527820.842481 429598.099168 356366.426832 498074.110040 544320.621311 723765.498151 690331.454449 596395.772682 446608.452190 
2115084.839730 1746817.912825 1498389.573017 1154338.410710 785116.270558 687026.626020 586675.692183 689594.542343 809864.101610 999596.880277 1030653.001209 933656.026605 730401.186417 
3234359.054795 2820516.311565 2656389.899474 2428192.456402 2027279.992001 1953674.382971 1759039.676481 1642446.074667 1614757.585086 1587343.152676 1526085.214620 1443759.752695 1265742.203404 
3575849.065116 3142818.006192 2963347.836922 2711978.929944 2243785.301137 2115635.249148 1884809.019612 1784096.520795 1785468.376691 1753819.110635 1706078.442655 1614131.152684 1430918.828338 
2679625.745308 2294712.990000 2119300.294300 1815188.610382 1376002.072881 1231912.725415 1032350.818600 1023460.759788 1069193.479724 1141593.883782 1145549.023059 1125934.649860 964481.068814 
2258477.208199 1876548.620389 1803176.891318 1560457.230580 1212637.851955 1125396.847302 916103.863722 905880.593625 827554.965036 832871.026012 758809.358724 742912.579103 559468.308396 
1362783.016361 1006445.207608 991577.503047 877063.385044 645083.271509 666075.065778 479776.675831 456553.440203 360947.703521 323221.726043 278399.840757 209732.412310 139475.975149 
