-0.968619
0.436862
-1.67136
1.84234
-3.77958
3.95057
-5.18506
5.35605
-7.29329
7.46427
-8.69877
8.16701
-7.99603
6.05879
-4.48232
-0.265878
5.35605
-14.3207
25.7355
-42.4303
65.089
-101.461
162.067
-274.335
3749.56
4650.47
3766.42
4999.73
3909.78
3625.88
2944.92
2209.85
1047.52
489.544
155.743
-208.98
-445.803
-603.217
-755.009
-998.86
-1452.83
-1743.06
-1866.75
-1937.02
-1984.1
-2107.79
-2290.5
-2579.32
-2854.1
-3123.95
-3348.12
-3456.34
-3539.27
-3403.64
-3405.04
-3263.09
-3136.6
-2994.64
-2811.23
-2663.65
-2432.45
-2232.87
-1989.02
-1783.12
-1520.29
-1317.2
-1077.57
-877.286
-724.792
-582.838
-428.235
-356.555
-288.39
-306.661
-175.951
-92.3249
-62.8098
53.1424
55.9534
58.7643
183.852
181.744
184.555
318.076
380.62
525.384
573.873
678.582
762.208
824.049
935.082
1032.76
1122.71
1227.42
1350.4
1388.35
1429.81
1474.08
1538.03
1556.3
1655.39
1780.48
1774.86
1812.1
1903.46
1812.1
1850.75
1942.11
1847.24
1956.16
2034.87
1972.33
2037.68
2031.36
1909.08
1968.11
1873.24
1772.75
1746.75
1661.72
1571.06
1618.15
1661.01
1627.98
1558.41
1445.97
1416.46
1312.45
1188.07
1130.44
964.597
828.265
838.807
585.82
564.035
490.247
316.67
310.346
185.96
94.6041
-52.9714
-119.029
-128.867
-305.958
-347.42
-440.884
-521.699
-608.839
-686.141
-754.307
-851.988
-882.205
-899.774
-922.964
-975.67
-984.806
-1028.38
-1035.4
-1078.97
-1040.32
-1081.78
-1159.79
-1160.49
-1161.19
-1225.14
-1024.86
-1042.43
-1047.35
-931.397
-982.697
-1043.84
-877.286
-883.611
-941.236
-842.852
-960.21
-847.771
-930.695
-966.534
-823.175
-880.097
-713.548
-617.975
-641.868
-621.489
-591.271
-656.626
-589.865
-523.808
-528.727
-442.29
-373.421
-387.476
-374.827
-331.959
-245.522
-169.626
-208.98
-127.462
-159.085
-74.7564
-13.618
-88.1085
5.35605
-173.843
-239.198
-256.063
-346.014
-249.739
-260.28
-246.928
-104.272
-186.492
-198.439
-174.546
-226.548
-167.518
-136.598
-103.569
-27.6728
0.436862
107.956
151.526
90.3877
149.418
128.336
192.988
291.372
268.884
337.05
330.725
331.428
393.269
279.425
282.939
381.322
362.348
396.08
406.621
270.992
318.076
318.076
381.322
538.736
493.761
552.791
543.655
378.511
398.891
235.152
20.1136
19.4109
-28.3755
-33.9974
124.822
126.93
286.452
242.18
119.2
96.0096
-70.5399
-24.8618
69.3054
111.47
164.175
285.047
180.338
53.8452
46.8177
-154.869
-218.115
-195.628
-260.983
-246.928
-193.52
-117.624
39.0876
-45.944
-30.4837
-10.807
-56.4851
86.874
48.926
79.1438
32.7629
74.9274
59.4671
-24.1591
36.9794
-98.6496
-26.97
55.9534
-54.3769
-76.8646
-52.2687
-67.0262
39.7903
-4.48232
-36.1057
127.633
123.416
119.2
132.552
45.4123
51.7369
86.1712
52.4397
144.499
133.958
284.344
276.614
169.095
187.366
46.8177
32.0602
58.7643
78.4411
60.1698
150.823
114.281
95.3069
170.5
96.0096
184.555
136.066
213.367
183.852
124.822
159.959
107.253
84.063
84.063
59.4671
-26.97
25.0328
-19.2399
58.7643
151.526
140.985
123.416
108.659
26.4383
-15.0234
67.9
59.4671
86.1712
51.0342
-43.8358
-103.569
-173.14
-187.195
-115.515
-145.733
-86.0002
-92.3249
-93.0276
1.1396
-10.1042
-71.9454
-18.5371
-105.677
-159.085
-101.461
-123.948
-86.703
-68.4317
-83.1893
-146.436
-154.166
-146.436
-130.976
-107.082
-71.9454
-59.9988
-82.4865
-171.735
-178.762
-231.468
-224.44
-302.444
-277.146
-313.688
-385.368
-297.525
-322.121
-282.065
-270.118
-278.551
-258.172
-268.01
-277.146
-220.926
-172.437
-179.465
-154.166
-104.272
-194.925
-124.651
-86.0002
-107.082
-94.4331
-117.624
-119.029
-69.8372
67.9
46.8177
110.064
79.8466
25.7355
74.9274
15.1944
-17.8344
65.7917
105.145
53.8452
65.089
176.122
135.363
219.692
282.939
263.965
317.373
305.426
283.641
238.666
212.665
228.125
193.691
177.528
45.4123
100.929
220.395
277.317
382.025
412.243
345.483
346.888
310.346
214.773
193.691
153.634
163.473
188.771
194.393
145.201
165.581
115.686
54.5479
7.46427
23.6273
-64.918
110.064
53.8452
149.418
235.855
119.903
191.582
53.1424
25.0328
-69.1345
-140.111
-142.219
-86.0002
-117.624
27.141
8.16701
-23.4563
92.4959
-48.755
19.4109
-4.48232
-52.2687
-30.4837
-4.48232
-31.8892
46.8177
23.6273
-33.9974
-64.918
-152.058
-138.706
-40.3221
-35.4029
13.0862
77.7383
32.0602
-35.4029
-166.815
-140.814
-251.847
-147.841
-104.272
-64.918
13.7889
114.281
189.474
89.6849
59.4671
-20.6454
-137.3
-138.003
-171.032
-123.245
-103.569
-99.3523
-95.1359
-115.515
-155.572
-177.357
-98.6496
-119.732
-61.4043
-46.6468
-114.11
-29.781
56.6561
-32.5919
-54.3769
-69.1345
-108.488
-164.004
-49.4577
32.7629
-70.5399
-24.1591
-30.4837
-169.626
-164.707
-168.924
-247.631
-188.6
-147.841
-192.817
-125.354
-121.84
-77.5674
-98.6496
-137.3
-115.515
-147.139
-212.494
-144.328
-175.951
-183.681
-191.411
-254.658
-232.17
-267.307
-143.625
-104.272
-100.758
-53.6742
13.7889
-17.1317
-54.3769
15.1944
-37.5111
56.6561
74.2246
96.0096
-27.6728
96.7123
138.877
6.76153
225.314
170.5
171.906
262.559
215.476
131.849
176.122
8.86975
-24.1591
84.063
-29.781
82.6575
144.499
235.152
169.797
189.474
152.932
165.581
200.015
107.956
194.393
101.632
140.985
74.9274
143.093
98.1178
74.9274
130.444
139.58
109.362
108.659
128.336
43.304
143.093
97.4151
44.0068
124.119
122.714
18.0054
96.0096
36.9794
-30.4837
8.16701
65.089
-32.5919
-55.0797
43.304
-26.2673
-30.4837
48.2232
-67.0262
6.76153
105.145
131.147
237.963
240.071
265.37
226.719
190.88
156.445
160.662
51.0342
55.9534
107.956
-22.7536
-46.6468
17.3026
-12.2125
-91.6222
-128.867
-164.004
-86.703
-141.517
-227.251
-173.843
-182.276
-182.978
-149.95
-77.5674
-12.2125
-24.1591
-20.6454
-5.8878
-121.137
-1.67136
-97.2441
-57.1879
117.092
74.2246
163.473
181.744
41.1958
-4.48232
-128.165
-202.655
-260.983
-247.631
-215.305
-88.8112
-27.6728
42.6013
71.4137
3.24783
-62.1071
-171.735
-244.117
-215.305
-110.596
-69.8372
-7.29329
15.8972
-42.4303
-105.677
-81.0811
-199.141
-201.952
-124.651
-114.813
-76.1619
1.1396
27.8437
105.848
72.1164
-21.3481
-50.1605
-22.0508
3.95057
-66.3235
20.1136
-51.5659
-114.11
19.4109
-123.245
-71.2427
-55.7824
-39.6194
-8.69877
-34.7002
91.0904
67.1972
100.929
210.556
157.148
-86.0002
-114.813
-157.68
-207.574
-149.95
-74.0537
66.4945
39.7903
166.986
168.392
148.012
86.1712
-34.7002
-47.3495
-215.305
-134.489
-54.3769
-19.2399
119.903
131.849
137.471
102.334
150.121
69.3054
7.46427
-29.781
-65.6208
-118.326
-84.5948
-0.265878
-106.38
0.436862
25.7355
-19.9426
7.46427
-2.3741
6.05879
7.46427
-17.1317
4.65331
52.4397
80.5493
56.6561
114.281
129.038
198.61
213.367
81.252
125.525
90.3877
62.278
65.7917
33.4657
36.9794
-100.758
-48.755
-56.4851
-127.462
41.8986
84.7657
112.875
157.851
169.095
246.396
265.37
210.556
335.644
152.932
112.173
171.906
84.063
115.686
154.337
241.477
208.448
300.507
240.071
203.529
59.4671
63.6835
109.362
-84.5948
61.5753
104.442
-68.4317
-57.8906
-10.807
-148.544
-109.191
-89.5139
-136.598
-139.409
-31.1865
48.2232
74.2246
170.5
134.66
46.8177
-42.4303
-70.5399
-128.867
-114.813
-71.2427
-69.1345
-16.4289
51.0342
66.4945
117.092
62.278
149.418
117.795
27.8437
47.5205
-75.4591
-161.193
-75.4591
-43.8358
1.84234
-55.7824
-156.274
-173.14
-325.635
-381.854
-336.879
-382.557
-419.099
-368.502
-425.424
-404.342
-362.88
-318.607
-355.853
-294.011
-319.31
-352.339
-329.149
-154.166
-72.6482
-135.895
-37.5111
-144.328
-133.084
-116.921
-128.867
-158.383
-245.522
-173.14
-91.6222
-182.978
-83.892
58.7643
-7.29329
18.7081
39.0876
-8.69877
-56.4851
-58.5934
-83.892
8.86975
-32.5919
13.0862
30.6547
-59.2961
-49.4577
44.7095
-61.4043
46.115
124.822
68.6027
46.115
112.173
139.58
152.229
247.802
177.528
197.907
177.528
294.885
334.239
337.05
300.507
261.856
223.908
162.77
263.965
156.445
171.906
188.069
177.528
152.932
118.497
141.688
87.5767
87.5767
133.255
50.3315
-15.0234
97.4151
66.4945
27.141
100.929
59.4671
107.253
70.0082
15.1944
71.4137
68.6027
138.174
86.1712
150.823
-12.9152
50.3315
35.5739
61.5753
112.173
36.2766
54.5479
45.4123
68.6027
90.3877
130.444
66.4945
133.255
82.6575
-0.265878
-5.8878
100.929
72.8192
125.525
196.502
66.4945
96.0096
18.7081
62.278
29.2492
91.0904
47.5205
58.7643
53.1424
44.0068
-2.3741
39.7903
65.7917
65.089
27.141
-9.40151
-20.6454
-67.0262
-25.5645
-165.41
-126.759
-156.274
-164.707
-166.815
-125.354
-113.407
-62.1071
-91.6222
-6.59054
-33.2947
-165.41
-140.111
-190.006
-183.681
-166.113
-173.14
-227.251
-140.111
-196.331
-244.117
-227.954
-268.01
-206.872
-239.198
-213.196
-89.5139
-201.25
-255.361
-284.876
-295.417
-317.202
-273.632
-289.092
-234.279
-132.381
-203.358
-172.437
-120.435
-141.517
-220.224
-72.6482
-128.867
-194.222
-74.7564
-185.789
-154.166
-117.624
-299.633
-294.011
-144.328
-167.518
-60.7016
2.54508
15.1944
8.16701
55.2506
215.476
127.633
185.96
334.941
276.614
282.236
340.563
343.374
357.429
327.211
282.939
107.956
103.037
176.122
192.988
221.8
156.445
246.396
98.8206
72.1164
217.584
242.882
322.292
300.507
348.294
281.533
222.503
155.04
118.497
179.636
129.741
126.227
148.012
122.714
216.178
185.258
81.252
178.23
36.2766
53.1424
53.1424
48.2232
140.985
204.934
262.559
113.578
111.47
39.7903
55.9534
118.497
62.278
143.093
130.444
132.552
129.038
87.5767
-99.3523
-90.9194
-194.222
-263.091
-188.6
-223.737
-138.003
-59.2961
-16.4289
-80.3783
-109.893
-59.9988
-12.2125
-57.8906
-123.245
-75.4591
-141.517
-107.082
-33.9974
-38.2139
-111.299
-16.4289
-48.0522
-245.522
-180.167
-313.688
-324.932
-204.763
-277.848
-295.417
-83.892
-90.9194
-20.6454
36.9794
53.8452
70.7109
-67.0262
-87.4057
-190.709
-208.277
-167.518
-147.841
-67.0262
-3.07684
26.4383
35.5739
56.6561
5.35605
34.8712
-28.3755
-92.3249
-62.1071
-191.411
-67.729
-42.4303
-59.2961
10.978
-35.4029
-0.968619
-48.755
-87.4057
-98.6496
-34.7002
-116.218
44.0068
10.2752
-21.3481
128.336
64.3863
41.8986
41.1958
-45.2413
-97.9468
-25.5645
-106.38
-64.918
6.05879
0.436862
-60.7016
-28.3755
-51.5659
-112.704
-75.4591
66.4945
13.7889
-0.265878
107.956
71.4137
67.1972
55.9534
52.4397
45.4123
65.7917
26.4383
103.037
119.2
165.581
162.77
32.7629
22.9246
-24.8618
64.3863
66.4945
64.3863
102.334
191.582
139.58
291.372
285.75
170.5
221.8
119.903
41.1958
-5.18506
-31.1865
-46.6468
-5.18506
39.7903
19.4109
21.5191
8.16701
49.6287
10.978
65.089
65.089
-43.1331
40.4931
-24.1591
-65.6208
-36.8084
-6.59054
-15.7262
61.5753
-33.9974
84.7657
-3.07684
-69.1345
-11.5097
-178.059
-157.68
-112.002
-204.061
-100.055
70.0082
-0.968619
73.5219
15.8972
-24.1591
-152.058
-209.683
-256.063
-234.981
-141.517
-95.1359
-6.59054
-39.6194
-50.1605
-42.4303
-96.5414
-112.002
-69.1345
-206.872
-40.3221
-41.7276
-131.678
-0.265878
-39.6194
-99.3523
-22.7536
-28.3755
-57.8906
60.8726
83.3603
164.175
204.934
174.717
299.102
252.721
261.154
327.211
214.773
249.207
235.855
126.227
164.878
202.123
37.6821
99.5233
96.0096
30.6547
157.148
157.148
162.77
183.149
140.985
134.66
-59.9988
-178.059
-197.736
-325.635
-262.388
-74.7564
-17.1317
48.2232
150.823
5.35605
-68.4317
-104.272
-199.141
-284.876
-256.063
-276.443
-166.815
-41.7276
43.304
96.0096
76.3329
-95.1359
-220.224
-270.821
-372.718
-303.147
-266.605
-173.843
-132.381
-45.944
2.54508
37.6821
-0.968619
-77.5674
-78.2701
-159.788
-128.165
-136.598
-86.703
-60.7016
-59.2961
-22.7536
15.8972
20.8163
-23.4563
10.978
22.2218
-37.5111
-13.618
64.3863
-9.40151
46.115
119.903
57.3589
66.4945
144.499
51.0342
32.0602
98.8206
9.57249
53.1424
120.606
90.3877
185.96
203.529
151.526
106.551
65.7917
117.092
37.6821
22.9246
32.0602
-57.8906
17.3026
116.389
64.3863
159.256
55.2506
-83.892
-142.219
-260.983
-244.117
-211.791
-215.305
-199.141
-129.57
-166.815
-100.055
30.6547
55.2506
103.74
157.148
187.366
143.093
-5.18506
8.16701
-45.944
-80.3783
-35.4029
-50.8632
66.4945
254.829
339.861
348.996
400.296
327.211
359.537
351.104
220.395
278.722
255.532
229.53
233.044
112.875
114.281
46.8177
71.4137
5.35605
11.6807
-24.8618
-63.5125
37.6821
-30.4837
-40.3221
-40.3221
-58.5934
1.1396
-67.0262
-20.6454
192.988
117.092
92.4959
74.2246
-34.7002
-80.3783
57.3589
22.9246
72.8192
206.34
118.497
72.1164
27.8437
-59.2961
-49.4577
-55.0797
-127.462
-88.8112
-109.893
-41.7276
-7.99603
36.9794
48.2232
-11.5097
-178.059
-218.818
-275.037
-200.547
-143.625
-237.792
-174.546
-171.735
-204.061
-185.087
-117.624
-196.331
-100.055
-102.866
-239.9
-264.496
-272.227
-315.796
-243.414
-257.469
-309.472
-201.952
-158.383
-154.166
-123.948
-170.329
-96.5414
-102.866
-92.3249
-16.4289
-7.99603
67.9
107.956
119.903
29.952
34.8712
-21.3481
-29.781
-69.8372
3.24783
3.24783
52.4397
80.5493
2.54508
3.95057
-36.8084
91.0904
77.0356
23.6273
160.662
142.39
138.174
210.556
94.6041
29.952
-10.807
-107.785
-136.598
-178.059
-100.055
-54.3769
-30.4837
-6.59054
33.4657
20.8163
51.7369
124.119
118.497
157.851
158.554
188.069
170.5
161.364
84.7657
152.229
169.095
26.4383
8.86975
20.1136
18.7081
72.1164
99.5233
181.744
150.823
114.984
140.985
51.0342
29.952
-76.8646
-135.192
15.1944
-72.6482
-28.3755
4.65331
-57.8906
-7.99603
-97.2441
-103.569
-242.711
-230.765
-146.436
-206.169
-74.0537
-44.5385
-43.1331
34.1684
107.956
193.691
271.695
318.778
315.967
336.347
308.237
317.373
282.236
155.743
228.125
214.07
65.089
23.6273
-48.0522
6.76153
-38.2139
34.1684
-15.7262
-119.029
-59.9988
-244.82
-240.603
-185.789
-230.062
-151.355
-111.299
-89.5139
-10.807
-41.7276
-72.6482
-75.4591
-88.8112
-106.38
-67.0262
-62.1071
-74.7564
43.304
39.7903
1.1396
15.8972
-17.1317
-20.6454
18.7081
-48.0522
81.252
66.4945
157.851
192.285
114.984
66.4945
58.0616
-11.5097
-147.841
-197.736
-275.74
-143.625
-163.302
-198.439
-107.785
-80.3783
-140.814
-71.2427
-125.354
-144.328
-140.814
-150.652
-135.895
-95.1359
-59.9988
-40.3221
-49.4577
-78.2701
-92.3249
-152.761
16.5999
-31.1865
27.8437
70.0082
92.4959
48.926
85.4685
158.554
1.84234
98.8206
231.639
230.936
238.666
272.398
213.367
92.4959
40.4931
-49.4577
-168.221
-211.088
-280.659
-113.407
-119.029
-24.8618
104.442
66.4945
39.7903
15.8972
-31.8892
-116.921
-87.4057
-131.678
-83.1893
-59.2961
-129.57
-133.787
-107.785
-105.677
-86.703
-64.2153
-50.1605
4.65331
81.252
65.7917
80.5493
142.39
112.173
147.31
169.797
145.201
182.447
111.47
156.445
158.554
55.9534
61.5753
113.578
108.659
152.229
183.852
168.392
119.903
131.849
81.9548
34.8712
43.304
-41.7276
67.1972
122.011
176.122
113.578
215.476
184.555
101.632
100.226
3.24783
-116.218
-144.328
-166.815
-166.113
-182.276
-181.573
-79.6756
-50.8632
22.2218
48.2232
192.285
157.148
228.125
273.803
90.3877
65.7917
160.662
173.311
166.986
188.069
76.3329
23.6273
-6.59054
-57.1879
-102.866
-153.463
-102.866
-38.2139
-91.6222
-33.9974
-4.48232
-83.1893
-100.055
-138.706
-208.277
-218.115
-263.794
-299.633
-155.572
-292.606
-211.791
-188.6
-236.387
-92.3249
-85.2975
-121.137
-71.2427
-168.221
-166.113
-2.3741
-103.569
-91.6222
-45.944
-98.6496
-10.807
-13.618
-12.9152
41.1958
59.4671
170.5
159.959
204.232
237.26
174.717
215.476
163.473
96.7123
71.4137
133.958
106.551
108.659
104.442
-51.5659
-65.6208
-112.002
-171.032
-178.762
-154.166
-50.8632
-9.40151
-12.2125
64.3863
14.4917
6.76153
-22.0508
22.9246
-1.67136
-43.8358
-43.1331
-45.944
36.9794
51.0342
10.978
-62.1071
14.4917
-19.2399
-35.4029
-42.4303
-67.0262
-49.4577
-44.5385
-45.944
-133.787
-133.787
-84.5948
-81.0811
-69.8372
-159.085
-110.596
-60.7016
-64.2153
-59.2961
-74.0537
-69.1345
-152.058
-82.4865
-19.2399
-91.6222
16.5999
65.7917
-3.77958
127.633
84.063
87.5767
107.956
165.581
164.878
136.066
139.58
44.7095
32.7629
-7.29329
58.7643
-10.807
-70.5399
-50.1605
-116.921
-109.191
-53.6742
-25.5645
-70.5399
13.0862
0.436862
-31.1865
-54.3769
-62.1071
-81.0811
-112.704
-130.976
-72.6482
-83.892
82.6575
161.364
68.6027
231.639
137.471
125.525
135.363
111.47
98.8206
197.204
228.828
133.958
138.877
67.9
90.3877
97.4151
126.227
103.74
103.037
169.095
129.038
143.093
185.96
122.011
81.9548
133.255
52.4397
50.3315
50.3315
38.3849
20.1136
-36.8084
-57.1879
-125.354
-113.407
-135.192
-190.709
-191.411
-192.817
-238.495
-277.146
-144.328
-190.006
-228.657
-151.355
-109.191
-119.029
-39.6194
3.95057
9.57249
60.1698
83.3603
53.1424
-50.1605
45.4123
-29.781
28.5465
-40.3221
-132.381
-34.7002
-19.2399
-15.7262
83.3603
110.064
72.1164
157.148
32.7629
10.2752
-48.755
-102.866
-89.5139
-114.11
-62.8098
-13.618
32.7629
112.173
188.069
58.7643
92.4959
98.8206
46.115
70.7109
48.2232
-31.1865
13.7889
16.5999
-17.8344
47.5205
-21.3481
58.0616
90.3877
53.1424
46.8177
62.278
39.0876
11.6807
4.65331
-50.8632
-107.785
-45.2413
29.952
-34.7002
65.089
1.84234
-47.3495
-34.7002
-142.219
-145.03
-228.657
-230.062
-260.983
-190.709
-86.0002
-205.466
-138.003
-107.082
-48.755
-44.5385
-18.5371
-17.8344
-48.0522
-7.99603
-21.3481
27.8437
6.76153
35.5739
51.7369
56.6561
135.363
135.363
153.634
185.96
129.038
216.881
284.344
204.232
247.802
208.448
98.1178
173.311
150.823
102.334
250.613
149.418
237.963
266.776
239.369
247.099
116.389
86.874
-90.2167
-61.4043
-78.2701
-60.7016
-16.4289
33.4657
43.304
33.4657
72.8192
-43.1331
-41.0248
-75.4591
-47.3495
22.9246
83.3603
31.3575
86.874
90.3877
47.5205
-24.8618
-18.5371
-88.8112
-102.163
-26.2673
-104.974
-106.38
-142.219
-111.299
-196.331
-182.276
-192.817
-149.95
-128.867
-178.059
-114.11
-154.166
-159.788
-174.546
-256.063
-276.443
-357.961
-305.958
-292.606
-253.955
-147.139
-46.6468
-21.3481
67.9
42.6013
-74.7564
-110.596
-190.709
-178.762
-172.437
-109.893
-123.948
-117.624
-72.6482
-94.4331
-20.6454
72.1164
-33.2947
60.8726
74.9274
19.4109
117.795
21.5191
81.252
107.253
-7.29329
62.9808
17.3026
137.471
180.338
160.662
159.959
173.311
114.984
127.633
139.58
188.771
125.525
118.497
148.012
74.9274
78.4411
41.1958
65.089
57.3589
105.145
70.0082
90.3877
32.7629
53.1424
-14.3207
-24.1591
16.5999
-71.9454
31.3575
-52.2687
-0.265878
98.8206
71.4137
122.011
153.634
76.3329
167.689
236.558
119.2
81.9548
90.3877
13.7889
-52.9714
-4.48232
-153.463
-72.6482
-4.48232
-75.4591
6.76153
-22.0508
-26.97
22.2218
22.2218
-100.758
-77.5674
-41.7276
18.7081
32.7629
69.3054
204.232
165.581
206.34
183.852
61.5753
45.4123
-2.3741
5.35605
-29.781
-84.5948
-64.918
-71.9454
9.57249
83.3603
14.4917
66.4945
77.0356
17.3026
86.1712
41.8986
-41.7276
-123.245
-160.491
-213.196
-180.87
-194.222
-224.44
-206.872
-216.71
-251.847
-197.736
-252.55
-304.553
-259.577
-246.225
-213.899
-251.847
-221.629
-188.6
-172.437
-96.5414
-36.8084
-105.677
-100.758
-104.272
-81.7838
-67.729
-75.4591
-145.733
-119.732
-152.058
-133.084
-58.5934
-90.2167
-52.2687
45.4123
9.57249
69.3054
117.092
101.632
205.637
155.04
130.444
91.0904
86.874
62.9808
97.4151
49.6287
55.9534
78.4411
-50.8632
-71.9454
-48.0522
-45.944
-73.3509
-23.4563
0.436862
32.0602
70.0082
86.1712
105.145
155.743
202.826
207.043
197.204
266.073
205.637
201.421
262.559
203.529
261.154
233.747
260.451
296.993
266.073
271.695
321.589
328.617
263.965
264.667
126.93
70.0082
102.334
37.6821
107.253
44.0068
69.3054
10.978
-22.7536
-12.2125
-104.974
-97.9468
-19.9426
23.6273
51.0342
164.878
144.499
38.3849
132.552
15.1944
-15.0234
54.5479
-17.8344
74.9274
30.6547
42.6013
0.436862
-47.3495
-90.2167
-169.626
-164.004
-152.761
-140.814
-65.6208
36.2766
13.7889
51.7369
43.304
67.9
35.5739
-69.1345
-87.4057
-173.14
-198.439
-204.763
-198.439
-228.657
-216.007
-242.711
-185.087
-231.468
-216.007
-144.328
-205.466
-195.628
-303.147
-336.176
-265.199
-289.092
-310.877
-142.219
-120.435
-83.1893
52.4397
72.8192
51.7369
-28.3755
-87.4057
-174.546
-128.867
-166.113
-128.867
-86.703
-91.6222
73.5219
83.3603
5.35605
122.714
85.4685
5.35605
90.3877
66.4945
-51.5659
-26.97
-24.1591
-87.4057
-56.4851
-105.677
-71.9454
3.24783
56.6561
38.3849
2.54508
6.05879
-37.5111
-46.6468
32.0602
20.8163
78.4411
103.037
175.419
203.529
234.45
260.451
216.881
153.634
88.2794
128.336
-17.1317
15.1944
69.3054
132.552
101.632
81.252
157.148
206.34
266.776
306.129
278.019
187.366
211.962
129.741
98.1178
60.8726
32.7629
29.952
-95.1359
-72.6482
-103.569
-57.1879
-73.3509
-38.2139
-113.407
-168.221
-149.95
-163.302
-170.329
-84.5948
-3.07684
26.4383
139.58
73.5219
127.633
72.8192
13.7889
-7.29329
-141.517
-119.732
-96.5414
-140.111
-55.0797
-60.7016
-88.8112
-69.1345
-78.2701
-33.2947
-82.4865
-9.40151
126.93
141.688
223.908
220.395
202.826
133.958
114.984
51.7369
-118.326
-154.869
-195.628
-236.387
-201.25
-171.032
-238.495
-208.98
-105.677
-130.976
-71.2427
70.7109
27.141
109.362
112.173
72.1164
48.2232
5.35605
42.6013
-28.3755
-100.055
-96.5414
-13.618
-39.6194
64.3863
19.4109
10.2752
88.2794
77.0356
113.578
143.093
122.011
209.854
202.123
165.581
156.445
132.552
49.6287
108.659
133.255
74.2246
51.0342
27.141
13.0862
-44.5385
-103.569
-154.166
-172.437
-191.411
-104.272
-101.461
50.3315
66.4945
77.7383
74.9274
-47.3495
-85.2975
-130.976
-138.003
-76.8646
-10.807
-35.4029
-44.5385
-31.1865
-94.4331
-125.354
-207.574
-252.55
-290.498
-296.822
-214.602
-161.896
-97.2441
-14.3207
-60.7016
25.0328
51.7369
-36.8084
-67.0262
-71.9454
-144.328
-83.892
-59.2961
-121.84
-71.9454
-82.4865
-160.491
-149.95
-123.245
-164.707
-81.7838
-19.2399
52.4397
72.8192
78.4411
153.634
164.175
201.421
228.828
280.83
211.962
164.175
241.477
119.2
242.18
286.452
150.121
183.852
185.96
131.147
52.4397
60.8726
39.7903
76.3329
65.089
28.5465
90.3877
65.7917
72.8192
87.5767
105.145
108.659
138.877
76.3329
28.5465
73.5219
16.5999
37.6821
158.554
11.6807
125.525
133.255
-43.8358
21.5191
35.5739
-9.40151
1.84234
14.4917
13.0862
30.6547
17.3026
-12.2125
57.3589
-7.29329
-10.1042
-8.69877
-148.544
-176.654
-201.25
-242.711
-293.309
-249.739
-263.091
-285.579
-225.143
-185.789
-145.03
-0.968619
-8.69877
-12.9152
-3.07684
-59.9988
-15.0234
14.4917
-24.8618
-24.1591
-79.6756
-49.4577
-59.2961
-173.14
-197.033
-153.463
-113.407
-140.814
26.4383
-56.4851
38.3849
153.634
-12.9152
-8.69877
-62.8098
-161.896
-161.193
-126.056
-154.166
15.8972
46.115
-36.1057
-4.48232
-153.463
-64.2153
-72.6482
7.46427
202.123
183.149
199.312
234.45
192.988
192.988
199.312
91.7932
58.7643
131.849
152.229
194.393
190.88
223.206
242.882
226.017
240.071
187.366
156.445
124.822
96.0096
133.958
114.281
73.5219
59.4671
96.0096
9.57249
-57.1879
24.33
-27.6728
-100.055
-163.302
-107.785
-99.3523
-35.4029
-1.67136
-85.2975
-44.5385
-25.5645
-62.8098
-24.8618
17.3026
-34.7002
-7.99603
-81.0811
-147.841
-123.948
-130.273
-100.758
-52.9714
-19.9426
38.3849
48.926
79.1438
67.9
100.929
40.4931
61.5753
84.7657
-1.67136
133.255
136.769
81.252
70.7109
18.7081
-31.1865
-31.1865
1.1396
48.926
17.3026
5.35605
11.6807
0.436862
-59.2961
-89.5139
-81.7838
-72.6482
-42.4303
-67.0262
-35.4029
-0.968619
-36.8084
-55.7824
-9.40151
-55.0797
-160.491
-89.5139
-123.245
-156.977
-97.2441
-159.085
-165.41
-195.628
-104.974
-93.0276
-159.085
-115.515
-209.683
-184.384
-208.98
-110.596
-27.6728
-47.3495
16.5999
-56.4851
-15.7262
-34.7002
-23.4563
-5.18506
-85.2975
-26.2673
-114.813
-76.1619
20.1136
-83.1893
-35.4029
-37.5111
-107.082
-77.5674
-30.4837
0.436862
-49.4577
-21.3481
-70.5399
-107.785
-130.273
-91.6222
6.05879
-3.07684
141.688
233.044
237.963
151.526
171.203
40.4931
90.3877
124.119
136.066
200.015
146.607
144.499
140.985
218.989
119.903
55.9534
22.9246
-19.2399
32.7629
75.6301
28.5465
99.5233
-45.944
-74.0537
-24.8618
-33.2947
63.6835
39.0876
39.7903
-33.2947
-80.3783
-108.488
-69.8372
-32.5919
-101.461
8.86975
74.9274
117.795
197.204
104.442
57.3589
8.86975
-93.7304
-82.4865
-19.9426
48.926
130.444
193.691
249.207
203.529
210.556
211.259
129.038
178.933
185.96
246.396
181.041
114.281
180.338
107.956
46.115
93.9014
62.9808
-15.0234
56.6561
30.6547
22.9246
-43.1331
-64.2153
22.9246
7.46427
-7.99603
97.4151
112.173
56.6561
39.0876
-33.9974
-140.111
-148.544
-94.4331
-22.0508
52.4397
43.304
-11.5097
1.84234
32.7629
-80.3783
41.1958
83.3603
35.5739
46.115
39.0876
-28.3755
-69.1345
-28.3755
-120.435
-164.707
-236.387
-197.736
-242.009
-222.332
-163.302
-224.44
-191.411
-229.359
-197.033
-260.983
-223.737
-175.248
-289.795
-289.795
-419.099
-338.987
-320.013
-353.744
-249.036
-260.28
-204.061
-190.006
-261.685
-305.958
-202.655
-166.815
-174.546
-73.3509
-105.677
-38.9166
29.2492
58.0616
25.0328
133.958
178.23
143.093
196.502
206.34
167.689
158.554
165.581
140.985
160.662
130.444
180.338
168.392
194.393
197.204
249.207
241.477
262.559
105.848
53.1424
25.0328
-8.69877
69.3054
18.0054
35.5739
-3.77958
32.0602
32.7629
23.6273
33.4657
91.7932
119.903
109.362
131.147
119.2
82.6575
137.471
15.1944
-47.3495
-43.8358
37.6821
88.2794
113.578
162.77
207.043
163.473
149.418
126.93
39.7903
36.2766
81.252
147.31
126.227
230.233
273.1
240.071
188.771
207.745
128.336
58.0616
30.6547
-42.4303
-18.5371
-134.489
-55.7824
-8.69877
17.3026
68.6027
70.0082
-26.97
-30.4837
-4.48232
-82.4865
-74.0537
-69.1345
-64.2153
-140.111
-147.841
-168.221
-171.032
-204.763
-83.1893
-219.521
-119.732
-96.5414
-128.165
-93.7304
-173.14
-155.572
-185.789
-186.492
-232.873
-163.302
-156.274
-33.9974
-43.8358
-78.9728
16.5999
-61.4043
-101.461
-82.4865
-87.4057
-175.951
-158.383
-168.221
-86.703
-69.8372
-15.0234
28.5465
-104.272
-45.2413
-78.2701
-56.4851
50.3315
164.878
285.75
159.256
233.044
102.334
35.5739
46.115
2.54508
-33.2947
-62.8098
20.1136
-47.3495
26.4383
24.33
49.6287
15.1944
96.7123
51.0342
-31.1865
67.9
67.9
87.5767
98.1178
155.743
142.39
131.849
118.497
146.607
78.4411
-33.9974
-18.5371
-31.8892
6.76153
39.7903
79.1438
155.04
174.014
153.634
190.88
109.362
145.201
155.04
116.389
237.963
171.203
197.907
150.121
56.6561
8.86975
-51.5659
-73.3509
-199.844
-109.191
-71.9454
-151.355
-38.2139
-38.2139
-48.0522
-128.165
-88.1085
-107.785
-118.326
46.115
15.1944
27.141
-74.7564
-77.5674
-167.518
-260.28
-204.061
-259.577
-175.248
-206.872
-186.492
-32.5919
-50.8632
32.7629
-52.9714
-121.84
-150.652
-239.198
-178.762
-112.002
-43.8358
76.3329
133.958
60.1698
83.3603
15.1944
-100.758
-30.4837
-23.4563
-116.218
-2.3741
59.4671
54.5479
114.281
70.7109
15.1944
-79.6756
-63.5125
-79.6756
-50.8632
117.092
98.8206
33.4657
36.2766
-76.8646
-121.137
-90.9194
-90.9194
-41.0248
-115.515
-150.652
-144.328
-144.328
-25.5645
32.0602
68.6027
105.848
121.308
67.1972
41.1958
39.7903
45.4123
103.74
155.04
226.719
236.558
256.937
159.256
147.31
42.6013
-75.4591
-93.0276
-72.6482
-99.3523
-52.9714
-66.3235
-123.245
-88.8112
-233.576
-266.605
-264.496
-221.629
-162.599
-59.2961
-95.8386
-12.2125
-61.4043
-111.299
-6.59054
-104.272
29.2492
53.8452
39.0876
38.3849
88.2794
41.1958
-12.2125
50.3315
37.6821
28.5465
43.304
155.743
186.663
262.559
290.669
285.047
230.936
185.96
142.39
115.686
107.253
97.4151
141.688
155.743
64.3863
55.9534
-5.8878
27.141
42.6013
35.5739
60.8726
0.436862
89.6849
75.6301
132.552
221.097
258.343
350.402
308.237
241.477
189.474
176.122
130.444
126.93
161.364
197.204
218.286
243.585
238.666
199.312
205.637
93.9014
60.8726
-39.6194
-28.3755
56.6561
53.1424
9.57249
33.4657
-145.733
-189.303
-286.281
-316.499
-232.17
-280.659
-296.12
-367.799
-485.86
-464.777
-551.917
-516.078
-422.613
-405.747
-218.115
-200.547
-175.951
-158.383
-109.191
-203.358
-160.491
-193.52
-276.443
-162.599
-134.489
-204.763
-146.436
-123.948
-131.678
-45.2413
-36.8084
-53.6742
-25.5645
-50.8632
-84.5948
-81.0811
-67.729
38.3849
-24.8618
-11.5097
69.3054
48.2232
131.147
117.795
21.5191
-19.9426
-81.0811
-152.058
-59.9988
-38.2139
34.8712
34.1684
-3.77958
66.4945
58.7643
119.903
58.7643
106.551
53.8452
68.6027
91.0904
13.7889
35.5739
-26.2673
72.1164
13.0862
44.7095
77.7383
39.0876
32.7629
119.903
149.418
102.334
246.396
166.284
263.262
292.777
244.991
243.585
231.639
235.152
127.633
98.1178
144.499
160.662
226.017
210.556
206.34
184.555
151.526
200.718
93.1986
163.473
110.064
114.281
144.499
263.965
231.639
133.255
209.854
65.089
13.7889
10.2752
72.1164
-7.29329
-14.3207
-78.2701
-131.678
-146.436
-242.711
-190.709
-182.978
-232.17
-165.41
-87.4057
-54.3769
-51.5659
41.8986
-22.0508
-50.8632
24.33
23.6273
32.7629
54.5479
71.4137
64.3863
2.54508
-55.0797
-52.9714
-118.326
-94.4331
-31.8892
-135.192
-97.2441
-64.2153
-166.815
-114.813
-143.625
-102.163
-50.1605
-61.4043
-61.4043
-69.1345
-4.48232
-55.7824
-36.1057
-43.8358
-113.407
-139.409
-133.084
-166.815
-130.976
-114.813
-135.895
-45.944
-83.1893
-14.3207
32.7629
24.33
15.1944
46.8177
18.7081
-25.5645
-106.38
-94.4331
-136.598
-273.632
-168.924
-188.6
-172.437
-59.2961
-97.2441
-27.6728
-50.1605
-78.9728
-81.0811
-105.677
-140.111
-124.651
-119.029
-101.461
11.6807
119.903
178.933
188.771
245.693
195.799
141.688
96.7123
-5.8878
-50.1605
-36.1057
-24.1591
-3.07684
14.4917
-7.29329
-19.9426
-62.1071
-93.7304
-53.6742
-52.2687
2.54508
26.4383
1.84234
-24.1591
44.7095
-78.9728
-75.4591
-29.0782
-112.002
-48.0522
-31.8892
-70.5399
-152.058
-133.084
-165.41
-205.466
-198.439
-158.383
-53.6742
-30.4837
-29.0782
53.1424
19.4109
75.6301
100.929
152.229
211.259
203.529
247.802
114.281
85.4685
58.0616
36.9794
127.633
163.473
192.988
191.582
182.447
212.665
133.255
73.5219
52.4397
-3.77958
-11.5097
-17.1317
5.35605
-38.9166
-35.4029
29.2492
23.6273
28.5465
3.95057
33.4657
98.8206
107.253
181.744
151.526
132.552
166.284
213.367
155.743
221.8
259.045
267.478
289.966
261.154
300.507
198.61
173.311
181.744
176.825
154.337
145.201
130.444
120.606
127.633
164.175
161.364
127.633
129.038
79.8466
27.141
48.2232
10.978
-9.40151
-41.7276
-21.3481
-160.491
-169.626
-138.003
-234.981
-196.331
-212.494
-213.899
-205.466
-138.003
-72.6482
-121.84
-150.652
-84.5948
-131.678
-112.704
-115.515
-191.411
-125.354
-136.598
-128.165
-192.817
-258.874
-273.632
-298.228
-265.902
-212.494
-173.14
-142.922
-82.4865
-15.0234
3.95057
-86.0002
20.1136
-40.3221
-104.272
-51.5659
-190.709
-177.357
-109.893
-94.4331
-33.9974
-38.9166
-4.48232
-48.755
-179.465
-126.759
-188.6
-156.274
-62.1071
-71.2427
-30.4837
-11.5097
46.8177
-81.7838
-41.0248
-66.3235
-67.729
54.5479
43.304
80.5493
16.5999
-30.4837
-114.11
-155.572
-126.056
-175.951
-135.192
-64.918
-39.6194
-14.3207
24.33
65.089
115.686
199.312
223.908
233.747
231.639
264.667
281.533
308.237
354.618
244.288
314.562
353.213
355.321
433.325
334.239
290.669
249.91
261.154
241.477
225.314
174.717
127.633
165.581
51.7369
116.389
140.985
84.063
157.148
72.1164
38.3849
22.2218
-45.944
-155.572
-218.818
-145.733
-181.573
-256.063
-264.496
-253.253
-225.143
-194.925
-78.9728
-60.7016
-110.596
-74.0537
-93.7304
-218.115
-172.437
-241.306
-244.117
-159.085
-163.302
-90.2167
-157.68
-57.1879
-42.4303
-52.9714
-39.6194
-150.652
-170.329
-128.867
-173.14
-158.383
-100.758
-96.5414
-36.8084
-110.596
-49.4577
-45.2413
-34.7002
-9.40151
-63.5125
-64.918
-132.381
-102.163
-94.4331
-98.6496
-27.6728
-65.6208
-95.8386
-31.8892
-25.5645
-16.4289
36.2766
49.6287
131.849
152.932
171.203
227.422
225.314
205.637
146.607
58.0616
10.2752
-24.1591
25.7355
54.5479
123.416
122.714
117.795
137.471
85.4685
113.578
105.848
226.719
176.825
134.66
82.6575
71.4137
127.633
83.3603
66.4945
-52.2687
51.0342
-5.18506
-38.9166
46.115
-39.6194
-42.4303
-67.0262
-126.759
-78.9728
-114.813
-42.4303
31.3575
77.0356
143.796
218.286
160.662
136.066
4.65331
-177.357
-132.381
-246.225
-204.763
-88.1085
48.2232
191.582
240.774
300.507
237.963
130.444
77.0356
-62.1071
-133.787
-119.732
-122.543
-101.461
-17.1317
-60.7016
-19.2399
-86.0002
-139.409
-150.652
-211.088
-269.416
-234.279
-244.82
-294.011
-201.25
-221.629
-126.056
-62.1071
-48.0522
6.05879
30.6547
25.0328
79.1438
-19.9426
13.0862
37.6821
32.0602
55.9534
-54.3769
-4.48232
41.8986
8.86975
77.7383
47.5205
-56.4851
-26.2673
-79.6756
-32.5919
-72.6482
-86.0002
22.9246
-20.6454
-61.4043
-5.18506
-45.944
-39.6194
22.9246
13.0862
98.8206
77.0356
189.474
171.203
155.04
157.851
49.6287
91.0904
41.1958
-38.2139
15.1944
67.1972
100.226
249.207
292.074
209.854
166.986
157.148
99.5233
79.1438
9.57249
-13.618
72.1164
10.2752
72.8192
122.011
76.3329
92.4959
100.226
37.6821
100.226
40.4931
37.6821
114.984
3.24783
133.255
58.0616
-36.8084
127.633
46.115
133.958
225.314
149.418
107.956
128.336
9.57249
-36.1057
-65.6208
-190.006
-96.5414
-33.2947
-42.4303
13.7889
129.038
75.6301
11.6807
-62.1071
-259.577
-256.766
-331.257
-330.554
-242.711
-295.417
-187.898
-194.222
-210.385
-143.625
-185.087
-240.603
-111.299
-130.976
-69.8372
1.1396
8.16701
51.7369
-1.67136
6.05879
-41.0248
-97.9468
-73.3509
-91.6222
-104.272
54.5479
10.978
46.8177
45.4123
55.2506
-57.8906
-20.6454
-16.4289
-12.9152
67.1972
42.6013
102.334
73.5219
102.334
41.8986
41.1958
-14.3207
-4.48232
-83.1893
-103.569
-109.191
-109.893
-84.5948
-75.4591
40.4931
58.7643
107.253
148.715
170.5
70.7109
111.47
71.4137
-28.3755
78.4411
11.6807
-47.3495
43.304
-59.2961
-3.77958
41.8986
29.952
34.1684
41.8986
67.9
79.8466
158.554
42.6013
87.5767
-12.9152
-79.6756
10.2752
-105.677
-153.463
-138.003
-201.25
-230.062
-168.221
-168.221
-99.3523
-12.2125
84.7657
76.3329
-7.99603
-31.1865
-79.6756
-123.948
-107.785
-153.463
-160.491
-124.651
-73.3509
-66.3235
30.6547
53.1424
-7.99603
-55.0797
-50.8632
-79.6756
-64.918
-15.0234
3.24783
87.5767
94.6041
96.7123
124.822
59.4671
13.7889
29.2492
39.7903
27.8437
3.95057
-1.67136
-67.0262
-3.07684
79.8466
12.3835
82.6575
45.4123
31.3575
31.3575
112.173
108.659
35.5739
84.063
104.442
178.933
192.988
179.636
196.502
202.123
236.558
321.589
208.448
257.64
209.854
137.471
143.796
152.932
148.715
123.416
155.743
133.958
97.4151
34.8712
67.1972
63.6835
10.2752
58.7643
11.6807
-84.5948
-59.9988
-134.489
-138.706
-36.8084
-89.5139
-157.68
-168.924
-150.652
-188.6
-86.0002
-168.924
-154.166
-76.8646
-171.735
-97.2441
-156.977
-207.574
-135.192
-165.41
-218.115
-173.843
-241.306
-190.006
-109.191
-81.7838
62.278
28.5465
46.115
110.767
46.8177
13.7889
-15.7262
-65.6208
7.46427
-9.40151
-2.3741
3.24783
22.2218
22.2218
-10.1042
-90.9194
-113.407
-114.11
-146.436
-147.139
-164.004
-139.409
-97.9468
25.7355
-85.2975
-88.1085
1.84234
-25.5645
38.3849
84.7657
60.8726
76.3329
21.5191
25.7355
42.6013
-11.5097
16.5999
-43.1331
-41.0248
31.3575
48.2232
100.929
96.0096
144.499
137.471
185.258
233.747
280.128
275.911
260.451
218.989
131.147
171.203
140.985
113.578
51.0342
-33.2947
-24.8618
41.1958
-3.07684
-52.2687
-18.5371
-67.0262
-55.0797
-37.5111
-100.055
-33.9974
-47.3495
-52.9714
-90.9194
-76.8646
-118.326
-201.25
-149.95
-172.437
-211.088
-199.141
-246.928
-204.763
-148.544
-106.38
-78.2701
-38.2139
-7.99603
-35.4029
-10.807
-36.1057
-11.5097
-0.265878
48.926
25.7355
20.8163
44.0068
52.4397
25.7355
25.7355
-15.0234
-10.807
92.4959
15.8972
10.978
71.4137
71.4137
32.7629
22.2218
-9.40151
-21.3481
-26.97
51.7369
96.0096
106.551
157.851
131.849
195.799
169.095
195.096
260.451
144.499
190.88
158.554
123.416
223.908
209.151
138.877
207.745
171.203
114.984
161.364
182.447
165.581
157.851
153.634
104.442
71.4137
74.2246
20.8163
-103.569
-77.5674
-47.3495
-93.0276
-41.0248
-97.2441
-66.3235
-15.0234
-59.9988
-102.163
-163.302
-202.655
-185.087
-190.006
-196.331
-134.489
-145.03
-121.84
-169.626
-173.843
-241.306
-200.547
-191.411
-240.603
-118.326
-137.3
-181.573
-66.3235
-98.6496
-24.8618
-30.4837
-7.99603
5.35605
-45.944
-52.2687
-43.8358
-15.7262
-103.569
-90.9194
-48.755
-155.572
-178.059
-106.38
-187.898
-147.139
-194.222
-185.087
-241.306
-291.903
-217.413
-225.846
-225.143
-153.463
-121.84
-116.218
-70.5399
-28.3755
-28.3755
57.3589
85.4685
161.364
158.554
132.552
278.019
250.613
234.45
235.855
186.663
249.91
258.343
261.856
292.777
234.45
223.908
242.18
165.581
253.424
228.125
252.018
311.751
242.882
290.669
264.667
302.615
280.128
179.636
156.445
184.555
58.0616
67.1972
151.526
27.141
88.9822
158.554
47.5205
-41.7276
-95.1359
-240.603
-336.176
-261.685
-283.47
-183.681
-59.9988
-76.1619
6.05879
122.011
55.2506
96.7123
36.9794
-29.0782
-0.968619
-84.5948
-83.892
-53.6742
-54.3769
-83.892
-97.9468
-169.626
-185.087
-166.815
-145.03
-128.165
-140.814
-115.515
-115.515
-119.732
-130.273
-161.193
-170.329
-116.218
-81.7838
-86.0002
22.9246
-17.8344
-49.4577
32.0602
-107.082
-110.596
-19.2399
-199.844
-134.489
-109.893
-149.247
-22.7536
8.86975
0.436862
83.3603
27.141
64.3863
146.607
106.551
160.662
90.3877
124.822
59.4671
-7.29329
-31.8892
-10.1042
-105.677
-30.4837
-14.3207
-1.67136
137.471
50.3315
122.714
70.0082
-7.99603
-44.5385
-198.439
-187.195
-121.137
-99.3523
47.5205
11.6807
44.0068
-21.3481
-78.9728
-178.059
-152.761
-114.11
-185.087
-111.299
-106.38
-87.4057
-29.0782
8.86975
-27.6728
-15.0234
44.7095
19.4109
120.606
108.659
148.715
179.636
152.229
107.253
100.929
115.686
88.9822
84.063
-10.807
12.3835
-51.5659
20.8163
13.7889
-43.1331
19.4109
-3.77958
46.115
77.7383
30.6547
149.418
176.122
149.418
121.308
34.1684
32.0602
96.7123
26.4383
-12.2125
14.4917
-31.1865
11.6807
19.4109
-65.6208
4.65331
21.5191
-17.1317
66.4945
67.9
57.3589
175.419
153.634
191.582
152.932
89.6849
149.418
9.57249
25.0328
65.089
3.24783
-38.9166
50.3315
-6.59054
100.226
88.9822
56.6561
86.874
-109.191
-57.1879
-14.3207
-87.4057
-56.4851
-48.755
-90.2167
3.24783
-10.1042
-33.9974
-62.1071
-43.1331
-93.0276
-153.463
-126.759
-122.543
-50.8632
-7.99603
61.5753
112.173
178.933
132.552
96.7123
112.875
-64.918
48.2232
-43.8358
-70.5399
-83.1893
-90.2167
-8.69877
20.8163
41.1958
32.7629
27.141
-7.29329
-34.7002
-94.4331
4.65331
-41.0248
-33.9974
-55.7824
-53.6742
-181.573
-117.624
-194.925
-191.411
-141.517
-299.633
-166.815
-178.059
-177.357
-85.2975
-180.167
-209.683
-193.52
-239.9
-219.521
-146.436
-97.9468
-92.3249
36.2766
-59.2961
-2.3741
-92.3249
-229.359
-86.0002
-138.003
-51.5659
19.4109
51.7369
176.825
133.958
155.743
134.66
107.253
91.7932
91.0904
227.422
152.229
186.663
176.825
136.769
167.689
74.9274
34.1684
-26.2673
-82.4865
-17.1317
-32.5919
-41.7276
27.8437
36.2766
71.4137
132.552
144.499
188.069
176.825
134.66
114.281
36.2766
-29.781
-68.4317
-56.4851
-103.569
-38.9166
26.4383
55.2506
178.23
122.714
119.903
148.012
37.6821
64.3863
86.874
34.8712
107.253
119.903
103.74
124.119
93.9014
12.3835
18.0054
-17.8344
-85.2975
32.0602
-17.1317
39.0876
110.064
58.7643
237.26
206.34
228.125
268.181
178.933
136.769
84.7657
65.089
81.9548
116.389
110.767
174.014
149.418
74.2246
76.3329
71.4137
25.0328
-10.1042
42.6013
-62.1071
-4.48232
57.3589
-58.5934
-24.8618
-88.1085
-167.518
-226.548
-254.658
-244.82
-245.522
-245.522
-168.924
-227.954
-230.765
-178.762
-312.283
-329.149
-348.825
-335.473
-286.984
-244.117
-269.416
-254.658
-210.385
-157.68
-202.655
-201.25
-106.38
-202.655
-106.38
17.3026
48.926
30.6547
-29.0782
-83.1893
-100.758
-182.978
-142.219
-86.0002
39.0876
161.364
227.422
222.503
199.312
118.497
-47.3495
-104.974
-126.056
-108.488
-63.5125
-42.4303
0.436862
29.2492
36.9794
58.7643
-7.29329
20.8163
-45.2413
-53.6742
-32.5919
-57.8906
-115.515
-83.892
-57.1879
-97.2441
-64.918
-59.2961
28.5465
44.0068
49.6287
93.9014
142.39
44.0068
164.878
169.797
142.39
191.582
103.74
225.314
103.037
103.037
28.5465
42.6013
53.8452
117.795
230.233
152.229
301.21
125.525
188.069
171.203
46.115
53.1424
4.65331
37.6821
137.471
112.173
117.795
238.666
194.393
242.18
212.665
118.497
4.65331
-59.2961
-32.5919
-29.781
-118.326
-75.4591
-22.7536
-48.0522
46.115
77.7383
122.011
84.063
94.6041
99.5233
11.6807
94.6041
12.3835
-65.6208
3.24783
-1.67136
44.0068
15.1944
18.0054
13.7889
13.7889
52.4397
155.04
185.96
95.3069
164.175
18.0054
-62.8098
-97.9468
-211.088
-167.518
-106.38
-69.1345
114.281
176.122
26.4383
-3.77958
-112.002
-242.009
-193.52
-199.141
-125.354
-77.5674
-61.4043
2.54508
-4.48232
-57.1879
-133.084
-147.139
-196.331
-172.437
-302.444
-267.307
-174.546
-232.17
-139.409
-171.735
-181.573
-58.5934
-192.114
-209.683
-246.225
-219.521
-117.624
-146.436
-81.7838
8.16701
15.1944
97.4151
52.4397
-22.7536
-2.3741
-68.4317
42.6013
55.9534
34.1684
157.148
67.9
105.848
63.6835
60.8726
88.2794
73.5219
49.6287
17.3026
24.33
76.3329
142.39
69.3054
91.0904
-7.99603
20.1136
-12.9152
-45.2413
-14.3207
15.1944
27.141
3.95057
-100.055
-97.2441
-92.3249
-151.355
-75.4591
-103.569
-81.7838
9.57249
-2.3741
-49.4577
-57.1879
-114.813
-77.5674
-60.7016
-52.2687
0.436862
-7.29329
29.952
68.6027
49.6287
110.767
105.145
143.796
193.691
209.151
199.312
129.741
5.35605
-90.9194
-145.03
-178.762
-84.5948
-96.5414
4.65331
68.6027
65.089
104.442
98.1178
110.767
121.308
94.6041
122.714
55.2506
23.6273
91.7932
33.4657
-0.968619
55.9534
1.84234
-94.4331
13.7889
-39.6194
67.9
133.958
167.689
226.017
118.497
78.4411
85.4685
132.552
69.3054
149.418
105.145
120.606
119.903
103.037
91.0904
29.952
53.8452
118.497
62.278
65.7917
102.334
50.3315
81.252
1.84234
-17.8344
3.95057
-0.265878
100.226
147.31
155.743
187.366
153.634
178.933
126.227
184.555
195.799
143.093
129.741
159.959
110.064
26.4383
63.6835
48.2232
100.929
113.578
133.255
81.252
42.6013
93.9014
45.4123
-53.6742
-37.5111
-110.596
-89.5139
-114.11
-145.03
-205.466
-229.359
-275.74
-376.935
-305.255
-353.744
-296.822
-279.957
-273.632
-268.01
-263.091
-322.824
-268.713
-279.254
-298.228
-213.899
-234.279
-211.791
-208.98
-269.416
-353.042
-336.176
-351.636
-324.229
-276.443
-175.951
-180.87
-121.137
-88.1085
-99.3523
-45.2413
-8.69877
-65.6208
-48.755
-12.9152
-45.2413
-69.8372
-107.082
-62.8098
-134.489
-61.4043
80.5493
78.4411
61.5753
196.502
88.2794
156.445
218.286
34.8712
185.96
131.147
218.989
331.428
273.803
280.128
282.939
239.369
255.532
358.132
315.967
285.047
320.887
255.532
134.66
91.7932
39.7903
-48.755
-59.9988
-31.8892
-26.97
32.7629
64.3863
42.6013
71.4137
55.9534
52.4397
72.8192
13.0862
-67.0262
-26.2673
-107.785
-60.7016
-55.0797
-89.5139
-57.1879
-67.0262
-26.97
-98.6496
-100.758
-135.895
-156.274
-79.6756
-101.461
-118.326
-10.807
-69.8372
-7.29329
-36.8084
-90.9194
-90.9194
-196.331
-152.761
-243.414
-204.763
-169.626
-295.417
-194.222
-184.384
-169.626
-0.968619
-2.3741
-55.0797
67.9
77.7383
72.8192
184.555
160.662
63.6835
207.745
77.7383
119.2
193.691
153.634
231.639
238.666
136.066
122.011
197.907
103.74
188.069
241.477
203.529
228.828
179.636
97.4151
57.3589
20.8163
62.278
150.121
138.174
136.066
118.497
131.849
77.0356
-12.2125
37.6821
-94.4331
-15.0234
3.95057
20.8163
107.253
72.8192
112.875
183.149
25.7355
90.3877
124.822
24.33
44.7095
8.86975
-104.974
-52.2687
-55.0797
-77.5674
-71.9454
-95.8386
-130.273
-112.704
-66.3235
-95.8386
-90.2167
-134.489
-139.409
-183.681
-108.488
-108.488
-42.4303
5.35605
41.8986
22.9246
49.6287
41.1958
-15.0234
-62.8098
-164.004
-161.896
-68.4317
-144.328
-69.1345
-55.0797
-24.1591
71.4137
-6.59054
58.0616
-40.3221
-36.8084
-102.866
-119.029
-112.704
-90.2167
-55.0797
-22.0508
-39.6194
15.1944
39.0876
72.8192
105.848
42.6013
27.8437
-11.5097
-52.9714
-76.1619
-3.07684
-121.84
12.3835
21.5191
-43.8358
34.1684
-43.8358
-65.6208
-80.3783
-58.5934
-45.2413
11.6807
13.0862
-34.7002
-93.0276
-154.869
-181.573
-256.766
-163.302
-50.8632
-58.5934
16.5999
4.65331
-65.6208
-31.8892
-67.729
-95.8386
-109.191
-94.4331
-7.29329
117.092
27.8437
25.0328
58.7643
-36.1057
71.4137
81.9548
41.1958
84.7657
84.7657
-57.8906
-7.99603
-85.2975
-94.4331
122.714
47.5205
148.715
190.177
24.33
44.7095
-32.5919
-143.625
-88.8112
6.05879
-17.1317
76.3329
32.7629
-7.29329
34.8712
-125.354
-271.524
-212.494
-312.985
-232.873
-156.274
-164.707
47.5205
-33.2947
-13.618
41.8986
77.7383
88.2794
215.476
206.34
186.663
254.126
132.552
137.471
200.015
140.282
218.286
289.263
374.295
412.946
360.24
358.132
257.64
240.774
263.262
311.751
312.454
351.104
359.537
306.129
218.286
149.418
63.6835
-14.3207
83.3603
77.7383
100.226
105.848
43.304
-52.9714
-80.3783
-63.5125
3.95057
32.0602
70.0082
141.688
143.796
49.6287
27.141
-84.5948
-208.277
-130.273
-115.515
-38.9166
17.3026
40.4931
44.0068
-39.6194
-96.5414
-83.1893
-171.032
-196.331
-94.4331
-140.814
-98.6496
-192.114
-273.632
-351.636
-321.418
-289.092
-276.443
-242.009
-348.123
-197.736
-262.388
-249.036
-242.009
-250.442
-213.899
-179.465
-230.765
-276.443
-259.577
-290.498
-279.957
-380.449
-372.016
-317.905
-272.929
-249.739
-208.98
-210.385
-205.466
-81.0811
-125.354
-14.3207
174.717
103.037
163.473
103.74
36.9794
30.6547
-53.6742
-65.6208
-0.265878
-41.0248
-113.407
-41.7276
-17.8344
3.24783
122.011
100.929
68.6027
153.634
105.145
19.4109
114.281
81.9548
70.0082
144.499
93.1986
73.5219
164.175
180.338
227.422
204.934
52.4397
100.226
10.978
37.6821
185.96
146.607
252.018
233.747
150.823
198.61
154.337
122.714
176.825
88.9822
92.4959
77.7383
67.1972
114.281
46.8177
38.3849
-13.618
-64.2153
-87.4057
-62.8098
-52.9714
-23.4563
60.8726
39.7903
55.9534
-1.67136
-19.9426
76.3329
73.5219
149.418
163.473
182.447
216.178
166.284
191.582
81.252
-48.0522
-55.0797
-151.355
-161.896
-52.2687
-46.6468
37.6821
60.8726
67.1972
125.525
106.551
115.686
195.799
94.6041
-14.3207
86.874
-78.2701
-65.6208
-88.1085
-156.274
-140.814
-174.546
-175.248
-140.814
-183.681
-284.173
-215.305
-216.007
-154.869
-93.0276
-80.3783
94.6041
8.16701
106.551
93.9014
-53.6742
4.65331
84.7657
100.226
76.3329
119.2
127.633
133.255
129.741
217.584
79.1438
76.3329
112.173
155.743
126.227
138.877
164.878
140.985
131.849
126.227
152.229
98.1178
183.852
70.0082
27.8437
-36.8084
-132.381
-116.218
-95.8386
-53.6742
-19.9426
56.6561
2.54508
47.5205
-2.3741
-50.8632
-29.0782
-154.869
-109.893
-87.4057
-74.0537
-40.3221
-46.6468
-48.0522
-13.618
-16.4289
12.3835
55.9534
-3.07684
13.7889
-97.9468
-138.706
-168.924
-180.167
-140.111
-117.624
-131.678
-62.8098
-104.974
-101.461
-70.5399
-166.113
-178.059
-106.38
-102.163
-42.4303
-38.2139
-111.299
-46.6468
-24.1591
-41.0248
51.0342
38.3849
41.1958
79.1438
-66.3235
-89.5139
-28.3755
-109.893
-62.8098
-39.6194
-63.5125
48.926
10.2752
90.3877
28.5465
41.1958
-15.0234
43.304
91.0904
51.0342
100.929
29.2492
27.8437
19.4109
10.978
-12.2125
20.8163
-43.1331
-12.9152
21.5191
-49.4577
-55.7824
-107.785
-142.922
-151.355
-224.44
-152.761
-90.9194
-59.9988
78.4411
93.9014
50.3315
53.1424
14.4917
-0.968619
-28.3755
-45.944
-72.6482
-135.192
-159.788
-157.68
-146.436
-219.521
-154.869
-172.437
-64.2153
113.578
109.362
247.802
236.558
163.473
243.585
134.66
66.4945
67.9
-19.9426
-76.8646
-58.5934
-180.167
-171.735
-60.7016
-98.6496
-10.807
-2.3741
-36.8084
-59.2961
-73.3509
-52.9714
14.4917
-15.0234
45.4123
134.66
131.849
226.017
169.095
136.066
176.122
149.418
55.2506
71.4137
129.038
120.606
113.578
117.092
111.47
56.6561
103.74
220.395
262.559
190.177
259.045
118.497
44.0068
22.9246
-164.004
-77.5674
-63.5125
6.05879
82.6575
61.5753
-10.807
-36.1057
-108.488
-265.902
-260.28
-253.253
-140.111
-41.7276
58.7643
95.3069
140.282
243.585
276.614
240.071
184.555
83.3603
76.3329
148.012
87.5767
80.5493
55.9534
-71.2427
-22.7536
19.4109
-16.4289
21.5191
11.6807
93.9014
103.74
43.304
52.4397
0.436862
1.84234
-114.813
-90.9194
-83.892
-82.4865
-138.003
-60.7016
41.1958
17.3026
117.795
34.8712
-20.6454
-76.1619
-223.737
-277.146
-190.006
-242.711
-18.5371
29.952
88.9822
146.607
28.5465
-35.4029
-143.625
-180.167
-166.113
-184.384
-120.435
-114.11
-166.815
28.5465
-78.2701
-67.0262
-42.4303
-19.2399
52.4397
114.984
122.714
166.284
144.499
48.926
173.311
7.46427
-19.2399
21.5191
-86.703
18.7081
-2.3741
-107.785
-19.2399
-113.407
-165.41
-83.892
-128.165
-179.465
-63.5125
-122.543
-79.6756
-87.4057
-272.227
-189.303
-197.033
-143.625
3.95057
-97.2441
-79.6756
5.35605
-39.6194
-31.1865
-47.3495
-109.893
-51.5659
-12.2125
-78.2701
143.093
171.203
140.282
171.906
122.011
23.6273
-47.3495
-114.813
-132.381
-51.5659
-83.1893
18.7081
-22.0508
51.0342
82.6575
112.875
56.6561
33.4657
15.8972
-7.99603
46.8177
-48.755
-21.3481
51.0342
44.7095
72.1164
24.33
7.46427
62.9808
48.926
51.7369
147.31
144.499
91.0904
170.5
109.362
44.0068
-16.4289
-84.5948
-57.1879
-64.2153
1.1396
10.978
10.978
129.038
180.338
230.233
166.284
187.366
143.093
224.611
154.337
216.881
180.338
121.308
161.364
67.1972
78.4411
25.0328
96.0096
-7.99603
62.9808
155.04
143.796
169.095
140.985
182.447
106.551
148.715
194.393
84.063
60.8726
-59.9988
-19.2399
-47.3495
-84.5948
60.8726
79.1438
65.7917
120.606
13.0862
-8.69877
-38.2139
-284.876
-225.143
-181.573
-219.521
-133.787
-130.976
-151.355
-172.437
-200.547
-206.169
-172.437
-149.95
-57.1879
-15.0234
-27.6728
15.8972
39.0876
-8.69877
94.6041
-5.8878
-3.77958
-32.5919
30.6547
36.9794
-5.8878
35.5739
-114.11
-142.219
-124.651
-63.5125
-29.0782
-55.0797
29.952
34.8712
32.7629
-17.8344
-49.4577
-22.0508
-43.8358
-17.1317
-79.6756
-175.248
-240.603
-251.847
-225.846
-311.58
-342.501
-221.629
-274.335
-220.926
-150.652
-217.413
-237.089
-187.195
-218.115
-240.603
-229.359
-173.14
-16.4289
-31.8892
34.1684
-0.968619
-74.7564
-18.5371
-64.2153
-68.4317
-83.1893
-85.2975
14.4917
11.6807
15.1944
129.741
96.7123
-23.4563
97.4151
-27.6728
-81.0811
-33.2947
-118.326
-98.6496
-111.299
-14.3207
9.57249
-23.4563
-60.7016
-48.0522
-191.411
-228.657
-154.166
-159.788
-173.843
-78.9728
-79.6756
-47.3495
29.952
22.9246
-19.2399
65.089
83.3603
71.4137
171.203
178.933
255.532
342.672
310.346
337.05
311.048
366.565
290.669
326.509
377.106
375.7
469.165
438.244
418.568
330.725
216.881
308.94
292.074
274.506
310.346
410.837
375.7
422.784
363.754
313.156
344.077
223.206
167.689
127.633
137.471
150.121
195.096
242.882
245.693
117.795
216.178
220.395
48.926
84.7657
9.57249
-38.2139
24.33
3.24783
73.5219
129.038
131.849
154.337
149.418
162.77
161.364
116.389
93.9014
81.9548
-53.6742
-7.29329
-70.5399
-197.033
-161.193
-219.521
-310.877
-242.009
-315.796
-360.069
-282.065
-288.39
-308.769
-212.494
-205.466
-312.985
-314.391
-449.317
-451.425
-447.912
-518.889
-456.345
-476.724
-437.371
-305.255
-413.477
-339.69
-342.501
-440.884
-402.234
-438.073
-372.718
-425.424
-353.744
-292.606
-349.528
-310.877
-343.906
-180.167
-187.898
-119.029
-17.1317
-71.9454
-26.2673
23.6273
-58.5934
-71.9454
-145.03
-192.114
-114.813
-147.139
-98.6496
-83.1893
-45.944
104.442
103.037
104.442
116.389
99.5233
177.528
214.773
162.77
207.745
196.502
176.122
206.34
199.312
209.151
211.962
248.504
193.691
193.691
179.636
200.718
278.019
162.067
239.369
261.154
288.561
367.97
298.399
334.941
210.556
247.099
278.019
235.152
168.392
209.854
188.069
221.097
213.367
145.904
160.662
202.123
172.608
174.717
209.854
126.227
256.234
199.312
225.314
177.528
134.66
100.929
129.038
69.3054
-9.40151
12.3835
-134.489
-117.624
3.95057
-141.517
-0.265878
3.24783
9.57249
130.444
41.1958
64.3863
9.57249
-42.4303
-2.3741
15.1944
-55.0797
-41.7276
-7.29329
-90.2167
-24.1591
-33.9974
-130.273
-98.6496
-158.383
-139.409
-223.737
-150.652
-72.6482
-124.651
-99.3523
-159.788
-179.465
-262.388
-210.385
-150.652
-161.896
-37.5111
-120.435
-38.9166
-31.1865
-102.163
-14.3207
-114.813
-17.8344
-22.7536
-69.1345
13.0862
-130.273
-115.515
-138.706
-253.253
-218.818
-371.313
-322.121
-187.195
-216.71
-185.087
-145.733
-161.193
-275.037
-133.787
-130.273
-195.628
-103.569
-306.661
-247.631
-223.035
-302.444
-124.651
-149.247
-173.14
-84.5948
-43.1331
-19.2399
41.1958
14.4917
13.0862
18.7081
46.8177
65.7917
162.067
98.1178
118.497
142.39
27.8437
96.7123
181.744
166.284
176.122
264.667
267.478
318.076
307.535
266.776
243.585
155.04
117.795
90.3877
48.2232
153.634
85.4685
157.148
92.4959
74.9274
109.362
23.6273
96.0096
45.4123
49.6287
43.304
167.689
74.9274
109.362
97.4151
-34.7002
-95.8386
-57.1879
-9.40151
-172.437
-83.1893
-135.192
-83.1893
-82.4865
-168.221
-97.9468
-133.084
-197.736
-202.655
-184.384
-257.469
-148.544
-239.9
-31.8892
-130.273
-197.736
157.148
-71.9454
3.24783
134.66
78.4411
-44.5385
56.6561
-49.4577
-43.8358
25.0328
-18.5371
64.3863
96.7123
169.797
129.038
118.497
127.633
126.227
105.848
100.226
79.8466
102.334
155.04
59.4671
110.767
133.958
33.4657
-18.5371
-97.2441
-26.2673
-61.4043
6.76153
-24.1591
-32.5919
85.4685
25.0328
203.529
79.8466
202.123
256.937
197.204
341.969
346.185
366.565
290.669
333.536
211.962
145.904
115.686
211.259
248.504
166.284
305.426
228.828
221.097
152.932
68.6027
55.9534
-67.729
-20.6454
-46.6468
36.9794
52.4397
93.9014
76.3329
22.2218
10.2752
-116.218
-88.8112
-114.11
-141.517
-55.0797
-120.435
-165.41
-96.5414
-234.981
-156.274
-285.579
-310.175
-154.166
-293.309
-159.788
-45.2413
-43.8358
27.141
-19.2399
-62.8098
-123.948
-43.1331
-29.0782
-12.9152
72.1164
-33.9974
85.4685
126.93
72.8192
68.6027
40.4931
60.1698
22.9246
8.86975
-59.9988
-112.002
-69.8372
-90.9194
-114.813
-15.0234
-212.494
-96.5414
-149.247
-165.41
-57.1879
-206.872
-242.009
-287.687
-327.04
-405.747
-272.227
-366.394
-275.74
-178.059
-339.69
-149.247
-99.3523
-65.6208
61.5753
79.1438
22.9246
50.3315
-88.1085
-54.3769
-56.4851
-212.494
-55.7824
-77.5674
-12.2125
-26.2673
-34.7002
58.0616
-58.5934
-52.9714
-83.1893
-123.245
-127.462
-74.0537
77.0356
-89.5139
46.115
90.3877
53.8452
40.4931
-132.381
-45.2413
-171.032
-52.9714
-83.1893
-155.572
-50.8632
-144.328
-23.4563
-107.082
-122.543
-53.6742
-81.7838
60.1698
-26.2673
-3.77958
-12.2125
-15.0234
29.952
69.3054
54.5479
66.4945
196.502
127.633
136.769
164.175
115.686
225.314
129.741
106.551
166.986
93.1986
156.445
153.634
0.436862
99.5233
85.4685
22.9246
182.447
174.717
279.425
311.751
353.213
259.748
211.962
171.203
10.2752
98.8206
40.4931
55.9534
48.2232
64.3863
162.77
224.611
282.939
287.155
249.91
155.04
220.395
163.473
145.201
332.13
236.558
197.907
214.773
270.289
240.071
157.148
119.903
147.31
-24.1591
-0.968619
26.4383
-88.1085
25.0328
74.9274
-0.968619
-47.3495
27.8437
-63.5125
74.2246
38.3849
54.5479
154.337
78.4411
190.88
100.929
72.1164
82.6575
22.9246
-101.461
8.86975
22.9246
-81.7838
45.4123
-83.1893
-147.139
-111.299
-166.113
-211.791
-249.036
-266.605
-229.359
-206.169
-197.736
-162.599
-167.518
-96.5414
-52.2687
-114.11
-212.494
-185.087
-226.548
-360.772
-298.228
-473.913
-465.48
-335.473
-353.042
-258.172
-312.283
-279.254
-264.496
-252.55
-182.978
-246.928
-207.574
-108.488
-182.276
-88.1085
-206.872
-275.037
-334.77
-327.04
-412.775
-356.555
-298.228
-158.383
1.1396
-148.544
-112.002
-89.5139
-180.87
-205.466
-158.383
-153.463
4.65331
53.1424
183.149
233.747
195.096
126.93
114.984
43.304
-50.1605
127.633
32.7629
105.145
200.718
179.636
274.506
211.259
166.284
169.095
223.908
218.286
350.402
305.426
327.914
382.025
457.218
457.921
341.266
419.27
292.074
229.53
132.552
172.608
61.5753
151.526
126.93
77.7383
220.395
76.3329
153.634
138.877
100.929
80.5493
157.851
188.069
271.695
266.073
289.263
192.285
115.686
53.8452
-1.67136
68.6027
-87.4057
8.16701
76.3329
18.7081
91.0904
110.767
100.929
74.9274
19.4109
-20.6454
-57.8906
-67.0262
-97.9468
-125.354
-138.706
-164.004
-204.061
-179.465
-129.57
-228.657
-138.706
-201.952
-207.574
-126.056
-102.163
-69.1345
-107.082
-74.0537
-141.517
-55.0797
94.6041
10.978
50.3315
86.874
132.552
169.095
57.3589
-30.4837
-42.4303
-136.598
-168.924
-89.5139
-125.354
-85.2975
-85.2975
30.6547
-101.461
-64.918
31.3575
-128.165
54.5479
-22.7536
-92.3249
-52.9714
-142.922
-263.794
-244.82
-244.82
-317.202
-220.926
-115.515
-119.029
-109.893
-20.6454
-100.055
-77.5674
-65.6208
-106.38
-52.9714
-60.7016
-8.69877
-62.8098
-47.3495
-29.0782
-154.166
-192.114
-208.277
-175.951
-289.795
-174.546
-163.302
-112.704
-29.781
-82.4865
-52.2687
-37.5111
13.7889
-55.0797
15.8972
29.952
70.7109
183.852
181.744
145.201
75.6301
36.2766
3.95057
59.4671
-12.2125
-7.29329
47.5205
111.47
180.338
305.426
181.744
206.34
211.259
101.632
67.1972
45.4123
93.1986
-5.18506
122.714
129.741
82.6575
180.338
217.584
174.717
187.366
211.962
8.16701
24.33
1.84234
-33.2947
27.141
-67.729
-86.0002
-100.055
-24.8618
30.6547
29.952
77.0356
72.1164
55.2506
2.54508
32.0602
48.2232
41.1958
98.1178
66.4945
16.5999
2.54508
-48.755
-61.4043
-53.6742
19.4109
8.16701
68.6027
88.9822
114.984
150.121
147.31
177.528
158.554
154.337
244.288
215.476
190.88
235.152
151.526
149.418
19.4109
8.86975
1.1396
-22.7536
-56.4851
-25.5645
29.952
25.7355
130.444
114.984
129.741
172.608
119.903
239.369
162.77
168.392
197.907
83.3603
104.442
3.24783
-38.2139
-58.5934
-81.0811
-62.1071
-147.139
-134.489
-248.333
-208.277
-208.277
-154.166
-172.437
-118.326
13.7889
-140.111
-80.3783
-98.6496
-52.2687
-71.9454
-71.9454
-72.6482
-140.111
-113.407
-193.52
-220.224
-131.678
-205.466
-183.681
-120.435
-138.003
-180.167
-63.5125
-115.515
-123.245
-154.869
-144.328
-121.137
-119.029
5.35605
-78.2701
-140.814
32.7629
86.1712
37.6821
112.875
1.84234
-22.0508
34.1684
-76.8646
-86.0002
-97.9468
-192.114
-160.491
-158.383
-93.7304
-64.2153
-23.4563
-7.99603
17.3026
36.9794
-5.8878
152.229
79.8466
-29.781
0.436862
-133.084
-164.707
-97.2441
-154.166
-61.4043
-15.7262
-8.69877
-29.0782
-104.272
8.16701
-135.192
-180.167
2.54508
-77.5674
-55.0797
-3.07684
-114.11
-75.4591
-10.1042
-114.813
58.0616
122.714
46.8177
98.1178
58.0616
33.4657
-15.0234
60.1698
-24.1591
-26.2673
-14.3207
-11.5097
56.6561
94.6041
65.7917
32.7629
-54.3769
3.95057
-1.67136
-39.6194
-17.8344
-44.5385
-28.3755
-89.5139
-85.2975
-226.548
-149.95
-81.7838
-14.3207
-12.2125
53.8452
48.2232
-6.59054
67.9
5.35605
36.2766
89.6849
6.76153
65.7917
159.256
129.741
190.88
294.182
263.965
267.478
289.966
249.207
178.23
185.96
203.529
277.317
322.995
224.611
294.182
299.804
274.506
213.367
187.366
49.6287
53.1424
14.4917
-42.4303
95.3069
33.4657
154.337
107.253
91.0904
203.529
75.6301
150.121
143.796
127.633
166.284
242.18
280.128
261.856
279.425
118.497
145.904
74.9274
35.5739
-12.9152
-68.4317
57.3589
-3.07684
37.6821
30.6547
-41.7276
-43.8358
-167.518
-222.332
-154.166
-214.602
-183.681
-103.569
-95.8386
-119.732
-150.652
-152.761
-263.794
-313.688
-237.089
-322.824
-367.097
-270.118
-351.636
-266.605
-263.794
-306.661
-244.117
-280.659
-211.791
-220.224
-228.657
-257.469
-181.573
-171.735
-85.2975
-39.6194
-74.7564
41.1958
-7.29329
13.0862
-16.4289
-43.8358
-42.4303
-88.1085
-31.1865
-70.5399
-120.435
-217.413
-166.815
-221.629
-221.629
-134.489
-45.944
-44.5385
-15.0234
61.5753
88.2794
166.284
140.985
181.041
180.338
210.556
124.119
30.6547
-52.2687
-181.573
-225.846
-235.684
-154.166
-54.3769
-32.5919
83.3603
136.769
218.286
196.502
221.8
89.6849
130.444
166.986
56.6561
143.796
74.9274
20.8163
-70.5399
-38.2139
-125.354
-142.922
-117.624
-115.515
-15.7262
21.5191
64.3863
110.767
171.906
159.959
136.769
129.741
86.874
60.8726
118.497
100.929
40.4931
191.582
125.525
62.278
79.8466
77.7383
96.0096
50.3315
85.4685
-74.7564
-4.48232
65.089
130.444
211.259
155.04
122.011
46.8177
8.16701
-69.1345
-87.4057
-166.113
-183.681
-207.574
-221.629
-178.762
-175.248
-97.2441
-93.7304
-102.163
-50.8632
-165.41
-31.1865
-75.4591
-126.759
-41.7276
72.8192
117.092
73.5219
189.474
96.0096
149.418
110.064
144.499
152.932
-19.2399
77.0356
127.633
136.769
216.881
330.725
166.986
301.913
263.965
159.256
200.015
111.47
110.064
101.632
94.6041
39.0876
79.8466
1.84234
-13.618
-74.7564
-46.6468
22.2218
-45.2413
-105.677
-26.97
-48.755
-98.6496
-172.437
-159.788
-161.193
-118.326
-122.543
-256.766
-84.5948
-80.3783
20.1136
33.4657
107.956
87.5767
84.063
81.9548
35.5739
70.7109
11.6807
105.145
131.147
155.743
179.636
188.771
102.334
93.1986
110.767
89.6849
66.4945
129.741
144.499
74.2246
88.9822
-74.0537
-92.3249
-80.3783
-145.03
-112.002
-71.2427
-121.84
-70.5399
-97.9468
-179.465
-36.1057
-74.0537
-81.7838
34.1684
-26.97
-37.5111
91.7932
-8.69877
58.0616
12.3835
-22.7536
-55.0797
-139.409
-180.167
-254.658
-153.463
-176.654
-143.625
-15.0234
-95.8386
-128.867
-101.461
-182.276
-142.922
-115.515
-117.624
-81.0811
-53.6742
-43.1331
-117.624
-112.704
-182.978
-218.115
-126.759
-249.739
-226.548
-182.276
-194.222
-55.7824
-6.59054
-30.4837
-67.729
-131.678
-141.517
-187.195
-168.221
-121.137
-140.814
-102.866
-146.436
-185.087
-96.5414
-87.4057
-168.221
-152.058
-123.948
-158.383
-87.4057
-10.1042
26.4383
111.47
32.0602
97.4151
182.447
172.608
233.044
299.102
271.695
330.725
291.372
230.936
348.294
320.887
273.1
330.022
305.426
176.825
195.799
102.334
27.8437
11.6807
-8.69877
103.037
15.8972
138.174
204.232
188.771
271.695
242.882
152.932
128.336
71.4137
15.8972
166.986
7.46427
114.281
216.881
72.8192
126.227
35.5739
-45.944
7.46427
54.5479
74.2246
68.6027
74.2246
79.8466
76.3329
172.608
-44.5385
-91.6222
-152.058
-371.313
-200.547
-226.548
-189.303
-135.895
-179.465
-150.652
-199.844
-164.707
-116.218
-126.056
-69.1345
-33.2947
-49.4577
36.2766
-9.40151
-38.2139
8.16701
136.066
41.8986
-48.755
8.86975
-65.6208
-19.9426
-76.1619
-36.8084
-13.618
20.8163
56.6561
59.4671
77.7383
-23.4563
51.7369
-17.8344
-62.8098
51.0342
1.84234
122.011
136.769
1.1396
26.4383
55.9534
-89.5139
-55.7824
53.8452
9.57249
113.578
106.551
125.525
76.3329
89.6849
13.7889
-34.7002
37.6821
-49.4577
-55.7824
-69.8372
-37.5111
-47.3495
-26.2673
2.54508
-119.029
-159.788
-90.2167
-134.489
-199.844
-125.354
-148.544
-12.9152
-26.97
7.46427
-65.6208
-102.866
-93.7304
-290.498
-205.466
-307.364
-213.196
-243.414
-206.169
-168.221
-332.662
-242.711
-250.442
-255.361
-231.468
-216.007
-237.792
-154.166
-149.247
-86.0002
-124.651
-197.736
-112.002
-206.872
-234.279
-136.598
-228.657
-162.599
10.2752
-107.785
52.4397
107.253
73.5219
213.367
175.419
142.39
178.23
90.3877
188.771
321.589
248.504
334.941
330.022
375.7
375.7
291.372
270.992
199.312
194.393
247.802
258.343
337.752
242.18
326.509
467.759
366.565
511.329
483.922
400.999
481.814
374.295
334.239
437.542
439.65
358.132
236.558
351.104
123.416
67.1972
108.659
87.5767
185.258
148.715
272.398
195.799
174.717
130.444
-4.48232
2.54508
72.8192
-126.056
-92.3249
-56.4851
-107.785
23.6273
-107.785
-164.004
-141.517
-219.521
-251.144
-220.224
-180.167
-180.87
-147.139
-31.8892
-40.3221
-26.97
-138.706
-255.361
-270.821
-355.853
-418.397
-456.345
-359.366
-337.581
-339.69
-175.248
-191.411
-176.654
-208.98
-260.983
-355.15
-453.534
-291.903
-422.613
-320.013
-274.335
-295.417
-217.413
-187.898
-168.221
-279.254
-362.177
-308.769
-281.362
-244.82
-163.302
-125.354
-157.68
-249.036
-152.058
-238.495
-290.498
-236.387
-216.71
-202.655
-142.219
-102.163
-82.4865
-17.8344
80.5493
176.122
96.7123
85.4685
114.281
130.444
222.503
187.366
204.934
237.26
195.096
122.011
211.259
244.991
124.822
159.959
171.203
129.038
267.478
325.103
310.346
268.884
235.855
235.855
223.206
175.419
131.147
192.988
149.418
161.364
207.043
212.665
174.014
155.743
95.3069
14.4917
-29.781
-60.7016
5.35605
-112.002
-48.0522
22.9246
-67.729
-19.2399
-60.7016
-113.407
-90.9194
-45.944
-81.7838
10.2752
-42.4303
-11.5097
32.0602
45.4123
39.7903
55.9534
96.7123
5.35605
73.5219
118.497
84.063
137.471
216.178
220.395
329.32
242.18
310.346
224.611
159.256
171.203
79.8466
80.5493
46.8177
105.848
117.092
13.7889
66.4945
50.3315
58.0616
20.1136
-8.69877
4.65331
-95.8386
-78.9728
-87.4057
-24.1591
-118.326
-89.5139
-60.7016
-45.2413
-42.4303
-17.8344
51.7369
-26.2673
43.304
20.1136
40.4931
8.16701
-136.598
-94.4331
-199.844
-218.115
-237.089
-161.896
-192.817
-183.681
-116.921
-257.469
-221.629
-127.462
-48.0522
-65.6208
-62.8098
-123.245
-123.948
-26.97
-108.488
-24.1591
-17.8344
-129.57
-159.085
-174.546
-187.195
-221.629
-83.1893
-77.5674
-64.918
-68.4317
-7.29329
22.9246
77.0356
147.31
169.797
128.336
36.2766
55.2506
40.4931
85.4685
176.122
84.063
93.1986
85.4685
-93.7304
-46.6468
-74.0537
-97.2441
-73.3509
-31.1865
-21.3481
70.0082
210.556
181.744
152.932
15.8972
-71.2427
-41.0248
-21.3481
17.3026
58.7643
56.6561
-3.07684
-108.488
-126.056
-157.68
-113.407
-118.326
-116.921
3.24783
-15.7262
197.907
242.18
220.395
287.155
228.125
114.984
23.6273
10.2752
17.3026
-74.7564
-38.9166
-102.163
-125.354
-64.2153
-12.2125
-7.29329
-1.67136
64.3863
48.926
-12.2125
38.3849
35.5739
59.4671
176.122
82.6575
29.952
34.1684
-25.5645
-107.785
-4.48232
-19.2399
-1.67136
14.4917
25.7355
39.0876
81.9548
126.93
-74.0537
-141.517
-185.789
-250.442
-207.574
-116.218
-5.8878
5.35605
5.35605
-120.435
-147.841
-93.0276
-191.411
-204.763
-133.084
-154.166
-133.084
-51.5659
-102.163
-57.1879
-45.944
-53.6742
-159.085
-123.245
22.9246
-59.9988
14.4917
74.9274
-3.77958
52.4397
203.529
172.608
119.2
125.525
3.95057
-48.755
63.6835
10.2752
-36.1057
-33.2947
-28.3755
-0.265878
34.1684
51.0342
28.5465
36.9794
63.6835
-7.29329
27.141
150.121
227.422
220.395
219.692
235.855
160.662
273.803
276.614
229.53
273.803
148.715
148.012
95.3069
84.063
95.3069
96.0096
163.473
135.363
204.934
273.1
299.102
216.178
271.695
173.311
6.76153
23.6273
-10.1042
-77.5674
-140.814
-234.279
-201.25
-161.896
-12.2125
-31.8892
-15.0234
65.7917
45.4123
122.011
20.1136
-50.1605
-97.9468
-216.71
-152.058
-215.305
-254.658
-33.9974
-117.624
-112.002
-77.5674
-191.411
-245.522
-216.007
-204.763
-78.9728
90.3877
13.7889
114.281
-11.5097
-98.6496
-137.3
-288.39
-160.491
-182.978
-253.253
-110.596
-68.4317
-11.5097
-12.2125
-34.7002
-36.8084
-208.98
-133.084
-106.38
-147.841
-190.709
-142.219
-175.248
-133.084
-116.218
-172.437
-130.976
-174.546
-197.033
-190.709
-124.651
-83.1893
44.0068
42.6013
42.6013
70.7109
86.874
59.4671
102.334
171.203
159.256
154.337
105.848
117.092
39.0876
11.6807
10.978
3.95057
-32.5919
11.6807
-51.5659
27.141
29.2492
-13.618
-40.3221
-103.569
-113.407
-175.248
-123.948
-130.273
12.3835
48.926
74.9274
86.1712
34.8712
-43.8358
-32.5919
-0.968619
-14.3207
-13.618
-26.2673
-54.3769
68.6027
210.556
118.497
96.0096
145.904
145.904
119.2
167.689
264.667
287.858
250.613
172.608
110.767
-12.9152
62.9808
79.1438
81.9548
187.366
205.637
275.208
192.285
149.418
209.151
100.226
172.608
175.419
100.226
178.23
203.529
124.822
74.9274
1.1396
-59.2961
34.8712
-24.8618
103.037
95.3069
129.741
154.337
100.226
-86.0002
-41.7276
-62.8098
-150.652
-55.0797
-73.3509
-63.5125
-57.8906
45.4123
25.7355
-43.8358
29.952
47.5205
25.7355
122.011
143.093
130.444
103.037
97.4151
47.5205
60.8726
-13.618
107.956
164.878
-74.7564
17.3026
-89.5139
-152.058
-151.355
-190.006
-206.872
-209.683
-187.195
-237.792
-185.087
-260.983
-212.494
-201.952
-179.465
-218.115
-261.685
-208.277
-274.335
-266.605
-253.253
-191.411
-201.25
-83.1893
-103.569
-2.3741
142.39
-2.3741
110.064
13.0862
-80.3783
-42.4303
-44.5385
-119.029
-74.7564
-69.1345
-88.1085
-8.69877
-48.755
-86.0002
-160.491
-137.3
-179.465
-142.922
-178.059
-48.0522
-24.1591
-117.624
-22.0508
4.65331
29.2492
-15.7262
19.4109
-3.07684
-12.2125
17.3026
-103.569
-41.7276
-62.8098
-167.518
-223.035
-181.573
-106.38
-154.166
68.6027
103.037
62.278
134.66
92.4959
105.848
62.9808
81.252
18.7081
-7.29329
81.252
81.252
138.174
164.878
255.532
181.744
131.147
172.608
182.447
138.174
194.393
121.308
92.4959
98.1178
86.874
207.043
172.608
200.015
261.154
203.529
152.932
205.637
167.689
53.8452
58.7643
-37.5111
-33.2947
53.1424
103.74
157.851
189.474
82.6575
110.064
8.16701
29.2492
121.308
22.9246
18.0054
85.4685
33.4657
49.6287
65.7917
35.5739
-0.265878
-102.163
-99.3523
-126.759
-140.814
-72.6482
-71.9454
-119.732
-90.2167
-123.948
-104.272
-141.517
-180.167
-101.461
-27.6728
-9.40151
-22.7536
108.659
50.3315
46.8177
93.9014
11.6807
70.0082
66.4945
-86.703
-77.5674
-68.4317
-110.596
-89.5139
-92.3249
-26.97
-50.8632
-35.4029
-43.1331
-70.5399
-25.5645
-50.8632
-186.492
-83.1893
-46.6468
-100.055
-17.1317
21.5191
54.5479
41.8986
120.606
36.2766
1.1396
61.5753
-37.5111
-42.4303
2.54508
-30.4837
51.0342
100.226
122.011
181.744
153.634
160.662
140.282
117.795
223.908
114.281
131.147
214.773
209.854
177.528
143.093
95.3069
62.278
87.5767
20.8163
16.5999
32.0602
48.2232
-14.3207
-48.755
-103.569
-220.224
-247.631
-320.013
-235.684
-198.439
-92.3249
-37.5111
-68.4317
-101.461
-121.137
-290.498
-247.631
-218.115
-292.606
-196.331
-174.546
-171.735
-184.384
-15.0234
-65.6208
-27.6728
20.8163
-67.729
9.57249
-47.3495
-20.6454
-77.5674
-104.974
-76.1619
-136.598
-111.299
-149.247
-84.5948
-149.247
-150.652
-57.8906
-123.245
-113.407
-138.003
-102.866
-70.5399
-71.2427
21.5191
-29.0782
-85.2975
22.9246
-79.6756
-81.0811
-97.2441
-100.758
-152.761
-142.922
-76.1619
-65.6208
-23.4563
71.4137
168.392
185.258
197.204
220.395
225.314
254.829
185.96
92.4959
94.6041
9.57249
72.8192
91.0904
91.0904
240.071
227.422
198.61
333.536
279.425
304.021
396.783
242.18
276.614
314.562
377.106
402.405
283.641
327.914
276.614
131.849
160.662
84.7657
17.3026
3.95057
39.0876
147.31
115.686
198.61
182.447
173.311
179.636
48.926
-72.6482
-84.5948
-112.002
-59.2961
-12.2125
14.4917
58.0616
-60.7016
-71.2427
-159.788
-216.71
-292.606
-275.74
-185.789
-292.606
-355.853
-249.036
-241.306
-259.577
-122.543
-125.354
-193.52
-265.199
-228.657
-353.042
-316.499
-246.225
-322.121
-295.417
-292.606
-308.066
-287.687
-183.681
-192.114
-128.165
-147.139
-57.8906
-55.7824
-41.0248
29.2492
-146.436
-61.4043
-55.7824
-53.6742
83.3603
138.877
218.286
248.504
272.398
315.967
296.993
272.398
240.071
79.1438
112.875
8.16701
-14.3207
37.6821
18.0054
-6.59054
82.6575
44.0068
164.878
181.041
136.066
145.201
28.5465
36.2766
-16.4289
48.2232
-33.2947
-36.8084
-64.2153
-77.5674
110.767
162.067
84.7657
155.04
111.47
92.4959
188.771
69.3054
100.929
40.4931
-26.2673
-46.6468
-156.977
-121.84
-161.193
-88.8112
-45.944
-62.1071
-45.944
20.1136
22.9246
95.3069
17.3026
-57.8906
-71.9454
-35.4029
-24.1591
-102.163
-102.163
-76.1619
-121.84
-121.84
-126.759
-125.354
-52.2687
-48.755
7.46427
22.2218
22.9246
72.1164
164.175
230.936
156.445
217.584
145.904
8.16701
96.7123
49.6287
-65.6208
-95.1359
-128.867
-145.733
13.0862
98.1178
67.1972
142.39
117.795
72.8192
161.364
-3.77958
12.3835
77.7383
13.7889
55.2506
-49.4577
6.05879
-21.3481
-31.1865
-15.7262
-45.944
26.4383
29.2492
223.908
188.771
163.473
197.907
149.418
230.936
147.31
92.4959
101.632
110.064
143.796
200.015
144.499
128.336
88.9822
3.24783
-27.6728
-96.5414
-93.0276
-39.6194
-17.1317
68.6027
27.141
61.5753
70.0082
-30.4837
-66.3235
-142.922
-256.063
-265.199
-306.661
-277.848
-327.04
-258.874
-191.411
-272.929
-190.006
-223.737
-185.789
-203.358
-212.494
-225.143
-187.195
-201.952
-172.437
-79.6756
-173.14
-177.357
-142.922
-107.785
-147.139
-89.5139
-120.435
-108.488
-140.814
-166.113
-140.814
-218.818
-142.922
-95.8386
-103.569
8.86975
44.0068
72.1164
131.147
105.848
54.5479
29.952
54.5479
-16.4289
-5.8878
53.8452
71.4137
48.926
73.5219
29.952
-20.6454
95.3069
124.119
156.445
181.744
129.038
105.145
103.74
5.35605
25.0328
-5.18506
-24.1591
105.848
70.0082
-3.07684
155.04
114.281
72.8192
131.147
1.84234
33.4657
70.7109
155.743
122.714
39.0876
204.232
197.907
155.04
296.993
198.61
202.123
278.722
261.154
307.535
304.724
296.993
270.992
162.77
136.066
128.336
27.8437
128.336
47.5205
-19.9426
48.2232
-29.0782
13.7889
40.4931
-33.9974
-79.6756
-110.596
-112.002
-21.3481
-79.6756
-11.5097
-30.4837
-86.0002
23.6273
-52.2687
-42.4303
-97.2441
-38.9166
-96.5414
-128.165
-182.276
-163.302
-227.251
-242.009
-169.626
-256.063
-255.361
-219.521
-216.007
-314.391
-293.309
-311.58
-260.28
-195.628
-229.359
-97.9468
-139.409
-115.515
-129.57
-242.711
-173.843
-220.224
-164.004
-180.167
-152.058
-62.8098
-93.7304
-179.465
-56.4851
-73.3509
-67.729
-24.1591
-4.48232
6.05879
166.284
154.337
89.6849
58.0616
79.1438
57.3589
13.0862
41.8986
72.8192
230.233
275.911
348.294
331.428
310.346
263.262
292.777
275.911
203.529
146.607
119.2
67.9
133.255
143.093
119.903
187.366
106.551
175.419
136.066
131.849
145.201
75.6301
131.849
63.6835
55.2506
99.5233
92.4959
78.4411
110.064
31.3575
8.86975
79.1438
48.926
150.823
94.6041
132.552
181.744
72.8192
131.849
5.35605
3.95057
-3.07684
18.0054
-41.0248
-45.944
-28.3755
-114.813
-20.6454
-45.2413
-10.1042
-22.7536
-64.2153
-10.1042
-58.5934
-55.0797
-127.462
-162.599
-128.867
-203.358
-194.925
-207.574
-152.761
-51.5659
-57.8906
-67.729
-150.652
-143.625
-175.248
-260.28
-161.193
-115.515
-223.035
-185.789
-170.329
-268.01
-152.058
-102.163
-206.872
-185.087
-62.1071
-140.111
-107.785
-120.435
-40.3221
-71.2427
-55.0797
-46.6468
-112.002
71.4137
78.4411
-11.5097
32.0602
65.089
21.5191
81.9548
61.5753
18.7081
31.3575
42.6013
85.4685
-5.18506
10.2752
-31.8892
-50.8632
-45.944
-151.355
-101.461
-95.8386
70.7109
105.848
145.201
191.582
213.367
209.854
214.773
192.285
202.123
207.745
190.177
151.526
79.1438
189.474
81.252
111.47
168.392
33.4657
20.1136
8.16701
181.744
141.688
126.93
196.502
93.9014
122.011
80.5493
44.7095
57.3589
67.1972
24.33
94.6041
51.7369
35.5739
33.4657
55.2506
12.3835
9.57249
-104.272
-100.758
-51.5659
-137.3
-36.8084
20.1136
1.1396
53.1424
66.4945
159.959
91.0904
-19.9426
-60.7016
-109.893
-135.895
-150.652
-182.978
-186.492
-114.813
-191.411
-173.843
-126.759
-211.791
-99.3523
-130.273
-129.57
-180.167
-117.624
-67.0262
-109.191
-24.1591
-200.547
-232.873
-286.984
-189.303
-183.681
-100.758
-32.5919
-196.331
-52.2687
-159.085
-105.677
-153.463
-207.574
-115.515
-145.03
-46.6468
99.5233
96.7123
84.7657
105.848
62.9808
202.826
96.7123
126.93
159.959
99.5233
68.6027
140.282
131.147
131.849
223.908
150.823
174.014
232.341
206.34
322.995
249.207
212.665
204.232
171.203
131.147
138.877
90.3877
46.115
62.9808
-109.191
-15.0234
-88.1085
-82.4865
18.0054
67.1972
79.8466
158.554
194.393
89.6849
119.903
177.528
18.0054
-38.9166
-44.5385
-161.896
-36.8084
-97.9468
-59.2961
3.95057
-52.9714
-110.596
-107.785
-190.006
-207.574
-267.307
-224.44
-142.922
-189.303
-126.759
-41.0248
-64.2153
-30.4837
67.9
-52.9714
-37.5111
-117.624
-107.082
-83.1893
9.57249
-60.7016
-95.1359
26.4383
6.05879
58.7643
84.063
60.8726
34.1684
-17.1317
-37.5111
-20.6454
-48.0522
-83.892
12.3835
-76.1619
-57.8906
-81.7838
0.436862
11.6807
8.16701
121.308
5.35605
3.95057
24.33
25.7355
-65.6208
83.3603
-28.3755
-56.4851
125.525
-70.5399
108.659
236.558
58.7643
153.634
198.61
61.5753
164.878
108.659
62.278
133.958
16.5999
44.0068
97.4151
-4.48232
9.57249
85.4685
67.9
-19.9426
8.86975
-129.57
-144.328
-82.4865
-119.029
-88.1085
-94.4331
-90.9194
-3.07684
7.46427
47.5205
64.3863
-50.1605
-56.4851
-171.735
-160.491
-186.492
-175.248
-199.141
-275.037
-244.117
-277.146
-289.795
-305.255
-250.442
-250.442
-267.307
-256.766
-250.442
-140.814
-168.924
-187.195
-153.463
-104.272
-116.921
-60.7016
-59.2961
-97.2441
-42.4303
-50.8632
28.5465
-2.3741
-79.6756
-21.3481
60.8726
77.7383
161.364
44.7095
159.256
107.253
164.878
170.5
127.633
182.447
209.151
222.503
309.643
327.914
367.97
347.591
394.674
362.348
299.102
395.377
231.639
348.294
188.771
220.395
262.559
197.907
299.102
233.747
221.8
244.288
188.069
188.771
196.502
133.958
151.526
157.148
207.043
157.148
120.606
173.311
104.442
96.0096
104.442
132.552
188.069
249.207
131.147
182.447
243.585
235.152
123.416
77.7383
-58.5934
41.8986
91.7932
18.0054
115.686
84.7657
64.3863
1.84234
58.7643
0.436862
-116.218
-62.1071
-138.706
-294.714
-258.874
-189.303
-157.68
-187.898
-173.14
-185.087
-175.951
-133.084
-195.628
-190.709
-230.062
-165.41
-272.227
-253.253
-350.231
-381.151
-358.664
-428.938
-329.149
-417.694
-313.688
-320.013
-268.713
-279.254
-334.77
-276.443
-327.04
-324.932
-331.257
-407.153
-242.711
-160.491
-289.092
-206.872
-247.631
-275.037
-142.922
-216.007
-269.416
-230.765
-282.065
-209.683
-296.12
-149.95
-162.599
-148.544
-121.84
-109.893
-86.703
-17.8344
18.0054
36.9794
53.8452
-32.5919
-45.944
-19.9426
107.956
-25.5645
53.8452
-4.48232
77.0356
101.632
178.23
202.826
140.282
244.288
150.823
152.932
185.96
164.175
195.799
183.852
91.7932
172.608
220.395
266.073
365.862
328.617
396.783
445.272
343.374
308.237
259.748
208.448
275.208
99.5233
209.854
128.336
136.066
287.155
291.372
320.887
289.263
291.372
236.558
130.444
158.554
156.445
179.636
149.418
190.88
151.526
138.174
294.182
111.47
227.422
173.311
3.24783
131.849
34.8712
-18.5371
-54.3769
2.54508
-104.272
-97.9468
-64.918
-79.6756
-72.6482
-76.1619
1.84234
-7.99603
-57.8906
-152.058
-35.4029
-152.761
-93.7304
-134.489
-62.8098
-123.245
-128.165
-76.8646
-71.9454
-122.543
-147.841
-52.9714
-178.059
11.6807
-29.781
26.4383
-0.265878
-121.137
0.436862
-51.5659
-47.3495
53.1424
56.6561
39.0876
105.848
-12.2125
-29.0782
-63.5125
-128.165
-229.359
-320.716
-156.274
-237.792
-150.652
-128.165
-220.224
-131.678
-163.302
-212.494
-87.4057
-62.8098
-130.273
60.1698
-100.758
-171.032
-124.651
-193.52
-149.95
-121.84
-58.5934
-46.6468
32.7629
-22.7536
58.7643
26.4383
114.984
178.933
67.1972
98.8206
149.418
170.5
138.877
158.554
79.8466
15.1944
39.0876
42.6013
93.9014
174.014
79.8466
64.3863
-5.8878
-173.14
-139.409
-235.684
-126.759
-190.006
-243.414
-94.4331
-173.14
-37.5111
-39.6194
-67.0262
-83.1893
-79.6756
-134.489
-109.191
46.8177
25.0328
51.7369
30.6547
-85.2975
-88.8112
-73.3509
-88.8112
-201.25
-211.088
-84.5948
-107.082
-16.4289
10.2752
-125.354
-5.8878
-64.2153
-216.71
-138.706
-180.87
-86.703
-147.841
-55.7824
-197.736
-197.033
-114.813
-202.655
-76.8646
-170.329
-45.2413
-22.7536
49.6287
86.1712
25.0328
54.5479
23.6273
-7.99603
46.115
1.84234
111.47
216.881
230.233
239.369
213.367
256.234
209.151
250.613
331.428
425.595
441.055
435.433
512.735
457.218
337.05
342.672
232.341
149.418
235.855
266.073
216.178
299.804
353.213
217.584
246.396
161.364
104.442
254.126
164.878
274.506
322.995
191.582
332.13
156.445
143.796
96.0096
9.57249
45.4123
-106.38
54.5479
1.1396
-7.99603
-8.69877
-47.3495
22.2218
-7.29329
51.7369
-4.48232
13.0862
73.5219
62.278
-37.5111
-63.5125
-68.4317
-104.974
-42.4303
4.65331
-12.2125
-65.6208
3.24783
-125.354
-170.329
-301.039
-346.014
-296.12
-432.451
-185.789
-284.173
-161.193
-219.521
-173.843
-235.684
-269.416
-266.605
-296.822
-220.926
-206.169
-135.895
-166.113
-121.84
-286.281
-252.55
-265.199
-331.959
-283.47
-328.446
-227.954
-174.546
-201.25
-152.058
-171.735
-220.224
-148.544
-171.032
-198.439
-90.2167
-86.703
-90.2167
-62.1071
-220.926
-220.224
-147.841
-265.902
-102.163
-43.1331
-70.5399
-55.7824
71.4137
15.8972
30.6547
-15.7262
-52.2687
-57.1879
22.9246
138.877
175.419
189.474
133.255
84.063
-14.3207
-1.67136
-93.7304
-84.5948
-7.29329
79.8466
157.851
154.337
183.852
138.174
47.5205
8.16701
-94.4331
-59.9988
11.6807
29.952
131.849
62.9808
1.84234
67.9
-15.7262
-152.761
-60.7016
-6.59054
-13.618
135.363
235.152
162.77
166.986
152.932
79.8466
77.7383
6.76153
48.926
67.9
56.6561
157.148
229.53
195.096
192.285
155.743
152.229
204.232
159.256
226.719
339.158
265.37
344.077
198.61
222.503
155.743
77.7383
195.096
140.985
152.229
228.125
166.284
240.774
308.94
91.7932
152.932
145.201
147.31
227.422
266.776
207.043
221.097
195.799
68.6027
19.4109
61.5753
-10.1042
-22.0508
23.6273
50.3315
96.7123
70.7109
4.65331
-7.99603
13.7889
-70.5399
-61.4043
-78.2701
-48.755
-16.4289
-86.703
-28.3755
-156.977
-199.141
-156.274
-220.926
-245.522
-213.196
-151.355
-196.331
-121.137
-84.5948
-95.1359
-57.1879
-90.9194
-135.192
-183.681
-97.2441
-102.866
-96.5414
-76.1619
-164.004
-175.951
-223.737
-126.056
-231.468
-211.791
-23.4563
-161.896
15.8972
-7.99603
-161.896
-41.7276
-198.439
-343.906
-327.04
-349.528
-372.718
-346.014
-423.316
-308.066
-207.574
-269.416
-156.977
-97.9468
-81.7838
-88.1085
-10.1042
-32.5919
-46.6468
-83.892
-78.2701
27.141
-19.9426
22.9246
164.878
133.255
79.1438
98.1178
92.4959
69.3054
3.95057
61.5753
91.7932
55.9534
60.1698
86.874
-29.0782
35.5739
14.4917
30.6547
15.1944
122.011
203.529
128.336
139.58
91.0904
30.6547
62.278
86.874
95.3069
85.4685
114.984
235.855
110.064
129.038
45.4123
-38.9166
2.54508
18.0054
0.436862
90.3877
86.874
172.608
278.019
161.364
180.338
105.848
32.7629
73.5219
25.0328
35.5739
70.0082
-22.7536
62.278
112.875
104.442
26.4383
13.7889
-59.2961
-49.4577
-36.1057
39.0876
-13.618
3.24783
34.8712
-123.245
-175.951
-145.03
-206.872
-166.815
-175.248
-214.602
-152.761
-144.328
-102.163
-133.787
-194.222
-138.003
-167.518
-89.5139
71.4137
12.3835
79.8466
35.5739
32.0602
-16.4289
-58.5934
3.24783
28.5465
18.7081
79.1438
-9.40151
16.5999
27.141
-130.976
-173.843
-105.677
-90.2167
-64.2153
98.8206
205.637
-11.5097
211.259
77.7383
-24.1591
74.2246
-143.625
62.9808
163.473
155.743
225.314
301.21
244.991
346.888
270.289
233.747
234.45
288.561
282.939
353.915
351.104
351.807
294.885
190.177
300.507
216.881
280.83
391.161
391.863
302.615
347.591
181.041
86.1712
60.1698
-43.8358
-52.2687
-8.69877
8.86975
-96.5414
1.1396
-127.462
-105.677
-149.95
-366.394
-245.522
-315.796
-245.522
-88.8112
-96.5414
8.16701
-85.2975
-150.652
-121.84
-202.655
-310.175
-268.713
-232.17
-192.817
-108.488
-112.002
-173.843
-142.219
-289.092
-270.118
-241.306
-291.903
-88.1085
-161.193
-22.0508
-55.0797
-126.056
-107.785
-263.794
-263.091
-277.848
-185.087
-168.924
-43.1331
-191.411
-193.52
-203.358
-308.769
-175.248
-305.255
-241.306
-212.494
-90.2167
-41.7276
-12.9152
-112.002
-102.866
-74.0537
-158.383
-87.4057
-28.3755
8.16701
0.436862
140.985
55.2506
60.1698
55.2506
6.05879
-70.5399
6.05879
3.24783
-126.056
153.634
98.8206
174.014
202.123
98.1178
69.3054
151.526
103.74
37.6821
109.362
59.4671
69.3054
141.688
-17.8344
-5.18506
-21.3481
-130.273
-69.1345
-68.4317
10.2752
86.1712
194.393
183.852
191.582
133.958
68.6027
117.092
72.1164
19.4109
121.308
150.121
164.878
236.558
223.206
185.258
133.255
160.662
74.9274
53.1424
162.77
206.34
263.965
412.946
232.341
216.178
206.34
37.6821
60.1698
47.5205
11.6807
26.4383
219.692
204.934
224.611
110.064
93.1986
97.4151
90.3877
156.445
85.4685
73.5219
204.934
116.389
57.3589
16.5999
-77.5674
-95.8386
-259.577
-48.0522
-82.4865
6.76153
114.984
8.86975
27.141
-2.3741
-18.5371
3.24783
-25.5645
25.7355
11.6807
-81.7838
-41.0248
-67.729
-72.6482
-118.326
-192.114
-125.354
-205.466
-213.196
-75.4591
-167.518
-139.409
-40.3221
-196.331
-245.522
-249.036
-210.385
-292.606
-182.978
-261.685
-239.198
-230.062
-287.687
-184.384
-227.954
-185.789
-268.713
-135.192
-163.302
-228.657
-211.088
-156.274
-203.358
-147.841
-104.272
-86.703
-20.6454
-33.2947
27.141
60.8726
-26.97
-51.5659
136.769
195.799
283.641
219.692
124.822
109.362
73.5219
34.1684
6.76153
-27.6728
-64.2153
-62.8098
10.978
72.8192
99.5233
208.448
140.282
84.7657
57.3589
108.659
88.2794
46.115
176.825
107.253
117.795
184.555
144.499
104.442
61.5753
-24.1591
-90.2167
-6.59054
-71.2427
86.1712
62.9808
56.6561
77.7383
-55.0797
-90.2167
-154.166
-156.274
-171.032
-194.925
-207.574
-135.895
-81.7838
-30.4837
-89.5139
-13.618
-86.0002
-78.2701
-33.2947
-10.1042
57.3589
83.3603
34.1684
-84.5948
-53.6742
12.3835
-38.2139
25.0328
73.5219
-14.3207
106.551
139.58
111.47
187.366
218.989
148.012
127.633
62.9808
176.122
196.502
161.364
233.044
256.937
189.474
142.39
235.855
45.4123
172.608
137.471
221.8
301.21
168.392
166.284
65.7917
84.063
-21.3481
74.2246
29.952
86.1712
124.119
114.281
90.3877
145.904
-57.8906
-136.598
-50.8632
-202.655
-71.2427
-96.5414
-159.788
-82.4865
-115.515
-102.866
-135.895
-159.788
-206.169
-102.866
-119.029
-80.3783
81.252
-46.6468
7.46427
-27.6728
-100.055
-121.84
-191.411
-253.253
-206.872
-41.0248
-103.569
-92.3249
23.6273
-41.7276
-74.0537
-142.219
-180.167
-211.088
-206.872
-218.818
-146.436
-115.515
-59.2961
-14.3207
-193.52
-66.3235
-149.247
-195.628
-145.733
-99.3523
-31.8892
-29.781
8.86975
41.1958
47.5205
9.57249
17.3026
-80.3783
-62.1071
-61.4043
22.2218
70.0082
81.9548
143.796
119.903
136.769
114.984
147.31
106.551
24.33
75.6301
10.2752
101.632
96.0096
94.6041
223.206
168.392
105.848
2.54508
52.4397
-4.48232
44.7095
150.121
70.7109
192.988
133.255
86.874
1.1396
-128.165
-86.0002
-34.7002
-43.8358
51.7369
131.147
188.069
205.637
106.551
84.7657
124.119
-8.69877
-3.07684
90.3877
64.3863
112.875
183.149
133.958
84.063
55.2506
1.84234
-7.29329
34.1684
72.1164
77.7383
100.226
75.6301
150.823
74.9274
28.5465
-86.0002
-68.4317
-41.0248
-23.4563
30.6547
-65.6208
9.57249
27.141
10.2752
-182.276
-158.383
-197.736
-307.364
-228.657
-165.41
-215.305
-154.166
-178.059
-230.062
-118.326
-102.866
-208.98
-116.921
-211.088
-220.224
-201.952
-286.281
-165.41
-193.52
-127.462
-32.5919
-139.409
-3.07684
-33.9974
-175.248
-36.1057
-104.272
-50.1605
-15.0234
-4.48232
-12.2125
-11.5097
51.0342
49.6287
-76.8646
-123.948
-148.544
-126.056
-110.596
-23.4563
104.442
166.986
153.634
124.119
111.47
86.1712
7.46427
59.4671
134.66
133.255
179.636
221.097
252.721
252.721
191.582
144.499
143.796
65.089
-12.2125
181.041
187.366
282.939
253.424
194.393
165.581
74.9274
158.554
88.2794
154.337
201.421
327.211
266.073
214.773
237.26
188.069
75.6301
65.7917
79.1438
63.6835
85.4685
75.6301
89.6849
-50.1605
-91.6222
-134.489
-194.925
-177.357
-1.67136
-50.8632
-61.4043
58.0616
-54.3769
-75.4591
-282.768
-128.165
-189.303
-227.954
-49.4577
-45.2413
-36.8084
-5.8878
11.6807
-113.407
-176.654
-134.489
-310.175
-186.492
-226.548
-180.167
-108.488
-215.305
-166.815
-195.628
-239.9
-412.775
-327.743
-266.605
-230.062
-161.896
-130.976
-126.056
-41.0248
-97.9468
-155.572
-9.40151
-2.3741
12.3835
58.7643
-78.2701
110.767
118.497
100.929
117.795
70.0082
124.822
90.3877
57.3589
81.252
22.2218
188.771
220.395
143.093
190.177
264.667
140.282
92.4959
181.041
20.8163
46.115
19.4109
66.4945
88.2794
-5.8878
159.959
-17.1317
53.1424
27.8437
-91.6222
-43.1331
-109.893
-160.491
-151.355
-5.18506
-80.3783
-41.7276
-21.3481
-14.3207
-69.1345
-88.8112
5.35605
9.57249
43.304
60.8726
55.9534
34.1684
27.141
51.0342
-55.7824
64.3863
-15.0234
-34.7002
48.926
-36.8084
32.0602
42.6013
6.76153
-7.99603
34.1684
91.7932
17.3026
64.3863
62.278
22.2218
10.2752
-77.5674
-158.383
-131.678
-19.9426
-3.77958
132.552
134.66
91.0904
44.7095
-126.759
-78.2701
-155.572
-142.219
-108.488
51.7369
70.0082
70.7109
176.122
70.7109
213.367
26.4383
50.3315
17.3026
30.6547
117.092
127.633
186.663
215.476
228.828
46.115
100.929
201.421
131.849
242.18
244.991
138.174
101.632
114.984
91.7932
11.6807
-0.968619
-37.5111
-74.7564
-69.8372
32.0602
14.4917
55.2506
138.877
62.278
-16.4289
-73.3509
-197.736
-115.515
-181.573
-161.896
-38.2139
44.7095
142.39
48.2232
-0.265878
9.57249
-31.1865
3.24783
-69.1345
80.5493
48.2232
133.958
221.097
60.8726
96.0096
6.05879
-64.2153
-99.3523
-101.461
-112.002
-121.137
-19.2399
-59.9988
-27.6728
-142.219
-231.468
-131.678
-281.362
-187.195
-256.766
-177.357
-73.3509
-52.9714
-13.618
-87.4057
-130.976
-233.576
-297.525
-424.019
-403.639
-226.548
-152.058
-83.1893
-33.9974
-50.8632
-32.5919
-56.4851
-53.6742
-96.5414
-93.0276
-43.8358
54.5479
21.5191
107.956
17.3026
20.8163
8.16701
-68.4317
-123.948
-146.436
-71.2427
-18.5371
67.9
39.0876
-10.807
1.1396
48.926
-31.1865
-18.5371
-93.0276
-98.6496
-46.6468
14.4917
48.926
29.2492
62.278
-36.8084
15.1944
-64.2153
-117.624
13.0862
-20.6454
-39.6194
37.6821
-108.488
20.1136
96.7123
21.5191
80.5493
-17.8344
99.5233
181.744
262.559
322.995
192.988
199.312
294.885
134.66
143.093
178.23
96.0096
106.551
111.47
102.334
137.471
173.311
41.8986
10.2752
15.8972
-2.3741
124.822
86.874
105.145
148.715
140.282
53.1424
249.207
179.636
185.96
313.859
131.147
285.047
162.77
197.907
178.23
112.875
107.253
43.304
23.6273
-36.8084
70.7109
29.2492
77.7383
166.986
88.9822
141.688
109.362
130.444
58.0616
-39.6194
-61.4043
-222.332
-219.521
-246.225
-362.177
-159.085
-74.7564
-246.225
-153.463
-317.905
-381.854
-353.744
-354.447
-350.933
-378.34
-279.957
-187.898
-174.546
-89.5139
-142.219
-231.468
-178.059
-248.333
-237.792
-265.902
-228.657
-229.359
-303.147
-335.473
-186.492
-283.47
-96.5414
-56.4851
-109.893
66.4945
-17.8344
115.686
159.256
93.1986
78.4411
159.256
174.717
114.281
107.956
83.3603
88.9822
-20.6454
-110.596
-22.0508
-37.5111
34.8712
74.9274
31.3575
77.7383
102.334
-0.968619
-41.7276
70.0082
36.2766
117.795
272.398
297.696
311.048
363.051
226.017
216.881
96.7123
67.9
93.9014
53.8452
180.338
186.663
254.126
112.875
127.633
211.962
103.74
77.0356
114.281
61.5753
150.823
256.234
233.044
199.312
190.177
138.877
183.852
11.6807
99.5233
16.5999
-59.2961
55.2506
-157.68
49.6287
15.1944
-68.4317
58.0616
16.5999
11.6807
55.2506
-5.18506
-5.18506
34.1684
29.2492
0.436862
78.4411
32.0602
72.1164
-26.2673
-167.518
-163.302
-220.926
-128.867
-167.518
-166.113
-88.8112
-19.2399
-44.5385
-18.5371
-97.2441
-250.442
-227.251
-327.04
-311.58
-185.789
-179.465
-7.29329
46.115
-7.29329
32.0602
-48.0522
-143.625
-154.166
-109.893
-128.867
-133.084
-12.9152
-102.163
-49.4577
-108.488
-161.896
-65.6208
-156.977
-68.4317
-112.002
-17.8344
39.7903
44.7095
124.822
108.659
-57.8906
-145.733
-140.111
-211.791
-213.899
-249.036
-169.626
-164.004
-112.704
-5.8878
7.46427
36.2766
112.875
93.1986
66.4945
104.442
96.7123
208.448
168.392
307.535
301.21
293.48
255.532
151.526
186.663
154.337
148.012
215.476
148.012
158.554
181.744
143.093
207.043
233.044
191.582
119.903
261.154
96.0096
158.554
143.796
6.05879
45.4123
-19.2399
4.65331
-72.6482
-22.0508
-118.326
-124.651
-138.706
-166.815
-223.035
-181.573
-116.921
-181.573
24.33
-47.3495
34.1684
-0.265878
-71.2427
-12.9152
-203.358
-161.193
-218.115
-126.056
-140.111
-42.4303
18.0054
42.6013
15.1944
-142.219
-19.2399
-240.603
-185.789
-182.276
-194.222
-69.1345
-135.895
12.3835
31.3575
-52.2687
-55.7824
-144.328
-208.98
-143.625
-117.624
-149.95
-79.6756
-172.437
-182.276
-93.0276
-121.137
-31.8892
-30.4837
15.8972
91.0904
31.3575
153.634
120.606
114.984
256.937
155.743
149.418
91.7932
144.499
116.389
132.552
157.148
139.58
30.6547
25.7355
123.416
-0.968619
73.5219
122.714
-64.918
4.65331
-57.1879
-100.055
5.35605
-150.652
-93.7304
-100.758
-175.248
3.24783
-14.3207
4.65331
-2.3741
-32.5919
-49.4577
-8.69877
44.7095
-8.69877
27.8437
-1.67136
52.4397
69.3054
-15.0234
89.6849
54.5479
19.4109
38.3849
9.57249
32.7629
90.3877
148.012
93.1986
114.984
105.848
105.145
84.063
141.688
135.363
62.278
24.33
70.7109
-24.8618
-13.618
-41.7276
-49.4577
52.4397
-31.1865
-7.99603
30.6547
67.1972
13.7889
97.4151
18.7081
72.1164
93.1986
27.8437
38.3849
-92.3249
48.926
7.46427
90.3877
-47.3495
-87.4057
62.278
-49.4577
-22.0508
-69.8372
-142.219
-1.67136
0.436862
-23.4563
-13.618
-51.5659
7.46427
-149.247
48.926
-33.2947
0.436862
142.39
17.3026
140.282
44.0068
103.037
138.877
129.038
159.256
145.904
211.259
230.233
254.829
242.18
114.984
91.0904
-76.1619
-119.732
-154.166
-147.841
-3.07684
-50.1605
25.0328
39.7903
0.436862
-5.18506
-26.97
32.0602
-171.032
-117.624
-113.407
-145.733
-103.569
-93.0276
-179.465
-183.681
-118.326
-251.847
-226.548
-269.416
-275.74
-242.711
-171.735
-289.795
-252.55
-171.032
-175.248
-171.735
-159.085
-151.355
-128.165
-76.1619
-11.5097
-41.7276
23.6273
49.6287
105.848
62.9808
42.6013
-7.99603
-10.807
-8.69877
-63.5125
-26.2673
-120.435
3.95057
64.3863
21.5191
38.3849
140.282
154.337
126.93
247.099
245.693
136.066
211.962
164.175
38.3849
137.471
67.9
75.6301
103.74
170.5
161.364
190.88
98.1178
122.714
19.4109
45.4123
-27.6728
-57.8906
79.1438
66.4945
133.958
204.232
191.582
132.552
229.53
36.2766
93.9014
29.952
-43.1331
51.7369
2.54508
-0.265878
12.3835
22.2218
-80.3783
