SAMPLES:	20786
BITSPERSAMPLE:	16
CHANNELS:	1
SAMPLERATE:	16000
NORMALIZED:	FALSE
-25
-24
-31
-20
-35
-25
-29
-48
-31
-41
-36
-41
-39
-44
-39
-32
-35
-25
-38
-22
-28
-23
-9
-19
-13
-17
-10
1
-12
0
-2
7
10
4
13
2
18
4
12
20
13
19
14
29
28
37
34
40
37
40
53
40
54
41
49
47
37
50
41
50
51
44
55
46
51
46
44
50
31
47
39
46
34
32
41
20
33
30
35
29
23
21
22
13
20
15
9
15
7
5
1
-2
-5
-10
-15
-9
-18
-19
-26
-20
-36
-33
-25
-34
-16
-37
-23
-21
-31
-15
-32
-27
-30
-32
-28
-40
-28
-31
-26
-34
-34
-28
-38
-28
-35
-29
-17
-25
-18
-14
-19
-4
-12
-4
3
-1
10
7
17
17
9
19
17
19
19
20
31
16
32
18
22
26
20
32
23
37
32
35
43
47
38
48
51
44
48
26
38
36
35
42
26
46
26
45
36
29
26
4
27
7
13
18
3
8
-5
-1
13
-24
7
-16
-11
-10
-8
-16
-18
-23
-28
-20
-37
-21
-41
-32
-46
-30
-49
-40
-48
-40
-36
-43
-40
-44
-45
-43
-39
-47
-30
-48
-32
-40
-39
-43
-45
-47
-53
-45
-45
-46
-47
-42
-40
-44
-35
-27
-35
-22
-31
-22
-15
-13
-6
-9
-9
3
6
6
13
9
15
18
23
19
22
20
23
21
7
16
10
13
13
7
14
10
11
15
13
11
18
19
25
27
27
35
31
34
36
43
33
29
32
28
22
16
19
14
9
11
10
3
12
0
11
-3
-9
3
-6
-2
-12
1
-7
-7
-10
-9
-9
-12
-6
-7
-11
-11
-10
-20
-18
-23
-17
-29
-29
-30
-36
-34
-27
-37
-37
-33
-37
-29
-34
-22
-22
-20
-20
-23
-22
-29
-28
-28
-28
-26
-23
-17
-22
-16
-11
-11
-6
-11
-3
-1
-2
1
5
8
9
12
16
11
16
22
22
24
23
20
16
18
27
26
25
32
23
27
17
26
29
23
33
27
31
31
33
33
32
32
30
29
31
28
31
23
26
22
14
17
16
15
13
12
8
5
8
12
1
3
1
-4
-3
-7
-9
-10
-9
-8
-10
-9
-14
-6
-7
-15
-7
-16
-10
-15
-18
-19
-28
-28
-24
-31
-23
-29
-31
-32
-35
-28
-32
-36
-31
-31
-37
-27
-31
-22
-28
-21
-23
-25
-16
-17
-4
-16
-8
-11
-13
-9
-19
-3
-10
-12
-10
-10
-6
-9
0
3
4
10
7
8
8
7
9
5
16
11
21
17
19
17
11
14
12
16
8
10
7
16
7
9
10
6
13
16
23
20
21
25
22
24
24
23
27
22
26
19
16
17
15
16
9
14
12
9
9
11
0
4
3
2
0
-4
0
-3
-3
-7
0
3
1
9
6
3
5
3
0
-3
-7
-11
-8
-5
-4
1
0
-6
-3
-10
-4
-9
-6
-4
-9
-4
-4
0
-5
-3
-3
0
4
10
1
5
9
4
10
5
4
4
7
6
2
9
6
6
10
-3
10
-3
3
-1
-6
3
-3
4
0
3
-1
3
4
8
1
-1
-2
1
3
-1
1
1
6
7
6
7
4
7
10
5
13
13
14
11
8
12
5
9
3
-2
9
-4
4
2
-6
-3
-10
-2
-7
-6
-6
-9
-6
-3
-6
-6
-8
-8
-4
-5
-13
-12
-10
-9
-6
1
-1
-1
0
-7
3
0
-3
-6
-5
-3
-3
-4
-8
-6
-7
-3
5
2
4
-3
4
3
3
13
4
6
7
9
0
9
2
4
-1
2
1
-6
-5
-12
-4
-11
-8
-7
-4
-10
-2
-5
0
-8
-4
-11
-10
-1
-5
13
4
11
6
18
7
11
15
10
6
6
10
0
-4
-5
-1
-8
-6
-9
-4
-9
-3
2
1
4
3
2
1
2
-7
4
1
3
11
16
13
15
20
17
16
6
11
6
4
10
9
8
2
1
-3
-3
-8
-3
-3
-4
1
-3
6
9
0
3
10
5
9
9
12
10
6
5
5
3
-6
-5
-7
-2
-7
3
3
1
6
10
7
5
5
1
3
3
1
-2
3
0
4
0
4
6
13
10
6
13
9
10
7
10
4
4
4
6
1
0
-2
3
2
-7
2
-5
-3
-4
-5
0
-5
-2
-10
-6
-12
-9
-12
-10
-11
-12
-3
-9
1
-5
3
-4
-5
-8
-7
-9
-9
-3
-10
-6
-9
-6
-10
-4
-5
-7
-5
1
-4
-6
-3
-2
-6
-1
0
-6
-3
-7
-3
-7
-4
-6
-5
-1
-3
3
-1
-4
0
-2
-8
-3
-3
-7
-9
-11
-13
-10
-17
-20
-16
-21
-12
-13
-10
-10
-11
-11
-8
2
-3
1
-3
1
1
0
3
3
9
4
3
0
1
-8
-14
-9
-14
-15
-20
-19
-19
-19
-22
-19
-24
-22
-13
-13
-7
1
3
3
3
7
17
18
14
12
9
8
6
7
1
-2
0
0
0
0
-2
-3
2
-2
6
-7
-5
-4
-3
-1
-4
2
-5
11
1
7
4
2
-2
-4
-1
-4
-8
-9
-1
-10
1
-9
-4
-11
-12
-11
-3
-6
-3
-3
-8
3
-4
4
-4
0
-6
-3
-4
10
7
1
0
-2
-3
-12
-5
-6
-6
-5
1
0
3
-4
-4
-6
-11
-9
-14
-14
-11
-11
-12
0
-7
-6
-4
1
3
6
13
6
17
9
10
7
5
3
-3
3
-5
-3
-9
-4
-5
-3
1
1
-5
2
4
-1
8
5
9
7
9
11
12
7
13
7
16
16
14
17
6
11
5
7
7
12
8
14
13
8
8
7
10
11
13
5
15
7
7
10
13
16
15
10
8
11
3
10
0
7
5
10
20
12
17
11
14
7
11
7
12
6
8
11
13
13
6
16
6
3
1
7
0
1
2
2
5
4
9
4
13
10
10
9
12
8
7
9
11
13
4
5
4
7
-1
0
-6
-4
-7
-5
-4
-12
-7
-13
-7
-6
-4
-2
0
-2
2
-2
2
1
-1
-3
0
2
3
4
-3
4
0
9
3
2
0
1
-2
1
0
1
-5
-10
-5
-11
-4
-5
-10
-6
-5
-9
-10
-10
-4
-3
-3
2
3
6
6
9
5
3
-2
-11
-8
-12
-9
-12
-19
-9
-11
-12
-13
-13
-8
-8
-10
-7
-3
0
0
4
6
6
9
9
10
5
5
10
8
5
-1
6
3
-1
-3
-4
-8
-9
-4
-3
-5
-4
-1
-10
-1
-5
0
6
1
6
10
10
2
6
-1
8
4
9
9
6
8
2
7
1
0
-3
-3
-3
6
0
3
4
-3
-3
-1
-2
-9
-1
-9
-3
0
0
-5
-6
-4
-4
-8
-12
-13
-23
-18
-19
-19
-23
-21
-28
-22
-27
-27
-23
-28
-22
-25
-15
-21
-16
-22
-14
-16
-11
-11
-6
1
-8
7
1
4
-7
-3
-6
-11
-17
-13
-19
-25
-17
-21
-13
-27
-21
-23
-10
-13
-9
-3
-4
4
5
13
4
15
13
12
6
13
15
13
13
9
7
-1
7
5
7
3
5
1
1
4
1
6
3
9
9
11
5
8
9
4
0
-4
-5
-6
1
-6
-2
-6
0
3
7
9
13
13
17
22
13
15
10
14
6
16
12
11
9
14
9
5
9
9
9
4
14
1
6
2
3
-2
3
5
6
13
6
10
6
14
14
19
17
14
19
12
15
10
13
11
6
5
9
4
-1
0
-3
-1
-3
-7
-6
-9
-5
0
-9
-3
-4
-9
-3
-2
1
0
2
7
14
16
12
12
4
8
13
9
13
8
8
8
3
3
3
0
0
0
7
13
5
8
9
13
12
18
14
17
17
19
22
15
18
9
6
7
6
-2
0
-6
-4
-7
0
0
-9
-3
-6
1
-2
6
-6
3
4
7
6
5
9
8
9
6
12
2
8
-3
2
-6
-11
-9
-16
-16
-19
-17
-22
-17
-19
-6
-10
-11
-11
-11
-6
-4
-4
-4
3
3
1
-3
0
-4
3
-4
-5
-4
-3
3
-2
-3
2
3
-6
-2
-5
-3
-10
-13
-6
-9
-6
-7
-5
-13
-4
-6
-5
3
-4
4
6
9
6
6
-3
1
-7
-3
-7
-6
-7
-6
3
-2
1
-9
2
-4
-1
-6
-3
-1
-3
-4
0
-6
-7
-1
-7
-9
-18
-11
-14
-13
-15
-7
-16
-12
-13
-14
-10
-14
-5
-9
-7
-3
-4
-9
-3
-6
-5
-2
0
-6
-3
1
-3
-4
2
3
1
0
-1
-8
-1
-9
-4
-5
-10
-5
-8
0
-9
-4
-12
-4
-5
-1
-6
5
4
-2
-3
-3
2
0
5
-2
2
-13
0
-16
-9
-5
-6
-5
-9
-7
-6
-6
-12
-1
-8
3
-3
3
1
3
2
6
2
0
2
1
2
1
3
-1
1
-3
0
-1
-4
0
0
0
-3
0
1
-3
7
13
16
13
28
19
13
13
11
10
3
10
5
10
3
6
4
5
1
1
7
2
1
8
8
4
1
6
10
-2
6
9
5
4
9
14
10
6
13
6
10
13
15
12
6
16
10
14
10
-1
4
8
13
10
12
13
10
14
6
9
3
7
7
4
5
-3
0
-13
-2
1
3
-2
-1
-6
-6
-4
-6
-6
-13
-5
-9
-7
-9
-3
-9
-3
-9
-8
-2
-3
2
-5
-5
-9
-11
-16
-9
-15
-8
-13
-20
-22
-25
-22
-26
-23
-23
-20
-19
-10
-9
-6
-8
-6
-2
3
5
5
10
6
6
-1
-1
-5
-6
-11
-10
-9
-13
-6
-7
0
-4
2
-1
2
2
-1
0
0
3
4
3
-3
7
4
4
10
7
5
2
-3
-4
-14
-22
-16
-23
-16
-14
-15
-8
-6
-3
3
4
10
11
9
18
10
15
13
15
15
12
10
3
2
3
3
6
7
4
6
3
3
-1
3
7
7
3
-1
-1
-6
3
2
2
5
7
15
10
12
15
14
16
17
16
8
2
-1
-3
-1
-2
-2
-2
-3
3
-3
-2
-5
-6
-7
-6
-8
-8
-8
-12
-5
-7
-1
-3
-3
-3
-2
0
4
0
3
4
1
7
3
3
3
7
5
6
0
-4
-10
-13
-7
-10
-6
-7
-2
2
3
5
9
3
10
9
6
9
4
8
3
3
-3
-11
-6
-6
-7
-11
-3
0
-1
1
4
-2
4
3
-1
1
-3
5
-4
4
3
1
4
6
5
0
1
-3
-5
-9
-10
-10
-7
-6
-5
-1
-2
-12
-12
-9
-12
-11
-8
-6
-6
-10
-11
-10
-7
-5
-11
-8
-6
-7
-6
-10
-21
-17
-14
-11
-10
-7
-7
-5
-3
-9
-6
-10
-6
-1
6
4
-1
6
9
3
9
10
3
6
8
12
0
9
2
4
7
10
9
5
12
3
8
3
2
-2
-5
0
-1
-2
11
-3
3
1
-5
3
-4
0
-3
7
1
7
9
11
6
7
6
3
6
11
8
0
9
-2
2
-6
3
7
2
7
7
10
13
21
22
22
18
9
4
9
3
-1
6
6
7
-3
-2
0
1
-1
1
10
0
11
9
13
13
20
13
6
16
7
13
10
6
7
6
4
4
0
2
-7
-2
-7
-10
-6
-5
-4
-6
-4
-8
-4
-10
-9
-14
-2
-4
-4
-6
-3
-5
-7
1
2
6
-4
3
-3
0
2
-2
0
0
8
7
4
10
5
4
5
1
0
3
0
2
5
7
7
12
15
12
15
17
17
12
16
13
14
16
8
3
8
-1
5
3
1
0
-8
-3
-1
6
-2
0
-5
-1
-6
-8
-8
-11
-4
-1
-1
-6
1
-9
-3
-1
-4
-3
-7
-12
-13
-12
-12
-9
-13
-16
-14
-8
-7
-9
-6
-10
-10
-10
-6
-10
-10
-8
-9
0
0
3
6
-3
0
-3
-1
-1
-3
0
-3
-5
-9
-11
-12
-6
-6
-2
-6
-6
-5
-8
-13
-2
-4
-8
0
-4
-3
1
5
1
0
2
1
-4
-3
-6
-6
-10
-3
-6
-3
-6
-12
-4
-9
-2
-9
-9
-15
-17
-19
-12
-10
-11
-10
-9
-7
-13
-9
-8
-2
-12
-4
0
-3
-4
-3
3
-4
2
-2
-5
-2
-5
-4
-2
-7
-5
-5
-10
-3
-4
-3
1
-1
-6
-4
-4
-2
4
7
9
7
12
3
9
9
16
8
14
16
7
12
0
9
4
4
2
2
2
9
1
-2
3
0
2
1
13
6
13
12
11
13
18
19
21
19
12
11
10
16
12
15
16
15
6
4
6
3
1
-4
-7
-3
0
-4
-1
0
3
3
0
9
8
8
16
12
18
17
18
15
13
16
12
7
2
7
-3
5
9
8
16
10
10
9
10
7
12
15
10
17
12
15
11
10
3
3
9
6
9
3
7
-2
-2
0
3
-6
-9
-6
-6
-8
-5
-1
-6
1
0
5
4
11
5
6
10
11
9
13
12
10
13
7
15
12
17
7
13
14
13
7
2
3
-1
0
2
1
-2
3
-1
6
1
0
9
9
13
10
6
12
6
0
2
-2
-3
1
0
0
-8
-9
-7
-6
-6
-3
-7
-10
-2
-5
0
0
4
8
6
6
7
12
7
5
10
4
6
-1
-11
-10
-18
-13
-16
-16
-20
-21
-26
-25
-23
-28
-25
-28
-28
-28
-24
-22
-20
-17
-16
-17
-11
-18
-12
-13
-19
-17
-13
-16
-18
-11
-21
-20
-18
-21
-21
-19
-20
-16
-21
-19
-17
-20
-19
-17
-15
-9
-12
-16
-9
-11
-12
-19
-9
-20
-16
-17
-16
-15
-17
-7
-17
-7
-13
-12
-14
-14
-15
-10
-8
-9
-6
1
1
-3
2
-7
-1
-3
6
0
0
0
0
1
-6
0
-9
0
-6
-4
-9
-7
-6
0
1
-9
3
-4
2
0
5
3
10
8
6
13
3
13
9
16
8
11
13
2
9
10
7
4
1
2
7
1
4
8
10
6
9
12
7
4
10
7
5
9
11
12
9
12
5
9
1
3
6
7
3
2
2
1
5
5
7
-3
1
5
9
7
5
5
3
5
9
10
10
13
9
15
16
13
9
11
15
9
18
17
17
16
12
12
6
6
-2
2
2
9
4
6
4
7
12
7
13
7
9
10
11
3
9
9
2
0
6
2
1
2
-3
-1
0
0
-4
3
-5
-5
-10
-6
-9
-6
-2
-2
1
-3
-4
-3
-5
-9
-5
-7
-6
-10
-8
-5
-8
-10
-19
-15
-13
-12
-6
-8
-5
-10
-4
-7
-6
-4
-6
-4
-6
-4
0
-5
-6
-1
-5
0
-3
-6
-15
-10
-12
-10
-5
-3
3
-4
0
1
0
1
1
6
5
5
10
7
1
1
5
-4
-4
-3
-1
-9
0
4
-2
3
-5
-1
-4
-3
-3
6
2
4
9
8
7
3
9
3
4
5
9
2
5
-1
-2
0
1
0
-9
-9
-5
-4
-6
-3
-4
-3
-2
6
-3
0
-2
3
6
11
16
10
9
7
15
18
20
14
14
10
12
9
5
-3
3
0
-3
2
-3
-7
-9
-1
-1
-4
-3
-3
-1
0
6
13
9
7
15
11
7
9
3
4
-1
-3
-7
-4
-6
-3
-5
-4
-7
-7
-6
-7
2
-3
5
-3
4
1
7
6
8
13
10
12
11
13
5
9
0
2
3
4
-3
0
-3
-7
-7
-3
-6
-11
-7
-8
-7
-10
0
-6
-1
-1
2
7
3
0
4
1
2
-2
-7
-4
-10
-1
-3
-3
-3
-2
0
-6
-9
-10
-7
-5
-10
-5
-9
-6
-3
0
1
-1
2
3
10
6
8
1
2
1
1
-1
-1
2
-4
-1
0
-6
-6
-1
2
3
5
5
4
10
9
10
8
13
12
14
15
9
7
6
6
4
12
1
2
0
3
0
-3
2
5
6
2
10
6
4
3
6
4
4
8
10
7
7
9
6
9
4
2
5
3
0
1
-4
-7
-7
-12
-7
-10
-6
-4
-5
-4
-2
5
1
0
-4
2
0
1
6
-1
2
-1
-6
-8
-3
-5
-6
-8
-5
-3
-6
-6
-7
-12
-13
-13
-15
-19
-21
-18
-22
-18
-16
-19
-18
-20
-22
-18
-16
-16
-13
-15
-18
-25
-27
-16
-18
-25
-28
-21
-23
-21
-13
-7
-7
-12
-9
-3
-3
0
7
0
6
8
6
3
0
6
1
10
6
3
3
0
-1
6
1
1
-2
0
2
0
4
-3
4
-2
9
7
4
3
3
9
8
10
7
13
12
15
12
9
9
6
8
9
10
9
4
3
4
9
3
-1
4
2
6
11
6
3
3
4
9
16
11
12
11
8
9
2
2
1
3
-4
4
4
4
4
-3
-1
-4
-3
-6
-6
-8
-11
-7
-8
-3
3
1
-4
-5
-2
-7
-3
-9
0
-3
-7
-7
-10
-11
-14
-7
-11
-13
-10
-5
-10
-7
-7
-4
-5
-5
-5
-9
-2
-9
-6
-3
-2
1
-1
0
-4
-3
0
-3
0
-3
6
0
1
3
8
2
-6
0
-2
0
-4
2
1
5
5
3
0
6
6
6
11
12
15
7
8
10
5
11
15
4
6
1
7
4
1
3
3
-3
0
0
-3
-3
-6
3
-3
6
-1
2
8
5
7
3
6
6
12
7
-3
-2
-2
-3
-1
1
2
2
5
8
8
7
10
10
9
0
9
5
10
7
4
0
0
4
-3
5
4
2
2
5
4
12
12
15
12
18
15
19
22
25
26
19
24
18
20
8
12
10
6
5
4
6
2
-1
2
-2
-6
0
-3
0
-3
-3
-3
-2
2
-1
-2
10
3
1
4
3
2
0
4
1
0
-2
-4
0
0
0
0
1
4
0
11
7
9
7
3
13
8
4
-1
6
-4
-6
-8
-2
-4
-2
4
-7
-3
-3
2
-5
1
-8
-3
-6
-4
-6
-9
0
-7
-5
-8
-6
-11
-10
-11
-6
-10
-12
-10
-12
-11
-13
-10
-13
-10
-17
-14
-18
-16
-17
-17
-16
-21
-10
-13
-12
-19
-12
-11
-12
-10
-16
-13
-17
-9
-7
-9
-6
-2
-6
-1
0
-7
-8
-9
-11
-10
-5
-10
-7
-6
0
1
6
7
8
9
9
7
9
6
3
10
6
6
2
2
0
2
3
7
0
-5
-3
-3
3
-2
-4
-8
-4
-3
1
1
-2
3
4
2
-1
3
-2
-5
0
0
4
2
6
4
4
2
1
0
-6
-5
-8
-5
-5
0
-3
-7
-3
-1
4
7
2
2
5
3
3
4
0
3
9
9
12
10
10
12
12
7
11
6
4
9
2
5
2
5
0
-4
-2
1
-7
-6
4
3
6
8
13
5
10
13
15
18
13
10
8
3
7
10
6
8
12
7
-1
3
-1
-1
0
-3
-4
-3
-6
-7
-9
-3
-2
-1
-1
-8
-1
-5
-3
-9
-7
-6
-6
-4
-12
-4
-9
-7
-9
-10
-14
-16
-15
-16
-19
-16
-12
-14
-12
-12
-8
-9
-9
-9
-10
-8
-6
-9
-4
-5
-5
0
3
1
-2
-6
-7
-7
-9
-10
-2
-1
-6
-4
-3
-1
-8
1
6
5
9
6
9
3
9
7
8
5
-2
0
-3
0
-7
1
2
-3
-4
-1
-2
-2
-6
3
6
1
11
7
8
3
12
6
3
6
3
2
1
3
0
2
-1
3
0
3
2
4
2
5
3
-3
4
1
3
2
8
6
9
7
8
7
6
14
9
8
1
0
-4
2
-3
-4
1
0
-1
-3
2
-3
-2
0
2
4
2
0
3
2
2
4
0
-1
-2
-3
-4
-2
-2
-7
-4
-5
-8
-5
-6
-13
-6
-12
-10
-13
-12
-8
-12
-6
-10
-7
-11
-4
-4
4
4
4
6
9
7
3
0
2
8
2
5
1
4
2
5
5
4
2
9
9
5
13
9
14
12
12
13
13
12
19
21
16
18
11
14
7
10
9
5
6
5
9
5
3
4
2
-1
3
-2
-1
0
1
-4
-6
-5
-8
-3
-3
0
1
0
-7
-3
-7
-13
-15
-16
-18
-21
-16
-14
-7
-16
-12
-12
-10
-6
-14
-10
-9
-6
-8
-10
-13
-13
-13
-9
-10
-5
0
-1
-2
5
6
2
2
-2
-3
-3
-3
-3
1
4
0
3
6
2
6
6
9
15
16
19
15
10
15
15
12
7
6
6
3
1
-3
-4
-7
-6
-7
-1
-5
-6
-4
-7
-6
-6
-7
-5
-3
-13
-7
-4
-7
1
-6
-4
1
7
4
3
1
-9
-3
-8
-7
-5
-10
-14
-8
-10
-3
-9
-12
-7
-9
-1
1
-1
-1
6
2
10
5
1
2
-1
1
-4
-10
-8
-8
-6
-3
-6
-2
-9
-2
-5
-9
-6
-1
-1
-2
-1
-6
-3
-6
-7
-4
9
6
11
12
6
4
1
6
-4
-4
-14
-12
-10
-13
-5
-12
-15
-10
-4
-3
-3
-3
2
1
6
7
4
2
2
6
1
4
5
3
-1
0
-2
-3
2
0
3
3
0
-1
-3
0
0
0
-1
-3
3
1
6
7
7
10
4
11
8
16
19
14
10
12
10
7
1
-2
-3
-6
-2
-8
-3
-11
-10
-6
0
6
4
12
3
10
13
10
19
19
22
22
18
16
13
6
9
7
5
0
-1
-6
-14
-10
-10
-13
-12
-14
-19
-19
-23
-16
-23
-23
-19
-17
-18
-16
-14
-15
-10
-7
2
-5
-2
-9
-6
-9
-14
-5
-9
-10
-7
-3
-3
7
3
6
8
6
16
17
17
17
15
22
22
24
24
22
29
22
29
29
25
34
23
28
31
24
23
30
21
16
21
13
12
14
19
15
12
8
10
6
3
7
6
5
2
8
10
5
0
1
4
3
-1
-3
-1
-4
-2
0
-4
-3
-6
-1
-4
-7
4
-4
-6
-7
-9
-11
-13
-6
-3
-3
-4
-1
-1
-5
-9
-12
-15
-16
-14
-15
-20
-17
-18
-20
-18
-16
-17
-17
-11
-5
-3
-3
-5
-4
0
-3
1
-7
0
-4
-7
-3
-3
-6
-2
-4
-13
-6
-10
-9
-13
-4
-11
-13
-10
-6
-2
-2
0
-3
4
-2
2
2
-4
-2
-10
-12
-13
-9
-8
-10
-7
-12
-14
-9
-8
-5
-4
-1
-1
-3
1
-3
3
-7
3
3
0
0
-6
-1
-8
-6
-9
-7
-7
-8
-3
0
0
0
-1
-5
-6
3
-4
-6
2
-3
-2
-3
-6
-10
-7
-9
-2
1
3
6
-1
3
-1
3
-1
3
-2
0
0
-6
0
-3
0
-6
-4
-3
-2
-6
-6
-7
-7
-1
5
5
2
8
6
3
4
3
-4
4
4
-9
-4
-4
0
-4
-6
-2
-2
-1
0
-2
-6
-5
0
-1
-1
12
8
16
14
10
9
11
9
1
7
3
8
10
6
-3
0
-4
-9
-7
-7
-11
-9
-6
-8
-5
-3
-5
-9
0
-4
-3
-1
2
1
2
4
4
8
3
3
-3
0
-2
0
3
0
3
1
4
2
1
7
4
5
9
15
2
0
6
-1
4
3
3
3
4
3
-3
-5
0
-2
-3
-6
-4
-2
-3
0
2
4
4
5
0
10
3
11
16
19
23
28
26
19
25
23
22
21
23
17
16
24
24
23
25
24
23
20
23
20
23
26
25
19
17
22
25
24
25
26
23
23
19
22
13
15
10
11
12
11
8
10
18
15
13
10
17
16
19
12
17
8
13
13
13
19
20
18
12
22
17
16
11
12
11
6
3
6
0
-2
-10
-15
-15
-18
-16
-19
-19
-25
-18
-22
-19
-19
-20
-14
-18
-18
-19
-13
-19
-16
-13
-11
-13
-13
-12
-21
-16
-22
-21
-26
-27
-22
-20
-25
-24
-23
-29
-26
-24
-23
-28
-23
-22
-21
-13
-13
-18
-13
-10
-17
-14
-16
-15
-15
-12
-19
-14
-16
-17
-16
-17
-7
-11
-13
-12
-10
-12
-2
0
3
4
3
4
10
12
12
10
3
9
1
7
2
4
1
2
-1
-2
-3
-3
-2
-9
-1
-7
-6
-17
-13
-6
-9
-4
-3
-2
-5
3
-4
-3
-1
-5
-8
-9
-3
-12
-3
-3
-3
-10
-4
-10
-5
-2
-5
-3
-5
-7
-6
-3
-9
-1
-8
2
-3
-4
-9
-1
1
-6
1
0
-1
-2
7
0
3
0
1
3
0
0
0
4
5
3
7
9
10
13
12
6
7
2
8
8
12
8
11
8
2
11
7
12
9
12
9
15
13
20
15
18
19
20
24
7
15
7
7
3
8
3
8
10
12
9
8
8
7
12
10
15
8
16
18
16
16
19
17
15
16
16
19
16
20
23
16
20
22
26
28
17
16
15
8
9
17
11
13
6
10
9
9
11
9
16
13
14
9
7
7
4
-2
9
-1
6
-3
8
6
-5
2
-9
1
-6
-1
-3
-7
-15
-11
-10
-4
-10
-6
-3
-9
-4
-6
-6
-13
-6
-12
-10
-14
-9
-10
-18
-12
-15
-9
-16
-12
-20
-16
-16
-19
-17
-18
-9
-15
-10
-12
-12
-15
-4
-4
-6
-3
-9
-6
-10
-5
-6
-6
-10
-4
-9
-9
-9
-7
-11
-14
-6
-10
3
6
2
-5
0
0
3
7
9
7
6
10
7
13
10
13
9
16
9
10
11
3
-4
-2
4
-7
0
-9
-3
-3
3
0
-2
2
2
6
-1
3
-2
-4
-6
1
-11
-16
-12
-13
-22
-16
-12
-19
-20
-24
-18
-25
-19
-25
-30
-25
-25
-25
-34
-29
-28
-28
-22
-15
-23
-23
-16
-20
-16
-18
-11
-14
-13
-6
-13
-19
-9
-8
-11
-6
-5
1
-1
1
-4
3
5
3
-3
-5
-8
-8
-4
0
-3
-8
-4
0
5
-1
9
12
11
10
6
1
-2
-1
-6
-7
-12
-6
-12
-11
-6
-2
-8
-3
-1
-2
1
3
6
0
11
13
17
17
17
19
21
27
20
20
20
28
22
21
30
25
20
18
14
9
6
4
5
1
3
8
9
9
6
7
4
7
8
0
5
3
0
-3
0
5
0
0
4
3
-6
7
3
0
9
12
15
16
15
9
4
5
5
3
3
4
7
3
8
5
0
-1
3
2
2
7
6
9
3
9
-3
0
-2
-5
0
-2
1
-4
2
0
3
3
6
0
3
8
6
6
6
6
1
1
4
-3
-9
-8
-7
4
-3
4
3
-7
-3
-7
-6
-11
-10
-10
-14
-10
-8
-6
-7
-9
-6
-3
-10
-1
-6
-3
-1
-2
2
-6
-7
-13
-12
-13
-15
-21
-19
-10
-8
-2
5
7
7
3
0
5
9
16
17
33
28
25
30
11
1
0
-4
-1
9
11
19
23
21
13
7
-15
-21
-26
-32
-15
-9
-5
0
7
-3
-9
-16
-25
-38
-35
-19
-10
-2
-2
9
1
-4
3
-9
-18
-15
-7
-2
6
21
28
30
44
35
22
6
0
-4
-5
-4
-7
13
17
15
13
-3
-32
-42
-46
-44
-29
-19
-5
10
18
10
7
-16
-24
-34
-31
-16
3
13
16
22
14
19
12
-5
-16
-18
-23
-2
1
14
16
12
38
23
29
21
7
16
26
36
48
49
48
59
65
58
36
31
4
12
24
9
13
1
-7
5
0
-28
-56
-79
-79
-64
-57
-62
-65
-63
-57
-46
-35
-41
-41
-23
-11
2
13
13
15
30
47
60
54
45
39
37
35
48
46
17
-6
-18
-38
-26
-13
-34
-14
-20
-23
3
-22
-35
-32
-35
0
31
66
82
79
89
92
102
107
116
96
76
76
59
86
94
60
7
-64
-54
-10
-5
-57
-169
-411
-525
-306
-303
-211
33
-249
-202
-16
-285
-344
-409
-604
-434
255
481
482
749
130
-168
280
29
149
507
361
419
749
852
498
469
201
-311
-93
-11
-29
257
236
77
-74
-221
-500
-676
-555
-608
-385
-25
-14
-109
-270
-623
-738
-413
-96
168
291
57
-98
-110
-12
233
278
182
90
150
203
356
490
216
120
75
-57
71
100
49
24
-13
20
-25
-105
-187
-295
-243
-99
0
-26
-163
-288
-333
-155
70
113
93
-80
-273
-125
9
92
212
102
-8
-9
48
65
32
66
0
22
108
42
11
-59
-48
56
108
129
23
-53
-75
16
203
209
147
44
-77
-25
132
223
194
118
11
-56
26
69
78
91
56
70
68
48
-56
-127
-92
-45
35
82
3
-111
-107
-47
2
71
1
-198
-217
-200
-118
41
41
-82
-166
-214
-201
-60
-18
-85
-89
-145
-186
-101
-87
-86
-69
-53
-31
7
-3
-107
-91
-50
-25
47
13
-89
-115
-78
-51
29
98
-43
-131
-95
-118
-37
41
24
1
-23
-48
-63
-26
4
30
51
62
77
70
87
109
85
111
111
91
202
186
127
254
231
189
336
293
221
293
331
372
423
443
379
385
419
442
487
422
440
399
344
494
421
389
449
255
279
304
60
65
161
-16
23
118
-175
-243
-210
-492
-490
-399
-636
-689
-696
-931
-876
-893
-1137
-1062
-1153
-1270
-1122
-1100
-1113
-1066
-1065
-1116
-1008
-838
-850
-739
-616
-482
-246
-165
-25
12
75
235
359
535
551
513
616
748
819
885
798
594
680
814
871
1099
1062
847
663
470
350
390
527
588
837
875
665
607
347
268
470
607
781
920
907
810
844
908
876
826
825
946
1057
1148
1207
1178
1189
1046
774
493
69
-720
-1046
-729
-651
-517
-962
-1732
-1776
-2058
-2519
-2435
-2146
-2166
-2281
-2314
-2768
-2841
-3123
-3328
-1809
-614
-316
-265
-439
-167
-25
-50
67
699
1171
878
1191
1442
1385
1236
958
1704
2123
1687
1056
607
765
320
-298
-580
-780
-922
-1447
-1312
-938
-1036
-1316
-1770
-1470
-1470
-1880
-1829
-1587
-876
-837
-949
-532
-202
266
478
1141
1757
1740
1782
1751
2202
2272
2088
2425
2648
3008
2722
2411
2591
2452
2505
2225
2203
2169
1586
1377
1031
1207
1123
679
842
591
680
477
227
452
40
-284
-1680
-2489
-2029
-2238
-1597
-1849
-2301
-1895
-2736
-3354
-3542
-2883
-2565
-2947
-2430
-3203
-3047
-3063
-3724
-1051
314
439
700
220
1079
943
620
1013
1797
2665
1598
1806
2214
1904
2377
1678
2356
2451
604
320
64
-20
-560
-2014
-2071
-1961
-2312
-2838
-2841
-2183
-2595
-3042
-3191
-3429
-3266
-3489
-2825
-1495
-1443
-1409
-1211
-601
512
510
1022
2011
2178
2358
2189
2515
2966
2945
3435
3739
4071
3710
3082
3564
3408
3040
2616
2301
2811
2276
1934
1895
1550
1810
1205
1221
1597
1134
985
581
980
893
297
525
42
-110
-1273
-2222
-1397
-1475
-1314
-1963
-2331
-1864
-3162
-3521
-3530
-3136
-2829
-3923
-3516
-3543
-3150
-2706
-2643
-148
162
-325
13
-82
1271
905
784
1729
1928
2526
1584
1964
2709
1986
2311
1739
1772
1213
-420
19
-363
-823
-1571
-2938
-2487
-2966
-3539
-3429
-3334
-3094
-3982
-4263
-4199
-4173
-3583
-3255
-2463
-1863
-2058
-1764
-838
-63
488
977
1532
2057
2082
2392
2926
3348
3908
3862
4097
4214
3690
3753
3797
3903
3670
3156
3273
2883
2725
2605
2226
2506
1985
1649
1533
1226
1523
1219
1286
1265
904
1166
925
863
714
212
-553
-1627
-1613
-1634
-1755
-1768
-2343
-1905
-2124
-3372
-3629
-3406
-3189
-4068
-4447
-3850
-3328
-2754
-3241
-1931
-199
-545
-248
184
1303
1393
275
1060
1927
2431
1764
1397
2842
2823
2283
2022
2049
2104
401
-305
25
-563
-1406
-2491
-2518
-2487
-3471
-3902
-3413
-3093
-4009
-4637
-4355
-4041
-4226
-4369
-3600
-3024
-2568
-2357
-1448
-178
-395
2
794
1463
1819
1634
2614
3229
3426
3728
3920
4765
4439
4002
4399
4330
4298
3700
3605
3827
3053
3003
2883
2877
2746
1783
2010
1924
1709
1575
1084
1432
917
664
1002
770
845
319
23
-831
-2213
-1920
-2091
-1922
-2029
-2860
-1833
-2512
-3828
-3794
-3699
-3098
-4540
-4651
-3275
-3318
-2767
-3266
-1492
488
-574
6
609
1933
1712
137
2357
2551
2018
1991
1297
3763
3304
2037
3160
2384
1875
-70
-519
717
-1029
-1706
-2331
-2373
-2687
-4587
-3653
-3292
-3588
-4246
-5289
-3904
-4640
-5477
-4406
-3851
-2919
-3261
-2505
-1025
-918
-269
64
1335
1784
985
2064
2791
3514
3693
3814
5208
4616
4278
4643
4655
5122
4220
3943
4147
3576
3186
2801
3222
2896
2175
2250
1993
1777
1101
894
1306
841
600
521
561
641
80
170
246
-994
-2269
-2163
-1787
-1962
-2336
-2703
-1744
-2127
-3764
-3350
-2872
-2827
-4063
-4606
-2986
-2583
-2564
-2969
-1276
623
-625
227
962
1808
2219
109
1968
2695
1319
2085
1300
3190
3728
1417
2982
2175
1083
785
-544
579
-941
-2450
-2489
-2961
-2578
-4075
-3508
-2910
-4291
-4223
-5165
-4406
-4130
-5700
-4282
-3825
-3604
-2705
-3089
-1160
-507
-807
780
760
1234
1343
1450
3021
3198
3629
3927
4260
4717
4257
4991
5218
4600
4310
3718
3867
3800
3020
3089
2974
2529
2359
1941
2063
1787
1090
1267
1189
852
663
420
716
651
321
550
223
-576
-1845
-1960
-1159
-1895
-2106
-2570
-2320
-1619
-3487
-3246
-2503
-3099
-3804
-4739
-3244
-2401
-2739
-3039
-2199
304
-388
-756
787
1214
2126
796
899
2928
1475
1566
1620
2237
4158
1672
1870
2662
1090
1477
7
26
-212
-2394
-2322
-2667
-2629
-3492
-4242
-3238
-4078
-4286
-4543
-4655
-3796
-5275
-4758
-3524
-3883
-2836
-3060
-1867
-187
-911
98
671
1011
1760
1643
2869
3524
3323
3749
4214
4699
4794
4821
4983
4855
4585
4211
4197
4048
3173
2940
3053
2709
2495
2128
2075
2155
1557
1316
1287
928
784
474
525
881
233
-26
-219
-1088
-1483
-1626
-1681
-1920
-2298
-2703
-2396
-2282
-3355
-3392
-3060
-3504
-4064
-4116
-3223
-2529
-2564
-2796
-1604
-201
-556
-415
466
1447
1760
821
1326
2165
1782
1878
1690
2623
3268
1745
1792
1904
1535
1265
130
-62
-724
-1744
-2182
-2755
-2819
-3403
-3814
-3745
-4092
-4339
-4398
-4078
-4222
-4571
-4183
-3773
-3543
-3229
-2706
-1603
-740
-668
-302
645
1304
1566
2145
2887
3462
3528
3595
4185
4560
4807
4739
4716
5099
4742
4468
4365
3896
3671
3275
3138
2972
2544
2444
2231
2064
1881
1563
1457
1274
1003
691
708
753
62
-562
-1307
-1874
-1765
-2377
-2703
-2519
-2541
-2311
-3009
-3413
-3223
-3679
-4273
-4872
-4193
-3371
-3465
-3175
-2523
-857
-208
-873
162
1292
1749
1490
1092
2284
2483
1714
1850
2465
3576
2984
1932
2882
3048
2168
1245
489
404
-664
-2158
-2276
-2361
-2929
-3722
-4135
-3555
-3840
-4580
-4320
-4160
-4260
-4605
-4593
-3971
-3899
-3557
-2846
-1829
-943
-1052
-312
714
980
1527
1981
2869
3360
2983
3568
4090
4414
4574
4178
4878
5107
4532
4553
4296
4306
3929
3190
3312
3213
2810
2453
2185
2320
2261
1707
1429
1492
1356
974
738
404
-299
-1292
-2407
-2493
-2490
-3074
-3227
-3064
-2311
-2567
-3612
-3556
-3863
-4319
-5275
-5391
-3807
-3476
-3809
-3264
-1347
15
-585
-758
981
2975
3098
2100
2754
3759
2469
1155
1556
3389
4599
2936
3327
5022
4353
2762
-206
-236
-324
-3026
-4026
-4514
-3905
-4401
-6568
-5364
-4454
-4879
-5248
-6452
-5185
-4875
-5832
-5116
-4203
-2683
-1677
-753
1119
2000
2629
2996
3520
4414
4393
4447
4826
4979
5127
5369
5435
5209
4540
4503
4348
3811
2923
1887
1820
1446
684
397
647
969
901
759
1233
1537
1160
770
827
1432
793
-1057
-2637
-3644
-3587
-4148
-3568
-1731
-1146
-664
-2093
-2758
-2312
-3578
-4393
-4696
-3405
-2940
-3079
-1582
277
3390
4270
4173
5579
5702
4584
2888
2787
3192
2297
1143
405
1490
2026
1039
869
1259
540
-2159
-4551
-5386
-6177
-6935
-7799
-7593
-6118
-6035
-5667
-4123
-2709
-1971
-2570
-2497
-1913
-1883
-1585
-892
756
2320
2861
3510
4327
4632
4267
3921
3545
2529
1337
253
302
588
317
489
766
1061
770
88
250
511
247
191
-17
565
1180
1450
2830
3715
4679
5101
5170
6072
5626
5483
5050
4647
4392
1610
-1422
-3825
-3363
-2765
-3507
-4043
-5353
-3978
-4363
-6534
-6889
-7459
-7008
-8140
-7558
-6044
-4731
-2240
-1597
3245
6232
6009
6357
6927
9537
8162
6394
5592
5540
6446
3452
2903
3928
3413
2290
111
-125
-1842
-4236
-6115
-7665
-8245
-10677
-11876
-10319
-8700
-7944
-7371
-5151
-3088
-2376
-2071
-1499
330
873
1314
2327
3383
4222
4636
6238
6764
6365
5423
4918
4663
2670
893
55
-205
-1150
-2870
-2986
-2448
-2184
-2038
-2007
-1036
-748
-1036
-332
619
1237
1512
2525
3772
4685
5113
5814
7409
7855
7387
6907
7351
6654
4075
457
-2208
-2798
-5239
-5956
-6729
-5977
-4484
-7047
-6570
-7177
-6489
-7228
-9235
-6746
-6727
-4672
-4718
-2447
3184
4690
6896
7385
10355
11833
9515
9210
8150
8231
5863
2675
2615
2157
1231
-579
-446
-793
-2902
-4778
-6606
-6655
-8601
-11272
-11443
-11107
-10642
-10383
-8692
-5441
-3218
-1849
-183
1883
3537
3983
4250
5467
5365
5156
5566
5362
5981
5567
5202
4963
3446
2398
1128
460
-845
-2890
-3599
-4487
-4908
-4973
-4730
-3424
-2565
-2055
-841
448
1503
2532
3382
4520
5113
5448
6169
6636
7655
7629
7784
8285
7247
6540
3497
-371
-1960
-3963
-5232
-6517
-8999
-8175
-8525
-9097
-9006
-9320
-7026
-8518
-7612
-6450
-5424
-2067
-3172
393
4380
5382
8456
8722
11482
13253
11329
11818
10270
9036
7442
4126
3458
1724
-1057
-1627
-3420
-4536
-5650
-7566
-7642
-8599
-10507
-11648
-11406
-11493
-11133
-10096
-8238
-5857
-3997
-2207
298
3105
4622
5582
7242
7987
7764
8388
7260
7046
6961
5494
4795
3347
2575
1431
348
-288
-1926
-2501
-3305
-4526
-4752
-4897
-4779
-4259
-3480
-2715
-1564
-92
1411
2490
4244
5460
5843
7407
7385
7302
8079
7517
6990
6972
5463
3306
101
-2336
-2866
-5033
-6268
-8080
-8264
-7605
-10200
-10559
-10097
-8994
-9022
-9691
-6941
-5394
-3146
-1391
-454
5219
7531
7307
10117
11569
13264
12690
10956
11641
10346
8289
5682
3805
3942
865
-1708
-2337
-4375
-5377
-7484
-9448
-9005
-10083
-12010
-12651
-12290
-11439
-11058
-9090
-7067
-5006
-2448
-1600
1328
3548
4823
6490
7337
8305
7921
8582
7942
6865
7403
5573
4221
3343
1539
960
51
-869
-1966
-2929
-3207
-4198
-4104
-3814
-3701
-2650
-2290
-1656
-80
997
2424
3785
5376
6146
6665
7611
7534
8095
7875
7187
6205
4486
1463
-2009
-2519
-3187
-5298
-7389
-9560
-9026
-8704
-10303
-11907
-10482
-9048
-10503
-9318
-8585
-4961
-2014
-2164
995
4991
8612
8674
10101
13378
13882
14370
11899
10755
11832
8832
6262
4299
3099
1164
-1951
-3552
-5038
-5488
-6975
-9587
-10239
-10921
-12204
-12146
-12905
-12310
-10717
-9465
-7845
-5970
-2893
-643
1626
3401
4843
7086
7952
8121
8891
8595
8211
7372
6082
5189
4175
3222
1395
368
-253
-1392
-2163
-3072
-3856
-3540
-3671
-3803
-3385
-2730
-1429
-571
494
1758
3170
4635
5514
6662
7883
8446
9289
8944
8603
8314
6862
4032
-92
-1096
-3353
-5488
-6617
-10592
-8371
-8475
-11749
-10152
-12095
-9748
-10251
-11126
-8931
-8957
-3269
-5468
-2183
4053
3509
8907
8922
11008
15438
13179
13940
12410
12089
11113
6171
6373
3463
1555
477
-3705
-3634
-4685
-6953
-7338
-9108
-9585
-10439
-11245
-11653
-12363
-10653
-9878
-8932
-6916
-4890
-2014
152
1797
4347
6420
8206
8400
8862
9569
8310
8157
6501
4928
4560
2460
1274
187
-896
-1068
-2624
-3051
-3215
-3842
-3266
-3869
-3580
-2414
-2229
-853
42
818
2986
4034
5213
6466
7625
9162
9391
9754
9609
9152
7946
3314
1372
1036
-2762
-4687
-7212
-8973
-7590
-11031
-12586
-10802
-9767
-10829
-12464
-9509
-8605
-6596
-5915
-6073
253
2857
2265
5493
8757
12348
12967
11876
13562
13950
13367
9480
7618
8375
4521
801
-1433
-3790
-3572
-5733
-8514
-8369
-8939
-9584
-10474
-10909
-10548
-10048
-9445
-9394
-9008
-6023
-4507
-2567
-500
1512
5208
6432
8012
8846
10627
11370
9193
8922
7222
5918
4995
1803
952
-334
-1484
-2320
-4354
-3710
-3622
-3682
-3904
-4640
-3136
-2422
-2493
-1807
-964
1274
2123
2699
4490
5837
8026
8651
9081
10246
10389
8968
5628
3719
3492
627
-2287
-5585
-7749
-5280
-9085
-11360
-11023
-11002
-9036
-12757
-10741
-9422
-7268
-5046
-8227
-1707
940
1672
4704
4430
10843
11719
10263
11883
11479
14423
10602
8046
8837
5958
4426
124
-2142
-1843
-4579
-6958
-8646
-8968
-9109
-10616
-10976
-11040
-10202
-9366
-9203
-8550
-6403
-4994
-2850
-1643
-143
3227
4703
7368
7443
9351
11130
9735
10176
8319
7831
7116
3839
2900
955
16
-1025
-3662
-3568
-4090
-3907
-4250
-5025
-3743
-3059
-2559
-2289
-1506
188
1087
1989
3049
4487
6045
7149
7933
8580
9359
7470
5094
4300
3769
1583
-972
-4235
-5872
-4717
-8477
-10173
-9984
-9996
-10384
-11468
-10306
-9687
-6023
-6492
-6640
-1427
-50
1655
3639
5489
9446
10154
10158
10185
11921
12850
9492
8991
7990
6600
4307
1161
-550
-1232
-2663
-6377
-7493
-8051
-9347
-9548
-10904
-11143
-10208
-9737
-9478
-8780
-6669
-5177
-2982
-2091
-910
2284
4480
5664
6451
8246
9371
9531
9166
8277
8179
7414
5032
3296
2139
1171
-313
-1998
-2975
-3113
-3022
-4101
-4209
-3452
-2710
-2299
-2223
-1577
-115
1154
1730
2682
3814
5790
6661
7430
8102
7610
6475
3974
4202
3247
466
-1428
-4527
-3742
-5305
-9104
-8652
-9388
-8581
-10803
-11351
-9040
-8066
-5726
-7987
-5027
-567
-671
1958
2704
6332
10101
8072
9276
10260
12258
11559
8240
8726
8096
6473
3018
469
295
-423
-3608
-6210
-6626
-6870
-8281
-9858
-10474
-9928
-9559
-9995
-9994
-8205
-6455
-5206
-3594
-2842
124
2281
4300
5179
6235
8534
8071
8771
8149
7788
8089
6002
4921
3165
2250
1704
-382
-1181
-2545
-2437
-2817
-4023
-3760
-3250
-2249
-2350
-1979
-1145
546
1769
2010
3362
4461
5813
6842
7168
7622
6437
4519
3793
3986
2216
-292
-2504
-3694
-2947
-6784
-8444
-8692
-8485
-8567
-11508
-9775
-9255
-6360
-6463
-7857
-2454
-1356
367
1863
2760
8271
7943
7933
8870
9910
12178
8741
8280
8363
7377
5484
2024
934
631
-1051
-4165
-5842
-6148
-7254
-8157
-9581
-10008
-9268
-9526
-9544
-9375
-7826
-6438
-4612
-3624
-2375
483
2655
4425
5560
7100
8452
8809
8703
8176
7772
7306
5794
4352
3024
2203
1148
-232
-1637
-2036
-1803
-2959
-3380
-3605
-2712
-1981
-2618
-1764
-653
848
1824
2140
3969
5250
6694
7152
6799
6442
4244
4254
3899
1801
552
-2019
-2467
-2268
-5510
-6612
-7261
-6687
-7853
-10073
-8725
-9034
-6214
-7360
-7946
-3247
-2583
-399
186
1638
6450
6407
6744
7004
8594
10637
7637
7032
6941
6871
5699
2238
1277
1462
78
-2645
-4891
-5031
-5323
-7117
-9062
-9734
-8600
-8607
-9193
-9053
-7745
-5633
-4853
-4457
-2526
-25
2109
3381
4230
6004
8188
8298
8011
8444
8278
7973
6224
4662
4012
3145
1946
-69
-1180
-1408
-1909
-2420
-3245
-3111
-2203
-2140
-2585
-2011
-470
376
924
1111
2653
4479
5244
5969
5736
5345
3634
3918
3536
1473
611
-2545
-1521
-2396
-5510
-5033
-6713
-5008
-6905
-8382
-6693
-7167
-4172
-6971
-5901
-2444
-2774
81
-914
1793
5590
4958
5857
5824
8161
8837
6422
6118
5668
5912
3781
963
486
465
-488
-3090
-4365
-4267
-4641
-6025
-7962
-8111
-7351
-7662
-8648
-8806
-7033
-5528
-4563
-4389
-2741
512
2144
3387
4158
6254
8200
8081
7786
7534
8216
7603
5574
4535
3820
3471
1924
153
-467
-671
-869
-2350
-2774
-2492
-2271
-2031
-2620
-1976
-596
234
365
994
2779
3949
5246
4836
4163
3695
2966
3857
1864
1116
-702
-1989
-313
-3981
-4455
-4748
-5292
-4987
-7772
-6429
-6305
-4318
-4816
-6548
-2075
-2156
-397
434
149
4556
4387
4339
4605
5617
7747
5742
4910
4607
4811
4436
1689
386
548
-91
-2228
-4095
-4423
-4374
-5016
-6907
-7947
-7219
-7046
-7639
-8293
-7139
-5922
-4849
-4570
-4180
-1146
717
2108
3093
4096
6634
7512
7636
7702
7908
8516
7054
5495
4482
3944
3331
1261
-145
-705
-590
-1197
-2173
-2148
-1750
-1279
-1578
-1788
-908
-36
283
487
1123
2438
4041
4332
3539
2761
2361
3664
2661
951
-216
-1270
-57
-2162
-3948
-4011
-3983
-3713
-6325
-6142
-5334
-3669
-3223
-5788
-2664
-1100
-194
677
198
4083
5341
4481
4272
5028
7212
6186
4355
3780
4139
3742
1508
-281
-657
-84
-1872
-3804
-4444
-4745
-4412
-5764
-7225
-7108
-6816
-7156
-7891
-8011
-6940
-5599
-4753
-4843
-3202
-480
927
2833
3109
4940
7290
6808
7041
6725
7150
7352
5362
4324
3695
3605
2567
349
-85
-148
-84
-1070
-2144
-1656
-951
-991
-1512
-951
214
785
805
815
1879
3355
4000
3228
1954
1462
1891
2439
382
-503
-1190
-781
-594
-3794
-3157
-3167
-2858
-3936
-5948
-3961
-3417
-2115
-3789
-3300
372
434
1702
1357
3434
6554
5390
4914
4760
6585
6672
4025
3092
2972
3254
1292
-1152
-1447
-1188
-1862
-3961
-5026
-4735
-4794
-5399
-6890
-6841
-6312
-6703
-6883
-7410
-6533
-5179
-4743
-4402
-3586
-1607
305
1655
2623
3802
5850
6441
6351
6386
6294
6522
5380
3757
2916
2292
1852
484
-745
-674
-505
-651
-1352
-1541
-684
-147
-522
-509
195
1123
1502
1172
1598
3113
3994
3258
1626
744
1758
1907
-117
-1608
-2059
-1196
-1553
-3899
-4300
-3462
-2499
-4313
-5108
-3879
-2689
-758
-3341
-2151
1055
1414
2896
1955
4427
7467
6611
6177
5851
7770
7775
5028
3659
3196
3298
1030
-1808
-2486
-2207
-2776
-4998
-6002
-5332
-5200
-5679
-7056
-7029
-5848
-6190
-6812
-6869
-6106
-4923
-4256
-4122
-2972
-1089
437
1629
2792
4245
5679
6582
6384
6317
6708
6017
5250
3960
2618
2141
873
-211
-1146
-1554
-1367
-1730
-1972
-1809
-1411
-673
-466
-471
541
1048
1395
1828
2090
3416
3831
3109
1521
707
1941
899
-280
-1835
-2919
-1067
-2608
-4118
-4202
-3972
-2786
-4860
-4880
-4195
-2542
-1139
-3783
-1110
921
1821
3172
2285
5600
7588
6844
6803
6960
8770
7976
5644
4761
4317
3952
1215
-1372
-1972
-2289
-3683
-5669
-6449
-5999
-6026
-6959
-7870
-7231
-6023
-6264
-6750
-6253
-5624
-4352
-3836
-3871
-1816
-674
836
2055
2972
4982
5991
7013
6821
6911
7505
6303
5656
4147
2873
2550
465
-718
-1664
-2183
-2113
-3057
-3163
-2568
-1990
-1267
-1361
-753
474
856
1319
1349
2530
3643
3370
2439
612
1397
1869
462
-817
-2491
-1962
-1662
-3291
-4289
-4417
-3292
-3924
-5386
-4429
-4094
-1743
-2343
-3841
-298
637
2021
2417
2572
6410
7179
6668
6800
7906
9623
7907
6112
5331
5610
4566
1237
-691
-1272
-1659
-3713
-5969
-6253
-5927
-6362
-7575
-8365
-7185
-6152
-6574
-6872
-6350
-5255
-3806
-4033
-3485
-1548
-84
1334
1823
3483
5179
6747
6865
6446
7871
7419
6984
5883
3965
4198
2518
791
-485
-1811
-1660
-2655
-3439
-3869
-3331
-2495
-2392
-2010
-1387
41
648
706
1663
2754
3752
3081
1237
660
1211
1312
-523
-2231
-2485
-2118
-1978
-4017
-4840
-3571
-3429
-4275
-5355
-4687
-2907
-2028
-3438
-3107
-260
1127
1883
1891
3491
6571
6763
6270
6924
8260
8993
7167
5768
5688
5695
4063
1296
-108
-375
-1309
-3435
-5185
-5514
-5666
-6356
-7505
-8142
-6947
-6574
-6872
-6577
-6332
-4868
-3592
-3706
-2500
-1254
400
1580
2285
3850
4942
6787
6489
6774
7631
7223
7388
5700
4706
4363
2906
1612
-211
-1009
-1313
-2306
-3135
-3633
-3132
-2581
-2260
-2331
-1472
-475
-34
729
1436
2551
2846
1609
166
502
1278
102
-1710
-2679
-2800
-1580
-3283
-4704
-3869
-3595
-3195
-4746
-4561
-3324
-1736
-2004
-3305
-1125
395
1415
1799
1727
4539
5811
5369
5704
6598
7945
7100
5695
5096
5567
4706
2154
368
-223
-516
-2159
-4168
-4762
-4889
-5328
-6282
-7280
-6579
-5764
-6112
-6426
-6114
-5397
-3742
-3780
-3130
-1779
-531
1121
1258
3391
4157
5617
6420
5578
7321
6607
6727
6430
4506
5030
3579
2609
1677
53
240
-882
-1733
-2584
-2695
-2318
-2351
-2326
-2110
-1212
-723
-138
471
1709
2272
1155
-45
-380
681
186
-1947
-3099
-3184
-1840
-2916
-4366
-3935
-3362
-2405
-3792
-4258
-2713
-1352
-1237
-2499
-1446
471
1746
1848
1849
4026
5339
5203
5195
5842
6984
6443
4841
4305
4455
4017
2051
396
-91
-497
-1631
-3390
-4185
-4351
-4832
-5723
-6534
-6210
-5665
-5622
-5583
-5613
-4789
-3633
-3185
-2501
-1589
-728
531
1527
2580
3844
4780
5502
5790
6408
6365
6324
6147
4948
4525
3514
2517
1935
714
308
-76
-791
-1360
-1755
-1547
-1405
-1188
-1485
-1201
-737
-479
280
670
1515
740
-727
-879
-436
-143
-1719
-3456
-3387
-2691
-2991
-4560
-4747
-3632
-3375
-3455
-4168
-3405
-962
-967
-1664
-798
526
2341
2471
2127
4097
5413
5333
5065
5691
6780
6407
4767
3784
4231
3621
1635
-75
-799
-941
-2055
-3804
-4428
-4483
-4699
-5537
-6396
-6342
-5698
-5365
-5755
-5596
-4917
-3901
-2957
-2687
-1491
226
809
2110
2964
4327
5427
5360
5969
5892
6584
5943
5239
4985
3982
3833
2505
1615
1294
367
357
-572
-1137
-913
-1301
-975
-979
-854
-438
-279
116
551
1258
1739
955
-312
-1436
-731
-659
-2130
-3365
-4589
-3016
-3322
-4704
-5025
-4665
-3001
-3910
-4127
-4013
-2110
-230
-2139
-1065
540
2137
3532
2092
4016
6132
6183
5759
5411
6816
6823
5273
3491
3447
3764
1830
-390
-1580
-1694
-1979
-3947
-5210
-5329
-5242
-5731
-6947
-6914
-6214
-5393
-5762
-5832
-4945
-4119
-2739
-2604
-1702
382
943
2299
3251
4459
5988
6010
6550
6315
6889
6550
5321
5107
3723
3716
2696
975
1062
44
112
-294
-1279
-742
-870
-766
-779
-651
-131
143
399
569
1324
1646
1279
-206
-1396
-503
-798
-1859
-3382
-4551
-3294
-3306
-4719
-5339
-4884
-3697
-4107
-3974
-4120
-2427
-226
-1914
-637
541
1890
3919
2661
3900
5951
6126
6181
5834
6727
6741
5703
3997
3456
3752
1786
-146
-1710
-2124
-2608
-4132
-5438
-5627
-5639
-6171
-6932
-6868
-6350
-5701
-5624
-5806
-4741
-3970
-3021
-2214
-1489
41
1167
2057
3181
4568
5875
6040
6565
6597
6741
6921
5763
4995
4235
3459
2760
1539
492
205
-203
-660
-1040
-1349
-897
-616
-832
-501
-122
293
797
962
1524
2136
1523
170
-1140
-717
-470
-1944
-3369
-4711
-3739
-3274
-4956
-5182
-5256
-4188
-4088
-4916
-3970
-3235
-968
-1703
-1738
533
1226
3628
3255
3670
6225
6201
6550
6436
6962
7540
6076
4845
3906
4194
2727
436
-972
-2023
-2231
-3843
-5402
-5766
-5998
-6288
-7018
-7521
-7048
-6293
-5898
-6024
-5680
-4605
-3234
-2593
-1837
-808
866
2231
2804
4302
5460
6638
6627
6631
7030
6752
6850
5236
4362
3941
2620
2335
643
-13
24
-863
-850
-1641
-1307
-880
-958
-574
-634
253
509
956
1676
2112
2437
1087
-272
-684
-110
-634
-2725
-4101
-4574
-3344
-4235
-5751
-5564
-5332
-4020
-5271
-5113
-3905
-2278
-977
-2674
-736
982
2374
3641
2802
5421
6824
6355
6827
6876
8301
7607
5757
4831
4666
4274
1818
-198
-1296
-1769
-2662
-4696
-5817
-5854
-6126
-6788
-7630
-7590
-6963
-6487
-6546
-6515
-5822
-4335
-3510
-2902
-1615
-457
1410
2545
3524
5091
6393
6900
6808
7295
7134
7013
6485
4642
4307
3431
2307
1660
30
-165
-260
-1025
-1462
-1703
-1372
-960
-929
-1018
-139
343
510
1312
1633
2752
2639
960
-232
140
649
-872
-2294
-4353
-3692
-2513
-5174
-5490
-5810
-5186
-4292
-5788
-5467
-4298
-1749
-2536
-2798
-461
246
3074
2467
2587
6164
6129
6502
6556
7177
8544
7318
5610
4787
5518
4104
1514
-150
-1289
-1090
-2720
-5071
-5467
-5608
-5819
-6825
-7497
-7201
-6561
-6341
-6864
-6326
-5634
-4445
-3469
-3131
-1562
9
1415
2761
3711
5388
6446
6855
6774
7060
7273
6480
5757
4356
3698
3313
2004
975
3
-427
-406
-1072
-1524
-1585
-1247
-1115
-887
-726
-155
576
658
1392
2112
2941
2541
1159
142
573
1190
-790
-2273
-3531
-3255
-2169
-4852
-5698
-5625
-5037
-4751
-6158
-5859
-4866
-1957
-3104
-3353
-495
150
3063
2549
2681
6328
6203
6423
6419
7044
8250
6872
5332
4522
5370
3935
1202
-95
-1118
-1034
-2592
-5115
-5549
-5543
-5933
-6850
-7488
-7440
-6557
-6174
-6816
-6082
-5398
-4072
-3009
-2717
-1270
404
1916
2974
4199
5547
6675
7138
6794
7106
7103
6533
5520
4037
3481
2863
1942
461
-526
-505
-756
-1101
-1892
-1868
-1256
-1166
-1078
-971
-59
346
770
1471
2172
3558
2649
1459
598
1092
1598
-628
-1883
-3655
-2611
-2117
-5217
-5185
-5907
-4708
-4539
-6690
-5754
-4886
-2411
-3492
-3756
-1161
-221
2605
1864
2679
6093
5923
6598
6340
7162
8257
6699
5259
4610
5241
3609
1115
-150
-813
-762
-2535
-4703
-4922
-4999
-5528
-6819
-7379
-6971
-6643
-6825
-7328
-6558
-5437
-4646
-3852
-2880
-1478
324
1434
2987
4418
5711
6819
6675
7176
7189
7112
6932
5205
4641
3793
2877
2448
637
140
-311
-658
-925
-1647
-1571
-1493
-1126
-1006
-903
-217
224
661
1339
2257
3323
2922
1675
627
1384
1863
-217
-1659
-2999
-2494
-1855
-4536
-5526
-5422
-4738
-4837
-6258
-6023
-5305
-2537
-3468
-4067
-1206
-663
2111
2217
1980
5563
5939
5918
6290
6720
7755
6761
5260
4471
5193
3981
1328
196
-711
-841
-1879
-4325
-4989
-4874
-5461
-6262
-7121
-7185
-6695
-6368
-7087
-6774
-5711
-5003
-3819
-3237
-2186
-71
1190
2549
4058
5416
6759
6940
7201
7152
7382
7108
5465
4783
3649
3119
2747
692
134
-206
-438
-456
-1626
-1693
-1327
-1114
-972
-1110
-632
22
360
1079
1838
2960
3190
2165
1347
1005
2048
700
-1152
-2149
-3250
-1730
-3570
-5613
-5214
-5474
-4532
-5852
-6309
-5578
-3564
-2645
-4503
-2073
-997
834
2780
1308
4379
5974
5492
6345
6219
7390
7150
5505
4335
4542
4497
1908
343
-558
-1077
-1120
-3491
-4881
-4595
-5052
-5673
-6532
-7228
-6953
-6068
-6674
-6824
-6026
-5441
-3810
-3129
-2394
-620
1042
2478
3463
5229
5993
6945
7250
6443
7294
6770
5917
5027
3500
3262
2879
1490
173
-303
-225
-222
-1062
-1903
-1306
-707
-712
-804
-637
60
682
948
1433
2890
3210
2430
1697
524
1775
1519
-1065
-1592
-3088
-2157
-2426
-5289
-5142
-5399
-4188
-5525
-6390
-5320
-4822
-1890
-4145
-3430
-426
-455
2618
1925
2891
5997
5421
5965
6075
7035
7075
5677
4520
3823
4516
2460
-9
-480
-1189
-1325
-2820
-4954
-4824
-4567
-5114
-6458
-6967
-6803
-6088
-5953
-6996
-6316
-5116
-4254
-3231
-2637
-1089
959
2106
3293
4530
6041
6829
6728
6665
6559
6681
6107
4412
3742
3117
2579
1889
54
-207
-177
-395
-937
-1672
-1349
-810
-532
-686
-595
266
621
1099
1657
2357
3610
3101
2141
1026
1077
1836
-171
-1419
-2611
-3063
-1859
-4488
-5229
-4993
-5006
-4566
-6351
-5644
-5240
-3013
-2873
-4302
-1290
-827
1338
2856
1839
5121
5907
5595
6431
6542
7274
6545
5043
3896
4276
3275
636
-439
-1181
-1673
-2306
-4509
-5274
-4716
-5024
-6044
-6646
-7097
-6465
-5572
-6862
-6450
-5556
-4737
-3294
-2965
-1782
356
2001
2893
4167
5867
6519
7248
6877
6394
7164
6167
4964
4075
3072
2846
2225
607
-383
-209
-433
-741
-1460
-2045
-922
-708
-952
-638
-488
737
1134
1304
2194
3280
3953
3327
2501
917
1631
1831
-861
-1100
-3065
-3143
-1796
-5093
-5029
-4820
-4959
-5049
-6030
-5569
-5153
-2146
-3801
-3897
-531
-1206
2330
2716
1892
6086
5807
5807
6759
6719
7212
6470
4934
3568
4184
2612
-51
-351
-1676
-2262
-2649
-5216
-5472
-4975
-5747
-6380
-6996
-7462
-6648
-6275
-7086
-6507
-5672
-4659
-3575
-2577
-1342
718
2244
3386
4928
5869
6841
7262
7137
6965
6583
6020
4917
3859
3252
2471
1770
398
-389
-410
-634
-948
-1777
-1804
-1212
-941
-771
-752
-245
529
1144
1742
2216
3595
3810
3455
2411
850
1989
1367
-422
-1395
-3146
-2283
-2425
-4487
-4536
-4971
-4230
-5375
-5539
-5143
-4902
-1793
-4024
-3164
-737
-707
2940
2375
2754
6093
5850
6427
6463
6932
7163
6147
4773
3278
3759
2033
-194
-668
-2087
-2570
-3145
-5426
-5487
-5409
-5900
-6446
-7409
-7634
-6769
-6509
-6991
-6708
-5841
-4457
-3409
-2431
-1104
1177
2558
3961
4945
5666
7130
7354
7039
6616
6118
5798
4920
3574
2923
2492
1647
332
-321
-581
-373
-903
-2014
-1718
-1230
-862
-874
-807
-162
690
1501
1441
2511
4003
3653
3859
1673
837
2324
870
-387
-1881
-2810
-2155
-2516
-4247
-4834
-4056
-4407
-5542
-4670
-5763
-4084
-1820
-4576
-2383
-886
-308
3157
2486
3277
6507
6264
6242
6792
7312
6890
6245
4311
3140
3875
1581
-550
-880
-2101
-2611
-3278
-5621
-5561
-5104
-5865
-6925
-7757
-7748
-6882
-6895
-7556
-7349
-5762
-4452
-3880
-2397
-684
1630
2951
3953
4941
6171
7454
7103
6557
6541
5813
5699
4544
3051
3405
2631
1412
558
-43
104
117
-1154
-1947
-1490
-1204
-1217
-1215
-1237
-337
508
735
1377
2650
3870
3986
3066
1310
1032
2108
632
-855
-1986
-3123
-1393
-3125
-4309
-3885
-4351
-3526
-5171
-4859
-4772
-3484
-1781
-4190
-2170
-677
370
3354
2253
3982
6769
6176
6439
6984
7180
7183
5925
3925
3434
3468
1216
-668
-932
-2104
-2361
-3484
-5457
-5034
-4676
-5762
-7006
-7506
-7442
-6731
-7013
-7993
-7326
-5628
-4780
-3898
-2325
-394
1675
3076
3908
4962
6652
6981
6596
6473
5950
5774
5331
3817
3251
3504
2403
1448
908
351
766
161
-1256
-1364
-1126
-1227
-1332
-1467
-1396
-433
102
196
1345
2685
3554
3600
2513
715
1259
1818
-189
-900
-2409
-2866
-1539
-3411
-4312
-3696
-3867
-4130
-4713
-4639
-4909
-2316
-2454
-4199
-1173
-879
1053
3505
1996
4734
7153
5688
6627
7011
6904
6987
5416
3436
3307
3178
420
-690
-801
-2239
-2045
-3344
-5361
-4208
-4393
-5958
-6855
-7470
-7638
-6880
-7548
-8573
-7040
-5427
-4928
-3386
-1673
44
2600
3593
3887
5652
6682
6218
6523
5766
5240
5730
4425
3363
3770
3332
2506
1994
959
817
1030
-287
-1368
-1224
-1655
-1714
-1697
-1928
-1245
-519
-39
376
1882
3108
3552
3754
1792
468
1386
1179
-588
-1446
-2513
-2745
-1296
-3459
-4096
-2675
-3705
-4043
-4224
-5115
-4715
-1966
-3604
-4267
-1179
-1327
1562
3359
1871
5811
7459
5672
6920
7136
6852
6770
4794
2839
3251
2601
-265
-556
-508
-1836
-1305
-3105
-4700
-3261
-3869
-5943
-6979
-7884
-8094
-7318
-8603
-9030
-6690
-5143
-4784
-2824
-1007
1109
3485
3627
4188
5950
6367
5843
6011
5472
5277
5622
4353
3850
4842
4007
3179
2405
1213
1459
790
-939
-1747
-1730
-1973
-2302
-2171
-2135
-1071
-282
-398
1029
1931
2992
3258
2263
463
-274
1130
-321
-965
-1831
-2877
-648
-1726
-2938
-2052
-2624
-2546
-3857
-4440
-4941
-4032
-2688
-4989
-3374
-1597
-870
2586
2034
3107
7128
6056
5893
6220
5953
6461
4885
2746
2043
2448
1196
-746
-152
-262
-596
-675
-3295
-3146
-2112
-4200
-6011
-7328
-8210
-7481
-8248
-9089
-7744
-5580
-4233
-3894
-1722
332
2241
3687
2820
3871
5255
4962
4982
4436
4994
5545
5127
4702
4802
6010
5159
3419
2922
1862
1609
425
-1848
-1771
-1934
-2269
-2095
-2239
-1324
-74
483
516
1425
2700
3160
3034
586
-1334
-301
-98
-1578
-1883
-2597
-2046
404
-2010
-2236
-917
-2289
-2544
-3819
-5454
-5302
-3444
-4653
-5491
-2666
-1730
659
3240
1878
5425
8069
5439
5833
5919
5185
5393
2976
956
1766
2137
95
-429
924
166
1028
-562
-3314
-2135
-2454
-5408
-7266
-8607
-8848
-7734
-8845
-8966
-6391
-3672
-3432
-2574
-590
857
2791
2428
1565
2934
3919
3699
3901
4360
5398
6492
6376
5774
6746
7256
5360
3841
2508
1420
1042
-1198
-2618
-2001
-1919
-1794
-1837
-1101
85
871
973
673
1503
2446
1965
980
-743
-2103
-1020
-938
-1456
-1480
-1050
-108
170
-239
-1206
-1120
-1902
-3977
-4659
-5330
-5925
-4425
-4269
-4316
-1742
-65
1754
3834
3893
5359
6656
5114
4099
3987
3818
2901
1921
1218
1548
2471
1530
1026
1940
1449
652
-846
-3431
-3844
-4508
-6634
-8519
-9186
-8352
-7663
-6931
-6579
-4953
-2088
-2423
-2334
-1017
-561
747
565
6
1305
3232
4073
4494
6027
6876
7703
8217
6540
6689
6660
4171
2989
1249
187
354
-1035
-1544
-1141
-409
-202
-407
213
165
775
480
-420
284
791
878
522
-953
-1718
-475
525
-96
-369
-159
257
624
-966
-2237
-2329
-2703
-4433
-5254
-5265
-5042
-3023
-2752
-3058
-594
1102
2191
3325
2544
3908
5010
3519
2450
2556
3454
3315
2573
2277
2628
3603
2414
965
1464
632
-599
-2641
-4850
-4761
-4866
-6702
-7964
-7776
-6718
-6014
-6028
-6105
-4856
-2828
-3811
-3984
-3124
-2123
16
-73
-216
2024
4438
5302
5638
6167
7005
7716
7051
5286
5587
5432
3847
3039
1649
1428
1736
560
38
315
114
-2
-495
-669
-443
45
-447
-888
401
881
1722
1444
-454
-572
-179
350
-393
-955
-680
-693
157
-1477
-2324
-1636
-2644
-3305
-4223
-4491
-4142
-2892
-2234
-2893
-854
770
1567
3224
2612
3384
5262
3606
2927
3026
3085
3604
2678
2244
2440
2946
2435
1027
1222
782
-625
-2071
-4242
-4607
-4640
-6491
-7730
-7713
-7082
-6064
-6222
-6486
-4917
-3574
-3763
-4191
-3870
-2135
-825
-493
-511
1244
3933
4347
5272
5677
6295
7566
6454
5381
5684
5018
4377
3182
1806
2082
1737
1078
380
419
604
-50
-378
-837
-510
-93
-941
-629
93
555
1516
1224
376
-129
-1001
-73
153
-1013
-560
-1099
-162
-494
-1913
-2002
-2750
-2681
-4041
-4110
-4081
-3644
-1508
-2072
-1799
807
1749
3033
3172
2155
4327
4107
2972
2593
2461
3708
3365
3089
2997
3149
4005
2549
1437
1100
-114
-1174
-3380
-4962
-4715
-5561
-6976
-6830
-6749
-5237
-5234
-6094
-5196
-4749
-4270
-5117
-5159
-3883
-2437
-1078
-886
445
3326
4418
5155
5433
5381
6888
6123
5076
4839
4391
4643
3556
2777
2898
2639
2726
1704
1044
1195
145
-113
-1112
-1462
-722
-1281
-932
-501
292
1295
1165
1480
-108
-1745
-372
-734
-1024
-1125
-2757
-761
-10
-1770
-1836
-2228
-2463
-3227
-2907
-3972
-3925
-824
-1884
-1963
425
765
3303
3820
1174
3613
4289
3040
2766
2003
3297
3566
3310
2801
2815
4412
2817
1753
1348
-726
-978
-2775
-4351
-4209
-5509
-6358
-5528
-5762
-5096
-4714
-5365
-5366
-5603
-5251
-5500
-5110
-4782
-3397
-886
-536
533
3443
4185
4949
5159
4481
5782
5392
4473
4504
4546
4304
3824
4193
4004
3440
3244
2127
1699
1054
-568
-654
-1021
-1636
-1266
-1422
-821
-159
502
1103
1038
1592
-334
-1881
-1398
-1349
-1238
-1367
-2369
-1254
449
-502
-794
-1228
-1555
-3103
-2711
-3457
-4311
-1043
-2078
-2233
-41
701
2665
3250
1282
2205
3460
2415
1082
1428
2859
2913
2984
2135
2790
4975
3430
1633
1224
79
-185
-1668
-3108
-3441
-3590
-4279
-4632
-3984
-3795
-3936
-4455
-5266
-5633
-5055
-5600
-5366
-4747
-3753
-1701
-914
150
1747
3019
3281
3219
3317
3847
4301
3900
3793
4519
4946
4408
4734
4427
4159
3833
2358
1678
967
320
-126
-211
-560
-517
354
708
717
1043
395
834
1868
-553
-2503
-2966
-1754
-681
-1480
-2344
-1773
1115
350
-1502
-1727
-2488
-2723
-3829
-5055
-5284
-2661
-1640
-2548
-1152
549
2377
2863
1307
590
2279
2362
854
614
1768
3253
3670
3342
3520
4938
4989
2707
1274
1224
843
-349
-2168
-2611
-2163
-2099
-2776
-3134
-2651
-2993
-4269
-4961
-5217
-5472
-5827
-6444
-5505
-4182
-2591
-1989
-1159
249
821
1819
1803
2085
2331
2705
3047
3421
4296
4653
4710
4550
4476
4002
3678
2710
1890
1516
686
291
215
628
1066
887
639
883
1164
1311
732
431
369
-490
-1210
-1979
-533
302
-270
106
-815
747
949
-853
-1637
-3245
-3190
-4226
-4319
-4057
-3623
-2051
-2639
-1819
-223
190
352
-111
-1172
-580
-27
-293
343
838
2236
2766
3152
3559
3528
4361
2813
1797
1558
988
1028
233
-50
265
321
-49
-370
-814
-1061
-2793
-3815
-4728
-5306
-4738
-5254
-4094
-3779
-2842
-1668
-1200
-403
-496
-266
-57
71
217
685
1192
1847
2197
2708
2959
3280
3644
2400
2042
1947
1244
1309
621
212
783
1275
1258
960
1914
1877
1800
1951
599
1172
1488
1298
2084
1793
1141
931
2179
2228
1201
758
-66
553
500
-542
-1799
-2499
-2765
-3226
-3214
-4273
-3618
-2998
-3387
-3050
-2919
-2345
-2038
-2435
-2924
-2640
-1602
-1057
-1015
-802
-173
979
1642
1925
2217
2415
2422
2498
2377
2550
2830
2699
2505
1816
1511
1762
1318
248
-731
-1823
-2229
-2054
-2189
-2577
-2472
-2253
-2096
-1572
-1533
-1549
-1614
-1729
-1587
-1992
-2085
-1059
-210
-870
-1016
813
1607
912
181
663
1301
1238
902
565
1475
1761
1623
2037
2030
1972
2372
2689
1847
2574
3364
2371
3175
4081
3865
3166
2286
1763
2326
2461
1310
82
-169
766
1097
10
-1144
-1617
-2177
-2460
-3404
-4373
-4444
-4327
-4540
-4212
-3671
-3173
-2440
-2813
-3490
-3254
-2928
-2842
-2720
-2191
-1572
-804
697
1426
2337
2845
2786
3054
3111
3091
2985
2464
2066
2093
1791
1845
1571
1218
576
41
-23
-612
-783
-1096
-2090
-2594
-2346
-1521
-1606
-2207
-2167
-1803
-1480
-2253
-1883
-1830
-2016
-1174
-1187
-603
227
632
60
845
1669
458
1120
821
401
1686
974
1008
2634
2587
1462
3000
3826
2425
2576
3074
3398
3918
3388
2515
3025
3133
2839
2042
1701
1675
1263
1061
737
290
-511
-950
-1933
-2192
-2396
-3316
-3674
-4063
-4166
-4420
-4279
-4286
-4456
-4069
-4472
-4448
-4016
-3230
-2493
-2317
-1857
-1111
21
1065
1630
1675
1907
2244
2760
2749
2485
2637
2541
2480
2149
1844
2061
2015
1643
895
441
500
-319
-931
-1202
-1795
-2228
-1950
-1654
-1931
-2392
-2675
-1939
-1363
-2209
-2633
-1535
-884
-796
-466
-521
-91
388
732
276
9
1209
853
843
787
1815
2393
2149
1910
1740
4013
2610
2518
3431
2691
3903
3534
3241
3798
3368
3248
2635
2414
2279
1852
1357
749
1555
810
17
-296
-957
-1193
-1837
-3193
-3902
-4033
-4183
-4859
-5056
-5190
-5024
-4360
-4633
-3884
-3880
-3048
-2799
-2422
-1808
-1523
-369
-122
670
921
1447
1754
1934
2181
2263
2539
2289
2456
2279
2526
2645
2212
2135
1651
1092
-476
-712
62
-1023
-2596
-2647
-1373
-1245
-2384
-2460
-1629
-1821
-2347
-2073
-819
-1636
-2207
-783
-785
-1123
-473
140
192
105
774
403
1153
1153
629
2021
540
1735
2816
1741
1381
3223
3757
1741
2680
2557
2684
4049
2280
1914
3825
3088
2750
2920
2458
2227
2488
1514
925
1219
1151
-64
-595
-565
-1516
-1861
-2688
-3211
-3868
-3815
-4524
-4362
-4304
-3932
-3537
-3493
-3052
-3252
-2240
-2463
-1865
-2063
-1912
-1259
-794
-299
-20
998
1078
1769
1817
2204
2584
2350
2159
1836
1893
1802
1428
870
691
9
-251
355
-547
-1664
-1440
-1136
-649
-1888
-2773
-1661
-1050
-1281
-2850
-948
-769
-2094
-823
-889
307
-1203
-1121
184
-364
480
-312
464
1639
-83
2219
2187
-93
1925
1753
2322
765
1247
2937
2083
2179
1754
3730
3324
1417
3648
2850
2963
3720
1486
2865
2311
1761
2123
1873
737
540
590
-320
-117
-1068
-1626
-1302
-2078
-2555
-2312
-2668
-2465
-3347
-3182
-3279
-2905
-3279
-3115
-2740
-3327
-2369
-2715
-1830
-1701
-1325
-898
-401
121
175
715
715
816
554
973
1363
1466
1204
997
1357
1063
-157
-239
809
73
-976
-479
-902
5
190
-1616
-1335
-1754
-1009
-802
-1427
-2261
-2061
-10
-1498
-668
-649
-1457
99
-124
443
-460
-414
523
519
948
680
1265
1000
1030
1786
2336
1778
334
2705
3021
2197
2846
2115
3011
3147
2279
2150
2430
2254
2053
1803
1766
1912
1726
720
873
1116
632
82
-291
450
37
-500
-427
-342
-1117
-1516
-1349
-1616
-1754
-2008
-2588
-1982
-1971
-2255
-2223
-2439
-1875
-1718
-1937
-1620
-1330
-1278
-1053
-1337
-792
-764
-719
-453
-376
17
-168
336
325
238
522
-212
-58
627
-497
-702
169
-199
-813
-1028
-656
-713
-293
-1898
-1706
462
-1725
-744
-943
-1875
46
-143
203
-1186
-1580
396
299
-108
-995
457
849
618
2047
418
2651
945
-857
3669
2715
504
1052
1497
3121
2503
497
1677
2921
2327
835
1936
1952
1642
905
1234
1780
1022
1004
1189
1044
914
1352
-59
415
525
101
713
113
-1027
-86
-54
-772
-1084
-431
-1021
-1357
-640
-1196
-857
-1422
-1016
-1502
-1073
-1370
-1653
-725
-1084
-1175
-1020
-836
-751
-637
-906
-831
-675
-810
-612
-186
-961
-372
-458
-1106
-537
-895
-1180
-1331
-771
-755
-1369
-793
-1182
-285
-320
-1958
-725
-1501
-570
-1326
-1521
-215
-1882
362
-56
-435
-903
320
1967
-475
1113
-315
864
2807
-1216
1078
1952
-149
790
2733
1888
239
1653
927
3138
2446
-764
2198
2124
560
2423
1514
-170
1505
2109
1291
1307
460
97
1793
858
481
833
260
139
528
1241
-431
8
360
-72
277
339
80
-520
-47
51
75
-625
-198
276
-166
-536
-581
113
-171
-717
-270
120
-1005
-175
-345
-1065
-600
-862
-1000
-1520
-889
-1220
-802
-952
-1777
-1059
-695
-1314
-1032
-1038
-2109
-984
-1183
-1988
-1361
-1592
-1592
-621
-1216
-981
-581
-862
17
-571
-1020
-766
-113
-817
-1523
769
91
-584
199
-160
1490
146
-187
603
717
1424
721
1355
612
1937
1256
-418
1411
1309
617
634
1661
1394
1351
1714
459
2052
329
-64
1935
189
1221
-818
947
1849
293
684
-67
1722
1112
585
-634
291
1774
-770
-1142
1786
1248
-42
196
274
1692
650
-612
-303
928
941
-594
-575
869
93
149
-589
-487
796
-635
-762
-460
-686
-790
-646
-1624
9
-288
-1136
-980
-1429
-970
-819
-817
-1610
-1185
-239
-728
-421
-544
-1277
-617
-1740
-960
-597
-1589
-1952
-605
-694
-915
-721
-1176
680
-719
-1395
488
173
-985
-163
15
-13
237
446
-1266
1219
2100
-1721
1129
697
661
1282
74
-77
628
1752
-837
336
1550
44
177
885
959
811
426
-740
905
2261
-220
-1006
767
1940
322
-502
443
564
384
-113
1059
581
783
710
560
884
367
198
85
230
-493
1485
597
-636
1389
855
250
327
-118
267
-300
-251
-85
50
-48
-694
1242
372
-1275
935
648
-785
-518
162
218
-1556
-353
-264
-839
-252
-915
-827
-374
-1118
-1033
-736
-1044
-502
-824
-313
-1350
41
356
-1878
-665
-85
-41
-1016
-734
697
41
84
-53
-574
685
601
-1099
-337
272
-163
755
-535
-1250
1849
1347
-2248
-571
1349
345
-904
-1012
714
1308
-257
-1510
413
760
-749
-1155
952
43
-617
1351
17
576
-619
248
375
175
696
-1123
1273
580
270
1131
-728
1055
1560
-617
301
572
1311
-632
-149
884
-477
1435
2
478
1270
347
342
1295
349
-821
1052
323
-1227
213
850
463
-1601
-51
970
714
-505
-1956
724
1283
-557
-2656
1168
105
-79
-776
-1170
516
903
-375
-1766
1487
-156
-634
535
107
-2
852
-1197
99
1246
-235
-1356
-229
379
-288
564
-634
-214
253
-413
-378
-529
-1554
-594
-260
-868
-809
-373
-875
-260
-456
-1529
-730
-135
-952
-283
-754
-1384
1255
0
-859
-1105
1544
1826
-2153
-356
1292
579
-702
175
-268
1009
1855
-2059
616
2628
-948
-859
1113
660
398
559
321
188
1728
-427
282
1295
-1425
233
1181
47
-1134
977
620
-239
1158
-94
-698
1187
-836
-125
649
-1333
-9
932
494
-825
582
1116
-275
108
785
652
516
-404
846
822
1524
-600
-165
1885
1728
474
-578
2104
-644
1814
-59
-2079
2293
448
-1305
-136
1323
-133
-1885
-366
-1158
271
-1192
-2603
276
-1488
-423
-1567
-1198
-657
-1425
164
-1506
-1514
322
-565
-901
-759
232
-1078
-138
885
-1610
-449
-4
247
-402
-545
-331
1686
-1507
-400
2406
-1404
556
279
-177
-187
521
528
-1081
978
-629
205
1840
-1143
310
376
-589
224
919
-449
-906
1376
-809
-801
1074
-353
-564
-325
152
348
237
371
-761
554
499
472
-303
-109
2566
-858
850
705
1253
1982
-514
2701
-395
1055
1834
1851
1039
-2477
4030
2050
-1102
1064
194
1619
372
-778
-442
548
775
-3202
434
937
-2285
-44
-1412
-251
302
-1146
-2011
-548
1545
-1723
-1901
324
-60
-649
-1336
-689
444
-766
-934
-40
22
-410
-153
-431
-1285
834
-280
-2101
916
-399
329
-427
-1301
1146
-809
380
-1664
-272
948
-59
-769
-252
1314
-605
-212
-497
-186
680
-986
-1278
1624
-1378
485
-772
-753
1820
-1301
439
-1028
-504
1530
-462
-1668
-529
3139
385
-2863
2479
1659
483
-805
606
2013
1814
14
-696
3963
1755
-620
1161
2467
333
800
621
701
671
1443
-1519
379
1663
-2415
954
-234
-1116
303
377
-1229
-175
863
-731
-1720
317
137
-549
-923
-150
399
-544
143
188
322
-1544
-270
1122
-829
-1881
656
-465
-787
-17
-243
-553
-84
-1363
-337
1435
-2778
-758
779
-755
-1153
82
266
-636
-440
660
-577
293
-1220
-772
1841
-2190
259
260
632
-723
-1800
2358
-419
-1594
-529
493
932
-1093
-1004
-34
1418
-1460
-599
1655
-572
1810
-1364
626
2293
246
-623
428
3167
-328
1774
1371
-368
2451
859
-983
1714
-129
-46
1217
174
-119
-66
1622
-799
-1017
840
-311
-545
547
-1268
371
1011
-740
-728
792
161
206
544
-1373
751
1206
-492
-1103
1260
-589
62
475
-1316
608
-532
-1226
1231
-356
-1250
-389
61
99
-2453
638
-791
-769
-515
81
1082
-1693
-1083
78
1252
-608
-2890
579
1784
-1747
-141
97
476
-550
-108
-377
101
688
-2376
102
1522
-1502
-752
350
31
538
-1109
-337
-44
2403
-897
-613
1401
874
876
-358
349
600
2350
-784
-378
2447
1543
-1005
-156
476
1416
-508
-898
777
-237
490
-274
-891
106
1075
-1394
-1475
723
505
551
-351
-2123
2151
2099
-2226
-1472
1491
1076
-396
-782
642
1870
-619
-1685
-67
1985
-1224
-1572
1347
-662
304
275
-1644
352
-502
293
-1776
121
1546
-2507
884
-105
-831
592
-597
-809
332
387
-881
388
-40
-1226
1275
306
-1727
713
896
-1218
57
603
-1403
-481
-55
-537
1570
-1292
-1676
2548
381
-1329
326
630
-278
1042
-1037
1019
2218
-1760
625
1402
1582
-420
-778
2539
666
29
-781
382
2156
-1258
-276
-541
1772
960
-3376
1035
776
-213
90
-1801
1379
1591
-2328
-434
2088
-227
-1597
1167
430
478
148
-2069
1367
1324
-2415
-512
1411
-964
-6
-912
-979
1495
-959
-827
-34
-240
-426
-979
504
-759
-588
-572
97
923
-1287
-1
449
301
-1202
355
1551
-2256
-71
1669
-354
-655
394
665
42
-419
-892
1388
-851
-1804
2170
16
-1312
-635
1715
973
-1502
-24
-14
1472
-699
-920
1261
-263
645
-488
630
1703
9
283
-704
950
2452
-1665
-882
1906
958
-1227
-305
1272
-33
1105
-2699
174
2999
-451
-624
-1251
1434
1336
-406
-1014
553
1807
-905
-414
1143
914
17
-2241
430
791
-117
-1079
-1741
834
488
-324
-1851
248
125
-1030
-1136
-1006
536
-525
-1099
-882
617
-66
-1113
881
442
-1381
-423
795
-140
-806
534
410
469
-355
-463
1893
-639
-1991
583
695
164
-254
169
615
-781
672
115
-162
-57
373
155
-936
2425
-836
-539
823
-784
678
163
791
-165
334
950
-95
515
-244
-460
1175
1071
-1099
-616
1801
-445
-369
478
-958
1080
1176
-1585
416
2897
-1663
-748
1388
893
1104
-1095
-463
1995
610
-1173
-15
447
575
-1520
184
242
-531
425
-1573
-420
-94
-842
-612
-285
-703
-983
-293
-982
-1360
475
240
-1618
-1372
1521
652
-1226
-1994
479
2364
-2410
-424
1387
714
-480
-2296
826
1332
-261
-1601
-15
1215
-179
423
-428
436
-156
-265
1281
-477
-36
556
283
32
773
97
33
425
-208
289
579
-226
77
985
-459
1580
-931
-309
1417
-278
587
-1910
1002
1124
-1053
96
224
625
-486
179
1316
469
-1248
380
2662
-916
-286
1130
1335
-368
-103
1426
-1047
1028
-1425
1155
974
-1945
1885
-847
-390
412
-1238
-140
-948
-648
172
-1274
88
-738
-1405
-148
380
-882
-2423
819
515
-781
-1233
-1099
1766
-241
-2335
376
1510
-898
-1025
744
-384
-155
-639
-377
656
-356
-305
646
666
-1217
875
992
-1203
276
405
610
477
-61
-666
1158
1324
-500
-257
428
1278
-853
161
797
252
-383
-654
1427
1644
-1173
-1261
1106
830
222
-1994
44
1468
-18
-230
-464
1562
752
-605
291
1621
1005
-1951
947
1992
-422
-140
-630
1613
937
-897
521
215
655
-499
268
-18
-1352
1157
-880
-1248
189
-68
0
-2072
-469
1253
-1545
-1158
-544
-412
-447
-708
-610
-1655
1487
15
-2168
-78
27
1057
-1396
-2411
1256
681
-767
-1410
472
1235
-411
-1080
-840
1851
-591
-808
470
198
741
-355
592
99
-210
750
637
-277
-9
1025
-9
-553
242
1324
499
-1049
679
707
251
694
-905
-47
277
943
-539
-556
151
406
871
-955
1281
-290
1244
-102
-31
1458
-589
1525
-762
680
1193
-99
172
11
1704
390
-1333
798
1056
338
-1228
357
1128
-1224
502
-223
-533
-1259
-344
221
-670
33
-1751
4
1177
-2143
-781
335
-1010
-975
-970
514
-472
-1243
-887
339
854
-1306
-1140
-28
170
-564
-773
-174
124
-737
-63
840
-835
178
-142
-656
1684
301
-895
-535
1022
717
-622
601
-76
789
70
241
1341
-831
368
190
-213
945
223
310
-229
12
269
834
639
-1106
221
-47
967
503
-425
1103
-215
1707
125
53
1065
-886
1126
-290
1119
225
638
1668
-1577
1054
640
178
228
-468
760
951
-455
-738
334
-50
-517
-432
-336
314
330
-1150
-534
399
-850
-52
-1054
-751
1096
-1815
-1858
609
620
-2811
-435
1168
-1100
-912
-223
141
-872
-1125
-912
1162
-580
-1952
141
695
-373
-549
20
471
99
-217
-211
315
651
-1532
623
780
-208
1060
-628
136
1310
-127
-630
714
567
-607
421
628
-471
991
-966
193
1779
-1392
850
562
194
566
273
1065
-552
-381
1845
474
-244
129
513
1915
-587
-340
984
1316
17
-1236
2726
527
-1268
1237
-850
1207
605
-1544
200
541
914
-1027
116
42
-94
1267
-2151
-238
1036
-1285
-616
-488
-225
-340
-458
-1477
-767
1132
-1130
-1879
-306
149
461
-2299
-1290
898
-488
-738
-1262
168
178
-797
-761
-724
995
-589
-674
1045
-607
241
172
-139
-266
490
-105
-393
790
566
-59
-1176
1370
964
-620
-436
435
1115
-454
-267
5
542
114
-801
1180
1021
-104
335
125
487
1298
-1055
-369
1499
505
-631
265
2342
-420
-171
737
1333
910
-1258
389
1467
343
-1001
751
1153
-84
-51
499
591
77
911
-934
-435
1434
-431
-216
-480
-4
633
35
-2304
-269
1920
-2298
-1270
592
174
-1517
-505
-332
-699
498
-1879
-1001
426
-546
-1088
-1027
-349
-228
-614
-511
-811
161
14
-575
-410
412
180
-1168
631
-131
-639
509
-344
-180
802
-354
-491
1402
154
-632
237
-463
779
258
-1151
427
549
335
-313
212
712
13
260
-288
216
634
334
-284
-239
1237
307
-159
403
480
700
507
-434
456
1546
-148
88
-27
306
1732
263
-1036
580
2139
73
-895
873
1232
302
-1309
710
1964
-496
-1006
-346
1201
256
-1163
113
-154
-63
469
-1162
-826
202
66
-899
-879
-250
63
-305
-1597
-534
-248
-683
-843
-640
-568
-276
175
-792
-501
341
-125
-418
-1389
769
824
-1461
-606
161
944
-32
-411
-764
1459
784
-1016
-581
353
844
-928
-687
374
825
-251
-527
178
1176
-835
-380
685
162
-257
-508
700
41
-143
-150
495
290
-382
758
782
-670
50
710
329
-366
438
723
-79
146
944
1199
-271
225
979
630
294
-1
80
1489
6
-258
586
569
553
-144
458
-945
1239
166
-1427
1155
-431
160
409
-1150
388
177
-1222
-617
228
-673
-619
78
-1316
452
-9
-1224
399
-639
-508
31
-444
53
-687
-449
968
-461
-822
464
279
-776
69
911
-707
-84
19
-382
980
-885
40
155
-931
845
-184
-482
-164
30
3
88
-560
294
242
-869
253
-7
-658
-109
761
-556
-432
460
408
-760
-454
414
18
-8
-861
729
607
-699
166
290
532
559
152
-73
-272
983
512
-703
-4
755
263
4
456
343
542
-169
-252
770
775
-553
-89
215
309
796
-724
-651
263
309
-357
-198
300
-115
-534
-804
218
173
-161
-641
-577
1310
133
-999
-50
321
47
-520
-450
325
1614
-759
-1016
1843
147
-23
-3
-1008
1304
921
-973
163
161
294
448
360
-1243
272
1421
-1211
380
-367
279
259
-600
78
643
203
-1258
155
-169
824
-335
-1370
-198
624
438
-751
-573
-342
696
-447
-574
201
506
-18
-626
155
347
-103
-433
-675
-136
1275
138
-1010
-86
1204
399
-320
-590
-234
1618
182
-990
510
645
-274
-241
68
-865
313
404
-1040
109
351
38
-852
-1080
-127
745
342
-1244
-1274
1224
1033
-1189
-763
134
812
-92
-470
350
610
77
-410
124
1206
587
-496
141
564
545
350
-284
-186
329
432
81
143
729
-817
192
851
-424
37
-127
-39
589
12
-647
655
379
-760
-312
979
-279
-811
141
-20
410
-248
-985
100
988
-439
-893
33
937
-1063
-232
344
-735
96
-938
549
367
-511
-383
306
700
-248
-261
311
181
-304
294
483
-316
-430
255
357
-189
-595
46
135
-99
-530
-384
-148
-469
-82
-304
-535
51
-118
-107
-366
-356
62
-155
-332
-134
636
-243
64
403
491
270
-361
665
329
529
387
-192
37
795
911
-931
-29
1074
373
-117
-403
1043
76
-843
247
515
654
-424
-522
542
775
-56
-431
82
-162
932
41
-1500
1062
612
-431
-259
177
413
-2
54
-501
656
-827
-678
724
-619
-665
85
119
-354
646
-99
-793
62
118
-236
-375
60
-186
60
114
-181
484
95
-1298
-28
842
-847
-332
-38
-179
-150
-288
-699
-331
737
-1322
-381
181
-20
-382
-1314
287
-74
-141
-651
384
500
-70
-85
-82
833
21
15
398
108
54
657
361
-364
703
720
-439
759
98
347
88
-275
364
361
328
-727
714
562
-187
195
422
-29
6
167
543
-164
100
287
517
881
-577
697
106
-101
334
498
4
-309
-75
-4
368
-163
-247
-306
524
366
-577
-279
392
51
-525
-546
254
131
-216
-480
406
139
-773
260
-190
-23
-462
-317
250
-627
-231
32
-738
-104
12
-612
-705
163
-397
-1112
267
-563
-306
-183
-577
264
329
-714
-533
681
236
-324
-426
228
424
176
-347
267
577
-194
79
81
462
244
32
339
-126
-102
-127
376
461
-338
-160
418
351
131
-25
-461
645
239
-327
589
808
-86
-556
851
656
-169
-48
393
634
88
-539
724
881
-657
-805
867
989
-627
-355
300
407
115
137
-246
-200
146
-260
180
264
-284
-262
-225
262
451
-298
-761
-199
481
599
-602
-1260
80
224
-407
-638
-314
-1
60
-1068
-571
1098
-843
-1284
-288
544
421
-1131
-494
186
180
-306
-329
-165
-318
723
54
-447
-194
-126
455
-109
5
120
231
-104
1
399
-99
-257
-230
304
-10
344
3
-451
143
439
501
-434
-94
195
80
787
-297
19
559
-456
334
547
-187
1
672
202
250
136
66
-123
31
360
199
338
-185
568
260
-265
304
78
-267
108
-18
352
140
-273
-290
558
108
-469
362
-512
537
-142
-644
43
178
-533
-638
418
-71
-279
-198
-59
101
-21
-648
-188
-9
-128
-29
-317
-733
598
502
-893
-409
390
686
-735
-553
479
413
-689
-659
655
314
84
-367
-498
883
96
-552
-42
-374
210
158
122
-18
-110
179
62
131
-378
347
232
-465
78
634
268
-648
292
163
602
313
-398
408
155
142
-42
459
-244
-139
771
79
198
-48
-135
239
390
-21
-514
68
278
122
-310
-216
503
-304
-478
547
-49
-520
286
-427
25
185
-824
-211
44
255
-523
-344
360
70
-66
-569
-139
466
-514
-395
103
-81
100
-94
61
-134
170
16
37
86
47
-185
100
9
-599
799
-414
-152
626
-142
97
-179
193
74
-107
-222
-214
854
-253
-748
629
215
366
-649
77
868
-344
-38
-111
317
378
5
-92
387
438
291
10
-2
646
157
-21
-69
356
284
-165
208
-140
543
314
-278
183
-37
269
-27
-591
-519
579
77
-770
53
134
147
-217
-424
-146
85
-455
-732
40
58
-582
-453
169
88
46
-428
-621
408
-34
-486
-444
65
-6
-536
373
-145
-201
123
-24
268
178
-140
-194
-171
-233
214
185
-204
-365
292
502
-88
-287
48
301
-76
-324
27
342
-196
-260
-55
441
238
-337
190
369
322
-158
-24
306
49
188
-135
53
652
549
115
49
219
267
555
191
-191
100
464
188
79
320
70
213
166
-198
447
208
-442
-215
39
311
-208
-486
-286
363
119
-670
-287
316
129
-689
-599
-32
260
-447
-821
214
-6
-326
-40
-213
-29
-24
-70
-514
-194
125
-155
-316
-550
362
434
-483
-278
483
6
-334
-279
16
137
-503
-348
101
263
-195
-256
139
217
93
-172
-573
390
-61
-562
318
-357
282
-81
247
540
-367
233
300
137
-83
155
81
235
394
6
450
480
102
601
372
102
601
323
-166
326
630
-127
142
465
370
286
90
66
380
337
-185
-153
12
102
-72
-236
-114
256
5
-293
-223
269
57
-660
-257
-111
-102
-224
-306
-232
-6
15
-294
-87
-119
-198
-355
-291
-56
-137
-203
-594
-86
319
-292
-466
-233
183
-151
-413
-219
-336
-163
-264
-163
-35
-406
-217
47
-181
-233
-172
-416
-122
28
-276
-223
-64
-231
15
120
-161
56
159
-89
138
287
-163
348
137
15
245
550
411
87
485
455
598
59
521
383
410
529
-162
756
659
180
340
194
507
533
139
183
330
215
-67
500
167
-114
-11
28
461
-182
153
127
-382
38
220
-92
-334
-67
-57
136
-191
-471
81
-82
-227
-301
-10
-37
-158
-59
-500
26
38
-470
-513
-188
236
-428
-495
150
-137
-85
-648
-591
405
-503
-499
-399
-312
-87
-456
-337
-383
-34
-486
-400
-151
-107
-464
-424
-203
-303
-40
-306
6
-276
229
-70
-89
242
-183
163
126
27
205
524
94
99
349
568
291
7
399
780
435
4
248
533
636
198
41
467
622
356
171
213
483
217
26
118
521
201
-124
118
289
346
-85
69
-150
223
132
-72
19
-154
8
-27
51
-3
-29
-139
45
52
-80
-293
163
-142
-178
57
-176
125
-404
-118
-97
-45
-245
-405
2
-167
-60
-371
-521
-192
-138
-268
-448
-563
-74
-154
-469
-210
-359
-323
-340
-367
-185
-330
-310
-257
-192
-50
-165
-143
-88
-56
159
-23
-252
11
212
81
30
134
268
314
255
218
230
324
184
280
305
202
279
241
408
388
185
169
273
318
275
242
17
82
391
98
197
149
4
226
110
138
56
68
-148
48
193
-31
-6
16
39
73
133
-91
13
-130
40
82
-222
26
25
-72
2
34
-47
-82
-103
-134
-157
-7
-182
-252
-166
-103
-111
-233
-244
-329
-89
-265
-282
-341
-275
-127
-344
-192
-429
-187
-204
-322
-113
-199
-126
-284
-182
-19
-80
-101
-80
-120
92
217
9
-26
68
182
172
90
121
216
257
297
161
149
270
206
143
138
264
172
186
315
189
320
54
99
330
140
24
37
201
110
169
82
114
171
185
36
14
142
0
1
-32
97
129
62
16
81
127
86
-62
-53
82
56
-87
-25
126
70
-14
-101
11
44
-98
-107
-37
-165
-104
-55
-153
-119
-151
-160
-95
-153
-186
-218
-164
-233
-253
-144
-245
-144
-234
-82
-114
-212
-157
-74
-91
-218
-74
-80
-35
-118
32
1
-85
4
97
19
6
35
47
156
28
142
-3
61
194
63
84
128
68
126
113
146
163
-5
158
106
77
22
37
111
19
41
46
95
80
-2
16
39
4
42
-22
6
1
11
41
-2
52
12
-24
55
138
25
-57
17
100
-2
3
-33
-37
66
36
33
-63
-13
35
-10
-65
-45
-83
-68
57
-68
-140
-28
-54
-77
-67
-99
-53
-157
-71
-1
-100
-119
-123
11
-77
-77
-24
-110
-32
-47
1
-58
-85
-32
9
60
-24
4
-22
84
39
3
103
-13
0
129
106
47
3
62
122
45
48
4
87
-18
34
81
-9
62
1
-4
-7
89
-48
-90
-9
5
-15
-19
-1
-75
0
-14
-1
-42
-129
-24
-54
-8
15
-111
-15
-3
0
-6
-74
-52
0
-4
-55
-32
-9
-54
15
2
-89
24
-19
41
-64
-87
29
3
-46
-130
35
1
-32
-75
-23
0
-7
-108
-101
19
-13
-62
-151
68
23
-27
-65
8
61
-11
-30
-6
74
-28
19
17
61
96
70
29
76
117
82
31
59
116
44
116
41
105
131
48
93
89
146
63
22
54
104
51
1
49
28
76
58
6
10
72
9
-17
-30
-13
15
-41
-22
-25
24
-30
-30
-47
10
-18
-99
-39
7
36
-119
-70
44
0
-69
-45
-62
-42
15
-60
-78
-36
-1
-56
-86
-60
13
-74
-104
-48
-14
-43
-81
-81
-85
21
-69
-52
-79
-28
23
-67
19
-40
-20
52
-23
16
1
-16
50
14
52
6
65
57
30
117
41
60
49
71
110
92
35
67
146
61
124
113
57
123
42
107
103
31
66
16
89
127
31
1
48
76
29
-32
36
18
-42
50
1
-16
38
-20
-13
18
-6
-10
-67
-36
0
-29
-67
-92
1
-29
-76
-75
-38
-37
-63
-79
-117
-57
-62
-122
-104
-47
-48
-87
-93
-46
-45
-64
-107
-108
-44
-44
-104
-88
-19
-43
-33
-53
-17
-9
-84
-54
-4
11
-53
-48
33
37
40
21
29
21
67
85
10
57
55
35
84
106
32
58
120
103
60
40
105
92
41
56
58
87
80
26
76
64
80
43
-10
45
31
17
8
0
34
-10
-1
51
-23
-30
-20
-13
-14
-48
-69
-61
-25
-50
-97
-86
-12
-68
-95
-41
-74
-41
-98
-89
-73
-94
-73
-108
-90
-59
-61
-89
-79
-70
-37
-94
-108
-53
-53
-63
-60
-60
-44
-14
-16
-49
-25
11
-25
2
-25
6
14
-23
26
42
20
24
53
56
55
56
43
82
75
50
63
48
93
89
42
70
114
93
54
87
108
42
69
92
62
67
55
76
69
84
55
19
50
50
45
-9
13
36
-1
12
-3
11
-1
-25
-6
-51
-42
-17
-62
-66
-56
-67
-54
-44
-79
-81
-47
-39
-83
-82
-54
-68
-92
-86
-69
-63
-91
-91
-25
-60
-73
-65
-63
-32
-67
-85
-65
-40
-20
-54
-77
-20
22
-16
-51
-13
15
18
-3
-6
13
37
41
19
58
63
47
62
36
77
82
39
40
84
96
61
43
88
106
84
78
47
97
102
66
14
69
114
63
49
28
117
110
48
25
60
99
40
27
16
67
81
4
25
45
52
30
-12
0
34
2
-26
-25
-9
13
-36
-26
-21
-2
-1
-43
-46
-31
-13
-36
-70
-43
-7
-40
-46
-37
-40
-47
-25
-29
-67
-41
-35
-54
-43
-29
-57
-39
-14
-38
-31
-49
-32
-24
-41
-41
-32
-16
-20
-25
-16
-2
9
13
-16
-1
24
37
-7
22
34
20
58
22
51
32
51
63
12
33
44
47
4
21
47
43
44
14
36
66
45
15
13
52
66
22
-7
47
69
27
8
25
45
26
18
-3
3
7
2
4
-16
-4
8
7
6
-6
-13
7
-8
-11
-29
-43
4
-16
-51
-38
-2
-26
-28
-32
-39
-18
-52
-32
-38
-30
-43
-57
-24
-30
-48
-60
-34
-18
-48
-70
-61
-31
-14
-60
-69
-34
5
-22
-60
-28
3
17
-28
-28
10
41
13
-28
18
36
48
-7
8
81
39
15
19
60
59
40
25
41
67
47
34
32
45
50
32
11
44
38
25
37
29
20
27
34
17
-1
-18
24
-5
-39
-20
-10
-13
-41
-35
-44
-26
-32
-42
-53
-34
-19
-57
-55
-29
-29
-69
-64
-44
-52
-68
-71
-66
-62
-71
-71
-82
-72
-51
-69
-74
-70
-39
-43
-71
-51
-33
-36
-41
-48
-30
-25
-34
-34
-12
-10
-7
-7
-5
35
17
9
16
52
54
17
41
56
69
50
53
69
56
79
80
68
70
82
89
80
64
61
88
85
61
60
69
82
76
41
45
56
69
42
18
41
36
28
10
23
-3
-3
19
-10
-24
-19
2
-23
-28
-31
-28
-30
-51
-45
-61
-57
-58
-70
-62
-73
-62
-80
-84
-71
-100
-93
-85
-74
-95
-108
-69
-67
-81
-82
-69
-52
-72
-59
-67
-58
-44
-51
-38
-44
-20
-42
-27
-19
-10
-11
-20
27
17
8
36
47
44
43
49
68
73
84
65
81
98
95
84
59
94
106
91
67
73
110
104
74
57
100
113
88
63
72
113
89
68
48
83
88
54
37
53
76
37
28
27
32
23
19
7
-7
5
-3
-19
-21
-18
-21
-34
-42
-40
-44
-51
-45
-51
-56
-61
-60
-61
-69
-59
-66
-67
-83
-67
-72
-81
-85
-92
-83
-90
-81
-105
-105
-78
-83
-102
-90
-66
-64
-83
-70
-66
-54
-54
-54
-49
-34
-12
-34
-23
-8
1
-8
3
23
14
4
24
42
23
18
48
50
40
37
53
59
56
59
45
75
70
76
72
74
105
77
73
88
95
75
75
98
93
73
77
78
77
71
60
61
50
72
47
31
39
54
51
20
41
34
44
26
15
18
20
40
2
-3
0
9
1
-29
-12
-21
-37
-34
-46
-47
-66
-51
-52
-70
-66
-79
-54
-73
-81
-92
-69
-63
-89
-88
-82
-63
-88
-96
-86
-68
-76
-90
-73
-56
-63
-54
-54
-42
-48
-41
-39
-42
-25
-42
-25
-31
-23
-20
-15
2
-5
14
12
6
21
25
45
29
34
56
53
68
38
56
64
67
52
35
76
60
68
47
55
67
43
64
47
54
51
52
47
33
48
42
37
21
30
33
19
13
11
10
21
5
1
1
3
-2
-22
-6
-17
-22
-39
-23
-33
-41
-40
-44
-46
-60
-50
-59
-61
-61
-63
-56
-72
-81
-66
-62
-54
-89
-69
-50
-57
-64
-76
-26
-48
-57
-53
-32
-22
-41
-31
-33
-10
-15
-23
-13
-13
3
-16
-12
-1
-13
-2
-2
14
-6
1
31
20
23
15
40
47
29
37
37
45
45
39
45
50
54
39
38
49
41
35
33
39
35
37
31
19
31
31
28
17
26
44
20
20
24
38
29
9
26
25
35
12
6
8
14
14
-17
-10
0
-3
-25
-22
-9
-23
-19
-25
-22
-26
-19
-6
-24
-23
-22
-9
-24
-30
-7
-16
-2
-9
-5
9
4
0
-13
10
4
-6
-17
5
12
-9
-5
6
14
1
3
-2
19
13
9
-1
26
26
11
11
11
37
8
10
16
13
7
12
18
9
-4
8
3
2
0
-5
9
8
-6
-14
3
2
-7
-19
-6
7
2
-8
-12
1
5
6
-1
6
16
11
5
3
20
8
4
3
12
5
-13
0
-1
6
2
3
10
17
16
10
13
20
13
13
13
25
24
23
8
10
20
16
18
3
15
13
22
3
1
11
10
6
-13
-3
6
8
-6
0
13
22
4
-4
8
9
4
-5
0
6
2
-4
-10
-6
-3
-10
-24
-22
-13
-17
-23
-20
-13
-14
-17
-22
-19
-12
-18
-20
-8
-8
-10
-13
-11
-6
-5
-4
-1
5
3
-4
-4
5
-4
-4
1
3
-3
-11
-4
7
6
-6
2
10
8
-3
7
15
10
16
16
20
19
32
19
17
18
17
18
4
6
13
12
4
0
-3
7
4
1
-13
5
13
3
-7
6
19
11
1
-1
16
0
-3
-4
12
7
-2
-3
-6
8
-1
-4
-8
0
-6
-13
-9
-10
-8
-13
-20
-10
-6
-7
-9
-13
-6
3
-5
-10
-7
-5
0
-13
-17
-12
0
-12
-20
-16
-7
-13
-14
-10
-7
-6
-6
-9
-6
-12
-10
3
-15
-13
-21
-9
-15
-19
-18
-7
-1
-18
-7
-5
0
-10
-6
-1
0
-2
-1
9
6
-1
0
-4
-7
0
-5
0
0
-11
-11
-8
-9
-19
-9
-6
-9
-13
-9
-3
-3
-9
-8
4
6
-5
-16
-2
3
-2
-19
-5
7
4
0
-6
-3
-2
-4
-16
-1
0
12
-3
-4
6
7
3
-10
3
8
15
-6
0
6
18
10
-4
1
18
9
0
6
15
15
6
13
7
16
7
2
0
8
10
3
0
5
14
9
10
12
19
10
16
7
8
22
17
12
11
27
23
15
12
18
23
19
16
9
10
9
1
-1
6
6
-4
-4
0
-4
-1
0
0
-1
-6
0
3
-4
0
-1
7
7
1
2
9
3
-4
-10
0
-5
-13
-10
-8
-7
-9
-9
-18
-9
-6
-3
-12
-4
1
2
-9
-10
-5
-2
2
-5
1
2
6
-2
2
6
14
-5
-4
0
9
5
0
11
7
8
-3
0
-3
7
-2
-10
-3
-1
3
-1
2
5
9
1
-2
3
6
5
-3
-4
2
2
-6
-13
-9
-2
-9
-18
-19
-13
-12
-28
-28
-18
-10
-10
-12
-8
-1
2
5
-2
-2
-1
-4
-4
-4
0
0
1
-5
-10
-13
-9
-17
-21
-12
-18
-22
-23
-14
-9
-22
-23
-14
-13
-15
-18
-10
-14
-6
-10
-13
-3
-3
-6
-4
3
0
3
-6
0
-4
-3
-3
-9
-4
-7
-4
-10
-6
-13
-7
-3
-1
0
3
3
3
5
4
3
5
5
4
8
5
12
10
18
11
18
22
15
12
10
15
13
11
4
14
3
3
0
11
10
4
3
3
9
3
10
-2
9
12
15
14
13
22
22
13
4
15
11
12
8
6
1
2
2
-3
0
-3
-4
-6
-4
6
3
-6
-1
3
2
-6
-2
0
4
-2
-9
-2
-2
-1
-6
-3
2
0
-2
-6
-4
5
0
-9
-6
1
-2
-8
-13
-9
1
-7
-7
-1
4
6
-3
5
10
9
5
3
7
5
2
6
6
11
16
8
16
12
15
16
22
16
19
22
12
20
15
24
8
7
12
7
9
1
4
10
5
5
9
12
16
9
11
4
7
-1
1
6
-1
0
-1
-1
-9
-3
-14
-10
-5
-2
-12
-10
-7
-8
-13
-14
-4
-12
-7
-12
-8
-5
2
-6
-4
3
-4
-2
-8
0
-2
0
-2
-6
-4
-1
-6
-10
3
3
-3
-3
4
8
13
11
1
9
9
9
0
3
5
4
0
3
13
9
11
5
10
9
16
10
6
14
13
10
4
9
7
4
1
0
-2
-6
-12
-10
-12
-11
-13
-18
-10
-3
0
-8
-5
-3
-2
-3
-6
3
6
-1
-2
2
-1
-5
-11
-10
-11
-13
-17
-22
-15
-18
-20
-25
-18
-15
-22
-14
-22
-19
-15
-22
-20
-19
-21
-22
-22
-20
-22
-17
-19
-25
-9
-18
-16
-17
-12
-18
-28
-29
-30
-16
-27
-25
-25
-22
-31
-22
-16
-19
-20
-17
-18
-15
-12
-14
-11
-13
0
-6
-7
-9
3
2
5
9
6
14
7
6
6
7
6
10
6
9
3
2
-3
-3
3
-4
3
-2
0
5
1
0
6
9
7
10
13
22
20
22
20
24
18
17
12
9
24
20
16
7
10
5
6
-3
-2
9
3
3
2
8
9
3
5
4
1
7
3
3
4
12
11
11
16
16
16
18
22
19
17
14
10
12
15
13
16
15
12
13
6
12
14
18
21
14
21
19
21
8
16
14
13
20
15
22
14
19
13
13
11
9
6
7
-2
3
1
-2
0
-4
-7
-9
0
-9
0
-6
-6
-6
-3
3
5
7
6
-3
3
-1
-3
0
-6
-4
-11
-4
-10
-12
-6
-9
-13
-6
-6
-13
-12
-12
-9
-12
-10
-12
-8
-6
-8
-9
-6
-2
-6
-3
-7
-3
-8
-5
7
-6
0
-3
-6
-8
-8
-5
-9
-11
-10
2
-3
-2
1
7
0
1
-2
-3
3
1
-1
-3
3
-5
-1
0
0
-1
10
10
9
13
12
11
9
9
7
9
4
5
1
2
2
0
6
9
1
1
0
4
1
-1
10
13
7
7
3
-3
-5
-2
-3
-9
-2
-8
0
-6
-1
3
1
0
1
3
-4
-3
-5
-8
-14
-11
-16
-7
-17
-6
-15
-15
-12
-17
-13
-16
-13
-9
-8
-18
-9
-8
-6
-10
-2
-6
0
0
2
7
0
6
2
7
1
0
-8
-8
-9
-16
-12
-14
-16
-15
-9
-12
-10
-9
-3
-9
-9
0
-10
-1
-3
0
-4
-2
0
0
0
-6
2
-3
-3
-6
-3
-3
2
-3
3
5
6
-1
-4
2
-4
-1
-4
8
5
6
6
10
5
5
13
15
14
9
13
13
13
18
15
12
14
6
9
9
13
8
13
15
13
11
14
15
7
9
10
14
12
9
16
22
18
20
26
20
19
24
26
23
22
29
21
19
17
15
5
6
8
9
15
10
11
6
15
4
9
12
10
11
12
12
8
19
14
3
3
10
3
6
12
11
6
9
8
1
-2
-2
3
3
2
1
9
6
0
4
10
3
6
13
12
13
11
8
4
0
2
-1
-3
-4
-6
-8
-10
-10
-9
-10
-8
-4
-3
-1
-7
-6
-9
-5
-8
-13
-11
1
-2
-2
0
-4
1
-14
-4
-13
-17
-17
-17
-15
-16
-19
-18
-16
-15
-12
-13
-16
-19
-12
-14
-18
-19
-15
-19
-17
-21
-21
-25
-20
-23
-26
-29
-31
-26
-29
-26
-23
-22
-23
-20
-28
-22
-19
-26
-29
-21
-20
-22
-22
-17
-14
-18
-10
-12
-15
-12
-10
-5
-6
-13
-8
-12
-10
-13
-12
-9
-13
-2
1
1
-4
2
-9
-4
-6
-5
0
-1
3
6
13
10
13
3
2
3
5
-3
3
-2
-7
-1
-8
-9
-13
-13
-12
-9
-10
-9
-9
0
0
-2
-5
-2
0
-8
-3
-6
0
0
-3
4
6
4
-7
-9
-10
-4
-9
-4
-9
-7
-2
-6
-2
-2
2
-7
6
0
6
6
10
6
7
12
2
8
10
15
4
13
10
6
10
9
5
3
7
3
2
7
4
0
0
0
-1
0
3
-5
3
0
3
0
0
6
1
0
6
8
4
12
10
10
10
13
12
8
10
11
10
11
16
9
8
18
12
17
17
18
20
10
17
16
5
15
18
13
21
17
16
12
8
6
9
7
7
6
11
10
3
7
10
8
3
9
8
5
4
12
0
-4
0
-4
-2
-6
-1
-1
2
4
10
3
5
2
0
2
-2
0
-7
-3
-9
-3
-2
-2
1
-1
0
3
3
-4
2
-1
3
0
-2
4
0
-1
-4
-1
1
3
-2
0
2
-1
-3
-6
3
1
5
-1
3
9
1
1
3
2
0
3
5
7
5
6
1
3
1
1
9
14
13
6
12
11
8
10
8
3
4
7
6
5
7
10
6
9
7
7
2
1
-1
-3
0
-7
-2
-7
0
0
-3
0
0
-3
-9
-1
0
2
-4
-3
-7
-3
-8
0
-6
-15
-1
-7
-8
-13
-3
-14
-15
-14
-20
-24
-24
-22
-25
-21
-23
-22
-24
-19
-22
-17
-23
-13
-17
-21
-12
-9
-8
-17
-6
-14
-14
-9
-15
-16
-8
-9
-12
-10
-16
-11
-9
-4
-6
-2
-9
-2
2
2
7
-1
3
-3
7
0
7
6
7
13
10
8
7
12
12
15
9
25
13
16
23
13
16
14
16
10
9
11
16
14
19
13
17
16
17
7
5
10
14
17
13
15
12
16
12
15
14
19
13
18
19
13
12
9
7
-2
0
-5
-7
-7
-1
-4
-1
-1
-1
2
-3
0
0
0
-1
3
0
-4
2
2
-1
-7
4
-5
-4
3
0
2
0
-4
-4
-6
-11
-6
-10
0
-5
0
5
4
4
9
5
1
12
3
3
1
10
4
2
4
2
2
1
7
1
2
6
13
7
5
9
4
2
-5
-5
-7
-9
-11
-13
-14
-18
-15
-12
-9
-6
-11
-5
-3
-5
-1
-5
-1
0
4
-6
-10
-6
-17
-16
-20
-13
-13
-22
-18
-19
-25
-23
-24
-22
-27
-17
-10
-17
-14
-12
-9
-10
-7
-4
-9
-10
-7
3
-3
3
1
-9
-6
-9
-9
-10
-9
-9
-9
-13
-14
-10
-13
-12
-9
-8
-3
-3
1
3
3
3
3
5
6
0
3
7
7
14
12
2
0
11
7
8
9
2
4
7
6
4
-2
0
-3
-9
-6
-8
-3
-4
-2
-5
-5
-3
0
-3
-1
3
2
1
0
-2
-8
-3
-4
-1
-3
-1
-6
-3
-3
3
-2
4
7
-4
5
0
4
-3
4
6
0
6
7
15
14
12
15
20
12
10
11
8
2
1
6
-2
6
0
2
2
2
9
4
9
13
12
15
16
16
16
13
12
12
11
6
6
4
12
13
13
10
6
6
10
10
8
14
13
15
13
14
10
11
16
12
16
17
17
24
23
26
23
24
22
23
19
18
17
12
14
11
12
9
15
14
18
13
15
12
13
9
10
10
0
7
5
7
13
15
9
15
13
12
7
11
10
13
13
12
14
10
8
-1
3
7
0
0
6
-4
-5
-8
-7
-10
-7
-2
-3
-8
-4
7
-4
-5
-1
-3
-10
-3
-3
-11
-15
-13
-9
-16
-9
-3
-3
-5
-4
-4
-12
-8
-4
-11
-7
-5
-10
-8
-6
-10
-4
-6
-10
-11
-14
-17
-17
-16
-12
-13
-14
-7
-16
-13
-15
-7
-9
-4
2
-2
-6
-1
-1
-2
-3
-6
-2
-7
-7
-11
-11
-19
-9
-22
-15
-13
-19
-13
-19
-10
-15
-14
-13
-7
-8
-9
-2
-10
-5
3
-4
-3
-8
-1
-4
-4
-2
-6
-5
-9
-7
-8
-11
-13
-13
-14
-10
-8
-7
-12
-8
-3
-3
-6
-4
-5
-5
-3
-1
-3
-14
-3
-10
-10
-12
-11
-11
-10
-9
-10
-1
-10
-3
-6
-3
-3
1
3
-3
-1
3
3
1
10
6
10
14
18
10
16
11
9
14
7
14
4
6
3
3
-3
-3
-2
-1
-1
-3
4
-3
3
6
3
3
4
3
9
10
11
10
5
13
10
9
0
5
1
4
0
-3
-2
-11
-3
-3
-5
-12
-5
-6
-12
-15
-12
-12
-13
-9
-13
-13
-16
-13
-9
-1
-4
-6
-9
-9
-9
-9
-13
-14
-10
-16
-14
-15
-9
-16
-16
-12
-15
-11
-9
-5
-3
-6
-2
-2
-3
0
-3
3
3
10
7
3
6
-4
0
3
9
7
9
13
10
8
10
15
12
18
19
22
17
25
16
16
18
20
19
15
22
18
17
10
21
9
11
16
12
11
15
13
16
23
17
20
18
16
13
18
19
19
15
18
19
17
22
18
11
9
12
4
3
5
-2
-2
-4
1
-9
-10
-13
-18
-16
-16
-7
-9
-7
-3
0
-4
-6
-7
3
4
-2
1
3
-8
-6
2
-6
-6
-7
-5
-12
-12
-14
-18
-20
-15
-13
-12
-15
-14
-15
-15
-8
-7
0
4
2
1
6
4
4
7
4
5
6
5
6
2
0
-1
0
7
2
4
6
10
6
3
0
9
3
7
11
12
19
18
19
20
21
10
19
12
10
3
7
7
6
8
1
6
-2
3
1
4
-9
-9
-8
-9
-5
-9
-3
-12
-7
0
-3
-3
-5
-3
-2
-7
-7
-11
-7
-9
-14
-12
-9
-8
-10
-8
-13
-9
-8
-15
-15
-10
-9
-13
-3
-7
-3
-8
-3
-4
-1
4
4
10
0
11
7
6
0
11
7
-4
1
-2
-5
-4
-1
-3
2
1
4
-2
7
8
9
12
16
21
16
19
16
23
16
17
12
12
14
9
9
8
0
3
7
3
3
0
4
0
10
9
7
8
4
5
0
4
-3
2
4
4
4
-3
0
-3
-10
-10
-13
-13
-13
-15
-13
-18
-19
-22
-18
-13
-18
-16
-12
-9
-14
-7
-10
-2
-7
-5
0
1
8
-3
12
3
4
2
0
-4
-9
-1
0
1
-2
0
-3
-1
-9
-7
-9
-7
-12
-9
-7
-10
-6
-7
-8
-7
4
-8
-3
-1
-4
-6
-4
-6
-5
-9
-8
-12
-18
-12
-18
-19
-18
-11
-16
-13
-9
-7
-17
-11
-3
-14
-3
3
-7
-9
-1
-1
-2
0
0
2
-6
-3
-3
0
-5
-10
-1
-4
-9
-14
-8
-6
-14
-12
-4
-6
-7
-3
-1
-10
0
6
0
-4
0
3
-1
1
5
7
3
15
13
6
7
10
8
8
13
19
16
13
19
10
11
10
8
6
12
7
4
8
6
0
6
9
9
6
6
13
2
10
7
7
7
15
12
9
13
4
2
4
3
-4
3
3
3
-1
4
1
6
6
5
3
0
10
6
8
6
10
-1
3
1
2
0
-3
1
-10
-9
-10
-8
-18
-16
-13
-12
-10
-10
-11
-15
-11
-9
-10
-7
-5
-10
-7
-14
-11
-16
-18
-15
-18
-21
-19
-17
-18
-12
-16
-12
-13
-10
-16
-16
-14
-16
-4
-10
-3
-1
-1
-3
-4
0
1
-1
-1
5
2
3
3
0
-1
-4
-4
-2
0
4
1
6
5
1
4
-5
3
-4
0
2
0
-3
2
6
0
9
11
15
12
16
10
10
5
12
5
9
11
8
13
1
9
4
5
1
-2
-1
-3
-4
-10
-9
-7
-4
-11
-3
-2
-6
-2
2
3
1
7
3
7
7
7
13
4
1
5
1
0
6
4
1
-3
-4
-4
-3
-1
-1
4
7
-1
1
5
3
5
3
12
7
13
9
9
13
15
17
9
13
12
15
7
11
10
5
1
2
0
-7
-1
2
3
-4
-4
-6
-7
0
6
2
3
1
1
0
3
14
6
7
6
3
2
-1
2
3
4
3
1
-6
-10
-6
-10
-13
-12
-10
-11
-13
-11
-6
-8
-9
-6
-6
-2
-9
-10
-16
-20
-15
-13
-14
-9
-6
-11
-9
-3
-7
-8
-5
-6
3
-2
4
0
-3
3
5
5
6
12
9
12
12
14
18
16
7
11
12
4
3
3
9
4
8
11
6
12
9
13
12
16
8
12
14
9
12
16
14
15
18
16
14
9
12
1
-1
-8
6
5
9
10
2
4
0
6
6
10
9
13
6
8
3
1
4
3
2
-7
-4
-3
4
-4
1
-4
-9
0
-12
-9
-15
-14
-13
-11
-10
-4
-6
-5
3
-3
5
2
9
8
6
7
9
5
4
2
-3
-4
-3
-6
-9
-3
-7
0
0
4
-4
-3
4
0
-1
5
2
-3
6
5
3
6
12
9
13
12
11
12
7
10
9
8
2
1
-2
-3
-5
-13
-17
-16
-16
-15
-9
-14
-9
-7
-6
-13
-12
-3
-9
-4
-7
-7
-15
-9
-8
-10
-13
-9
-9
-13
-6
-15
-13
-21
-10
-13
-15
-13
-18
-22
-19
-16
-17
-17
-11
-8
-6
0
-3
9
2
6
9
10
10
7
4
8
13
6
8
6
6
3
12
3
7
8
8
5
3
8
3
4
3
7
4
3
4
6
0
4
5
-3
-3
1
4
3
14
13
9
6
3
8
2
6
4
5
3
0
3
1
-4
-1
1
2
11
4
7
7
4
-3
0
1
-5
-2
0
-3
-11
-3
-8
-5
-3
0
7
5
6
9
6
2
6
7
6
11
14
4
0
0
0
-5
-4
-4
-9
-10
4
0
3
9
6
3
1
6
0
-1
0
3
3
6
2
13
5
12
7
1
6
-4
0
-8
-2
-6
-4
-10
-4
-15
-13
-16
-16
-12
-7
-4
-6
-4
-6
4
-5
6
0
6
1
8
9
0
0
0
3
-3
4
-7
-9
-13
-10
-13
-9
-5
-7
0
0
0
-10
-3
-3
-9
-9
-6
-5
-9
-1
-11
-1
3
7
11
10
6
3
2
-4
-3
-9
-1
-12
-13
-11
-12
-15
-13
-7
-5
-5
-2
4
-5
3
0
7
7
10
14
7
3
3
-1
-1
2
-4
-3
-3
0
-5
2
-7
-7
-3
-3
2
0
-1
-2
7
0
3
9
9
9
16
16
14
15
12
11
3
8
0
3
2
-2
-2
-11
-4
-4
1
-1
3
6
4
-7
1
1
1
2
1
6
4
10
8
10
7
8
7
3
3
5
3
4
6
-1
4
1
-2
-4
-1
-4
-1
1
0
6
1
-2
5
4
4
5
-1
-1
-3
-6
-7
-10
-9
-6
-7
-6
-8
-4
-1
-7
-6
-4
-1
-3
1
4
2
7
2
6
0
8
11
7
10
11
14
13
15
10
10
6
11
7
7
1
1
-6
-10
-3
-9
-9
-8
-7
-9
-7
-10
-6
-1
-3
2
2
6
7
6
6
3
4
-3
-7
-8
-7
-5
-7
-3
-8
-10
-9
-9
-12
-8
-9
-13
-13
-15
-10
-16
-12
-14
-7
-11
-4
-3
-3
-1
-3
0
1
-8
-10
5
-6
-2
-3
2
-9
-5
0
-5
-1
-1
3
-2
6
1
3
0
5
0
-1
2
-3
-3
-10
-7
-4
-5
-8
0
-4
-5
-3
-1
0
-2
3
-3
0
-7
-1
2
-5
1
2
-3
-1
6
-2
0
3
1
0
6
1
3
0
-2
-3
-5
4
0
0
-8
3
-4
0
1
1
0
-3
3
-2
-3
-1
3
-8
-9
-6
-7
-10
-9
-12
-6
-2
-7
-4
-5
0
-4
0
-5
-4
-8
-11
-7
-4
1
-4
3
3
7
4
6
6
5
6
6
11
11
8
4
7
8
6
7
10
7
10
16
14
15
10
12
2
7
8
11
13
12
9
2
3
4
10
0
4
1
0
-6
-9
-7
-8
-3
-4
-7
-6
0
0
0
-2
5
5
10
6
2
-6
-2
-3
-4
0
-1
-3
-11
-8
-16
-12
-12
-12
-10
-13
-3
-7
-8
0
0
1
6
8
6
9
7
2
3
10
9
5
6
10
7
3
9
10
6
5
7
-4
-5
-3
-2
-9
-5
-5
-7
-3
-6
-4
-5
-7
-11
-9
-14
-10
-7
-4
3
3
3
6
9
2
9
8
4
2
7
2
-2
-1
-2
3
-4
1
0
-2
1
3
4
9
10
13
10
11
12
10
10
11
13
10
9
16
12
4
14
7
12
1
3
5
2
6
3
1
-1
3
7
10
4
14
12
17
11
22
22
15
15
14
13
9
15
7
5
-1
6
4
5
6
8
10
9
6
8
8
8
8
3
3
-1
5
3
3
4
3
0
6
2
-4
-4
-6
-3
-3
-4
-7
-8
-10
-10
-12
-9
-11
-9
-6
-6
-3
-4
0
-3
-7
-3
-9
-7
1
-8
-9
-3
-7
-2
-1
5
-1
-9
-2
-6
-10
-7
-1
-10
-11
-7
-3
-12
-10
-7
-9
-2
-5
-3
-1
-2
-5
-10
-12
-10
-9
0
0
5
2
1
-1
-3
-4
-7
-7
-10
-11
-9
-7
-13
-9
-10
-13
-11
-15
-16
-18
-20
-17
-18
-11
-10
-7
-7
-4
-8
-10
-3
-4
-5
-1
1
-5
-3
3
5
-6
0
1
3
0
4
6
3
6
7
5
6
14
11
12
14
13
4
11
10
6
6
9
7
10
10
6
12
14
15
8
14
8
11
10
10
9
9
16
8
10
11
15
9
15
13
11
12
9
8
7
12
6
12
10
15
10
10
6
11
12
13
16
5
7
7
13
8
16
7
13
10
9
16
10
13
12
22
19
24
23
19
20
17
16
18
18
12
17
14
16
18
15
10
7
9
-7
-10
-4
-13
-12
-8
-12
-17
-13
-8
-15
-15
-14
-10
-12
-11
-9
-15
-12
-21
-17
-19
-19
-22
-21
-22
-26
-26
-23
-24
-22
-25
-28
-29
-26
-32
-27
-20
-32
-26
-26
-21
-27
-16
-21
-21
-14
-16
-15
-14
0
-5
-5
1
-2
-13
-10
-13
-6
-14
-8
-7
-15
-10
-16
-13
-18
-16
-15
-12
-12
-3
-8
-1
-3
-4
6
3
7
4
13
8
12
13
9
6
9
11
5
7
3
8
-2
-5
0
-10
-12
-10
-7
-5
4
-3
-1
1
-3
-2
6
5
0
-2
-2
-1
-3
-4
-11
-13
-16
-13
-19
-16
-17
-18
-13
-15
-10
