SAMPLES:	26552
BITSPERSAMPLE:	16
CHANNELS:	1
SAMPLERATE:	16000
NORMALIZED:	FALSE
-9
-11
-15
-9
-15
-9
-9
-8
-6
-6
0
-8
-3
-5
-6
-8
-10
-13
-10
-10
-4
-8
-7
-3
-9
-6
-10
-6
-10
-8
-12
-12
-13
-12
-9
-8
-10
-7
-1
-2
0
-2
2
4
8
1
1
-4
-9
-10
-5
-1
-2
0
-7
3
2
0
6
3
-1
6
9
3
6
1
7
-1
6
4
3
5
1
5
0
4
-2
-1
-3
1
-7
-7
-8
-8
-6
-3
-1
-5
-2
-1
7
6
14
9
15
13
17
16
14
13
7
17
14
12
10
7
5
10
8
14
10
9
16
16
21
14
18
15
10
14
19
17
17
18
10
13
10
9
6
3
3
4
7
3
-1
1
-6
-2
3
-3
4
-7
-3
-4
-3
2
-3
1
-3
3
0
7
7
4
5
6
3
-7
1
-4
3
-3
-7
-9
-10
-9
-9
-15
-10
-7
-7
-9
-9
-2
-3
5
-1
6
3
6
4
6
10
10
7
10
13
10
18
6
13
6
5
-3
-1
4
1
7
7
13
9
10
3
6
7
8
12
16
13
10
9
10
6
3
6
1
0
-3
-3
-6
-8
-3
-6
-9
-10
-6
-7
-2
1
1
2
5
10
5
10
7
6
12
12
8
6
6
8
10
5
6
9
3
-2
-3
-2
-1
-7
-6
-1
1
-4
2
1
0
-2
2
4
-2
5
3
7
4
7
-1
-1
-6
-3
-3
-8
-7
-5
-8
-13
1
-6
-1
0
2
-2
0
-1
4
0
2
7
4
7
0
6
2
8
1
4
-4
0
2
0
0
4
3
-4
-3
-2
3
0
3
-5
-2
-7
-6
-9
-9
-8
-11
-6
-10
-9
-10
-10
-7
-6
-12
-13
-14
-5
-5
-4
-3
-12
-9
-14
-8
-13
-15
-13
-9
-9
-16
-6
-13
-6
-12
-13
-10
-17
-25
-25
-23
-28
-25
-28
-25
-30
-23
-27
-26
-26
-29
-23
-27
-23
-22
-21
-18
-21
-22
-18
-23
-25
-27
-19
-16
-22
-13
-15
-19
-19
-19
-18
-21
-23
-23
-24
-17
-16
-15
-17
-12
-11
-16
-13
-13
-13
-10
-10
-12
-4
-6
-4
-7
-10
-4
-6
0
-9
-6
-4
-4
-2
-4
1
-3
-1
5
10
10
13
14
18
18
21
23
22
21
17
24
22
27
19
21
21
16
12
11
15
11
16
14
19
17
19
22
22
26
24
19
22
22
16
23
17
19
16
19
16
17
17
17
19
11
12
13
16
10
14
15
15
14
12
12
12
12
13
16
16
16
20
26
22
23
26
25
28
25
25
18
17
13
7
15
14
10
10
13
10
9
9
4
3
1
7
7
-1
5
6
9
16
16
13
15
20
17
17
19
19
21
21
13
10
15
12
7
6
5
3
6
5
1
-3
-3
-5
-11
-15
-10
-13
-6
-2
-6
-3
-3
-4
-9
-6
-2
0
3
-1
-4
-1
-1
1
-7
-3
-1
0
6
-3
8
0
6
4
1
5
5
1
3
5
2
-2
3
4
-3
-5
-3
6
-3
0
0
3
0
-3
-6
-6
-1
-7
-6
-7
-7
-12
-3
-7
-14
-13
-10
-3
-7
-3
-4
3
-8
-2
-6
-3
0
0
4
-6
5
3
8
0
5
0
2
6
9
5
-3
-1
0
1
-13
-2
-14
-10
-14
-14
-16
-12
-9
-19
-12
-12
-6
-16
-12
-18
-13
-11
-5
-9
-13
-15
-8
-6
-17
-4
-18
-12
-16
-10
-9
-11
-4
-12
-9
-15
-7
-11
-13
-18
-17
-17
-15
-10
-8
-5
-5
5
-5
-3
-5
1
5
-1
2
-4
-1
-3
1
-5
0
-1
3
2
-4
1
1
-1
-5
-4
-13
-11
-12
-16
-11
-4
-4
-2
-1
-3
-3
3
7
4
11
10
10
10
7
2
6
3
3
0
2
2
1
5
-3
-3
-2
6
0
0
3
5
9
5
-2
-3
3
5
1
-7
9
6
13
13
6
9
6
4
-2
-5
-6
-1
-3
-4
-10
-6
-2
-5
-8
0
5
1
6
-1
1
-3
2
4
-2
-3
-2
-4
-3
-11
-13
-9
-7
-3
-5
-7
-7
-3
-8
-10
-15
-14
-14
-19
-15
-16
-13
-14
-13
-13
-7
-7
-3
3
-4
0
5
7
-3
2
3
9
6
2
-4
-3
4
1
3
4
2
2
7
4
3
1
9
4
9
7
6
3
3
4
4
7
1
8
1
5
1
2
3
5
-3
4
7
-1
3
0
-1
0
7
0
11
13
17
18
18
24
17
15
12
9
10
10
7
5
0
2
-7
-6
-13
-6
-8
-9
0
-11
0
-6
3
0
3
2
3
7
3
9
8
14
12
15
10
14
11
15
15
9
6
9
10
6
6
2
7
4
9
4
10
11
12
18
15
19
16
20
18
21
12
13
9
8
9
11
12
12
17
4
3
-1
2
-2
-1
4
5
6
7
5
-7
-2
3
4
-4
7
7
10
5
-1
8
2
4
1
4
-5
-12
-6
-9
-10
-9
-6
-11
-13
-12
-15
-12
-2
-6
-3
-10
-6
-9
-9
-3
-11
-6
-6
-3
-9
-7
-8
0
-5
-3
-7
-7
-4
-8
-4
-5
-8
-8
3
-2
0
-1
0
-6
-7
1
-1
-1
-6
-3
1
0
3
-1
-3
-6
-7
-10
-9
-15
-10
-16
-19
-13
-16
-17
-18
-13
-15
-13
-19
-5
-13
-7
-3
-10
-6
-13
-14
-18
-15
-11
-11
-13
-8
-6
0
-6
-4
-6
-6
-8
-7
-4
-8
0
-3
0
-3
1
1
-1
3
3
3
3
-3
-2
-6
-8
-5
-2
-9
-5
-5
-7
-4
-6
2
0
3
2
8
6
9
5
4
-4
0
8
0
10
3
-1
-3
-4
-11
-9
-9
-10
-12
-7
-5
-12
-12
-12
-10
-15
-3
-6
-4
-7
-9
-7
-9
-3
-4
7
3
5
2
0
0
4
1
1
0
3
6
-1
4
2
3
-6
7
4
0
3
5
5
7
10
4
15
8
16
8
11
6
6
10
4
10
5
6
-1
3
-1
6
4
1
5
3
6
6
2
-1
7
0
1
3
4
0
1
5
6
9
3
4
0
0
-4
3
-6
-7
-3
-3
0
-6
-7
-8
-4
-9
0
-4
3
-1
3
6
6
14
13
19
17
23
17
18
17
16
8
9
16
17
19
18
16
12
20
4
10
10
13
14
8
15
9
18
12
21
16
17
26
20
23
24
19
16
13
7
9
-4
-1
-10
-10
-9
-2
0
-2
8
4
8
4
3
-1
3
1
7
10
13
2
6
7
0
6
-1
5
2
9
7
8
6
-3
-6
-2
1
-9
-5
-8
-4
-8
-5
-9
-7
0
-9
-15
-18
-12
-16
-12
-19
-12
-8
-9
-10
-6
-6
-9
-1
-9
-3
-6
-10
-9
-9
-13
-15
-18
-21
-17
-16
-17
-19
-14
-12
-13
-11
-10
-16
-12
-12
-15
-7
-7
-16
-14
-11
-16
-19
-16
-18
-22
-15
-12
-16
-19
-13
-18
-14
-15
-19
-22
-18
-15
-17
-20
-17
-16
-24
-16
-18
-17
-19
-13
-13
-14
-10
-7
-4
-8
-2
-1
0
0
1
-2
-1
-4
7
6
8
16
8
11
0
8
3
3
7
8
7
2
2
-2
5
6
5
0
5
-3
1
2
2
10
6
12
10
12
12
13
12
15
17
15
13
16
14
11
12
11
13
3
5
6
11
7
8
7
8
5
0
3
-4
2
-6
-3
-9
1
-3
-5
1
-7
0
4
3
0
0
-2
4
-3
-1
-6
2
0
3
4
2
6
2
9
6
11
10
17
13
19
16
14
15
14
9
6
10
3
6
3
3
3
3
-2
-5
-3
-10
-6
0
-1
-5
-9
0
1
0
6
6
3
8
10
10
6
15
16
10
14
10
14
8
11
9
18
12
14
13
9
12
7
11
9
9
7
13
3
10
12
16
9
9
11
11
9
5
6
0
6
-4
-5
-9
-7
-15
-3
-8
-7
-9
-10
-6
-12
-7
-11
-1
-12
-1
0
-3
1
0
-3
-2
1
2
3
3
2
1
1
-7
-5
-5
6
-1
0
5
3
1
1
3
-6
-4
-5
-5
2
4
8
3
4
7
4
9
7
3
7
4
7
12
2
9
4
7
9
12
10
7
12
13
15
16
18
15
16
10
8
7
12
5
6
6
9
4
3
10
7
9
1
12
3
3
0
-4
-4
-2
-7
-7
-3
-5
-4
-5
5
-3
3
-4
-7
-9
-7
-12
-11
-13
-11
-13
-16
-13
-16
-14
-20
-13
-15
-12
-15
-11
-18
-9
-21
-13
-17
-16
-14
-25
-14
-21
-13
-14
-11
-17
-12
-18
-15
-25
-13
-16
-19
-19
-22
-13
-19
-20
-20
-14
-22
-10
-15
-9
-9
-1
1
-5
-3
-5
-3
-6
-1
0
3
-4
-7
1
-6
-4
-4
-5
-3
-2
-2
-10
4
-3
-6
0
-3
-7
-4
-4
-3
-9
-7
-9
-16
-7
-6
-10
-11
-6
-10
-7
-9
-5
-3
-4
-9
-3
-7
-4
0
-4
10
4
6
8
15
7
12
11
8
10
10
13
9
10
4
7
5
2
0
-1
0
2
1
-1
0
-3
6
-1
1
2
-3
2
-4
1
-6
0
0
0
-1
8
3
2
1
2
2
2
6
-3
1
-3
-3
-4
1
-6
-3
-3
-1
-3
-1
1
-4
5
2
4
0
2
0
-3
-6
-10
-15
-7
-8
-10
-7
-14
-13
-16
-12
-11
-16
-10
-9
-6
-3
0
-4
5
2
3
4
7
13
6
6
5
10
8
9
0
3
3
-2
0
-3
-7
-6
-3
-1
3
-3
10
4
11
10
14
17
15
16
13
12
10
12
8
13
13
16
6
9
6
6
8
6
10
11
10
5
14
10
10
12
15
14
17
16
22
19
21
21
19
18
18
19
17
23
19
16
7
15
10
16
13
11
7
6
8
7
9
9
16
10
17
9
19
19
18
22
21
16
19
19
8
13
13
19
11
16
12
9
7
8
5
3
2
4
7
3
12
4
9
12
8
8
15
10
5
15
7
10
4
5
3
-1
0
-4
-1
1
-3
-3
-3
-3
-1
-9
-9
-13
-7
-12
-15
-11
-9
-7
-12
-5
-8
-1
-9
-10
-13
-11
-17
-14
-12
-18
-12
-13
-13
-18
-12
-17
-13
-18
-12
-13
-12
-7
-3
-2
-9
-5
-6
5
-3
0
-4
0
2
7
6
-1
-6
-11
-1
-9
-7
-6
-1
-10
-7
-3
-4
-5
-8
-3
-3
-4
-6
3
1
-4
1
6
4
-6
-4
-3
-1
-5
-5
-9
-6
-2
-11
-5
-13
-7
-9
-2
-4
-9
-8
-8
-5
-3
3
1
5
-2
3
-2
-4
-12
-7
-7
-3
-10
-9
-11
-18
-15
-23
-19
-23
-16
-26
-17
-12
-12
-15
-10
-8
-16
-8
-6
0
-1
-1
-6
-1
-3
0
-4
-6
-9
-14
-10
-9
-11
-15
-7
-13
-17
-18
-16
-12
-14
-16
-16
-16
-17
-11
-9
-5
-13
-9
-10
-10
-3
-9
0
-5
-4
-6
1
0
-10
-6
-8
-9
-9
-10
-6
-10
-16
-6
-11
-12
-12
-12
-6
-8
-6
-8
-8
-6
-2
-3
2
3
0
0
4
7
3
7
8
9
10
5
-2
3
-1
-4
-5
-10
-13
-15
-13
-16
-13
-10
-6
-5
-1
-4
-5
0
-2
-2
0
0
0
-1
1
2
1
-4
0
-4
-5
-4
-6
-7
-10
-3
-3
4
-3
2
2
4
2
6
8
6
8
4
9
6
15
9
10
13
15
13
9
8
8
6
0
6
-2
7
7
9
7
13
16
12
16
7
12
6
15
9
10
18
17
13
10
16
16
19
17
22
19
25
23
26
25
20
24
22
18
17
22
12
18
16
14
14
15
13
12
16
14
19
14
19
18
23
14
18
20
15
10
17
14
7
18
10
10
4
8
8
7
8
6
12
5
8
4
5
5
3
4
1
1
8
7
6
10
0
5
0
8
3
-6
3
0
3
1
3
0
0
-3
-3
-15
-7
-9
-13
-11
-13
-13
-20
-15
-15
-14
-15
-9
-13
-9
-10
-7
-7
-7
-2
3
3
-3
4
3
6
4
5
8
7
-3
1
3
4
2
3
7
1
1
6
1
-3
6
4
0
3
4
6
1
-1
-6
-6
-9
-6
-3
-4
-1
-2
2
-4
-1
-2
-2
0
3
0
-8
0
-1
-5
0
-2
-5
2
3
7
3
6
3
0
-4
1
0
-3
3
-4
0
-13
-10
-12
-12
-13
-10
-13
-15
-8
-13
-11
-16
-16
-19
-13
-15
-17
-13
-10
0
-6
-8
-4
-7
-8
-18
-9
-15
-13
-8
-9
-4
-6
2
-3
0
2
0
-1
4
0
4
3
-2
1
4
6
-2
5
1
1
-7
0
-5
-3
1
-1
0
-1
2
-6
-1
-10
2
-12
-4
-6
-5
-2
-2
6
-9
-1
-9
5
3
4
2
4
5
0
-1
-4
-3
-10
-4
-6
3
-6
-4
-7
-12
-13
-13
-8
-17
-2
-9
-4
-10
1
3
1
9
1
6
7
5
0
-1
-4
-4
-6
4
0
1
-2
0
0
-6
-2
-2
1
3
7
3
8
10
9
7
16
18
15
16
19
12
9
16
8
7
9
10
7
7
5
16
13
11
12
9
15
8
9
5
16
18
19
23
22
18
18
27
17
19
24
19
19
18
23
20
23
16
22
18
13
15
10
8
9
9
3
12
2
11
5
9
7
7
16
13
16
16
18
14
21
10
15
12
17
9
13
10
13
13
5
13
4
6
7
9
9
13
11
16
11
16
19
4
10
2
-4
-3
-5
-7
-9
-12
-16
-14
-13
-15
-17
-12
-19
-19
-21
-15
-16
-19
-14
-17
-12
-16
-10
-11
-8
-7
-7
-6
-9
-10
-12
-9
-13
-13
-20
-13
-14
-15
-10
-7
-12
-11
-11
-13
-18
-16
-13
-14
-13
-16
-4
-13
-6
-3
-7
-10
-21
-17
-22
-20
-21
-24
-19
-16
-21
-19
-15
-19
-19
-11
-13
-15
-10
-9
-14
-12
-7
-6
-6
-3
-2
-7
-4
-6
-14
-10
-7
-16
-10
-13
-10
-14
-9
-10
-15
-12
-19
-10
-17
-16
-22
-15
-15
-13
-9
-12
-12
-15
-12
-15
-13
-14
-9
-19
-12
-12
-15
-15
-14
-13
-15
-14
-10
-4
-9
-4
-10
-15
-13
-18
-14
-12
-10
-9
-3
-8
-5
-2
-2
-7
1
0
-1
6
4
9
-3
3
2
6
7
9
13
10
11
6
7
3
3
-1
6
4
5
6
10
10
6
10
10
9
11
15
13
17
15
16
10
10
6
10
9
6
2
-1
6
-3
6
3
2
4
10
11
12
10
12
15
9
8
3
3
4
6
1
7
1
3
0
-1
5
1
10
8
12
20
15
16
6
19
13
11
12
20
22
20
25
19
21
16
19
8
12
10
15
13
15
16
13
16
12
9
4
6
1
7
5
2
-3
10
1
2
6
8
7
6
10
6
8
7
7
2
7
0
3
2
-1
4
3
4
4
1
1
7
0
2
3
5
6
3
2
-1
4
1
3
0
6
-2
-7
0
-1
4
2
2
-5
-2
1
2
7
11
10
11
13
14
16
15
13
13
19
15
8
10
7
6
5
-1
-4
-6
-5
-7
-9
-8
-13
-6
-13
-9
-8
-12
-6
-7
-6
-4
6
5
3
6
4
-6
-1
4
3
-3
2
3
-2
4
-3
-7
-6
-7
-3
-5
-5
-2
-6
0
1
5
6
2
3
4
9
7
5
4
10
6
9
7
5
-5
-4
-5
-5
-6
-8
-3
-3
4
0
1
-5
0
3
0
-3
0
3
4
3
1
8
1
7
1
6
4
0
1
1
-3
0
2
-5
-6
-13
-5
-13
-6
-7
-7
-6
-9
-6
-8
-4
-6
-3
-1
-1
1
-3
-9
0
-3
-6
-5
-9
-7
-13
-11
-19
-17
-17
-15
-19
-20
-19
-16
-12
-14
-9
-16
-11
-13
-6
-12
-10
-10
-10
-7
-18
-16
-19
-13
-22
-16
-20
-16
-21
-23
-19
-29
-29
-26
-20
-33
-31
-26
-25
-26
-23
-22
-16
-9
-7
-4
-6
-2
-8
-5
-6
-11
-12
-11
-13
-22
-19
-21
-10
-16
-16
-10
-15
-11
-6
-4
-11
-8
-5
-6
-6
2
-5
3
-3
6
7
-1
2
5
5
4
4
2
3
-5
6
3
7
4
8
7
9
6
12
20
8
16
16
19
19
23
23
13
12
14
4
9
3
10
8
7
19
10
12
7
15
13
19
21
16
14
17
17
15
20
18
19
17
13
19
18
16
22
22
18
15
15
11
12
11
14
13
13
12
11
12
7
13
10
6
13
19
20
18
15
15
16
16
19
19
20
23
16
22
20
21
17
11
13
7
13
8
7
3
6
-3
0
-7
-2
-1
0
6
4
8
7
11
9
15
13
14
11
12
5
15
4
3
3
4
1
-5
3
-5
-5
-11
2
-8
-1
-7
0
-4
-7
-3
-3
-1
-4
3
-3
9
5
6
6
10
4
10
7
4
0
1
3
-9
0
-4
-7
-15
-9
-17
-13
-12
-9
-6
-8
-2
-7
-2
-6
3
-3
2
-3
-3
3
-3
-3
-4
3
-11
-6
-5
-6
-8
-6
-4
-10
-8
-10
-9
-15
-11
-11
-10
-12
-11
-8
-4
-5
-5
2
7
12
4
14
10
8
3
5
5
4
3
-5
-3
-9
-6
-13
-14
-9
-3
-7
-4
1
0
-6
-9
-4
-11
-4
-9
-8
-15
-14
-15
-13
-13
-13
-10
-17
-14
-19
-13
-19
-18
-24
-19
-18
-20
-19
-23
-16
-22
-20
-21
-16
-19
-19
-16
-10
-11
-12
-9
-5
-4
-8
-1
-3
-7
-13
-8
-13
-14
-15
-17
-16
-25
-22
-19
-21
-26
-23
-21
-17
-22
-21
-16
-21
-17
-16
-6
-15
-15
-10
-13
-10
-11
-4
-14
-13
-7
-4
-6
-5
-6
-4
-2
-5
-7
-13
-6
-18
-15
-18
-16
-19
-14
-16
-13
-13
-13
-8
-15
-8
-10
-6
-3
6
10
13
12
18
18
16
11
11
10
9
7
3
10
5
11
9
10
6
2
3
7
12
11
18
15
19
24
24
21
25
27
24
28
28
25
27
28
25
16
18
19
15
11
16
17
5
11
11
10
19
18
16
15
14
19
16
20
21
16
19
12
17
9
13
12
13
15
14
15
14
14
13
13
12
12
8
15
13
17
10
13
14
6
15
7
12
10
19
19
19
22
19
25
22
28
17
26
16
17
13
16
16
16
15
10
13
8
15
1
9
0
10
4
9
8
8
12
6
15
6
10
3
10
-5
8
4
6
6
2
6
7
17
11
15
9
13
6
9
6
10
10
4
8
6
6
8
8
-5
-2
-2
0
-4
5
3
7
7
4
6
0
4
0
4
2
11
6
7
8
5
5
3
2
1
6
-5
-3
-7
-9
-12
-21
-16
-26
-18
-22
-21
-16
-13
-10
-13
-5
-10
-3
-4
1
1
8
-4
0
-8
-4
-4
-6
-1
-7
-5
-14
-7
-18
-17
-22
-17
-17
-14
-17
-15
-17
-13
-12
-13
-7
-9
-4
-10
-5
-6
4
1
7
9
5
7
4
-3
-6
0
-6
-4
-4
-7
-2
-9
-9
-4
-3
-4
-3
-1
0
-5
-9
-1
-6
-4
-2
-4
-9
-9
-14
-7
-3
-12
-4
-9
-11
-17
-14
-16
-15
-17
-18
-17
-20
-20
-23
-22
-25
-21
-28
-27
-22
-22
-19
-17
-17
-16
-18
-14
-10
-6
-7
-5
-4
-4
-12
-10
-8
-19
-15
-12
-14
-21
-12
-16
-16
-12
-10
-14
-13
-9
-12
-4
-1
-3
-8
2
-6
-4
-11
-10
-14
-13
-15
-8
-8
-6
-1
-12
-7
-10
-7
-14
-2
-8
4
-1
0
-2
-4
0
0
11
9
11
6
13
5
5
7
9
0
5
9
3
0
-4
3
0
3
10
3
-5
-2
-6
-3
-3
-4
5
-2
7
10
16
9
10
10
8
8
11
18
12
24
16
22
13
14
18
10
18
16
16
13
12
7
14
3
2
-1
0
1
6
16
8
13
12
12
4
14
4
12
15
16
16
14
16
10
9
7
18
10
19
11
13
7
5
3
0
4
4
9
1
7
4
5
4
3
0
5
3
2
3
0
0
-6
2
-7
-3
-1
-3
2
-6
-1
-3
2
1
3
0
-3
-3
-9
-11
-12
-6
-10
-1
-2
2
-1
-1
0
-1
0
5
3
4
9
1
6
-2
0
-6
2
2
-5
-3
3
-1
0
0
-4
0
-6
4
-5
0
-2
-6
-9
-9
-8
-9
-3
-3
-3
-7
-4
0
4
6
4
7
6
4
7
8
6
7
12
8
8
10
7
5
6
2
-3
-3
-2
-4
-6
-9
-7
-6
-6
-9
-5
-2
-10
-6
-2
-1
-9
-3
0
-5
2
2
0
2
6
4
3
4
3
1
0
-2
-6
-9
-6
-1
-1
2
3
3
7
7
3
7
7
7
15
16
13
10
9
6
1
1
0
-1
-6
-10
-9
-12
-13
-12
-15
-16
-7
-8
-9
-13
-7
-9
-5
-1
-9
-1
-6
-1
-6
-4
-5
-10
-9
-9
-16
-16
-15
-22
-17
-16
-18
-22
-13
-20
-24
-20
-16
-21
-16
-15
-15
-13
-12
-11
-17
-13
-16
-11
-9
-7
-15
-10
-8
-9
-12
-14
-6
-14
-6
-9
-7
-13
-16
-9
-9
-4
-7
0
-6
3
4
0
3
6
8
-1
6
10
9
5
12
7
9
16
16
9
8
11
3
7
6
4
-4
3
0
0
4
1
0
2
1
2
1
1
3
5
6
2
9
4
8
13
11
6
11
9
7
15
8
12
8
9
11
9
7
13
13
6
16
12
16
9
11
6
7
14
2
8
2
8
-6
-3
2
0
2
3
11
10
11
11
9
4
9
-2
7
4
5
-1
3
0
-2
-2
-5
0
-5
1
-4
2
1
9
-1
4
2
-2
2
-3
2
3
10
2
11
7
9
7
6
9
2
7
-1
3
-5
-3
-1
-6
-3
-3
-4
-9
-3
-8
-9
-7
-4
-9
-8
-10
-6
-10
-5
0
-10
0
0
3
-6
6
2
0
2
6
7
2
10
1
-1
-7
-4
-7
0
-6
-3
-3
-5
1
0
0
6
9
9
13
12
11
9
10
14
16
13
22
17
19
22
23
20
20
22
19
22
19
19
20
22
19
20
14
15
13
17
15
12
9
6
12
3
7
10
0
-1
8
0
2
0
3
-5
-7
0
-3
-4
-3
3
-8
-4
-4
3
-5
-1
4
0
3
1
5
-1
2
-12
-5
-12
-10
-10
-14
-14
-15
-10
-12
-11
-11
0
-9
-6
-12
-13
-16
-13
-9
-13
-9
-14
-10
-13
-11
-10
-9
-11
-6
-4
-6
-1
-3
-6
-12
-7
-7
0
-4
-4
2
0
3
5
13
5
9
9
10
3
4
8
7
6
3
2
-2
-1
-8
-2
-6
-4
-7
-3
-6
-7
-9
-14
-16
-19
-14
-17
-16
-14
-12
-15
-14
-17
-14
-16
-13
-11
-10
-12
-14
-12
-17
-13
-21
-17
-19
-22
-19
-19
-11
-17
-10
-15
-16
-10
-10
-6
-10
-1
-5
-1
-6
-5
-15
-11
-8
-12
-13
-13
-6
-13
-11
-13
-10
-18
-7
-10
0
-1
3
0
1
4
1
6
1
8
2
9
11
18
15
18
25
21
14
20
18
18
15
8
16
6
13
10
12
12
7
10
9
12
13
12
14
18
18
17
19
14
12
6
0
2
5
4
1
0
6
3
1
7
4
6
5
10
5
5
6
3
8
5
10
13
12
12
9
9
10
10
15
16
17
16
16
13
9
10
6
6
-2
5
0
-6
0
0
-1
-3
-3
-6
-2
-2
-3
0
4
7
2
6
11
12
14
8
7
4
7
4
0
-1
3
3
-6
-1
0
-2
3
-3
-9
-2
-7
-1
-6
-3
-3
-10
-7
-5
-4
-8
-2
-2
0
0
7
3
9
5
13
3
10
13
3
7
1
12
4
4
2
13
7
10
12
11
6
5
6
5
6
4
13
9
14
13
14
13
9
13
9
10
9
7
6
9
10
10
3
3
7
1
2
1
0
-7
-3
2
-2
-4
-2
3
-5
-4
-6
-6
-3
0
-3
0
-3
1
-1
-6
-3
-8
-4
-12
-9
-10
-10
-14
-6
-7
-8
-7
-9
-13
-16
-8
-7
-16
-12
-7
-16
-13
-12
-3
-12
-11
-7
-9
-3
-8
-6
-7
-6
-9
-6
-5
-7
-5
-8
-5
-10
-11
-9
-15
-10
-10
-9
-16
-7
-6
-11
-10
-8
-11
-6
-3
-9
-4
-9
-4
-10
-8
-12
-10
-25
-16
-21
-23
-26
-18
-13
-19
-12
-22
-14
-23
-11
-12
-5
-1
4
2
6
12
3
8
-2
5
4
7
6
6
5
3
3
-2
-9
-9
-8
-14
-14
-19
-13
-10
-4
2
4
2
10
10
10
15
9
12
13
15
11
12
7
0
-4
-7
-12
-15
-12
-10
-11
-10
-10
-16
-13
-12
-7
-6
-6
-7
-5
-3
2
7
6
6
11
13
12
13
12
8
4
7
6
7
8
5
6
6
2
1
3
2
-1
5
5
0
1
-2
6
4
7
10
3
15
10
13
14
15
15
13
11
6
4
6
3
1
2
-3
-2
-12
-6
-15
-10
-17
-16
-16
-16
-14
-22
-17
-19
-9
-12
-2
-3
4
1
-1
-3
-9
-7
-12
-7
-12
-6
-12
-10
-12
-10
-15
-19
-15
-10
-11
-7
-1
1
10
11
23
16
26
19
18
23
15
18
14
20
9
18
12
11
15
11
11
12
11
7
16
4
9
7
13
9
10
15
19
26
24
28
27
32
30
26
26
30
23
31
26
26
26
26
28
23
19
17
19
10
18
14
15
8
7
5
9
12
6
11
7
4
1
0
-3
-3
1
1
-1
0
2
6
7
3
7
3
-4
-3
-6
1
-2
2
-4
-4
-6
-3
-1
4
12
7
12
11
16
10
13
10
6
2
4
0
-1
-3
-4
-1
-5
0
-12
-7
-12
-8
-9
-16
-22
-21
-22
-17
-9
-15
-12
-18
-17
-19
-10
-15
-8
-13
-14
-18
-22
-10
-20
-16
-19
-23
-26
-26
-24
-23
-21
-15
-13
-10
-6
-6
-10
-15
-12
-12
-14
-16
-14
-18
-22
-15
-18
-18
-20
-22
-19
-19
-15
-13
-3
-5
-6
-2
-6
-4
0
-4
-6
-7
-2
-2
0
5
0
0
-6
0
2
0
7
2
1
5
7
6
3
5
5
3
3
0
2
3
5
7
6
1
-3
-4
-8
-11
-6
-4
-6
-9
-7
-5
-6
-4
-3
-2
-10
4
0
2
-4
-3
-1
2
-3
-6
-7
-11
-3
-8
-3
-15
-5
-11
-6
-3
1
1
-6
0
1
4
2
7
1
0
-2
-8
-9
-2
-8
-8
-3
0
0
2
3
5
9
5
11
7
-2
-4
1
-4
-12
-5
-8
-4
-4
2
-3
-5
-4
-9
-6
-7
3
-1
2
-7
-7
-8
-5
-6
-10
-4
-8
-4
-16
-13
-15
-9
-12
-14
-10
-19
-19
-20
-19
-16
-18
-15
-9
-16
-12
-10
-14
-9
-2
-8
0
2
-1
4
-3
-3
-9
-8
-10
-7
-1
0
0
3
2
3
9
11
12
11
13
8
5
4
12
9
9
16
12
16
13
17
15
22
19
17
17
16
17
13
18
15
19
17
18
16
23
24
25
31
23
25
28
33
19
25
26
22
19
22
19
16
22
21
16
17
17
16
15
10
16
14
15
12
14
9
13
13
9
12
6
6
4
16
10
14
20
10
13
14
19
15
17
19
20
17
17
12
7
7
9
17
11
19
14
22
25
19
22
12
16
15
16
14
15
13
13
9
4
-4
-5
-6
-8
-9
-16
-4
-8
-6
-9
-7
-9
-8
-10
-18
-19
-18
-15
-22
-22
-21
-15
-19
-10
-14
-13
-16
-18
-14
-16
-15
-14
-22
-18
-20
-25
-21
-24
-17
-21
-14
-16
-14
-18
-15
-10
-14
-7
-1
-6
1
0
-3
2
-3
4
-2
0
-3
-1
-6
0
-9
-8
-3
-15
-10
-18
-10
-13
-16
-16
-13
-13
-7
-8
-11
-12
-13
-17
-15
-7
-12
-1
-4
1
-12
-10
-10
-16
-12
-12
-15
-22
-13
-16
-13
-16
-15
-19
-25
-20
-14
-17
-16
-6
-13
-15
-6
-3
-11
-5
-10
-6
-11
-10
-3
-7
-2
-6
-10
-6
-8
-12
-6
-9
-4
-10
-10
-7
-19
-6
-9
-2
-6
6
5
7
10
10
12
3
14
8
13
8
10
8
11
10
10
1
0
3
2
6
2
14
3
1
2
3
-1
6
3
2
-2
0
-1
-7
0
-4
-1
-5
2
-7
-7
-7
-3
3
-5
-2
-6
-2
5
-1
6
1
2
3
9
11
10
6
5
3
0
10
9
2
10
8
0
11
7
12
8
16
10
7
12
10
17
13
24
20
21
25
28
20
23
21
23
16
18
9
5
11
-2
4
4
10
7
8
7
11
9
7
10
9
10
7
5
5
10
10
16
11
20
19
13
14
3
13
10
12
6
8
14
5
7
3
9
2
1
2
2
3
3
7
12
10
9
13
12
8
10
21
13
12
11
12
12
10
20
12
12
12
7
15
10
7
14
8
9
12
4
9
7
13
15
13
20
23
19
18
22
10
19
15
16
14
2
10
4
2
0
-6
-9
-13
-5
-13
-15
-19
-18
-19
-15
-13
-9
-14
-10
-8
-5
-1
-16
-11
-13
-11
-10
-7
-13
-6
-12
-5
-12
-13
-15
-16
-11
-16
-10
-14
-11
-19
-8
-18
-11
-13
-10
-9
-12
-13
-14
-9
-17
-14
-20
-14
-20
-14
-26
-12
-16
-19
-16
-20
-14
-19
-13
-21
-10
-21
-10
-8
-12
-11
-10
-3
-9
-6
-13
-9
-15
-9
-11
-7
-4
-7
-10
-8
-3
-13
1
-9
-3
-4
-9
-6
-13
-13
-20
-19
-22
-16
-20
-12
-12
-10
-5
-6
-6
-6
-9
-9
-12
-16
-6
-13
-9
-11
-10
-9
-6
-4
-8
-5
-14
-1
4
-2
3
10
13
3
7
19
5
8
13
6
9
-1
6
4
7
8
6
0
-2
0
-3
0
-10
-13
-12
-8
-8
-6
-3
7
3
4
15
18
19
15
15
15
18
13
17
17
8
7
14
13
4
6
8
9
9
10
15
15
9
16
13
7
9
0
8
8
7
6
8
8
4
2
6
9
4
7
10
10
0
5
10
15
7
6
14
10
7
10
21
7
8
10
8
0
-2
3
-2
-2
-7
-11
-6
-10
-10
-6
-10
-10
-13
-11
-6
-9
-11
-4
-4
-3
-10
-6
-5
-13
-7
-4
-12
-9
-9
-8
-13
-13
-5
-7
-6
-10
-4
-6
-6
-12
-9
0
-7
3
4
4
4
0
4
6
1
-1
5
11
12
4
4
9
1
2
3
3
-3
-5
-3
-3
-5
-3
4
1
-1
1
3
2
4
7
7
4
3
6
19
13
12
8
10
3
5
10
-1
-1
-3
2
-9
-3
-6
-1
-6
-2
-8
-13
-6
-9
-2
-8
-1
-2
0
-1
4
-3
1
3
7
2
-3
4
-12
-4
-15
-12
-16
-16
-14
-12
-9
-16
-5
-11
-3
-1
3
2
4
7
8
7
7
10
7
10
10
8
7
10
4
9
3
10
7
7
13
6
5
4
7
-8
-6
-2
-3
-9
-6
-6
-6
-5
-3
0
-2
2
-4
-2
-7
-8
-10
-10
-4
-5
-13
-6
-3
-6
0
-8
2
-3
-3
3
1
4
4
2
0
6
5
6
9
7
9
9
6
10
9
10
9
2
9
3
0
-2
-1
-1
-6
0
-2
-1
-9
-3
-5
0
3
6
8
10
15
10
12
10
15
11
17
9
15
12
12
11
3
5
5
4
-4
3
1
0
0
0
0
3
-1
-1
-2
-8
-3
-4
-2
-8
-2
-3
-5
-1
-4
-1
-11
-12
-6
-6
-6
-5
-12
-12
-10
-8
-8
-10
-10
-10
-5
-4
6
1
2
6
8
9
6
5
3
1
2
0
-7
-5
-5
6
0
-1
-1
2
0
-1
7
1
-7
-4
-1
-10
-4
-3
2
1
1
4
6
3
4
2
3
0
0
1
-2
-1
-6
2
-5
-1
-3
0
-6
-5
-6
-6
-10
-6
-4
-6
0
-8
-4
-12
-8
-11
-2
-5
-3
0
-2
7
3
6
-2
-1
-6
6
-2
2
7
-1
-4
-3
3
0
6
6
13
7
16
17
14
16
17
18
16
18
13
15
14
14
7
13
6
6
4
7
7
1
8
1
5
0
6
3
1
-2
0
1
-12
-1
-2
-1
0
0
-4
-7
-3
0
-4
-4
-1
-6
0
-3
-5
-5
-1
-15
-6
-6
-9
-7
-6
-1
-6
2
4
-2
-9
0
-5
-6
-2
3
-4
-6
-9
-6
-11
-16
-3
-9
-5
0
2
-2
-3
-2
5
-7
-1
6
-4
7
2
10
1
-4
2
-8
5
-10
-4
-7
-14
-7
-9
4
-8
0
-2
-3
-6
-4
1
-4
-11
-2
-4
-1
5
7
6
3
9
-3
0
-3
5
1
4
10
12
12
12
13
16
17
13
19
11
14
9
16
13
14
18
23
23
17
23
13
11
13
12
7
11
6
6
7
2
9
3
0
3
11
6
11
6
8
8
9
12
7
15
12
9
10
9
7
10
4
5
2
0
-5
-4
-6
-9
-1
-7
-5
-9
-3
-1
-9
4
3
5
5
7
4
1
7
6
2
-3
2
-1
-6
-10
-7
-10
-13
-13
-18
-20
-17
-16
-16
-17
-15
-13
-12
-9
-2
-11
-14
-5
-16
-16
-16
-11
-22
-18
-15
-22
-17
-16
-17
-22
-23
-27
-29
-32
-26
-33
-26
-28
-22
-24
-20
-26
-22
-18
-18
-17
-22
-9
-20
-15
-20
-12
-19
-19
-19
-20
-20
-18
-17
-22
-23
-32
-28
-34
-26
-31
-22
-26
-22
-22
-19
-14
-16
-10
-8
-6
-10
5
-3
5
0
4
0
-1
3
-3
1
-10
-4
-9
-5
-9
-7
-2
-11
-3
0
-1
-4
0
1
-6
-12
-1
3
1
13
14
12
15
13
12
17
16
20
15
21
13
12
13
2
7
0
6
1
5
5
5
7
7
12
13
18
17
20
22
17
25
27
21
28
29
28
26
29
22
22
21
21
28
19
31
23
21
26
19
20
26
29
25
30
26
29
17
21
28
22
19
12
22
16
15
22
24
13
15
12
10
16
11
13
10
7
-1
7
4
6
12
16
10
9
12
13
5
6
8
0
5
-4
1
-6
-2
1
5
0
6
10
-3
6
3
3
-3
3
4
5
5
4
3
-9
-1
-5
-7
-3
0
-6
-4
-4
1
0
-5
7
-8
-7
-7
-4
-9
-9
-12
-9
-9
-11
-1
-6
-3
1
2
1
0
0
0
-2
-4
-8
-10
-12
-15
-11
-10
-7
-6
-6
-2
0
3
1
2
3
-4
-1
-1
-4
-2
0
-4
-2
-5
-6
-7
0
-1
-9
-1
-7
-3
-5
-3
-7
-13
-12
-7
-2
-3
4
-3
-3
0
-1
-7
-3
-5
1
-1
1
2
-10
-4
-7
-7
-15
-11
-10
-9
-10
-5
-11
-13
-12
-10
-4
-6
-2
-8
-3
-10
-3
-6
-2
-4
-2
7
0
0
-2
3
-9
2
0
3
0
0
0
-6
0
-2
6
-2
6
2
2
-3
-14
-10
-9
-6
-6
-4
-6
-7
-5
-3
-7
-6
-12
-8
-13
-11
-2
-7
-2
-7
-4
-5
-3
-9
-10
-12
-17
-10
-15
-10
-15
-14
-10
-9
-11
-9
-7
-3
0
2
4
3
4
-5
0
-5
-3
-3
6
3
-3
-3
-1
-3
-4
-1
-5
-4
-9
1
-9
-7
-2
2
2
2
6
0
5
-2
1
-6
-3
-1
-1
5
3
-4
-6
1
-3
6
2
9
9
3
12
9
12
14
19
20
29
22
30
26
24
25
22
23
19
18
16
12
4
11
3
9
7
8
10
11
12
13
15
3
9
8
8
13
15
9
15
19
19
16
17
16
11
9
4
12
3
5
1
-2
7
5
9
10
9
5
10
9
7
6
7
9
5
7
2
-1
1
5
6
6
3
5
7
3
2
6
-4
0
4
-3
0
-3
-6
-11
-12
-7
-6
-6
-4
-3
-1
1
2
5
1
-3
-3
-5
-7
-9
-15
-12
-13
-11
-10
-15
-15
-11
-21
-15
-13
-22
-14
-20
-15
-17
-8
-12
-13
-13
-12
-9
-14
-10
-9
-9
-16
-7
-12
-13
-15
-8
-18
-15
-13
-16
-20
-18
-14
-21
-9
-11
-4
-9
-2
1
6
11
7
-2
4
2
-4
3
-3
7
0
1
1
-1
-5
0
-3
-4
1
1
3
-6
3
-4
-5
-4
1
-1
-3
6
-3
1
0
8
0
12
8
7
14
6
17
6
12
3
6
8
4
2
3
2
0
0
1
10
1
8
7
7
5
4
0
-3
2
6
4
1
8
6
1
7
18
11
19
16
17
12
11
8
7
6
6
11
7
13
5
15
7
3
10
9
-2
2
6
0
-2
0
3
-2
2
6
10
0
7
5
6
9
2
11
3
6
3
-3
-2
2
3
5
-4
-12
-2
-12
-5
-13
-4
-7
-3
1
-3
0
-9
2
-9
-1
0
11
5
5
6
5
5
8
6
5
2
-4
2
-10
-4
-13
-14
-15
-13
-18
-14
-9
-15
-8
-11
0
-5
-2
0
-4
-6
-6
1
-6
0
3
3
2
8
10
3
9
10
6
-3
4
-3
1
-3
-6
-10
-4
-3
-4
5
7
11
3
15
10
17
21
19
15
18
16
12
10
8
12
5
-1
-1
-4
-14
-11
-12
-7
-9
-4
-3
-3
-6
-1
-2
3
7
0
9
8
6
7
8
4
4
9
7
6
9
0
6
0
1
-4
-10
0
-11
-11
-13
-12
-12
-13
-10
-9
-12
-7
-10
-10
-4
-13
-7
-9
-9
-12
-3
-8
-7
-3
-12
-9
-9
-9
-13
-7
-8
-12
-15
-13
-21
-12
-15
-13
-8
-7
0
-6
0
-2
6
1
6
4
6
0
2
3
-2
9
2
6
1
9
0
2
4
3
5
-3
2
-7
5
-7
3
1
9
4
10
12
-2
15
13
18
7
17
4
14
4
10
7
-3
7
0
0
-8
6
-6
8
-2
-3
-1
-3
0
-9
6
-7
3
0
7
3
3
4
-1
10
4
3
0
4
3
2
4
-2
-4
-3
-3
-1
3
-2
3
3
4
9
11
5
5
4
1
9
1
3
-7
-3
-6
-7
-8
-10
-4
-12
-6
-15
-8
-13
-13
-11
-12
-7
-6
-5
-6
0
-1
-1
0
-4
6
8
7
8
3
-1
-3
0
-8
-3
-7
-1
-7
2
3
-6
1
-1
-1
-6
3
-6
-1
-6
-6
-2
0
5
-3
8
-2
1
-3
-6
-10
-15
-10
-13
-8
-10
-9
-13
-13
-20
-12
-17
-11
-10
-7
-2
-8
4
-10
-3
-10
1
3
4
0
-10
-6
-15
-4
-16
-11
-23
-19
-28
-25
-22
-26
-15
-23
-21
-28
-25
-28
-16
-20
-9
-9
-9
-3
-6
6
-4
5
-2
-4
-5
-2
0
-6
1
-4
0
0
6
2
2
0
-2
4
1
6
-2
7
-3
3
10
8
18
12
18
15
19
15
25
18
14
17
16
12
19
28
17
22
14
26
17
27
18
16
14
11
22
20
28
20
31
14
26
20
20
23
25
25
16
20
12
19
5
11
11
12
5
1
1
-7
0
-10
1
-7
-4
-2
-4
-2
-4
3
4
3
5
9
6
14
9
13
0
-3
2
6
11
24
25
13
11
7
3
-3
6
7
13
10
25
18
22
18
8
15
7
16
0
6
1
5
6
8
10
0
2
-11
-6
0
4
1
3
-3
0
0
0
3
7
15
14
23
10
26
23
17
16
20
15
5
19
13
22
19
21
7
4
-8
-15
-5
-13
0
-6
4
-9
-19
-29
-29
-25
-22
-4
-21
-24
-49
-39
-40
-47
-50
-53
-60
-63
-43
-50
-44
-66
-89
-107
-78
-37
-31
-19
-42
-48
-29
20
53
31
-31
-77
-69
38
191
269
264
125
-19
-81
-22
152
284
310
222
95
3
56
134
187
155
27
-75
-120
-29
44
89
49
-52
-149
-157
-143
-131
-98
-161
-165
-184
-117
-102
-97
-131
-172
-179
-167
-99
-109
-106
-133
-80
-57
54
61
13
-35
-114
-101
-51
91
114
146
91
42
-7
14
31
22
67
46
78
51
84
30
11
-4
14
19
47
56
-30
11
-10
65
99
144
94
40
0
-11
66
115
205
165
140
63
91
60
86
162
108
92
76
58
-27
107
79
61
88
16
-97
-148
-53
-143
-7
32
-23
-120
-118
-212
-242
-89
-137
-111
-187
-160
-311
-215
-178
-171
-108
-151
-160
-262
-211
-272
-186
-226
-159
-187
-186
-148
-90
6
-17
35
-119
-278
-421
-339
-280
56
365
390
327
115
-249
-525
-409
-278
34
447
692
568
479
230
-176
-152
-60
127
409
734
712
665
696
511
494
460
449
313
418
516
673
921
990
892
593
321
18
21
70
326
465
490
376
105
-178
-489
-537
-649
-537
-449
-449
-554
-657
-833
-996
-993
-1017
-1059
-1101
-1041
-1104
-933
-759
-632
-584
-563
-665
-774
-659
-554
-283
-31
233
299
313
276
131
70
136
243
389
543
547
474
307
220
131
119
121
53
-62
-162
-199
-239
-110
-67
-80
-130
-190
-242
-282
-79
11
207
418
517
548
573
651
640
939
1157
1373
1526
1510
1394
1268
1327
1293
1462
1481
1383
1315
1155
1079
883
619
97
-438
-704
-891
-651
-427
-495
-857
-1552
-2357
-2957
-2915
-2667
-2166
-1612
-1548
-1681
-1990
-2287
-2338
-2080
-1447
-965
-331
52
83
263
382
696
1062
1490
1652
1727
1759
1741
1960
2259
2500
2487
2261
1809
1292
991
901
942
1115
1056
764
246
-373
-926
-1276
-1316
-1242
-1122
-1219
-1428
-1717
-2015
-2164
-2162
-2089
-2030
-1970
-1944
-1887
-1635
-1344
-1155
-924
-841
-972
-931
-756
-449
-23
585
832
921
1045
652
738
802
1218
1500
1882
2201
1900
1990
1624
1623
1687
2001
2155
2219
2356
1975
1893
1714
1694
1622
1603
1516
1221
1204
979
829
662
255
-306
-966
-1109
-1389
-1215
-1033
-1392
-1637
-2379
-2905
-3366
-3154
-2722
-2546
-1891
-2030
-2115
-2238
-2332
-1927
-1571
-640
-311
144
496
363
684
911
1468
1856
2138
2228
2073
2008
1949
2071
2253
2353
2177
1764
1199
717
266
69
52
-48
-224
-733
-1247
-1900
-2346
-2510
-2604
-2372
-2406
-2532
-2758
-2971
-3005
-2919
-2636
-2427
-2194
-2114
-1988
-1720
-1261
-791
-329
74
185
200
342
575
973
1649
2094
2443
2434
2410
2087
2058
2394
2518
3031
3145
3151
2733
2530
2245
2088
2399
2468
2663
2558
2417
1944
1719
1523
1377
1482
1403
1410
1150
855
447
-45
-526
-1144
-1175
-1322
-1533
-1278
-1959
-2319
-2876
-3623
-3682
-3814
-2995
-3260
-2732
-2704
-3366
-2762
-3321
-2257
-2049
-1111
-579
-668
312
-287
431
721
1255
1845
2050
2266
2174
2221
2236
2306
2555
2614
2300
2103
1468
1229
804
636
469
157
-154
-855
-1278
-1760
-2126
-2313
-2387
-2362
-2480
-2785
-3028
-3205
-3220
-3019
-2705
-2370
-1952
-1806
-1729
-1520
-1319
-849
-510
43
445
640
975
1040
1427
1543
1787
1878
1723
1999
1869
2129
2382
2618
2504
2261
2032
1499
1565
1692
1925
2192
2378
2082
1691
1500
1305
1378
1734
2042
2094
2100
1764
1389
1277
1221
1249
1357
1241
849
178
-575
-916
-882
-964
-793
-1170
-1882
-2502
-3473
-3776
-3765
-3059
-2964
-2731
-2809
-3718
-3568
-4115
-3161
-2425
-1540
-619
-1069
-377
-1051
-795
-135
310
1468
1835
2098
2001
1924
1938
2001
2490
2761
2703
2576
1919
1523
1059
885
921
720
617
-50
-769
-1303
-1782
-1953
-1827
-1783
-1905
-2365
-2878
-3251
-3373
-3036
-2592
-2181
-1702
-1711
-1878
-1762
-1698
-1213
-676
-59
298
468
595
449
767
998
1230
1500
1605
1750
1635
1740
1789
1709
1867
1592
1493
1505
1435
1638
1641
1860
1699
1650
1604
1354
1767
1711
2066
2284
2214
2218
1969
2015
1879
2206
2353
2440
2407
2118
1662
1133
773
144
-27
-19
-255
-640
-994
-1942
-2560
-3114
-3673
-3655
-3541
-3416
-3967
-3808
-4500
-4488
-4286
-4238
-3049
-2952
-1952
-2122
-1773
-1254
-1413
-456
-234
634
1202
1485
1938
2138
2497
2730
2883
3076
2940
2697
2422
2185
2137
1897
1818
1481
971
472
-234
-660
-969
-1263
-1550
-1798
-2123
-2704
-3143
-3443
-3464
-3385
-3166
-2983
-2828
-2598
-2661
-2542
-2303
-1909
-1531
-1168
-646
-285
-16
261
504
895
1323
1607
1939
2063
2192
2164
2015
2240
2329
2604
2631
2692
2698
2145
2429
2081
2313
2570
2381
2519
2052
2302
1645
2086
2234
2146
2604
2130
2339
1940
2002
1732
1925
1953
1612
1569
897
743
16
-542
-918
-953
-1187
-1612
-1857
-2746
-3213
-3964
-4431
-4560
-4198
-4283
-4630
-4250
-4976
-4474
-4456
-3906
-2965
-2610
-1745
-2097
-1239
-1303
-872
61
459
1469
1890
2225
2519
2841
2900
3205
3403
3471
3296
3003
2748
2505
2318
2145
1863
1540
929
304
-249
-688
-884
-1487
-1697
-2137
-2680
-3152
-3499
-3484
-3430
-3202
-3146
-3185
-3026
-3027
-2962
-2573
-2260
-1748
-1349
-905
-509
-173
244
624
938
1327
1745
1868
2253
2346
2369
2591
2515
2618
2598
2846
2809
2671
2848
2149
2377
2101
1778
2188
1817
2118
1731
1863
1580
1292
1725
1174
1658
1585
1491
1550
1470
1483
1319
1539
1198
1231
934
702
387
-187
-621
-1050
-886
-1472
-1383
-1951
-2633
-2771
-3873
-3826
-4332
-3731
-4038
-4224
-3625
-4805
-3597
-4038
-3165
-2264
-2169
-1160
-1798
-844
-1039
-480
258
754
1667
1951
2296
2416
2698
2728
3055
3133
3113
2948
2499
2236
1947
1681
1639
1208
1129
505
-86
-486
-1136
-1269
-1853
-2035
-2355
-2825
-3066
-3380
-3359
-3104
-3140
-2860
-2930
-2949
-2801
-2776
-2284
-1994
-1382
-1036
-631
-176
59
345
768
1244
1581
1938
2266
2372
2456
2774
2729
2780
3045
2989
2957
3076
3173
2628
2738
2721
2008
2443
2095
2072
1887
2129
1766
1337
1921
895
1370
1336
1290
1156
1365
1303
724
1403
678
889
860
619
415
75
-158
-1273
-1245
-1415
-1712
-1521
-2029
-2546
-3027
-3625
-4066
-4411
-4034
-3959
-4351
-3761
-4404
-4112
-3650
-3661
-2216
-2319
-1329
-1559
-1451
-628
-837
345
546
1447
1929
2024
2439
2492
2716
3003
3085
2960
2819
2406
2023
1842
1633
1512
1186
888
566
-245
-453
-1083
-1276
-1634
-2108
-2211
-2846
-2879
-3126
-3105
-2707
-2628
-2532
-2593
-2634
-2444
-2412
-1974
-1574
-1136
-613
-361
46
499
866
1255
1676
1858
2223
2265
2479
2666
2718
2993
2948
2940
2997
2880
2886
2845
2770
2445
1997
2087
1462
1583
1656
1300
1459
1225
1056
682
815
679
515
877
751
561
810
660
579
901
858
904
918
905
698
392
183
-517
-847
-685
-952
-1066
-1255
-1785
-2223
-2659
-3204
-3590
-3564
-3230
-3787
-3515
-3686
-4071
-3220
-3507
-2336
-2226
-1664
-1417
-1783
-838
-1255
-392
-53
515
1142
1317
1636
1779
2051
2158
2419
2171
2150
1802
1366
1376
1138
1052
918
690
557
-108
-309
-801
-1055
-1057
-1582
-1638
-2003
-2110
-2300
-2312
-2001
-1930
-1747
-1744
-1741
-1572
-1541
-1349
-1117
-815
-422
-170
150
577
793
1120
1468
1416
1749
1792
1869
2089
2211
2091
2151
2222
2188
2261
2283
2397
1949
2155
1540
1466
1596
1259
1619
1305
1411
1071
1158
1058
1049
1404
1136
1338
1209
1115
1065
1253
1348
1337
1650
1481
1396
1421
1099
905
689
118
-431
-625
-788
-1254
-1306
-1849
-2384
-2680
-3495
-3742
-4124
-3688
-4258
-4110
-4065
-4740
-3732
-4273
-3168
-2870
-2458
-1880
-2281
-1219
-1554
-807
-264
108
896
1051
1460
1677
2083
2335
2572
2604
2542
2358
1866
1981
1738
1567
1612
1203
1091
568
236
-179
-455
-440
-957
-1158
-1400
-1775
-1939
-2063
-1987
-1928
-1876
-1829
-1884
-1780
-1708
-1593
-1433
-1059
-915
-685
-464
-129
175
294
822
798
1229
1362
1476
1625
1634
1771
1566
1880
1881
2102
2043
2247
2173
1805
2032
1455
1731
1720
1616
1708
1345
1614
1099
1372
1508
1282
1663
1413
1437
1316
1406
1308
1430
1673
1467
1564
1460
1433
1334
1269
1059
504
41
-684
-850
-1036
-1382
-1362
-2262
-2363
-3201
-3875
-4021
-4488
-3640
-4538
-3932
-4250
-4836
-3776
-4413
-3170
-2889
-2348
-1991
-2144
-1163
-1406
-623
-43
336
978
1232
1434
1699
2259
2407
2746
2800
2647
2464
1953
2032
1791
1722
1778
1234
1142
582
90
-141
-475
-393
-897
-1084
-1305
-1813
-1910
-2228
-2135
-2123
-2096
-2185
-2304
-2124
-2010
-1759
-1696
-1230
-1100
-1071
-666
-594
-223
154
527
767
1013
1491
1335
1633
2024
1934
2156
2416
2376
2375
2746
2596
2569
2677
2542
2212
2410
2526
2128
2449
2231
2018
1963
1934
1602
1521
1805
1461
1546
1579
1480
1340
1393
1347
1232
1269
1171
1137
1298
1256
401
-719
-1649
-2241
-2816
-2572
-2529
-2532
-2134
-3214
-4238
-5708
-6189
-6649
-6783
-5110
-5203
-3707
-3113
-2949
-2340
-2547
-1733
-1841
-375
564
1166
1934
2122
2402
2465
3032
3414
4104
4484
4735
4178
3433
2699
1425
1054
771
423
107
-108
-821
-1642
-1999
-2847
-3189
-3435
-3701
-4368
-4497
-4660
-5136
-4530
-4113
-3255
-2612
-1789
-1473
-1253
-546
-194
360
1211
2073
2442
3410
3897
4101
4495
4608
4440
4171
4181
3419
2973
2777
2004
1674
1503
1084
673
574
194
-202
-269
-491
-628
-539
-276
-268
164
624
958
1607
2003
2486
2819
3029
3106
3214
3388
3388
3660
3815
3905
3939
3532
2748
1485
-81
-1635
-2483
-2988
-3695
-4221
-5074
-5823
-6664
-7676
-8249
-8203
-7585
-7463
-7040
-6538
-5862
-4677
-3120
-1293
218
1630
2081
2940
3863
4383
4967
5290
5996
5945
5707
5182
4521
4565
4060
3613
2636
1183
-289
-2093
-3152
-4211
-5164
-5805
-5997
-6247
-6693
-6636
-6796
-6460
-5854
-5402
-4949
-4063
-3176
-2499
-778
545
1504
2656
3576
4428
5161
5742
5639
5985
6122
5691
5200
4751
4110
3273
2981
1810
968
-29
-897
-1413
-2093
-2419
-3273
-3113
-3089
-3034
-2603
-2126
-1389
-671
90
490
1348
2045
2830
3562
4252
4669
4831
5512
5578
5920
6012
5835
5872
5400
4867
4006
3661
3095
2406
1825
679
-294
-1658
-3218
-4717
-5245
-5844
-6617
-6910
-7598
-7725
-8316
-8484
-8608
-7958
-6259
-6295
-4981
-4186
-3024
-1031
-164
2146
2748
4618
5301
5184
6639
5605
6456
6119
5990
5745
4070
4052
2410
2236
1280
-365
-873
-2762
-3585
-5280
-6417
-6977
-7878
-7318
-7714
-7619
-7538
-7266
-5757
-5014
-3945
-3184
-2121
-490
102
1173
2075
3415
4898
5077
5859
6003
6326
6669
6030
5922
4886
4321
3234
2136
1579
175
29
-975
-1453
-2209
-2833
-2808
-3461
-2822
-3409
-2725
-2594
-2450
-1308
-1045
581
790
2080
2846
3386
4319
4074
5196
5338
5758
5802
5728
6166
5911
5867
5519
5176
4875
4064
3283
2610
1525
882
-302
-1667
-3262
-5269
-5724
-6557
-7194
-7450
-8201
-7580
-7943
-8705
-8410
-7936
-6076
-5892
-5518
-3808
-3275
-722
12
1682
3967
4413
6093
5462
6550
6616
6055
6694
5632
5406
3981
3123
2341
1310
953
-681
-1291
-2636
-4032
-4994
-6249
-6781
-7888
-7517
-7957
-8246
-7800
-7418
-5657
-4889
-3976
-2770
-1518
-166
268
1029
2423
3633
4472
4610
5050
5717
5847
6071
5640
5412
5283
4235
3388
2159
1501
804
-138
-864
-1906
-1905
-2298
-2641
-2612
-2517
-2027
-2017
-1804
-1291
-605
382
631
1533
2457
3040
3862
3988
5168
5465
5979
5999
5802
6352
5692
5764
5134
5123
4637
3972
3513
2525
2462
1256
779
-379
-1606
-3024
-5057
-5236
-6735
-7220
-7705
-8583
-7703
-8175
-8398
-7779
-7250
-5589
-5696
-5045
-3375
-3175
-295
-102
1684
4033
4033
6214
5670
7016
7104
6365
7073
5310
5158
3916
2443
2164
680
-31
-1117
-2178
-2952
-4005
-5037
-6084
-7207
-7774
-8053
-8833
-8614
-8833
-7677
-6699
-6442
-4764
-3636
-1810
-677
-133
1330
2367
3623
3984
4135
5437
5289
5622
5733
5151
5647
5203
4677
3910
3125
2608
1105
478
-462
-1714
-1414
-2464
-2869
-2580
-2889
-2433
-2427
-1374
-1016
-379
737
378
1880
2368
2595
3556
3972
4902
4821
5644
5675
5913
6507
5888
5855
5589
5257
4392
3892
3060
2498
1873
992
525
-497
-726
-2605
-3988
-4559
-5653
-6085
-7347
-7206
-7638
-7313
-7481
-7938
-6445
-5666
-4658
-4650
-2843
-2484
-1185
269
465
2901
3198
4720
4865
5748
6404
5485
6537
5292
5158
4436
2949
2254
849
400
-1235
-1825
-2578
-3539
-4102
-5515
-6387
-6989
-7023
-7960
-8127
-7871
-7480
-7075
-6389
-5569
-4093
-2376
-1923
-508
632
1987
2542
3596
4329
4352
5428
4827
5182
5339
5100
4909
4505
4388
3076
2919
2084
1016
507
-283
-1002
-1616
-1673
-2446
-2172
-2147
-2031
-1341
-981
-324
-151
1033
1490
1913
2783
3092
3902
4214
4375
4700
5190
5493
5664
5609
5776
5581
5332
4942
4103
4035
3157
2711
1774
877
504
-1078
-2198
-4159
-4608
-5379
-7159
-7150
-8661
-8082
-8645
-9605
-8391
-8576
-6297
-6730
-5590
-3287
-3555
-738
-785
1313
3279
3409
5429
4941
6805
6950
6545
7456
6524
6704
5617
4037
3233
1897
930
-289
-2021
-2554
-3913
-4991
-5997
-7351
-7084
-8050
-8533
-8713
-8886
-8012
-7971
-7231
-6111
-4921
-3530
-2629
-1083
587
1647
3096
3927
4449
5502
5294
5775
5868
5706
5716
4894
4943
3622
3438
2899
1749
1756
438
72
-823
-1404
-1653
-2106
-1851
-2467
-1855
-1571
-1401
-461
-5
1147
1958
2565
3096
3792
4391
4679
5175
5514
5608
5879
5882
5637
5987
5881
5576
5266
4822
3938
3482
2630
1587
992
-165
-1759
-3929
-4698
-5767
-7094
-7523
-8526
-8799
-8710
-9805
-9706
-8926
-7792
-6830
-6862
-4449
-4207
-2505
-653
-339
2992
3322
5021
5500
6039
7541
6548
7936
7119
6708
6519
4541
3830
2533
1699
545
-1025
-1999
-3284
-4428
-5381
-6775
-7120
-7389
-8497
-8978
-9360
-8654
-8428
-8016
-6893
-6211
-4351
-3557
-2412
-401
1028
2681
3095
4397
4930
5251
6190
5381
6171
5777
5264
4929
4059
4142
3090
2892
1871
964
707
-487
-1120
-1353
-1927
-2134
-2559
-2951
-2348
-2057
-1245
-768
444
1568
1953
3238
3602
4621
5545
5464
5951
5875
6100
5957
5871
6146
5666
6105
5309
4744
4655
3925
3653
2507
1787
769
-511
-2192
-4432
-5006
-5773
-7513
-7941
-8903
-9123
-8802
-10149
-9284
-9017
-7192
-6943
-7047
-3867
-4523
-1511
-918
213
3073
2944
5408
4641
6801
7374
6718
8111
6644
6990
6119
4609
3876
2556
1951
244
-1305
-2017
-3524
-4113
-5457
-6908
-6976
-7694
-8399
-9026
-8874
-8264
-7990
-7312
-6805
-5373
-3713
-2725
-1423
356
1798
2947
3946
4494
5421
6013
6111
5869
5995
5685
5091
4578
3796
3165
2598
1763
473
453
-416
-1147
-1499
-2281
-2127
-2786
-2620
-2991
-2389
-1340
-1850
-257
159
1347
2478
3029
4230
4628
6143
5649
6236
6560
6319
6690
6096
6042
5622
5856
4940
4535
4475
3783
3397
2370
1605
553
-874
-3121
-4670
-5183
-7149
-8067
-8922
-9677
-9406
-10470
-10201
-9820
-8055
-7101
-7405
-4649
-4436
-2611
-1025
-471
2309
2661
4607
4583
5499
7276
6419
7826
7137
6825
6777
5147
4573
2951
2342
1176
-1085
-1739
-3434
-4153
-5073
-6685
-6966
-7584
-7762
-8760
-8720
-7973
-7982
-7146
-6953
-5793
-4264
-2999
-1822
-576
1573
2357
3580
4480
5157
6269
6324
6386
6029
6087
5538
4624
4160
3227
2538
1772
577
-42
-449
-1106
-1750
-2228
-2377
-2744
-2727
-2734
-2603
-1752
-1401
-885
-46
955
1972
2863
3949
4431
5590
6220
6172
6750
6765
6982
6837
6461
6364
5835
5750
4949
4322
4294
3273
2860
1921
883
-142
-2403
-3854
-4770
-6531
-7562
-8623
-9547
-9457
-10518
-10383
-10159
-9088
-7217
-7954
-5268
-4444
-3397
-671
-930
2402
2447
4212
5264
4740
7514
6171
7478
7356
6487
7006
5098
5051
3441
2292
1767
-881
-1547
-3168
-4409
-5069
-6884
-7319
-8177
-8257
-8794
-9209
-8204
-8192
-7470
-6892
-6159
-4595
-3387
-1951
-975
835
2261
3026
4394
5082
5959
6504
6499
6451
6195
6124
5331
4452
3923
2774
1991
842
-109
-747
-1291
-2063
-2826
-2768
-3221
-3091
-3324
-2914
-2441
-1925
-1042
-885
888
1559
2563
3667
4217
5514
5811
6723
6586
7113
7319
6846
6869
6236
6355
5575
5277
4469
3927
3819
2721
2240
1349
522
-1000
-2968
-4206
-5253
-6549
-7845
-8686
-9400
-9423
-10369
-10412
-9447
-8676
-6843
-7303
-4942
-3585
-2499
98
-21
3144
3453
4987
5859
5475
7937
6791
7685
7272
6371
6776
4892
4711
2981
1931
1228
-1361
-1958
-3675
-4653
-5709
-7323
-7738
-8693
-8616
-9188
-9276
-8282
-8159
-7329
-6744
-5585
-4060
-2856
-1392
-494
1565
2724
3578
4741
5334
6353
6460
6585
6383
6273
6246
5198
4489
3700
2828
2082
743
-184
-919
-1574
-2382
-3148
-3337
-3621
-3469
-3815
-3608
-2803
-2117
-1398
-706
780
1594
2847
3733
4548
5844
6496
6925
7026
7580
7353
7191
6790
6345
6043
5440
4746
3761
3756
3078
2400
1712
792
316
-1151
-2678
-4623
-5281
-6045
-8088
-8589
-9591
-9598
-9821
-10594
-9756
-9056
-7051
-6662
-6012
-3168
-2648
-324
601
1923
4209
4308
6201
5571
7066
7751
6732
7595
6393
6622
5489
4241
3622
1912
1617
-431
-2063
-2777
-4180
-5130
-6829
-7732
-8218
-8642
-8827
-9508
-8948
-7826
-7597
-6755
-5864
-4343
-2675
-1644
-256
795
2779
3770
4278
5427
5785
6568
6445
6338
6159
5761
5627
4179
3607
2839
1826
903
-195
-769
-1724
-2033
-2903
-3183
-3006
-3101
-3200
-2918
-1913
-1691
-628
-14
986
2204
2947
3856
4274
5670
6075
6410
6790
6877
7140
6927
6649
5995
5937
5498
4662
3939
3575
3093
2368
1670
538
9
-1182
-2949
-4642
-5431
-6324
-8215
-8564
-9667
-9763
-9764
-10577
-9489
-9144
-6808
-6796
-5746
-2879
-2882
14
317
2327
3976
4328
6404
5311
7548
7620
6986
7787
6505
6964
5386
4401
3568
1699
1581
-704
-2187
-2944
-4445
-5120
-6898
-7573
-8052
-8482
-8471
-9388
-8649
-7911
-7489
-6735
-5996
-4355
-3087
-1739
-738
692
2362
3329
4200
4961
5872
6181
6460
6308
6114
5907
5208
4400
3436
2895
1800
713
-15
-939
-1354
-2062
-2538
-2806
-2709
-2611
-3031
-2349
-1728
-1078
-428
242
1106
2174
3104
3570
4458
5426
6146
6290
6720
6798
7020
6978
6432
6133
5752
5535
4440
3991
3431
2921
2384
1144
809
-320
-1240
-3150
-4696
-4901
-6608
-7724
-8772
-9450
-9470
-10189
-10433
-9807
-8798
-7072
-7287
-5574
-3268
-2645
84
344
2786
4072
4909
6457
5544
7940
7452
7294
7563
6332
6783
5105
4453
3178
1564
1442
-965
-2058
-3103
-4436
-5194
-6936
-7300
-8266
-8518
-8711
-9527
-8630
-8369
-7738
-7073
-6036
-4407
-3472
-1662
-752
950
2722
3329
4579
5109
6169
6242
6326
6327
5573
5732
4641
3744
2921
2232
1379
233
-298
-1270
-1400
-1932
-2420
-2692
-2651
-2409
-2786
-2031
-1699
-892
-253
205
1253
1971
3221
3662
4515
5419
6028
6493
6507
6967
6993
6970
6521
6164
6007
5321
4865
3960
3490
3157
2004
1364
434
-358
-1880
-3907
-4383
-5784
-7024
-7861
-9314
-9349
-9914
-10508
-10143
-9880
-7735
-7673
-6627
-4080
-3722
-748
32
2060
3771
4390
6652
5689
7568
7764
7277
7949
6620
6871
5463
4806
3817
2019
1859
-119
-1448
-2555
-3757
-4645
-6169
-6898
-7802
-8365
-8639
-9352
-9189
-8564
-8120
-7562
-6667
-5255
-3942
-2485
-988
373
2057
3504
4264
5196
5911
6533
6567
6415
6263
5468
5304
4198
3442
2499
1679
880
-398
-669
-1528
-1843
-2307
-2693
-2970
-3096
-2808
-2813
-2314
-1525
-982
-367
633
1523
2602
3685
4552
5195
6086
6818
6839
7136
7458
7162
6919
6426
5919
5466
4920
4372
3445
3190
2575
1556
1035
194
-1112
-2675
-4124
-4976
-6404
-7812
-8426
-9828
-9796
-10490
-11140
-9896
-9564
-7491
-7593
-5746
-3371
-2927
377
562
3232
4420
5192
6701
5829
8195
7398
7553
7463
6354
6671
4829
4520
3048
1953
1532
-899
-1750
-3153
-4119
-5108
-6830
-7212
-8437
-8560
-9110
-9782
-8845
-8638
-7821
-7333
-6327
-4623
-3482
-1588
-568
1194
2945
3569
4889
5382
6348
6620
6435
6466
5657
5709
4611
3687
3235
2110
1449
338
-256
-851
-1331
-1653
-2472
-2426
-2422
-2676
-2392
-2078
-1495
-1004
-394
416
1114
2467
3224
3950
4908
5567
6365
6601
7062
7137
7175
7156
6391
6262
5840
5357
4689
3828
3634
2639
2093
1168
187
-503
-2863
-3867
-4998
-6273
-7492
-8916
-9337
-10305
-10643
-11143
-10697
-9464
-8294
-7820
-6194
-4132
-2920
-495
799
3017
4110
5470
6525
6439
8023
7801
7899
7538
6853
6379
5112
4572
3037
2095
1292
-689
-2001
-3146
-4019
-5386
-6677
-7352
-8406
-8830
-9233
-9777
-9174
-8694
-8160
-7560
-6515
-4834
-3731
-1773
-551
863
2730
3692
4831
5330
6495
6683
6425
6486
5582
5486
4480
3613
2671
1651
1283
-30
-395
-896
-1396
-1627
-2085
-2177
-2324
-2039
-1704
-1758
-1076
-560
-123
782
1313
2653
3174
4263
4859
5466
6727
6577
7340
7247
7477
7250
6757
6666
5854
5619
4883
4106
3363
2666
1885
1005
-241
-1963
-3328
-4172
-5710
-7274
-8154
-9272
-9729
-11022
-11236
-11053
-10242
-8836
-9121
-6786
-5401
-3639
-1638
-166
2635
3450
5398
6050
6861
8207
7964
8298
7741
7702
6738
5576
5039
3505
2930
1494
-72
-1304
-2600
-3134
-4901
-6006
-6833
-7836
-8307
-9423
-9618
-9437
-9206
-8692
-8657
-7273
-5902
-4497
-2852
-1565
575
1728
3399
4439
5229
6517
6421
6788
6076
5921
5478
4166
3794
2395
1845
801
-51
-453
-1086
-912
-1872
-1762
-1774
-1902
-1662
-1748
-1063
-1080
-352
-10
172
1477
2081
2934
3623
4523
5527
6065
6908
7134
7542
7957
7784
7277
7053
6642
5910
5237
4319
3626
2487
1993
639
-941
-2307
-3544
-4448
-6478
-7008
-8605
-9205
-9862
-11408
-10727
-11204
-9583
-9800
-8916
-6358
-6131
-3115
-2090
535
2537
3579
5848
5814
7908
8183
8177
8332
7576
7617
6028
5441
4244
3042
2582
643
-458
-1674
-2360
-3268
-4994
-5501
-6644
-7391
-8061
-9006
-9023
-9159
-8858
-8836
-8223
-6958
-5806
-4252
-2722
-992
413
2305
3568
4680
5963
6485
6794
6600
6550
5888
5116
4351
3241
2169
1390
193
-603
-877
-1569
-1795
-2340
-2006
-2399
-2198
-1637
-2126
-1017
-1124
-295
51
733
2002
2027
3852
3909
5181
6065
6560
7514
7413
8401
7666
8057
7669
7070
6729
5710
5370
4134
3643
2435
1768
608
-1142
-2599
-3593
-4677
-6585
-7097
-8859
-9136
-10344
-11262
-10705
-11046
-9153
-10003
-8155
-6420
-5615
-2568
-1806
1297
2392
4147
5838
6002
8038
7857
8382
7957
7455
6987
5586
5385
3635
2911
1884
361
-610
-2092
-2318
-3799
-4866
-5581
-6984
-7339
-8349
-8922
-9061
-9275
-8842
-8899
-8042
-6794
-5598
-3799
-2520
-709
909
2472
3914
4747
5920
6297
6480
6242
5750
5421
4328
3611
2410
1427
707
-366
-853
-1573
-1777
-2188
-2281
-2282
-2356
-1925
-1929
-1532
-1385
-704
-137
280
1142
1769
2758
3408
4304
5269
6177
6901
7440
7789
8065
8301
7858
7906
7300
6679
6014
5042
4479
3192
2767
1641
84
-1428
-2865
-3558
-5304
-6316
-7612
-8604
-9182
-10727
-10765
-10857
-9915
-9355
-9573
-7240
-6456
-4353
-2469
-931
1815
2670
4939
5409
6658
8122
7928
8335
7603
7506
6591
5738
4891
3472
2918
1483
174
-1054
-1946
-2492
-4052
-4831
-5902
-6888
-7290
-8301
-8707
-8981
-8927
-8750
-8664
-7703
-6517
-5176
-3534
-2246
-636
1338
2668
4019
5064
5978
6370
6218
6161
5553
5068
4076
3130
2019
1221
368
-627
-907
-1539
-1735
-2179
-2057
-2158
-2185
-1715
-1829
-1595
-1186
-620
-351
360
1111
1707
2543
3429
4246
5153
6288
6816
7460
7998
8226
8276
8198
8064
7334
6873
6051
5170
4169
3253
2404
788
-576
-2412
-3036
-4548
-6055
-6708
-8452
-8384
-10238
-10677
-10463
-10742
-9009
-10202
-8158
-6872
-5858
-3037
-2449
783
1834
3757
5264
5668
7837
7797
8303
7869
7601
7083
6035
5460
3873
3294
2019
666
-483
-1709
-2046
-3441
-4384
-5285
-6422
-6642
-7613
-8185
-8317
-8670
-8336
-8357
-7864
-6706
-5729
-4010
-2987
-1537
468
1689
3463
4366
5475
6203
6336
6353
5529
5519
4490
3529
2402
1483
663
-409
-767
-1829
-1720
-2062
-2206
-2359
-2206
-1723
-2003
-1446
-1487
-875
-393
12
530
1167
2261
2789
3582
4559
5578
6364
7179
7553
8024
8457
8428
8249
7739
7541
6681
5928
5000
3888
3104
1691
20
-1860
-2517
-3943
-5553
-6433
-7944
-8191
-9628
-10332
-10376
-10500
-8961
-9932
-8643
-7073
-6197
-3594
-2892
-81
1329
3056
4962
5216
7266
7827
8233
7995
7606
7258
6329
5608
4181
3176
2089
976
-489
-1683
-2020
-3263
-4261
-5145
-6168
-6643
-7424
-7844
-8421
-8633
-8264
-8609
-7983
-7195
-6098
-4744
-3551
-2019
-747
1408
2557
3694
4895
5626
6189
5783
5897
5110
4507
3758
2284
1520
590
-257
-1141
-1750
-2098
-2444
-2435
-2534
-2579
-2173
-1854
-1905
-1525
-1068
-621
-116
259
981
1709
2608
3208
4112
5170
6010
6802
7347
7913
8289
8617
8319
8215
7800
7323
6587
5484
4721
3630
2738
737
-1073
-1985
-3204
-4808
-6056
-7266
-8075
-8856
-10198
-10148
-10453
-9163
-9277
-9235
-6945
-6533
-4027
-2835
-891
1360
2505
4883
5215
6869
8149
8276
8348
7992
7753
6965
6151
4760
3696
2672
1481
93
-1347
-1772
-2771
-4014
-4900
-6001
-6351
-7077
-7858
-8171
-8679
-8217
-8383
-8232
-7262
-6305
-4796
-3881
-2335
-781
891
2553
3411
4674
5414
5945
5899
5516
5404
4446
3711
2607
1499
870
-234
-726
-1573
-1829
-1905
-2349
-2079
-2295
-1886
-1815
-1747
-1517
-1387
-744
-676
-277
205
1045
1730
2451
3325
4197
5317
6066
6917
7387
8089
8385
8285
8175
7805
7335
6654
5781
4640
3867
2650
1138
-867
-1834
-2748
-4651
-5422
-7015
-7611
-8453
-9830
-9838
-10345
-9094
-9296
-9378
-7315
-6761
-4624
-3292
-1454
796
2014
4313
5001
6535
7927
8179
8285
7985
7798
7027
6240
4986
3748
2725
1587
227
-1156
-1694
-2556
-3696
-4607
-5512
-6050
-6593
-7321
-7894
-8195
-8139
-8082
-8054
-7332
-6421
-5198
-3967
-2841
-1143
533
2088
3249
4301
5319
5728
5966
5735
5269
4724
3774
2766
1669
871
-118
-850
-1339
-1986
-2044
-2105
-2020
-2082
-1860
-1517
-1703
-1238
-1198
-838
-485
-326
125
508
1597
1836
2871
3734
4536
5597
6194
7242
7376
8315
8219
8030
8050
7241
7031
5892
5174
4079
3083
1790
-424
-1431
-2391
-3885
-5164
-6294
-7311
-7836
-9235
-9598
-9804
-9209
-8540
-9450
-7477
-6637
-5111
-3267
-2174
444
1558
3677
4753
5712
7610
7976
8070
7823
7636
7143
6439
5241
4009
3040
1924
766
-872
-1437
-2086
-3239
-4175
-5254
-5681
-6262
-6992
-7643
-8086
-8024
-7996
-8041
-7523
-6563
-5381
-4286
-3185
-1626
88
1681
2691
3827
4801
5405
5621
5295
5165
4547
3707
2623
1559
872
-9
-880
-1448
-1894
-2107
-2067
-2286
-1936
-1872
-1492
-1340
-1488
-826
-782
-228
-185
177
738
1319
1982
2460
3509
4202
5328
5616
6704
7106
7569
8052
7433
7897
6891
6834
5926
4861
4520
3140
2381
157
-1144
-1730
-3338
-4426
-5710
-6774
-7159
-8556
-9306
-9494
-9277
-8186
-9300
-8037
-6702
-5837
-3524
-2805
-293
1142
2938
4557
5057
7112
7856
8101
7959
7664
7274
6705
5713
4351
3440
2306
1297
-280
-1189
-1620
-2800
-3560
-4755
-5384
-5831
-6738
-7271
-7859
-7871
-7935
-8001
-7523
-6774
-5536
-4513
-3395
-1928
-298
1362
2329
3590
4500
5182
5515
5091
5101
4477
3820
2741
1598
1056
81
-578
-1323
-1709
-1861
-2025
-1957
-1966
-1672
-1446
-1252
-1318
-1004
-671
-520
-126
34
503
1130
1663
2327
3024
3938
4781
5238
6321
6626
7121
7585
7249
7401
6766
6527
5775
4994
4330
3267
2536
911
-754
-1684
-2406
-4061
-4997
-6137
-7007
-7517
-9055
-9053
-9611
-8468
-8530
-9087
-6923
-6575
-4461
-3152
-1591
645
1804
4110
4675
5968
7596
7802
7863
7637
7241
6706
6009
4784
3730
2752
1860
584
-784
-1041
-1997
-2939
-3778
-4828
-5159
-6018
-6714
-7350
-7725
-7556
-7898
-7715
-7082
-6127
-4908
-3984
-2614
-1121
660
2058
2903
4109
4909
5448
5246
4889
4748
3922
3203
2014
1128
563
-357
-859
-1677
-1619
-1867
-2027
-1808
-1918
-1398
-1604
-1233
-1356
-1037
-513
-597
-59
117
969
1385
2021
2780
3551
4515
5110
5784
6359
7014
7163
7315
7066
6897
6430
5812
5277
4234
3767
2883
1729
49
-1200
-1849
-3131
-4349
-5406
-6534
-7125
-8152
-9337
-9171
-9090
-8214
-8872
-7880
-6269
-5603
-3055
-2293
83
1744
3200
4829
5316
7354
7814
7888
7866
7330
7122
6393
5327
4185
3366
2444
1220
-158
-944
-1370
-2398
-3350
-4508
-5143
-5627
-6582
-7202
-7784
-7898
-7845
-8033
-7630
-6750
-5591
-4312
-3193
-1761
-133
1420
2705
3543
4547
5150
5152
5022
4648
4247
3349
2573
1529
834
255
-625
-1008
-1448
-1420
-1769
-1800
-1622
-1668
-1371
-1472
-1563
-1312
-1085
-799
-661
-265
345
912
1805
2302
3273
4242
5055
5735
6270
6933
6990
7411
7059
6774
6499
5671
5281
4163
3739
2891
1725
553
-1330
-1690
-3019
-4418
-5056
-6645
-6839
-8230
-9152
-9135
-9454
-7901
-8929
-7915
-6324
-5742
-3077
-2430
43
1611
3093
4892
5086
7086
7681
7798
7780
7222
6923
6281
5388
4232
3427
2551
1543
213
-636
-1071
-2054
-2911
-4124
-4986
-5416
-6514
-7157
-7719
-7922
-7872
-8128
-7587
-6917
-5551
-4301
-3249
-1671
-184
1528
2588
3692
4584
5119
5467
4971
4805
4432
3646
2864
1663
1042
418
-418
-705
-1373
-1254
-1480
-1901
-1527
-1862
-1343
-1686
-1760
-1516
-1579
-883
-1152
-400
10
797
1602
2087
3352
4034
5218
5495
6255
6697
6908
7196
6616
6769
6056
5693
4838
3993
3653
2756
2004
305
-1169
-1729
-2875
-4431
-5133
-6621
-6894
-8088
-9490
-9223
-9777
-7906
-9001
-8226
-6232
-6011
-2951
-2555
51
1783
3079
5017
5012
7096
7538
7884
7728
7251
7005
6330
5699
4327
3890
2917
1942
782
-349
-563
-1633
-2566
-3792
-4802
-5169
-6400
-7159
-7610
-7854
-7750
-8029
-7619
-6784
-5499
-4183
-3144
-1686
-171
1426
2470
3372
4339
4947
5085
4595
4411
4028
3470
2805
1609
1234
641
-137
-467
-983
-728
-1266
-1386
-1479
-1877
-1225
-1947
-1843
-1828
-1774
-1220
-1414
-609
-243
725
1572
1925
3198
4120
5010
5497
6059
6547
6690
6901
6382
6337
6037
5534
4787
4011
3671
2916
2386
998
-783
-1689
-2368
-4185
-5187
-6331
-7326
-7678
-9612
-9635
-10023
-8691
-8146
-9036
-6246
-6112
-3767
-2263
-1104
1819
2347
4715
4611
6020
7396
7228
7860
7011
7168
6558
6012
5054
4143
3932
2685
1673
334
-325
-839
-2162
-3245
-4612
-5152
-6069
-7272
-7648
-7982
-7672
-7784
-7739
-6976
-5845
-4263
-3224
-1979
-572
957
2197
2812
3828
4569
4986
4683
4235
4000
3709
3350
2306
1738
1299
685
120
-483
-417
-811
-936
-1516
-1994
-1659
-2169
-1947
-2535
-2107
-1767
-1685
-983
-847
703
1242
2090
2720
3598
4840
5158
5763
6067
6408
6478
6280
5933
5921
5653
5230
4445
3935
3503
2785
2181
204
-1188
-2104
-3360
-5075
-6163
-7109
-7981
-8606
-10100
-9880
-9500
-8099
-8362
-7557
-5434
-5060
-2525
-1837
357
2071
3214
4621
4652
6600
6901
7378
7515
7147
7261
6541
6028
5055
4586
4002
2742
1485
226
-474
-1506
-2835
-3982
-5050
-5781
-6849
-7676
-7841
-7812
-7540
-7597
-7140
-6226
-5084
-3715
-2706
-1371
-115
1168
1958
2675
3710
4228
4383
4183
4042
3819
3680
3132
2406
2181
1702
946
390
261
-171
-561
-869
-1615
-1830
-1963
-2224
-2497
-2290
-2144
-1964
-1327
-968
-28
891
1850
2295
3128
4197
4540
5334
5694
6013
6139
6145
5996
5731
5968
5515
4870
4681
3914
3297
2746
1458
-357
-1793
-2614
-4730
-5823
-6784
-8162
-8262
-9677
-10109
-10066
-8899
-8182
-8415
-6240
-5701
-4042
-2514
-1420
759
1875
3554
3913
5093
6345
6636
7443
7419
7516
7299
6807
6244
5392
5021
4172
2799
1609
447
-554
-1795
-3031
-4073
-4983
-5836
-6985
-7595
-7560
-7475
-7533
-7286
-6716
-5891
-4655
-3737
-2586
-1245
26
892
1691
2651
3358
4097
4124
3968
3973
4089
3611
3279
3022
2462
2282
1417
926
556
357
-327
-941
-1145
-2047
-1968
-2394
-2504
-2406
-2105
-1696
-1696
-446
-104
975
1847
2250
3196
3781
4556
4576
5456
5705
5689
5899
5627
5756
5716
5519
4840
4630
4060
3335
2434
969
-971
-2058
-3205
-5394
-5984
-7653
-8010
-8730
-10060
-9786
-10077
-8089
-8752
-7837
-6124
-5920
-3289
-3299
-939
479
1636
3459
3405
5723
5937
6958
7512
7420
8177
7287
7342
6397
5766
5287
4014
2940
1544
621
-690
-2006
-3226
-4164
-4944
-6064
-7086
-7582
-7511
-7703
-7659
-7395
-6791
-5798
-4973
-3973
-2776
-1384
-266
668
1624
2421
3365
3877
4039
4080
4172
4155
3886
3688
3364
3153
2666
2007
1446
1099
553
-39
-511
-1193
-1602
-2179
-2405
-2477
-2423
-2020
-1860
-1297
-687
54
880
1461
2300
2897
3524
4033
4335
4959
5284
5628
5639
5683
6011
5655
5571
5109
4754
4296
3384
2444
298
-1140
-2241
-4096
-5164
-6429
-7614
-7849
-9125
-9596
-9937
-9068
-8250
-8910
-7160
-6995
-5470
-4151
-3516
-1122
-281
1738
2355
3767
5431
5762
7139
7236
7879
7919
7585
7293
6549
6225
5319
4310
3254
2156
1009
-76
-1470
-2600
-3366
-4452
-5686
-6675
-7124
-7423
-7639
-7698
-7493
-6799
-6011
-5402
-4264
-3039
-1768
-693
134
1103
1915
2808
3253
3601
3844
4039
4285
4087
4142
4039
3902
3570
2803
2421
1791
1236
503
-385
-871
-1703
-2128
-2600
-2676
-2437
-2389
-1798
-1642
-771
-166
344
1112
1550
2417
2628
3338
3655
4158
4904
4925
5495
5658
6000
5995
5752
5688
5062
4773
3877
2484
576
-1126
-2149
-3952
-5010
-6309
-7257
-7423
-8776
-9397
-9601
-8661
-8425
-8799
-7776
-7620
-5959
-5173
-4299
-2204
-850
917
1705
3392
4775
5866
6946
7134
7757
7963
7813
7371
6864
6375
5830
4944
3866
2916
2056
1174
-457
-1702
-2594
-3818
-4969
-6284
-7012
-7361
-7712
-7962
-7939
-7008
-6344
-5720
-4646
-3732
-2387
-1377
-543
334
1161
2025
2396
3021
3475
4005
4575
4599
4687
4721
4736
4460
3769
3337
2624
1857
1019
-78
-514
-1193
-1684
-2202
-2323
-2056
-2091
-1634
-1478
-907
-436
-160
280
860
1496
1916
2543
3025
3643
4172
4790
5063
5603
5935
5719
5904
5423
5158
4641
3876
2480
393
-683
-2139
-3415
-4421
-5771
-6302
-6905
-8173
-9038
-9105
-8431
-8766
-8960
-8413
-8054
-6504
-5900
-4674
-2693
-1124
233
1168
2977
4308
5447
6208
6470
7115
7445
7262
7172
7001
6740
6363
5552
4789
3998
3431
2321
583
-636
-1990
-3193
-4540
-5877
-6535
-7034
-7441
-7998
-7748
-6925
-6482
-5869
-5270
-4543
-3452
-2730
-1996
-1085
-120
675
1293
2168
2867
3884
4656
4873
5181
5310
5313
5116
4543
4012
3470
2669
1817
949
524
-11
-535
-966
-1356
-1211
-1449
-1442
-1346
-1220
-1038
-1082
-595
-301
471
1098
1533
2345
2842
3650
4086
4755
5157
5377
5660
5289
5205
4829
4795
4064
2813
1071
-327
-1021
-2618
-3280
-4779
-5137
-5885
-7589
-8284
-9033
-8011
-8741
-8939
-8739
-8517
-6859
-6656
-5097
-3496
-1877
-587
49
1798
3011
4463
5154
5607
6248
6626
6837
6864
7154
7119
7050
6333
5555
4731
4181
3332
1628
384
-1115
-2317
-3596
-4921
-5553
-6024
-6326
-7219
-7305
-6803
-6524
-6013
-5962
-5357
-4635
-3963
-3416
-2663
-1347
-430
448
1250
2145
3276
4298
4644
4963
5276
5404
5301
4796
4603
4089
3871
3001
2146
1862
1231
923
67
-213
-638
-849
-1168
-1687
-1378
-1570
-1340
-1287
-842
-293
296
930
1317
2132
2706
3243
3616
4201
4433
4785
4673
4551
4548
4411
4302
2766
1625
419
-351
-1307
-2594
-3438
-4329
-4773
-6464
-7684
-7956
-7689
-7933
-8538
-8523
-8276
-7075
-6655
-5627
-4105
-2611
-1449
-884
559
1616
3018
3890
4407
5209
5558
6113
6420
6812
7046
7033
6759
6042
5251
4641
3850
2714
1401
2
-1089
-2338
-3461
-4184
-4599
-5087
-5960
-6401
-6421
-6310
-6221
-6290
-6020
-5409
-5047
-4705
-3956
-2762
-1578
-710
205
1026
2161
3191
3631
4197
4661
5055
5088
4874
4774
4675
4745
4317
3556
3192
2788
2294
1645
869
535
95
-365
-1044
-1359
-1121
-1245
-1002
-937
-599
18
341
724
1147
1773
2285
2560
2936
3243
3415
4025
3662
3780
3984
3608
3168
1389
813
-224
-637
-1526
-3219
-3067
-4091
-4767
-6251
-6898
-6640
-7048
-7181
-8129
-7573
-6916
-6427
-5761
-4663
-3297
-2303
-1222
-631
648
1497
2489
3205
3856
4597
4769
5695
5771
6168
6344
6270
6257
5490
5012
4053
3409
2342
1186
320
-911
-1895
-2861
-3324
-3972
-4566
-5187
-5595
-5645
-6028
-6211
-6154
-5512
-5397
-5127
-4603
-3810
-2582
-1928
-924
-240
1004
1627
2159
3115
3389
4286
4318
4648
4648
4780
5029
4576
4639
3892
3673
3338
2655
2024
1401
1143
586
111
-337
-456
-500
-599
-815
-506
-107
88
395
421
923
1201
1595
2039
2334
2813
2908
3115
3061
3106
3314
2998
2322
1122
241
-280
-838
-1659
-2535
-2810
-3508
-4310
-5429
-6032
-6103
-6583
-6951
-7590
-7038
-6584
-5926
-5208
-4566
-3286
-2510
-1277
-605
402
1114
1771
2460
2852
3802
4304
5254
5388
5607
5788
5831
6030
5344
5049
4179
3457
2418
1348
668
-297
-971
-1961
-2489
-3086
-3619
-4267
-4727
-5029
-5520
-5620
-5764
-5427
-5317
-4995
-4634
-4039
-3059
-2349
-1425
-779
-56
624
1404
2173
2703
3268
3803
4101
4244
4473
4672
4960
4666
4305
3839
3667
3427
2716
2440
1825
1498
906
468
291
125
151
-183
-140
-68
131
262
490
537
723
1028
1088
1546
1576
1863
1919
1969
2185
2083
2270
1617
979
320
-514
-733
-1351
-1915
-2377
-3096
-3620
-4435
-4906
-5202
-5666
-5762
-6314
-6247
-5724
-5312
-4452
-3943
-3247
-2516
-1926
-1013
-432
386
1041
1319
2084
2560
3330
4031
4276
4700
4799
5040
5020
4752
4638
4013
3446
2661
1765
1392
741
112
-660
-1421
-1899
-2532
-2958
-3616
-4084
-4380
-4826
-4980
-4956
-4727
-4418
-4135
-3937
-3477
-2817
-2135
-1714
-1158
-466
107
924
1359
2047
2698
3172
3527
3668
4131
4280
4437
4286
3912
3758
3473
3242
2903
2525
2156
1749
1430
1210
1035
952
770
551
425
282
331
401
424
500
473
505
674
766
996
1009
1141
1288
1275
1482
1127
818
345
-267
-709
-1236
-1601
-1969
-2341
-2815
-3402
-3770
-3944
-4404
-4627
-4997
-5158
-4918
-4741
-4227
-3819
-3215
-2674
-2206
-1589
-1113
-477
180
558
943
1368
1930
2642
2961
3288
3466
3738
3950
3763
3755
3451
3291
2798
2162
1701
1179
859
201
-341
-964
-1431
-1806
-2269
-2645
-3056
-3313
-3558
-3647
-3647
-3585
-3471
-3319
-3237
-3004
-2706
-2267
-1790
-1322
-674
-224
506
1014
1650
2224
2520
2946
3003
3471
3535
3597
3641
3492
3594
3285
3226
2902
2763
2579
2182
1975
1769
1680
1481
1305
874
722
614
613
407
247
404
292
476
181
131
317
384
427
226
476
547
387
57
-383
-697
-919
-1335
-1713
-1937
-2238
-2386
-2869
-2933
-3156
-3449
-3448
-3874
-3698
-3800
-3562
-3254
-3075
-2441
-2318
-1657
-1222
-833
-402
-85
377
668
1050
1293
1746
2007
2340
2422
2615
2796
2753
2923
2593
2508
2067
1767
1500
920
644
151
-75
-495
-883
-1223
-1488
-1673
-2032
-2241
-2440
-2474
-2688
-2641
-2614
-2620
-2585
-2557
-2215
-1952
-1494
-1140
-699
-2
413
863
1322
1617
1995
2146
2440
2403
2554
2758
2784
3091
2896
2941
2863
2833
2553
2251
2089
2074
2007
1686
1555
1243
1362
982
912
663
495
649
252
515
134
235
172
152
350
-22
265
110
268
-111
-514
-736
-808
-811
-1305
-1508
-1786
-1760
-1966
-2113
-2504
-2633
-2672
-2944
-2963
-3140
-3017
-2784
-2473
-2312
-2284
-1848
-1492
-1039
-764
-725
-368
-104
319
498
697
936
1234
1519
1664
1824
1864
2070
2044
2025
1712
1524
1417
1134
991
524
321
37
-115
-346
-761
-879
-1182
-1311
-1548
-1753
-1934
-1981
-2088
-2226
-2146
-2061
-1832
-1502
-1248
-1051
-575
-302
125
452
785
886
1200
1468
1469
1858
1926
2159
2245
2444
2334
2286
2250
2242
2414
2238
2142
1910
2152
2225
1741
1260
985
1311
1378
958
509
347
922
993
351
101
11
404
320
-344
-454
-518
100
-202
-592
-933
-1002
-653
-769
-1003
-1619
-1568
-1581
-1383
-1867
-1969
-2268
-2100
-1876
-2269
-2220
-2314
-1885
-1898
-1715
-1901
-1717
-1393
-1016
-950
-949
-749
-627
13
37
310
271
525
837
884
1215
1074
1356
1327
1281
1210
942
1039
894
846
427
227
66
-97
-158
-466
-748
-993
-1013
-1264
-1254
-1395
-1515
-1491
-1395
-1379
-1332
-964
-830
-506
-463
-412
-44
454
611
458
692
873
1113
1240
1183
1344
1763
1873
1575
1739
2189
2323
2080
2005
1823
1734
2227
1793
1676
1902
1632
1498
1361
1518
1090
1062
837
596
760
382
112
-33
-13
12
-304
-777
-628
-331
-488
-967
-1146
-1266
-781
-795
-1369
-1627
-1464
-1205
-1398
-1453
-1892
-1575
-1465
-1488
-1591
-1698
-1379
-1327
-1187
-1393
-1403
-1244
-954
-754
-846
-662
-615
-291
-32
81
165
121
406
397
576
448
507
500
574
522
301
366
140
299
-96
-235
-430
-319
-258
-491
-649
-864
-842
-928
-852
-995
-581
-566
-555
-632
-402
190
-81
142
-234
-92
449
345
423
398
911
950
1112
908
854
1297
1451
1478
1158
1552
1458
1966
2002
1408
1613
1530
1523
1790
1471
1261
1093
1105
1587
1046
1353
446
542
930
469
491
-328
109
56
188
-621
-763
-469
-448
-270
-909
-1068
-1100
-697
-982
-1233
-1345
-1389
-1188
-999
-1158
-1298
-1289
-1194
-989
-1114
-996
-1068
-974
-816
-880
-799
-733
-637
-500
-400
-445
-426
-253
-115
9
-77
-130
-137
25
122
-109
-64
-197
-161
-90
-227
-117
-220
-104
-244
-376
-313
-546
-303
-160
-201
-576
-393
-69
18
124
-292
-460
63
739
-1
48
282
501
529
295
180
70
1152
530
89
53
759
950
911
475
254
1211
806
1546
165
749
1576
1100
1165
493
1693
1130
1696
1383
387
1531
1419
1259
842
919
674
738
1140
601
347
176
317
135
108
-377
-824
-525
-544
-867
-1175
-1191
-1015
-976
-1183
-1521
-1468
-1040
-1081
-1226
-1266
-1203
-883
-778
-903
-804
-796
-521
-520
-594
-588
-406
-254
-289
-168
-350
-97
-17
53
-90
-224
-75
-94
91
-55
-331
-251
-187
-46
-194
-428
-242
-350
-45
-403
-570
-135
-409
-84
-507
-229
-259
-341
152
-297
580
-47
38
244
821
582
-489
468
-133
1212
281
-453
300
478
1220
-752
30
259
613
1028
-787
301
323
1316
788
215
763
719
1438
559
1099
549
1373
1101
1164
1032
946
1281
599
1326
724
894
286
535
679
714
2
-335
-168
227
253
-747
-821
-703
-144
-678
-1114
-1437
-893
-628
-641
-1190
-1195
-651
-587
-354
-1054
-807
-625
-220
-327
-803
-440
-465
188
-161
-363
-277
-172
313
-247
-41
-384
61
213
-124
-181
-218
73
-392
-87
-424
-382
-440
-510
-664
-99
-102
-876
-201
-357
72
-198
-625
-663
440
343
-169
-130
-290
747
455
355
-836
610
462
-94
396
-739
157
273
316
-582
-178
-284
27
42
150
-318
-231
457
24
831
-194
558
496
1114
788
570
609
765
1201
757
711
765
1490
784
1385
472
658
764
1074
733
506
563
299
830
324
87
-324
76
-247
-204
-653
-521
-684
-310
-906
-584
-811
-731
-304
-959
-160
-1245
-140
-693
-253
-433
-730
-16
-328
150
-399
-6
-225
49
-10
-122
-138
357
408
-146
133
-180
243
47
98
-372
-273
426
-232
159
-227
-6
-164
-1
-132
-466
50
12
27
-144
-131
-441
326
82
-92
-396
6
-181
-58
-35
-803
41
-61
-192
-665
-416
-404
-234
-587
-1158
-749
-62
-124
-417
-641
-622
165
56
-489
-219
511
323
681
600
49
612
1062
685
417
451
599
864
1320
247
417
606
1088
632
-40
975
105
1386
-104
-78
620
63
506
-600
-266
221
-229
-84
-548
-295
300
-545
121
-680
110
-122
-191
89
-246
164
-12
175
-336
250
-457
225
-163
62
76
-191
258
-427
700
-480
109
-176
-315
112
-559
53
-382
507
-497
34
-60
-477
384
-460
258
-589
413
-13
189
146
-420
317
-4
423
-682
235
-305
417
-135
-429
-50
-293
312
-712
-63
-713
-762
-58
-883
-967
-855
-898
-327
-849
-413
-1314
-381
-340
-424
-390
-489
269
-329
1050
-383
539
11
738
725
6
364
-140
1245
405
904
-7
755
913
721
827
-368
924
781
481
516
-436
609
652
395
119
-411
650
111
205
-315
155
532
407
402
-255
518
106
612
-81
-268
471
124
431
-379
33
-147
557
86
-457
-29
-69
577
-330
-166
-349
233
-225
19
-228
-177
148
-200
-27
-517
324
-908
193
282
96
144
-306
122
-223
418
-338
-55
-20
395
-220
-42
-380
-275
329
-140
-127
-605
55
-775
-373
-889
-653
-926
-464
-1032
-1005
-518
-1177
-906
-1231
-194
-1154
-368
-984
-128
-460
-11
145
-566
689
-174
214
-93
243
-303
465
444
240
27
616
482
369
838
-56
702
489
872
160
466
197
251
747
601
-28
602
645
30
641
-237
1057
143
1222
-120
804
930
98
892
-154
1337
-272
1123
-528
847
430
249
-9
-543
722
-200
847
-788
381
-202
393
-194
-92
-261
115
64
-2
-113
-65
12
-704
1017
-836
734
-314
480
48
396
-70
-481
708
-355
679
-529
391
-820
907
-576
-121
-176
-863
625
-1005
-165
-1615
163
-897
-875
-877
-1695
-695
-826
-1161
-1528
-415
-991
-736
-972
-778
-931
183
-1004
-565
12
-90
55
-440
-89
-564
693
-788
27
-147
515
-51
13
9
142
850
-150
510
2
694
-9
609
-226
518
343
184
559
643
609
-273
1139
344
1035
407
1092
970
553
1274
-342
1318
745
805
137
743
784
82
732
-418
1082
-486
864
-533
393
208
-100
610
-535
814
-781
360
-291
409
-855
137
-398
148
649
-369
333
-224
709
-343
606
-529
278
513
411
-127
-429
126
293
308
-696
-405
-165
434
-571
-820
-1143
166
-307
-966
-939
-1278
-377
-851
-1522
-1462
-681
-445
-864
-1310
-812
-764
161
-931
-1291
-4
64
-238
-1082
-489
530
108
-175
-1033
-89
892
-495
-570
-451
534
477
139
-579
340
438
711
22
-423
194
57
1301
-339
161
314
711
911
-101
309
915
1401
1296
-193
872
1422
1254
236
92
1240
679
1967
-338
666
481
915
123
271
624
-267
1445
-42
38
-639
524
178
378
-367
-664
159
491
35
-882
-284
462
123
134
42
49
941
-183
401
-948
1423
54
49
115
-310
1119
-881
375
-831
1030
-349
-311
-544
-675
405
-978
-856
-1372
-54
-614
-1156
-1174
-1239
-903
-813
-1395
-978
-1049
-376
-681
-1383
-815
-535
-105
-276
-1072
-470
-233
-189
-229
-1009
-60
-476
487
-1316
108
123
513
-17
-967
278
-368
1474
-1035
58
77
1033
-115
-505
56
650
1213
-172
334
351
1510
571
685
15
1234
1575
1535
529
487
906
1145
1220
306
680
715
1697
196
507
584
106
1070
16
262
388
-259
431
-355
1206
-620
-256
-38
-66
989
-1074
85
-532
1544
109
-308
-270
393
1244
-203
-88
-193
827
515
-55
7
-100
598
-323
-98
578
-483
-60
-1043
323
-707
-710
-1266
-519
-46
-960
-1547
-1638
-167
-690
-1177
-2435
-626
-364
-71
-1902
-1647
128
-19
-748
-1618
-991
-233
225
-813
-1774
-183
762
-898
-97
-1046
-192
-165
351
-465
-743
847
-83
227
-242
156
13
243
-249
1041
-208
579
-207
491
1152
323
1240
-844
2264
681
1173
-246
1405
742
964
1943
-654
1654
136
2188
-361
1192
283
169
1718
-204
370
10
1098
44
653
-257
-424
150
620
-416
488
-161
-363
933
-654
281
-446
564
-105
441
602
-45
673
-444
566
219
133
-120
-587
555
856
494
-1147
-323
687
22
-226
-1894
-889
822
632
-1509
-2253
-216
311
-689
-1978
-2218
298
173
-866
-1957
-1258
150
-573
-856
-1565
-76
-86
-504
-1534
-552
-445
-339
-195
-393
-1179
12
-121
-994
79
-836
1111
-706
958
-936
-123
789
-710
502
-418
819
402
722
-205
513
82
522
1013
627
358
559
1218
1217
197
863
686
1457
1556
-478
503
1191
1759
-133
400
458
1633
205
456
-284
259
1422
-929
238
266
399
-564
792
-390
39
385
63
-555
485
238
-992
1443
-41
88
229
313
-79
-134
149
633
-211
418
-203
-434
1141
13
-283
-508
444
226
-321
-1246
-33
-321
430
-1287
-1814
-84
-243
-245
-2134
-1082
-374
360
-1726
-1689
-1146
482
-50
-967
-1673
-1401
1190
-483
-1674
-1540
486
39
237
-1796
-1861
800
641
-590
-1322
-45
707
118
-97
-1348
197
770
-52
35
-397
1257
-627
517
-71
482
590
588
996
320
1281
-37
555
907
1606
1163
724
369
1217
931
685
148
1233
1343
1057
332
-181
885
286
1135
-679
663
408
406
219
-690
480
-316
481
717
-927
146
114
644
49
-884
692
-307
789
-368
-292
-10
634
42
-562
401
193
438
-92
485
-258
-207
258
-343
-410
352
-803
371
-396
-753
-847
-1074
-247
-1535
-446
-1252
-332
-452
-745
-1533
-562
-308
-494
-1144
-1697
635
-860
96
-1376
-1160
579
-602
-344
-1586
-96
342
-496
-219
-1801
541
-99
-161
276
-500
225
76
-306
-930
401
-252
1056
-41
355
243
51
657
93
977
497
809
902
309
371
2057
121
1098
56
2105
1010
408
1148
-422
2638
104
1146
-1138
1994
1263
-423
-128
-381
1603
-239
1032
-1710
701
796
83
-660
-332
886
-457
404
-117
-269
245
-101
277
-115
-49
75
-749
1659
-531
-6
-510
894
659
-75
329
-894
287
-341
352
-812
306
-1302
562
-400
-763
-1496
-1375
919
-1074
-1734
-895
-355
-103
-167
-2529
214
-888
540
-2326
-160
132
-922
-199
-1318
263
-727
607
-2473
1268
-707
-268
-905
-329
370
-767
82
-789
512
17
-201
-1326
333
-198
219
-413
862
-287
895
-927
426
1098
56
778
-418
1942
-157
1309
-107
1223
1278
1727
-347
397
2182
801
956
200
871
434
2283
-307
-271
700
1528
-185
-138
-248
482
1081
-418
-734
-122
1790
-982
292
-1325
741
1041
-746
-853
181
1427
-584
152
-765
1470
-323
410
-670
-181
1738
-112
-300
-804
1663
-335
-413
-860
-60
215
147
-1175
-1826
1167
-973
-801
-922
-1303
-580
-456
-635
-1934
-244
-362
-1146
201
-1335
-999
-693
250
-399
-1152
-368
-642
32
-93
-560
-882
17
422
-122
-1194
-129
-24
-34
-271
-703
-280
338
-477
-182
73
-163
593
-987
382
-448
781
414
338
674
-115
1580
-272
1128
716
1029
1050
1245
760
286
2395
287
411
1936
1058
-163
1563
588
753
851
-2
61
846
1672
-994
-462
436
1022
-344
179
-1272
432
1151
-751
-438
-1192
1445
-364
0
-506
-200
787
707
-1002
-132
726
-101
788
-1142
519
-82
827
-357
-470
429
-330
532
-1062
-1203
-99
301
-1027
-945
-1164
-306
-132
-1197
-1749
-1131
1231
-1044
-2116
-880
-252
-234
-919
-707
-1221
873
-413
-1500
-427
216
80
-1059
171
-893
1079
-961
-423
-66
-23
782
-1402
698
-960
367
-760
-158
-153
24
331
-496
149
504
-615
-887
2155
-546
789
-170
873
812
1103
347
-130
2324
591
1747
-282
1310
688
1429
1247
243
1413
435
1434
-102
1252
479
354
690
121
703
26
-83
-512
614
354
236
-1063
-136
415
-16
-216
-1312
447
518
1005
-950
-1064
460
689
412
-949
-63
781
816
-180
-863
-194
864
267
-530
-1171
638
-191
-803
-578
-1074
198
-556
-908
-1291
237
-1723
-614
-1146
-685
293
-1453
-287
-1550
607
-1423
-1115
-218
-306
-102
-749
8
-1339
471
-31
-567
-227
-640
723
-178
-470
-526
131
166
-314
126
-1105
555
303
-911
-374
289
160
-610
524
-240
148
1246
-348
-46
412
1264
619
41
1136
783
1118
986
201
399
1886
971
722
123
1822
1036
161
915
316
1170
292
652
-491
1575
744
-646
-702
903
555
-588
510
-1278
1208
643
-283
-1198
-133
939
26
149
-727
221
710
767
-943
-126
394
-100
845
-670
225
-267
-43
-117
-587
412
-1655
400
-260
-613
-1108
-1362
-6
-867
-259
-1969
-368
-499
-165
-1437
-1407
-49
-1250
529
-2151
-50
-228
-22
-355
-1673
505
-883
754
-1435
268
284
-345
-64
-522
804
-796
602
-573
480
185
-524
-410
654
412
-1128
491
52
867
0
-157
-321
1302
601
-505
893
582
1654
334
487
80
1145
1532
399
878
442
1613
1473
241
66
532
1852
1162
-126
236
678
1516
-326
-641
513
1366
557
-1033
-263
396
795
-660
-691
-68
963
-33
-827
-10
-309
660
-209
-162
-514
278
122
-387
264
-642
41
509
34
-1398
183
-308
8
-489
-597
-399
-661
236
-2308
-157
-195
-530
-1236
-953
-589
-715
-488
-1737
-436
-369
-251
-1336
-455
-197
-362
-605
-1344
0
-124
-309
-359
-643
103
372
-728
-376
436
343
-5
-445
-224
165
705
-679
-209
646
172
65
-521
570
-268
727
-535
225
671
-199
1366
-544
888
-261
1510
587
-286
1017
-127
2191
275
348
154
1489
1110
166
810
151
1408
440
1021
-438
1203
1252
-279
254
-118
1261
-242
428
-556
270
1039
-622
-118
-43
629
33
-308
-840
119
405
123
-256
-607
418
143
223
-703
-809
109
-82
258
-400
-426
370
-339
-562
-971
-368
-323
-516
-193
-957
-341
-932
-808
-897
-301
-666
-1117
158
-1374
10
-982
-911
-342
-510
-358
-1081
286
-1063
60
-1145
-169
13
-172
49
-1056
837
-486
106
-922
266
-41
329
-29
-327
815
-254
683
-1365
613
195
-14
102
356
84
592
667
-570
853
-62
906
-481
1359
-15
495
1150
18
528
-85
1462
463
875
150
920
293
889
500
133
923
547
769
-60
828
379
402
-130
324
405
601
205
-368
443
330
250
-645
105
652
177
155
-468
-612
443
133
-456
50
-7
-246
201
31
-518
-479
181
16
-451
-568
-428
293
-128
-1011
-534
-590
-91
-59
-1521
-43
-196
-555
-947
-985
-130
-188
-575
-1157
-494
-123
-509
-790
-707
-391
467
-1162
-972
-29
31
-271
-470
-572
500
743
-993
-278
-385
658
510
-191
-682
426
766
87
-69
-119
498
202
608
7
260
391
746
313
413
-317
308
597
940
602
-306
1259
119
805
233
389
369
1040
241
849
1125
-300
1372
623
637
-5
687
389
670
572
-467
1052
1168
414
-419
132
940
90
52
-746
488
1133
-290
-414
-244
753
-532
-299
-359
346
-66
-536
-466
-339
854
-1024
-271
-347
99
-348
-520
-190
-909
476
-612
-819
-390
-498
-264
-53
-584
-1388
124
-48
-795
-459
-1247
-468
-127
-325
-1391
-248
68
-1173
-321
-853
210
-620
-434
-576
-614
491
-564
-99
-166
227
54
-255
-223
84
385
3
-225
-10
725
418
542
-99
-93
795
295
64
79
608
733
338
61
277
1114
148
-294
150
1027
834
-215
361
578
1102
68
132
407
1083
956
-215
97
527
1254
-52
595
295
545
910
170
-213
515
1336
-617
223
108
547
261
38
81
-292
553
-462
-127
39
-61
-371
-66
-334
-267
-232
-128
111
-344
-717
-240
-86
-1014
232
-1068
-19
347
-1070
-310
-460
86
-665
-1149
-284
90
-325
-761
-1049
454
-580
-983
-540
-898
400
-966
-990
-671
400
-420
-1336
-344
-398
472
-1121
-643
-32
26
337
-1267
32
378
46
-413
-131
462
-315
626
-345
356
668
-70
231
330
540
-496
784
705
137
-67
154
943
293
-80
-200
865
833
202
-395
214
1082
585
229
-283
613
814
288
102
464
468
552
738
58
171
505
817
179
97
518
115
352
491
116
337
214
255
-403
136
5
-362
388
-381
31
-218
188
-127
-466
-241
-517
-338
-325
-178
-473
-78
51
-522
-590
-450
-366
-93
-504
-945
-384
480
-538
-784
-393
-416
287
-810
-835
-329
-33
-230
-1124
-461
-388
185
-359
-938
-475
62
-204
-858
-121
-256
28
-589
-17
-140
145
242
-404
243
-36
-9
-287
599
440
28
130
481
320
326
287
79
452
602
185
-291
466
988
255
350
22
51
1024
68
-133
56
1537
221
-26
33
130
1424
238
9
-241
1212
616
121
2
194
1098
464
329
-367
367
858
516
117
-520
415
300
497
-101
-565
277
386
198
-584
-541
-234
520
-42
-627
-599
130
143
-319
-678
-769
130
414
-363
-1165
-180
142
364
-1000
-882
42
102
79
-1165
-461
481
209
-801
-1095
-200
-21
-323
-434
-803
90
107
-590
-749
-433
-200
-235
-460
-530
124
-130
-276
-539
181
-126
-200
110
-192
304
-148
106
-145
331
261
145
237
87
613
8
391
6
303
190
249
482
235
443
-90
438
49
345
556
65
183
328
560
144
81
380
351
633
384
-19
12
760
698
-6
276
175
801
495
309
-231
268
903
217
90
-247
442
447
422
-245
-224
167
281
41
-369
-296
81
370
-191
-481
-426
10
-95
69
-488
-362
-114
61
-245
-686
-366
28
54
-519
-322
-572
195
-153
-337
-622
-477
-89
-243
-276
-680
-76
-407
-185
-809
-518
-188
-19
-281
-789
-249
-364
-148
-698
-212
-230
-136
-128
-269
-57
-188
-145
-336
-10
114
-109
-150
163
286
296
-390
-1
467
306
99
-295
271
623
287
-123
-1
363
789
121
-282
207
607
551
52
-12
342
625
455
123
82
733
512
224
138
343
640
370
363
214
360
442
417
236
306
222
300
317
131
187
248
275
-14
83
27
137
66
88
-84
37
49
-305
-3
-104
37
-237
-176
28
-95
-155
-436
-168
-191
-158
-288
-393
-64
-243
-193
-497
-444
-293
-164
-167
-603
-200
-313
-214
-477
-506
-241
-209
-175
-491
-346
-320
-57
-336
-427
-374
-109
51
-354
-332
-154
118
-273
-373
-141
78
121
-227
-270
7
191
62
-106
-49
181
227
64
-198
132
368
225
88
110
328
346
271
98
166
269
385
279
235
341
327
389
233
234
302
416
356
270
294
314
387
291
167
219
379
323
308
184
275
300
317
186
13
203
263
233
-33
72
136
184
106
-113
-43
113
123
-153
-153
-23
-47
-61
-237
-181
-69
-117
-148
-335
-170
-242
-203
-278
-380
-213
-266
-283
-355
-304
-315
-307
-367
-326
-332
-405
-287
-271
-381
-339
-285
-285
-346
-283
-258
-295
-234
-254
-201
-242
-182
-283
-169
-152
-158
-77
-185
-141
-89
-81
-128
-25
-29
75
21
-5
34
91
46
48
210
141
176
152
217
259
213
218
248
266
356
289
285
284
346
352
328
349
228
314
338
387
266
284
280
328
289
229
269
231
347
222
239
206
221
235
192
127
113
116
93
118
35
104
40
-12
11
-26
-45
-36
-86
-58
-165
-135
-168
-245
-94
-242
-240
-252
-206
-268
-334
-302
-292
-250
-328
-306
-312
-325
-296
-350
-323
-321
-366
-268
-292
-280
-384
-322
-268
-220
-251
-355
-197
-217
-183
-279
-188
-195
-128
-103
-198
-33
-118
-106
-40
-26
-17
-62
14
108
3
24
75
107
146
71
88
183
167
183
191
177
264
216
216
210
229
294
302
278
273
298
272
289
283
268
275
268
310
318
231
214
306
307
244
192
186
255
196
190
155
151
220
121
68
121
88
42
52
50
46
-14
7
-64
-44
-5
-92
-59
-79
-91
-125
-103
-121
-181
-151
-160
-150
-180
-238
-218
-169
-203
-258
-257
-192
-166
-261
-306
-189
-162
-226
-234
-239
-168
-164
-223
-262
-187
-142
-149
-222
-249
-133
-109
-119
-166
-211
-79
-22
-135
-105
-100
36
-15
-44
-36
-26
74
43
40
-42
118
96
95
25
48
173
140
142
49
150
226
198
146
118
217
245
152
209
162
233
252
245
199
156
242
202
223
171
213
184
207
220
165
141
183
189
181
161
131
133
161
154
99
133
85
134
39
93
41
41
66
-13
39
-81
-8
-4
-71
-99
-68
-40
-72
-145
-117
-116
-111
-111
-156
-189
-172
-117
-200
-176
-241
-175
-146
-216
-272
-229
-159
-187
-212
-229
-175
-165
-175
-203
-196
-162
-96
-194
-172
-170
-112
-94
-190
-145
-126
-35
-76
-136
-61
-55
-8
24
-69
-14
-14
58
29
-7
47
63
133
64
60
55
152
111
104
129
118
200
139
157
139
198
186
178
193
158
232
192
185
198
192
235
185
185
202
177
211
188
192
171
154
152
165
155
149
109
144
173
96
127
65
81
96
75
46
-1
7
29
-20
-51
-52
-43
-32
-100
-90
-112
-92
-93
-131
-142
-141
-136
-166
-185
-148
-152
-192
-202
-211
-178
-181
-228
-233
-195
-171
-188
-232
-182
-199
-179
-203
-194
-149
-212
-149
-170
-159
-125
-147
-123
-129
-138
-102
-116
-87
-98
-96
-43
-50
-29
-78
-50
16
-7
-7
-6
13
51
62
18
2
82
88
76
41
73
122
108
127
69
133
127
146
133
92
175
154
141
105
160
178
148
152
118
155
154
128
142
126
149
125
134
138
108
117
98
144
99
105
88
93
94
58
85
34
71
58
9
25
8
8
4
-27
2
-23
-46
-53
-41
-24
-79
-97
-95
-84
-107
-139
-147
-114
-114
-154
-155
-157
-136
-120
-173
-161
-152
-115
-152
-194
-141
-143
-96
-162
-136
-120
-113
-117
-142
-93
-129
-95
-104
-103
-110
-99
-73
-74
-88
-85
-40
-53
-68
-45
-32
1
-11
-25
25
17
45
-8
16
55
43
59
17
47
100
83
86
56
93
157
93
96
92
156
121
121
119
129
143
120
154
96
147
120
153
132
115
140
120
159
126
131
145
138
162
131
138
131
117
147
99
87
95
124
76
51
75
68
32
8
22
29
-8
-40
-16
-21
-31
-66
-82
-66
-47
-94
-108
-100
-93
-96
-130
-147
-132
-105
-131
-157
-159
-124
-113
-149
-158
-121
-115
-135
-127
-115
-126
-122
-112
-117
-130
-140
-108
-99
-117
-130
-112
-86
-87
-90
-89
-66
-59
-44
-40
-52
-29
-16
-1
-13
-14
22
29
28
31
71
50
60
75
83
126
83
120
120
127
133
137
162
131
161
159
161
151
139
159
153
137
144
145
149
130
151
149
137
152
140
167
130
138
151
163
137
107
150
130
123
93
98
105
72
84
38
35
49
33
19
-47
-13
-7
-39
-81
-94
-57
-79
-102
-132
-110
-101
-140
-139
-151
-133
-139
-149
-152
-170
-140
-168
-162
-177
-175
-132
-189
-185
-173
-166
-174
-204
-182
-184
-180
-197
-192
-172
-200
-189
-190
-175
-171
-184
-164
-151
-135
-146
-136
-118
-107
-81
-93
-92
-62
-26
-13
-55
-9
31
38
40
26
78
78
109
107
116
124
129
163
135
148
147
167
178
159
158
171
192
180
167
179
170
199
186
171
178
191
224
194
188
194
230
218
181
194
209
224
203
176
185
184
183
164
142
126
117
108
84
67
43
45
18
10
-8
-32
-33
-52
-55
-79
-96
-96
-100
-104
-117
-107
-104
-124
-125
-123
-108
-115
-131
-126
-122
-114
-141
-154
-170
-161
-159
-171
-189
-206
-183
-182
-193
-221
-206
-188
-188
-199
-206
-192
-177
-174
-180
-173
-143
-124
-120
-110
-96
-59
-39
-32
-42
-13
13
22
9
1
32
51
59
33
37
65
95
79
57
61
95
107
96
79
89
123
112
100
92
118
120
124
124
126
138
143
144
147
158
164
161
161
178
182
174
161
167
162
160
143
137
137
128
118
90
77
88
60
38
8
20
18
-20
-38
-51
-26
-43
-67
-99
-74
-57
-77
-107
-109
-79
-58
-79
-105
-96
-65
-62
-101
-108
-84
-61
-88
-110
-118
-103
-99
-126
-140
-141
-127
-126
-159
-159
-154
-134
-148
-166
-152
-141
-107
-127
-128
-107
-83
-69
-76
-59
-48
-28
-12
-21
-6
13
42
30
33
48
54
71
57
65
73
83
71
76
89
93
86
79
76
98
87
82
84
94
122
102
97
95
122
121
106
106
127
141
129
110
123
134
136
103
105
120
111
100
66
76
67
71
39
15
16
16
10
-30
-49
-41
-38
-53
-89
-95
-83
-74
-97
-133
-118
-103
-95
-135
-143
-126
-108
-117
-155
-151
-123
-104
-124
-154
-133
-110
-107
-143
-156
-127
-120
-117
-151
-145
-128
-115
-121
-148
-137
-123
-108
-124
-130
-113
-88
-83
-96
-92
-69
-44
-36
-43
-28
3
12
15
21
45
51
53
61
67
77
73
86
99
111
104
113
120
129
129
118
127
143
155
136
145
153
173
163
152
152
165
179
167
168
155
183
176
176
162
164
170
171
158
133
136
137
138
111
92
96
111
87
61
45
63
59
29
5
2
16
-5
-29
-55
-39
-43
-63
-77
-85
-76
-79
-98
-103
-96
-92
-98
-106
-110
-111
-107
-111
-120
-130
-123
-114
-120
-132
-140
-133
-128
-136
-151
-145
-136
-128
-144
-150
-137
-136
-117
-133
-127
-108
-105
-99
-108
-85
-75
-63
-51
-47
-32
-19
-5
-6
0
11
23
26
28
29
37
42
45
39
50
61
59
57
63
73
76
78
73
85
89
92
90
101
102
115
117
110
120
126
129
123
125
131
138
121
121
120
119
123
103
100
103
95
84
73
74
72
63
51
48
34
34
25
10
5
2
0
-9
-22
-27
-23
-24
-26
-40
-36
-35
-37
-60
-69
-66
-56
-71
-95
-87
-75
-77
-104
-111
-101
-86
-103
-119
-122
-98
-94
-115
-122
-107
-90
-98
-114
-121
-96
-92
-95
-107
-97
-72
-66
-70
-66
-53
-45
-34
-30
-35
-21
-3
5
-7
-6
12
19
22
9
19
36
42
34
29
44
56
56
50
54
66
73
72
75
81
85
81
82
84
93
93
94
108
114
117
105
110
111
111
94
90
88
92
88
73
76
65
73
60
47
39
45
36
28
12
6
15
8
-3
-24
-10
-6
-9
-33
-31
-18
-16
-40
-56
-41
-37
-40
-68
-72
-60
-54
-78
-88
-82
-69
-76
-95
-93
-92
-83
-94
-93
-92
-82
-81
-92
-97
-96
-78
-73
-82
-85
-80
-67
-51
-63
-61
-49
-32
-40
-40
-32
-20
0
-18
-14
-3
6
4
3
4
17
26
28
29
36
46
45
38
40
50
52
59
63
66
70
79
82
82
82
83
95
98
93
88
92
95
97
98
91
91
88
92
85
79
73
73
66
59
47
39
50
44
34
18
32
34
22
11
4
9
4
-4
-19
-18
-14
-15
-39
-39
-35
-37
-43
-62
-61
-58
-57
-76
-87
-89
-79
-89
-100
-104
-95
-87
-98
-94
-93
-87
-93
-88
-93
-82
-72
-70
-82
-74
-62
-66
-61
-68
-62
-57
-49
-56
-52
-50
-35
-38
-44
-38
-32
-19
-29
-28
-22
-4
-10
-15
-8
4
13
9
14
18
32
32
32
32
40
52
47
43
51
65
62
69
67
83
83
73
78
80
86
86
87
82
86
85
85
80
83
85
81
71
65
67
53
52
47
38
37
45
45
28
27
32
24
9
9
12
13
9
6
9
10
6
-7
-3
-1
-3
-10
-16
-9
-11
-13
-17
-21
-22
-19
-21
-31
-39
-35
-37
-34
-40
-42
-31
-32
-32
-42
-32
-26
-25
-29
-26
-24
-14
-18
-23
-23
-22
-13
-27
-18
-17
-13
-18
-16
-18
-13
-7
-12
-14
-12
-3
-7
-4
-12
3
4
8
3
-1
3
4
9
3
14
16
21
17
20
22
26
23
20
27
30
32
21
22
21
18
14
12
10
11
9
4
0
0
8
-2
-3
-4
3
2
-7
-6
-7
-8
-8
-10
-17
-15
-22
-23
-25
-19
-22
-19
-23
-28
-25
-22
-16
-23
-19
-19
-8
-16
-19
-19
-15
-21
-25
-22
-28
-23
-28
-21
-30
-22
-22
-21
-22
-25
-17
-17
-13
-12
-7
-7
-9
-7
-9
-9
-5
-5
0
7
2
10
13
18
12
12
17
9
13
8
9
2
9
-2
-3
-4
-5
-4
-7
-9
-12
-6
-6
-8
-9
-1
-6
-5
-12
-9
-7
-9
-6
-12
-11
-2
2
-1
0
0
6
3
-4
-1
3
1
-5
-9
-9
-10
-7
-7
-8
-5
-6
-9
-10
-8
-2
4
-1
-4
6
-2
-2
-5
-9
-1
0
3
4
-1
1
5
1
3
-1
5
4
4
8
5
5
-2
-4
-9
-7
-10
-13
-14
-11
-7
-10
-7
-6
-3
-6
-3
-2
0
4
0
4
2
9
12
7
9
19
15
15
20
16
22
16
19
14
10
13
11
9
2
7
0
5
2
1
4
8
2
3
6
4
8
-3
7
7
9
9
9
9
12
11
4
12
10
10
6
9
8
13
13
5
6
7
7
-1
2
-6
-1
-2
0
-3
9
6
8
15
16
21
13
17
7
15
8
14
6
12
13
11
10
13
20
10
21
10
15
12
13
10
11
16
13
19
16
18
18
24
23
21
18
15
15
8
7
3
4
1
2
-4
-2
-7
-9
-7
-7
-2
-7
3
1
4
3
2
5
9
6
12
10
4
6
3
-4
-5
-3
-5
-13
-14
-11
-18
-15
-12
-16
-18
-14
-13
-15
-18
-8
-9
-5
-1
-6
4
-7
-8
-3
-10
-4
-13
-13
-8
-12
-9
-9
-9
-15
-12
-13
-16
-15
-8
-19
-20
-21
-22
-26
-22
-16
-21
-9
-12
-7
-9
-6
-11
-11
-6
-4
-3
-2
-1
-1
-1
2
2
0
1
-3
0
-6
-3
-9
-7
-8
-9
-11
-10
-7
-8
-4
-9
-6
-8
-6
-4
-10
-15
-9
-9
-8
-6
-6
0
7
7
0
4
4
0
0
-1
2
4
2
0
-4
-3
-8
-9
-9
-3
-12
-14
-14
-16
-18
-15
-13
-15
-11
-18
-13
-18
-12
-9
-7
-9
-3
2
1
2
3
9
9
10
2
5
8
5
4
6
1
2
3
3
-3
-5
-7
-9
-6
-5
-3
-1
2
6
9
3
9
14
16
13
19
16
12
12
15
14
14
15
10
8
4
6
-6
2
-5
0
-1
0
2
5
10
6
10
8
12
5
9
10
14
8
17
12
14
10
9
13
9
15
9
14
11
11
8
12
16
13
14
18
13
13
9
17
20
14
19
17
15
20
22
17
21
16
8
10
16
13
9
6
7
1
1
-1
-1
-4
-3
-1
-5
-4
-1
-1
0
6
7
11
7
14
6
19
24
20
21
19
17
15
10
12
13
9
9
4
6
-4
2
-3
4
0
-2
3
-2
3
2
3
5
14
6
12
7
10
12
11
12
2
4
7
4
4
6
0
0
-2
0
-3
-6
1
-4
0
-2
-5
-9
-6
-4
-9
-5
-10
-3
-5
-6
-9
-8
-12
-16
-8
-15
-13
-18
-25
-23
-31
-31
-30
-33
-34
-30
-28
-29
-26
-30
-32
-35
-34
-30
-35
-32
-31
-29
-31
-22
-22
-20
-21
-25
-26
-24
-25
-29
-23
-21
-17
-16
-22
-24
-18
-22
-19
-12
-12
-5
-4
-9
-16
-9
-7
-4
-6
-10
-1
-6
-9
-11
-7
-10
-3
-1
-2
-1
-3
4
-1
6
0
-2
5
6
10
7
9
12
13
16
13
13
13
13
13
13
15
8
7
6
8
9
6
3
4
7
3
1
7
9
8
9
13
15
11
16
20
18
21
19
12
14
6
8
8
6
1
3
5
7
9
7
10
2
3
2
0
-6
-5
-9
-10
-10
-4
-11
-13
-5
-12
-10
-16
-10
-16
-12
-14
-13
-11
-16
-12
-14
-13
-21
-16
-19
-14
-17
-10
-10
-7
0
-6
-2
-7
-3
-14
-4
-6
-10
-11
-10
-7
-12
-9
-12
-4
-6
-3
-3
1
-7
-6
1
-6
1
-4
1
-7
4
3
2
1
3
3
-2
5
-4
0
-3
5
-3
6
1
-4
-8
-6
-6
-8
-4
-5
2
-3
5
-5
1
4
-3
-3
0
-4
0
-8
-6
-4
-10
-6
-7
3
-6
1
4
3
-2
2
-1
-2
-2
-6
-6
-9
-2
-1
0
-5
-3
-4
1
0
3
16
16
18
18
20
21
16
23
13
15
6
19
16
17
24
20
15
20
21
16
30
17
29
18
25
19
21
20
21
23
23
27
22
30
19
33
26
33
31
31
32
35
32
29
33
30
35
32
35
30
36
33
34
35
36
38
38
41
38
37
34
35
32
32
31
21
19
19
21
19
19
18
21
15
15
22
17
16
18
19
12
20
13
9
6
3
4
4
4
-4
0
-4
-5
0
3
-4
-5
3
-3
-6
-8
-12
-13
-14
-13
-25
-22
-17
-10
-12
-15
-10
-12
-10
-10
-10
-14
-16
-15
-23
-22
-16
-23
-16
-19
-22
-23
-19
-22
-26
-25
-23
-22
-26
-22
-25
-21
-28
-25
-25
-29
-25
-22
-19
-26
-20
-19
-17
-19
-15
-23
-24
-22
-25
-29
-34
-27
-28
-25
-29
-19
-23
-24
-26
-24
-29
-28
-20
-25
-19
-26
-16
-18
-22
-28
-23
-28
-30
-25
-25
-29
-24
-24
-31
-16
-17
-13
-15
-10
-13
-14
-14
-13
-11
-10
-6
-8
-3
-2
3
-10
-3
-6
-6
0
-5
-3
-9
-6
-6
-2
-6
-6
-12
-10
-7
-5
-2
-3
3
-3
9
5
6
7
3
1
0
2
-3
-5
-7
-3
-2
-7
-9
-1
-2
2
-3
3
0
0
1
-4
-6
-10
-1
-5
-7
-9
-4
-6
-5
-1
3
-2
0
7
6
6
3
7
4
5
6
-3
1
-1
4
-3
5
12
6
9
13
21
10
21
15
15
13
10
16
13
11
12
15
7
12
13
11
7
18
13
21
20
18
18
16
18
16
12
10
15
10
12
9
15
16
19
13
16
15
15
11
5
14
9
11
4
7
9
6
10
9
12
11
10
10
13
9
12
11
7
13
13
16
13
12
9
13
9
10
9
8
7
8
7
4
5
-2
2
-7
0
-2
-1
-4
-4
-1
3
6
9
16
14
16
11
17
10
12
13
12
9
12
12
13
6
4
6
3
3
10
10
4
15
14
12
11
14
14
19
15
17
16
18
19
22
25
22
24
14
16
16
16
6
15
12
8
7
3
4
-1
3
0
-4
-5
6
1
3
2
7
6
2
12
4
3
4
6
0
6
0
7
3
3
0
-3
-3
-8
-7
-10
1
-12
-4
-10
-7
-9
-7
-6
-6
1
-13
1
-11
-13
-11
-13
-10
-12
-18
-24
-20
-24
-18
-24
-16
-25
-18
-28
-21
-14
-24
-16
-26
-16
-32
-20
-22
-16
-18
-11
-10
-12
-10
-9
-6
-3
-3
-6
-4
-7
0
-12
-3
-11
-4
-4
1
5
1
0
-2
1
-6
1
-4
7
-3
0
2
2
-2
-6
-9
-7
-4
-7
0
-10
-8
-9
-10
-10
-4
-6
-9
0
-3
-11
-5
-3
-1
3
0
-1
-4
-7
-1
-12
-11
-16
-9
-7
-9
-3
-14
-9
-15
-10
-15
-10
-11
-6
-10
-9
-9
-9
-3
-7
0
-7
0
0
0
2
1
-9
-3
-9
-10
-6
-5
-9
-14
-6
-13
-12
-11
-4
-3
0
0
3
3
3
3
6
6
3
10
5
6
10
10
5
4
2
0
0
-2
-5
-6
0
-3
-2
-4
-7
-8
-9
-6
-10
-9
-14
-13
-9
-9
-6
-6
-6
-6
-6
-7
-7
-12
-10
-4
-4
-9
-11
-10
-9
-15
-13
-10
-13
-13
-14
-7
-11
-9
-6
-5
-3
1
7
3
5
7
7
8
1
6
3
-3
1
-4
2
-3
-3
0
0
3
7
4
9
9
-3
3
2
5
4
17
15
13
17
23
23
25
26
24
21
17
16
9
12
2
9
0
7
1
-3
-3
-3
-4
-11
-2
-5
4
1
6
2
10
11
15
9
15
18
19
18
12
23
16
19
16
17
8
10
12
8
6
8
9
10
7
9
14
3
7
5
10
10
10
13
10
15
14
18
13
14
15
17
15
14
19
9
13
9
16
10
10
7
10
6
2
7
1
6
-2
7
1
1
-2
0
-2
3
1
5
8
2
5
0
8
6
6
-2
6
-1
0
-4
-4
-2
0
7
-1
-8
-13
-10
-13
-12
-8
-8
-13
-9
-3
-2
-7
-4
-4
-9
-4
-4
-2
-1
-4
8
4
9
5
7
3
-5
6
1
3
0
9
4
-1
-1
6
1
-1
6
-1
-8
-3
-3
-7
-7
-9
-4
-11
-6
-12
-7
-12
-5
-6
-6
-5
-1
-3
0
5
-4
-1
-5
-1
-14
-10
-21
-23
-23
-22
-21
-29
-22
-25
-22
-25
-13
-19
-13
-10
-13
-13
-14
-9
-19
-8
-10
-6
-5
-4
-4
-5
-5
-10
-10
-13
-8
-11
-8
-12
-11
-13
-16
-12
-13
-9
-7
3
2
7
4
4
3
7
8
6
11
3
4
-3
-2
-3
-1
-5
-13
-13
-9
-7
-12
-9
-15
-10
-6
-7
-3
-3
-5
-12
-6
-6
-5
-5
-4
3
-6
3
1
5
8
8
15
6
6
-1
0
-11
-7
-6
-10
-6
-3
-7
-9
-12
-10
-10
-9
-5
-7
5
-2
12
8
13
16
15
14
9
5
1
-1
-4
-1
-5
4
-5
1
-11
-8
-15
-12
-8
-10
-6
-6
9
1
14
14
25
28
27
32
29
25
22
25
20
23
19
22
10
8
7
10
13
8
17
9
16
9
16
9
10
10
10
14
8
21
15
22
19
21
20
15
15
12
10
13
12
9
6
1
3
0
2
-1
6
1
3
2
1
1
4
4
1
0
-5
1
-4
-1
-7
4
3
2
-3
-5
1
-5
-3
-3
-5
-6
0
-9
-9
-13
-9
-8
-10
-8
-10
-10
-14
-7
-11
-10
-4
-12
-6
-8
0
-2
2
-1
2
8
6
12
5
11
9
15
10
9
4
6
2
3
4
3
4
0
12
7
11
11
17
11
13
7
8
7
11
9
9
6
-1
7
-4
2
-6
1
-3
-3
-3
-6
-2
-2
2
-3
6
3
7
9
11
10
7
9
8
10
10
16
14
13
9
14
9
4
7
12
7
3
8
11
13
7
11
12
9
9
14
9
4
11
7
5
1
0
-4
2
1
-1
-1
-4
0
-6
-10
-9
-3
-10
-12
-9
-12
-12
-15
-14
-13
-16
-14
-10
-17
-14
-12
-13
-14
-17
-16
-13
-12
-13
-12
-7
-8
-10
-13
-16
-15
-18
-16
-18
-19
-19
-19
-19
-14
-19
-15
-14
-16
-16
-10
-9
-12
-12
-10
-9
-16
-6
-9
-3
-6
-3
-4
-3
-7
-10
-8
-8
-6
-10
-6
-9
1
-6
2
-3
4
2
1
-2
-4
-1
-9
0
-12
0
-11
-10
-11
-13
-12
-13
-8
-12
-7
-15
-10
-13
-12
-16
-4
-3
0
0
0
-1
-9
-5
-16
-1
-6
-4
-9
-2
-10
-15
-10
-15
-9
-18
-13
-16
-9
-11
-9
-15
-9
-8
-5
0
-5
4
-6
-1
-5
-4
-3
-1
-3
0
2
-2
1
-3
9
9
15
14
12
9
15
11
12
14
11
20
12
16
12
16
18
16
11
12
15
12
13
14
15
20
20
12
24
24
26
28
27
28
25
27
26
24
19
23
22
24
23
18
20
16
19
17
13
12
14
16
16
15
17
18
15
9
11
9
10
8
13
14
13
19
13
16
6
19
15
7
11
13
19
12
19
14
11
3
4
0
-10
-5
-8
-9
-3
-8
-16
-6
-13
-11
-14
-13
-13
-15
-12
-17
-14
-13
-9
-10
-13
-13
-5
-13
-7
-6
-13
-7
-13
-12
-11
-10
-10
-4
-4
0
-1
-2
3
4
6
7
9
-1
8
8
4
1
-1
-1
-3
-1
0
-4
-1
3
-1
-4
0
5
-3
0
7
0
-1
7
6
7
11
14
9
13
10
9
13
9
11
2
8
4
8
6
1
3
-4
-2
0
-3
0
-3
-6
-2
-8
-1
-6
-2
-4
-6
-3
-10
-10
-17
-13
-22
-19
-21
-19
-23
-22
-24
-27
-22
-29
-17
-21
-12
-12
-9
-7
-5
-14
-10
-10
-19
-10
-15
-11
-9
-9
-9
-8
-12
-3
-7
-5
-10
-7
-1
-6
3
-2
0
-6
-2
-4
-9
0
-4
-8
-6
1
-1
-1
-6
-2
-2
0
0
-4
2
-6
-3
-6
-4
-6
0
-8
-11
-10
-11
-10
-11
-10
-16
-14
-7
-3
-3
-5
-6
1
-7
0
1
3
6
-2
-3
-4
-8
-14
-21
-20
-20
-28
-22
-28
-27
-25
-20
-18
-22
-14
-8
-5
1
0
-4
-1
0
1
3
2
13
5
8
12
6
5
-1
2
-8
-6
-13
-10
-13
-5
-10
0
-4
-6
2
-5
2
-4
12
1
19
7
16
13
13
15
6
12
15
19
9
15
6
11
4
13
11
14
11
11
9
9
11
6
10
3
14
7
14
9
6
6
0
-4
-1
-1
-2
1
0
2
-6
-4
-4
-6
-2
-4
-2
-4
-7
-9
-8
-4
-1
-2
-1
8
3
6
5
9
6
12
7
13
9
3
7
3
2
0
6
-3
-3
-4
2
-4
-7
-12
-6
-4
-6
0
-4
1
-1
6
10
9
9
12
9
6
7
5
-4
-3
-7
-8
-7
-8
-7
-8
-6
-7
-3
-10
-13
-8
-5
-13
-7
-3
-2
-4
-3
-2
-5
-5
-9
0
-2
-5
-7
-3
-14
-6
-10
-5
-6
-9
-8
-12
-4
-6
0
-6
5
4
9
10
16
14
11
18
15
15
13
12
2
7
5
4
0
1
-2
-4
-5
2
0
-2
2
0
-1
-4
1
0
5
-1
7
3
0
5
0
6
4
12
6
12
7
6
10
1
-2
-1
3
-6
-2
3
2
1
3
0
3
6
6
10
14
16
16
15
12
16
14
13
14
12
7
9
16
12
9
9
8
3
6
7
8
8
9
13
9
9
6
10
3
5
4
10
13
10
15
14
8
11
15
4
12
9
6
3
0
-1
-3
0
-5
-3
-3
3
2
2
3
5
5
-1
6
4
3
0
0
-3
-6
-5
-9
-5
-3
-3
-3
-5
-9
-6
-9
-9
-10
-8
-9
-14
-11
-15
-9
-16
-9
-10
-12
-4
-3
0
2
6
3
5
9
13
11
10
6
3
7
7
4
4
2
-2
-3
-3
-3
-3
0
6
3
5
10
10
9
5
7
3
4
6
1
-2
-2
6
5
4
5
4
6
-3
2
-1
-3
4
1
0
1
0
1
6
2
-1
4
2
3
6
3
1
-1
1
-3
-4
-9
-7
-8
-7
-8
-12
-6
-9
-7
-8
-7
-6
-10
-8
-6
-9
-3
-4
-8
-6
-8
-7
-6
-7
-3
-8
-12
-10
-12
-5
-16
-17
-13
-19
-20
-15
-14
-19
-20
-18
-12
-16
-13
-11
-4
-5
-5
-3
-6
-7
-3
-5
-6
-7
-6
-8
-11
-7
-10
-9
-9
-6
-9
0
-3
-6
-2
-4
-3
-1
0
-3
-3
-4
3
7
7
10
9
12
16
17
19
16
15
13
13
13
10
7
8
1
6
2
3
-3
4
6
5
12
5
15
10
20
19
11
11
16
10
9
9
3
10
-1
3
2
0
2
3
-3
0
-3
-7
-4
1
-6
1
6
3
9
9
14
16
15
13
18
23
26
22
16
18
22
21
13
14
18
11
17
13
19
16
16
16
10
15
11
10
12
15
15
21
10
26
22
22
21
23
22
12
19
9
5
3
7
3
4
1
4
1
5
0
1
0
-6
2
-3
1
0
4
-4
-2
-4
-7
-9
-8
-6
-11
-10
-17
-18
-14
-16
-13
-9
-16
-10
-12
-15
-14
-19
-19
-15
-12
-17
-15
-19
-21
-17
-19
-22
-20
-13
-16
-21
-17
-15
-16
-12
-10
-11
-5
-7
-4
-6
-14
-16
-13
-13
-10
-12
-14
-9
-12
-8
-11
-5
-12
-12
-9
-9
-15
-11
-8
-13
-17
-18
-17
-24
-27
-25
-19
-26
-14
-21
-24
-22
-19
-18
-18
-16
-22
-16
-16
-12
-14
-13
-13
-14
-15
-10
-21
-15
-18
-16
-15
-13
-7
-7
-5
-7
-5
-5
1
-2
4
-6
0
-2
4
10
12
10
17
16
13
13
10
10
6
13
6
9
-2
5
-5
3
0
3
4
1
0
0
3
-7
6
3
6
0
10
4
6
9
9
11
11
16
6
7
3
1
-3
3
5
-2
4
0
-2
-7
3
-4
-3
2
7
6
8
14
3
12
5
17
9
15
13
12
13
10
19
13
20
13
15
13
12
10
18
11
8
12
11
12
9
10
8
13
14
19
15
15
18
20
13
13
14
13
15
17
22
19
19
19
21
17
18
16
16
12
9
8
6
5
5
2
-2
3
3
3
2
0
-3
0
-4
4
4
-4
6
5
3
-1
3
5
0
3
-3
-4
-2
-3
2
0
-6
0
1
1
4
3
5
-5
-6
-9
-3
-10
-5
-3
1
3
-5
4
1
8
10
16
6
14
7
9
10
3
3
3
0
-5
1
-13
-6
-13
-9
-10
-5
-1
-6
1
-4
0
-1
1
3
2
0
3
0
3
0
-3
1
0
-1
-4
-2
-4
-7
-10
-12
-15
-18
-18
-21
-22
-23
-23
-25
-22
-24
-19
-17
-20
-20
-23
-20
-19
-20
-23
-22
-23
-21
-20
-18
-17
-15
-7
-10
-7
-3
-4
-9
-9
-7
-7
-7
-11
-7
-10
-13
-10
-10
-16
-12
-9
-10
-10
-6
-8
-10
-5
1
3
3
3
0
-4
-8
-7
-15
-19
-15
-11
-12
-13
-13
-10
-6
-11
-10
1
-5
0
3
-1
3
3
1
4
3
-8
5
1
5
1
0
-5
-5
-7
-13
-6
-7
-4
-9
0
-5
-1
-4
5
0
0
7
6
10
8
17
6
12
7
9
5
7
6
10
7
6
9
5
12
4
9
1
9
11
12
15
7
11
9
17
17
16
11
16
19
15
19
13
10
11
18
16
12
10
17
12
12
12
17
16
14
17
16
27
21
29
18
22
19
20
18
16
21
20
21
12
13
0
8
4
6
7
4
4
4
2
-1
8
6
10
5
12
11
13
9
12
9
11
18
15
19
12
17
10
14
13
11
10
5
6
2
3
-7
-2
-7
-7
-4
-9
-6
-5
4
0
3
1
0
2
4
1
5
3
6
7
0
5
-10
0
-6
-4
-12
-10
-15
-16
-17
-14
-11
-19
-11
-18
-8
-16
-10
-13
-9
-4
-4
1
-1
6
-1
1
6
-2
1
8
4
7
7
16
10
11
7
3
3
5
10
4
6
6
6
7
3
2
4
8
10
9
13
13
5
4
1
4
-3
0
0
-8
-3
-8
-9
-11
-13
-12
-13
-11
-9
-10
-9
-6
-2
-3
-1
0
-6
-3
-7
-8
-3
-3
0
-3
-3
1
-3
-4
-11
-13
-13
-10
-10
-20
-13
-14
-12
-16
-9
-11
-9
-5
-3
1
-2
2
-4
2
4
7
6
11
3
6
2
3
-3
-4
-10
-14
-14
-21
-9
-21
-10
-17
-16
-22
-12
-15
-12
-8
-11
-1
-3
1
-5
-3
-7
-2
-11
-9
-12
-17
-13
-19
-20
-24
-22
-25
-19
-16
-16
-16
-12
-10
-16
-7
-10
-7
-3
6
3
10
5
11
15
6
13
3
7
1
7
3
3
3
-1
-3
-2
-3
-5
-1
-9
3
0
11
10
13
12
19
16
14
14
10
16
10
8
7
8
0
5
-1
6
0
6
7
1
3
3
10
5
11
4
6
7
3
-5
-3
0
4
7
8
4
1
6
2
5
1
0
0
-3
-1
-9
-7
-8
-9
-6
-5
-5
-10
3
-3
1
0
-2
0
-7
-9
-12
-7
-7
-15
-14
-16
-14
-12
-18
-9
-19
-13
-18
-11
-8
-4
-9
-18
-16
-21
-17
-21
-14
-16
-5
-9
-1
-3
3
3
-1
0
5
8
0
7
3
4
-3
-3
-4
-1
0
2
1
4
2
2
7
4
13
11
13
11
15
16
12
17
9
12
12
10
6
2
6
2
6
6
8
8
3
4
2
-4
-2
0
4
3
3
8
1
10
3
6
9
6
10
4
0
5
3
-1
0
1
6
-2
0
2
-6
-1
-2
-2
1
-5
-1
-1
3
-1
3
4
6
12
6
8
3
6
3
5
6
6
0
9
9
10
15
12
8
7
10
10
8
4
10
-1
5
-3
6
3
8
13
10
13
7
12
2
10
9
8
12
17
13
17
13
16
14
11
16
10
16
13
23
18
25
22
21
22
18
20
16
19
13
23
16
18
7
10
16
11
15
7
9
3
13
2
6
6
4
7
4
6
-2
6
-3
4
1
4
6
1
7
4
1
-4
-3
-1
1
-9
-5
-11
-13
-15
-6
-10
-11
-13
-16
-16
-22
-16
-25
-19
-24
-22
-25
-15
-14
-13
-12
-14
-10
-10
-9
-15
-7
-14
-7
-16
-14
-12
-13
-12
-16
-10
-17
-15
-11
-13
-18
-16
-23
-18
-22
-21
-16
-12
-7
-9
-2
-7
0
-4
-3
-4
-3
4
-1
9
5
7
5
5
4
5
6
10
13
9
10
11
12
9
10
9
17
7
9
3
3
3
0
8
2
1
-3
6
0
3
6
9
5
4
4
1
-1
-9
6
-4
-1
-4
-2
1
-6
-3
-3
-5
-6
-6
-12
-10
-10
-10
-21
-20
-25
-23
-28
-29
-26
-28
-26
-32
-22
-25
-27
-21
-16
-17
-18
-25
-20
-17
-27
-20
-22
-20
-26
-27
-25
-24
-21
-19
-20
-23
-17
-12
-14
-15
-12
-11
0
-4
-2
6
-1
6
5
2
5
1
5
-3
-4
-5
-3
3
-5
-1
0
1
-4
0
-3
0
3
1
4
-8
0
-3
2
-1
5
11
11
12
8
14
11
5
4
10
9
13
13
16
8
8
7
8
7
3
7
6
3
1
7
5
10
7
9
10
13
9
9
13
3
6
6
7
1
3
6
-3
1
3
4
3
4
1
5
2
6
9
6
4
3
0
0
6
-2
3
3
14
9
13
12
12
15
16
23
20
22
20
25
12
16
19
22
15
16
12
14
16
19
28
30
29
26
34
23
26
23
29
25
25
27
21
19
16
19
10
19
13
13
7
7
7
0
2
5
5
1
3
2
3
1
8
4
8
3
4
5
3
-2
0
0
-6
1
-4
2
0
-2
2
-7
0
-1
1
-4
-2
6
0
1
-2
1
-5
-8
-10
-7
-19
-10
-15
-25
-29
-23
-26
-34
-27
-37
-27
-35
-25
-26
-19
-22
-19
-15
-12
-13
-14
-14
-12
-14
-20
-12
-22
-12
-28
-26
-27
-22
-22
-27
-18
-19
-16
-17
-16
-15
-9
-15
-16
-15
-9
-15
-8
-1
-5
1
0
10
7
13
8
8
6
4
3
-3
3
1
0
3
7
6
6
7
9
5
7
8
13
15
6
10
11
12
12
13
10
1
6
4
5
6
8
15
15
11
7
5
-1
-5
-7
-6
-6
-2
-7
-5
-5
2
4
0
7
6
9
11
15
12
11
10
13
8
12
10
7
1
5
-5
-3
-4
-11
-5
-6
-2
1
-3
-5
-5
-8
0
-9
-1
-6
-4
0
2
2
1
5
0
-1
-5
0
-4
-3
-5
2
-6
-3
-3
-3
-10
-8
-2
-4
0
3
6
3
13
4
10
7
9
11
7
5
6
7
-1
9
4
10
2
9
7
6
9
3
8
-2
6
1
7
3
7
7
2
2
2
8
12
12
7
9
7
8
2
6
4
9
9
3
4
-1
1
-4
-1
3
7
2
4
5
2
7
1
5
7
7
4
6
4
3
-3
1
-4
-2
5
-3
4
-3
-1
-3
-3
-4
1
-5
-4
-2
-2
-1
-1
7
1
8
3
8
4
9
6
8
14
3
7
5
6
3
3
-2
1
-3
-9
-3
-3
-5
-6
-3
-6
0
-3
2
-1
0
3
9
14
14
13
9
15
12
13
2
3
-1
0
4
-4
-3
-8
-9
-15
-14
-13
-8
-9
-13
-9
-8
-3
-6
-6
-3
0
-4
-1
-4
-10
-13
-4
-7
-13
-12
-15
-13
-20
-14
-14
-11
-24
-20
-16
-22
-17
-15
-10
-21
-13
-15
-12
-17
-13
-12
-16
-12
-12
-18
-25
-18
-22
-25
-23
-19
-22
-21
-18
-15
-19
-16
-17
-18
-16
-15
-16
-14
-14
-15
-10
-5
-5
-3
5
-1
5
0
-2
-9
-4
-4
-8
7
6
6
1
6
6
6
-4
0
3
0
-2
3
9
9
13
13
13
13
11
7
11
6
12
3
8
11
4
9
6
8
0
11
9
7
11
18
8
13
11
6
11
2
11
10
14
13
17
15
12
10
12
11
10
17
15
17
13
13
10
9
3
7
3
0
-3
-6
-3
-6
0
-5
0
-2
-1
-3
-6
-2
-8
-2
-10
-2
-5
-4
-2
-7
-5
-6
-1
0
-1
1
3
1
5
3
9
8
9
12
16
16
9
17
10
13
9
18
13
12
10
8
7
3
6
8
7
6
13
6
13
4
9
9
11
11
8
12
9
10
10
16
7
11
16
11
6
3
3
3
4
9
5
2
3
6
7
2
-2
6
-1
-3
-4
-3
-7
-12
-9
-7
-7
-3
-1
-7
-1
0
-2
-6
-1
-10
-3
-7
-9
-9
-12
-6
-13
-13
-16
-11
-14
-10
-16
-13
-12
-12
-14
-12
-2
-3
-1
-5
-2
-4
2
-1
-2
2
4
-2
6
10
2
4
4
4
1
7
2
1
-2
-1
1
-2
2
4
-1
-2
2
-1
-5
-8
-2
-4
2
4
5
7
2
-2
-2
-5
-4
-8
-7
-3
-4
-1
-6
-6
-9
-5
-7
-2
-3
0
-1
3
-1
-4
-3
-10
-9
-7
-2
-9
-9
-10
-8
-6
-7
-9
-4
-8
-9
-6
-7
-6
-6
-2
0
1
6
2
-1
-4
0
-4
-5
-4
-6
-9
-7
-1
-13
-11
-11
-13
-11
-9
-9
-9
-19
-16
-19
-19
-14
-9
-6
-12
-5
-9
-7
-14
-7
-12
-6
-5
-4
-7
-8
-8
-7
-1
-3
9
4
5
1
10
3
1
2
1
1
-2
4
4
10
6
10
4
4
0
2
1
1
2
-4
-6
-9
-6
-8
-2
-7
-2
-11
-9
-6
-10
0
-5
0
-2
0
-3
0
-1
1
-3
5
6
-3
3
-2
9
4
8
7
7
8
11
7
5
1
-1
6
-1
5
-1
5
1
9
13
17
16
11
9
6
13
13
10
12
13
7
14
7
9
7
7
3
4
4
2
-1
-1
0
-9
-7
-12
-9
-9
-10
-6
-10
-13
-14
-15
-13
-11
-7
-7
-4
-10
-4
-9
-9
-17
-12
-13
-6
-3
-10
0
-6
0
-8
-2
-4
0
-3
3
-6
-2
-6
-6
-4
1
4
-3
0
-5
6
-1
6
2
14
9
9
9
11
5
1
11
10
14
8
15
16
20
20
21
22
25
24
25
24
18
20
18
16
18
17
15
16
15
12
16
14
18
19
23
24
20
28
20
19
16
21
15
16
20
19
13
9
6
-2
1
1
7
7
11
7
6
3
8
4
6
9
13
10
6
8
4
10
9
15
14
10
7
12
12
13
9
1
2
3
-4
-4
-5
-8
-7
-8
-3
-9
-4
-6
-4
-6
-3
-9
-7
-1
-8
-4
-4
-12
-14
-10
-12
-5
-10
2
-6
-4
-4
-7
-7
-6
-3
-10
-6
-9
-7
-13
-9
-5
1
-2
0
8
8
-3
-3
-3
-13
-8
-14
-7
-13
-15
-17
-17
-16
-17
-16
-10
-7
-10
-5
-10
-7
-16
-9
-13
-13
-10
-6
-5
-13
-4
-11
0
-5
-4
-5
-3
-3
-9
-3
-7
-4
-12
-9
-11
-9
-14
-9
-10
-6
-3
-6
-2
-4
0
-3
-1
-1
5
7
8
1
2
-6
-3
-2
-9
-7
-14
-7
-9
0
-3
-2
-6
-6
-1
-6
3
6
6
4
6
6
7
6
10
11
5
6
2
6
-3
1
-4
-2
-3
-11
-10
-11
-7
-10
-1
-3
6
2
8
10
3
7
6
10
9
18
11
10
4
6
3
0
-3
-2
-7
-7
-6
-14
-9
-13
-10
-12
-4
-6
-3
-4
-2
-4
-2
2
-1
6
3
12
3
7
3
2
0
4
3
-2
-7
-11
-7
-14
-12
-13
-11
-14
-12
-16
-13
-11
-10
-7
-6
-2
-2
1
-2
3
-3
4
9
5
9
4
10
3
5
3
6
8
4
0
-1
-1
-3
0
0
1
3
10
4
6
4
10
4
6
10
8
13
9
14
6
9
10
9
5
12
9
9
12
11
12
10
18
19
20
19
21
15
16
14
13
12
15
20
17
16
14
8
5
-1
-1
4
2
3
0
7
6
1
6
1
-3
1
3
9
18
20
21
16
20
15
14
12
13
8
9
12
4
2
-1
0
0
-3
-2
3
-6
-1
-9
-3
-8
-10
-5
-6
-2
-7
1
-2
4
1
6
9
10
3
3
9
6
9
6
5
-2
0
-2
1
0
0
1
-6
-4
-9
0
-7
-7
-8
-9
-5
-9
-7
-3
0
-3
5
-3
3
-5
-8
-9
-9
-5
-7
0
-8
0
-6
-10
-10
-7
-12
-10
-4
-10
-10
-7
-3
-6
-6
-15
-13
-13
-8
-10
-6
-5
-7
-10
-11
-2
-8
-6
-5
-3
-12
-8
-12
-17
-19
-16
-9
-7
-12
-17
-13
-20
-14
-15
-7
-10
-13
-5
-6
-5
-7
-5
-12
-7
-8
-9
-4
-1
0
-4
0
-4
-2
-6
-6
-10
-3
-2
-4
0
1
2
0
4
9
8
9
13
4
9
2
3
2
3
-1
-6
4
0
1
-2
6
-1
2
2
4
0
-1
6
7
11
10
16
12
17
10
13
7
5
4
3
3
-7
-1
-6
-10
-12
-5
-12
-8
-9
-7
-13
-13
-7
-13
-9
-9
0
-1
-2
3
1
-7
-5
-5
-7
-1
-6
-6
-6
-11
-7
-8
-14
-12
-7
-13
-6
-12
-8
-5
-5
-4
1
1
-7
-1
-3
2
3
3
1
-1
1
-3
-5
-3
-9
-6
-10
-12
-9
-6
-8
-7
-8
-3
0
-9
-3
-7
-2
-9
-2
-6
-1
1
3
1
1
4
-1
1
-4
-3
-10
-9
-15
-6
-21
-12
-19
-23
-22
-18
-17
-23
-13
-18
-17
-21
-12
-15
-4
-7
1
-4
0
3
-3
5
2
3
2
6
7
9
4
11
6
10
2
5
5
4
6
3
8
2
13
12
10
13
19
20
9
15
15
16
14
14
13
14
14
13
13
8
9
9
16
10
18
14
14
13
16
18
16
22
16
20
23
27
31
31
23
25
24
29
26
29
25
23
25
22
20
12
15
9
15
10
9
4
3
2
1
-6
-3
3
-6
3
3
3
-6
-6
-13
-13
-7
-9
-3
-5
-4
-7
-4
-5
-10
-6
-6
-7
-13
-9
-13
-9
-9
-7
-4
-6
-4
-8
-4
-11
-1
-4
-4
-3
-2
-5
-6
-4
-8
-6
-7
-6
-9
-6
-9
-12
-10
-3
-7
0
-2
0
1
-5
-2
-2
0
-3
-5
-7
-1
-7
-9
-8
-9
-4
-8
0
-1
5
6
5
9
4
12
11
11
13
9
3
6
3
8
7
9
11
7
9
2
3
-1
5
6
10
10
10
14
13
18
17
16
16
15
18
22
16
12
11
15
15
16
21
13
14
10
15
13
4
-1
-4
-7
-4
-4
-7
-13
-9
-10
-12
-11
-11
-7
-16
-10
-4
-1
-5
-6
-7
-4
-6
-5
-4
-8
-9
-12
-9
-8
-7
-10
-3
-8
-1
-3
-2
-7
-1
-7
0
-7
-2
-2
-4
3
-7
12
-2
9
-1
6
3
-4
-8
-4
-9
-10
-10
-9
-11
-15
-7
-14
-13
-18
-2
-9
-4
-11
-6
-10
-5
-3
-4
7
-3
2
1
4
-2
5
3
0
2
-2
1
-7
-7
-5
-9
-4
-11
-8
-17
-12
-10
-12
-13
-6
0
4
2
1
1
0
6
-1
2
-3
2
-6
-4
-13
-10
-13
-7
-6
-9
-9
-11
-6
-16
-5
-18
-13
-15
-7
-11
-9
-13
-12
-9
-13
-2
-7
-4
-5
1
-5
0
-7
-7
-13
-14
-14
-13
-7
-8
-7
-6
1
-3
0
0
4
2
5
6
6
13
12
15
14
12
13
13
16
13
17
16
16
15
17
9
13
12
10
13
6
12
4
10
2
3
-3
3
-1
0
1
2
-2
-3
-2
-13
-4
-15
-12
-20
-9
-11
-6
-7
-3
-4
-9
-5
-3
-3
-5
3
-12
2
-7
0
7
7
6
4
9
2
6
4
2
0
-3
0
-4
-6
-4
-6
-4
-1
1
4
1
-2
-1
-4
1
-3
2
1
6
7
3
5
3
4
3
4
4
-3
-10
-6
-7
-4
-6
-3
-7
-3
-1
-2
3
3
3
5
5
3
12
6
10
11
12
19
18
17
20
12
10
15
10
12
10
11
13
5
0
3
-4
2
-1
3
4
11
9
9
13
15
22
17
17
18
18
14
16
8
14
11
15
8
6
12
10
5
3
15
12
11
5
16
15
13
7
8
7
6
4
3
4
6
10
3
13
0
3
3
1
3
4
4
-1
-2
-12
-7
-9
-6
-10
-6
-5
-3
-9
-9
-8
-11
-6
-6
0
-6
-1
-2
-2
-6
-3
-4
-12
-4
-9
-1
-4
1
-3
1
0
6
6
-2
3
-2
0
-4
-1
-2
-2
3
7
0
2
-1
-3
1
2
3
3
6
-5
3
-4
-5
-2
-3
-9
-7
-6
-4
-6
-7
0
-7
3
-5
-3
-11
-8
-5
-13
-7
-10
-7
-16
-10
-7
-10
-10
-7
-6
-2
-2
-9
-2
-13
-6
-7
-7
-12
-11
-9
-12
-7
-14
-9
-14
-7
-11
-1
-8
-12
-13
-14
-15
-22
-15
-16
-12
-16
-13
-17
-9
-7
-2
-6
-1
1
0
5
-1
0
0
3
4
5
-2
1
-2
-2
0
-7
-5
-3
2
-2
-4
-4
-5
-13
-7
-7
-6
0
-6
-1
0
6
1
9
13
13
15
13
15
7
12
11
10
5
7
3
2
3
-3
3
3
3
1
10
11
7
6
8
8
6
9
7
4
0
6
5
2
4
0
2
-3
-3
3
1
-3
-6
-7
-10
-7
-12
-12
-12
-12
-11
-16
-13
-12
-12
-6
-4
-6
3
2
2
6
1
0
2
8
0
-1
-3
-2
-8
-9
-8
-9
-10
-8
-9
-9
-7
-8
-5
-8
-1
-8
0
1
7
4
9
14
16
25
23
28
22
27
21
20
13
24
20
15
17
17
16
9
13
9
14
12
18
13
16
14
16
19
12
17
15
18
10
15
8
9
6
6
7
0
4
-1
7
-4
7
-2
2
-3
0
7
1
10
0
5
3
3
1
-4
-1
3
-2
0
-2
0
-6
-3
-4
-13
-7
-16
-12
-17
-15
-18
-13
-16
-15
-4
-10
-3
-7
-1
-2
-2
1
10
10
7
2
-3
1
-5
-3
-7
-6
-5
2
3
9
6
4
6
4
0
0
5
0
6
-3
1
3
4
8
7
10
2
10
3
1
3
3
-1
-1
0
-2
7
3
6
4
4
-2
2
-2
-1
-2
-3
-1
-2
0
-9
-6
-8
-4
-8
0
-8
0
-2
-4
7
-2
5
3
8
1
3
-2
-3
-7
-7
-4
-5
-4
-9
-3
-8
0
-2
-6
-3
-3
3
3
3
3
2
1
7
4
1
-4
-3
0
-4
-6
-3
-1
-3
8
1
6
0
2
1
-2
-3
-7
-4
-11
-4
-3
-2
-6
-4
-1
0
-3
-1
-2
-3
-8
-9
-4
-9
-4
-9
-9
-10
-3
-2
2
8
4
12
7
5
6
2
4
-1
4
6
3
3
4
1
-7
-2
-1
-2
-6
1
-5
-3
-1
-3
-3
-7
-3
-2
3
2
7
4
3
-2
0
-6
-9
-6
-6
-5
-9
-7
-14
-3
-12
-14
-19
-20
-15
-21
-16
-16
-16
-17
-22
-18
-15
-22
-19
-28
-16
-23
-22
-23
-24
-17
-25
-17
-25
-17
-20
-17
-18
-18
-16
-14
-16
-18
-13
-19
-5
-9
-11
-7
-4
-6
-3
4
0
4
2
4
-5
-6
-9
-10
-9
-16
-9
-22
-16
-13
-6
-8
-6
-4
-5
-2
-2
-3
-9
-6
-6
2
1
10
6
5
12
11
9
9
5
9
7
5
5
4
6
3
5
4
12
7
7
5
12
12
17
18
18
25
23
31
22
28
26
29
23
21
25
22
22
15
21
22
21
17
14
21
19
17
19
13
16
16
19
14
12
13
13
13
13
14
18
19
19
17
18
17
17
8
10
11
4
7
3
7
5
-2
-6
-3
-7
0
2
4
6
8
13
8
9
13
13
12
13
10
10
3
6
7
-1
3
7
4
0
1
-1
-4
-5
-4
-7
-7
-12
-15
-11
-9
-9
-5
-9
-7
-4
-7
-10
-7
-7
-6
-3
-3
5
0
-7
-4
-3
-3
-1
-7
-6
-7
-5
-8
-3
-6
-3
-2
-11
-10
-15
-6
-11
-8
-10
-9
-12
-12
-6
-5
-6
-5
-4
-5
-4
-6
-5
-9
-6
-5
1
-5
0
4
-1
-2
-1
-6
0
-5
-3
-3
-3
-3
-7
0
-5
-1
-11
-2
-6
-3
-2
-1
-5
-6
-6
1
-5
-4
4
1
6
0
8
-3
7
5
9
7
7
4
4
3
6
6
3
10
13
14
3
12
9
12
9
12
11
13
14
9
10
6
12
11
4
9
12
6
9
-1
-2
4
0
0
-1
6
-4
-3
2
-4
3
-8
0
-3
0
-4
0
-8
-5
-1
-3
0
0
3
3
8
-8
-4
-12
-7
-14
-8
-5
-7
-2
-9
-6
-11
-7
-13
-10
-8
-1
-5
-3
-3
0
-3
-5
-3
-2
-2
-2
4
-2
-1
-3
-3
-9
-9
-9
-14
-14
-17
-16
-22
-11
-7
-5
-2
5
4
5
5
-1
