SAMPLES:	16066
BITSPERSAMPLE:	16
CHANNELS:	1
SAMPLERATE:	16000
NORMALIZED:	FALSE
2
-9
-7
-6
-9
-19
-29
-34
-21
-7
0
-3
7
8
3
-6
-17
-14
-18
-19
-24
-10
0
9
0
-6
3
-1
-3
-16
-18
-16
-10
0
3
-1
3
12
16
11
4
-12
-13
-5
-6
-12
-6
9
7
10
12
19
17
-2
-3
-4
4
7
2
-4
8
30
28
19
0
3
12
11
-16
-12
7
10
10
5
18
12
3
-3
6
9
8
-9
3
20
28
20
7
10
21
22
4
-6
-5
9
5
1
-2
20
26
19
4
13
23
20
4
-11
14
15
20
9
15
31
26
16
2
6
9
7
5
12
18
21
18
12
6
7
9
-3
0
6
16
11
2
9
22
26
10
7
12
26
17
9
10
26
34
21
15
10
22
28
20
6
0
6
15
10
0
-6
9
18
17
9
-1
-7
1
9
0
-3
4
7
10
13
9
2
1
2
7
5
-3
5
-2
2
-3
0
-3
-13
-3
-3
0
-13
-10
-13
-14
-5
-17
-22
-13
-10
-15
-20
-16
-13
-11
-5
-16
-9
-9
-4
-13
-20
-20
-17
-10
-29
-28
-19
-13
-13
-7
-9
-13
-16
-13
-5
-7
-7
-12
-6
7
11
-4
-6
-8
5
7
-10
-19
-15
6
1
-9
-23
-15
-4
0
-13
-20
-15
-8
-1
-17
-16
-23
-9
-15
-15
-9
-11
-2
-8
-4
1
6
-6
-4
-6
-4
-6
-10
-11
-17
-19
-15
-19
-21
-19
-22
-23
-23
-11
-19
-19
-22
-23
-13
-12
-15
-16
-10
-8
-3
-6
-9
-8
-9
-1
-3
-7
-6
-6
-3
-5
-7
-9
-6
2
3
0
-4
5
13
7
1
2
16
14
6
-2
4
13
6
-4
-17
-7
-3
-1
-10
-15
-12
-3
-3
-8
1
-2
2
0
3
-3
2
-3
0
13
13
8
6
12
10
14
11
10
7
10
4
6
3
0
4
1
-2
11
7
-4
-1
-6
1
2
9
6
11
9
9
8
4
7
5
6
1
3
3
4
-5
-9
-6
-7
-6
-7
-6
-6
0
-2
-3
-4
0
6
4
9
9
16
13
14
14
17
21
16
22
19
15
11
9
7
6
4
5
5
2
6
-5
-5
0
7
12
6
10
21
24
28
25
23
29
34
30
25
28
28
19
17
16
13
13
18
12
4
13
10
6
6
12
8
16
16
16
18
12
22
20
29
30
28
28
31
28
31
26
26
19
19
21
12
12
9
16
4
6
1
8
4
3
5
2
6
8
11
6
3
0
13
13
16
10
11
8
5
4
-3
-2
0
0
-6
-6
-6
-8
-10
-9
-18
-19
-9
-6
-9
-9
-9
-4
0
-9
-6
-6
-14
-18
-16
-13
-21
-18
-20
-14
-24
-26
-23
-29
-25
-22
-23
-23
-17
-20
-15
-21
-20
-22
-16
-13
-15
-13
-10
-9
-9
-4
-6
0
-3
-10
-8
-6
-10
-10
-12
-13
-13
-11
-11
-12
-13
-16
-9
-13
-11
-15
-3
2
-13
-10
-1
0
-7
-6
3
0
-5
4
9
4
-6
-3
-3
-9
-6
-15
-4
-12
-12
-3
-6
-4
-19
-6
2
-10
-16
-5
6
0
-3
6
9
2
-6
6
13
4
-2
7
9
1
-1
3
17
5
0
9
21
12
-6
12
12
2
-9
7
7
-11
-12
-1
9
-4
-15
-2
12
-2
-14
-4
8
-10
-15
0
13
-10
-24
1
10
-8
-18
5
11
-6
-11
12
17
-2
-13
10
21
-6
-10
5
12
-7
-10
-2
5
-8
-22
-8
-3
-7
-22
-8
3
-12
-26
-10
10
-12
-21
2
13
-2
-7
9
15
-4
-13
3
8
-10
-13
7
13
6
6
10
13
-6
-17
-9
-4
-11
-20
1
7
-5
-3
-1
15
1
-6
15
10
0
-6
0
3
-6
-9
-8
4
-14
-20
5
-3
4
-9
-3
-1
-10
-4
-6
2
1
0
10
10
10
10
4
9
-7
8
-10
-5
3
3
5
-10
3
-7
-4
-10
-10
-3
-11
-4
4
0
-1
-8
5
2
5
6
-5
11
3
5
-9
-9
-9
-27
-17
-15
-9
-17
-19
-4
-13
-21
-35
-17
-8
-29
-10
-3
2
-10
-13
18
3
12
9
17
24
0
18
16
21
9
8
15
10
18
5
9
6
-3
3
-3
21
11
12
9
9
30
-5
19
12
31
18
5
38
15
28
3
32
29
-3
10
-3
14
-5
-2
18
4
6
-1
17
6
-6
2
-6
11
0
6
4
15
23
3
23
16
28
3
0
26
-6
4
-10
14
7
-9
8
-4
13
-9
0
13
-11
7
-1
4
4
-2
20
-3
9
-12
10
10
-9
20
2
13
-12
-8
12
-14
-6
-14
3
-7
-30
6
-13
3
-17
-10
20
-18
0
-20
9
-1
-14
15
-2
27
-12
6
18
-17
5
-26
8
3
-22
10
-12
17
-19
-19
10
-22
7
-34
4
-3
-20
-6
-22
25
-26
-6
-3
4
3
-37
23
-3
-7
-16
-2
28
-31
11
10
15
-3
-12
52
-6
1
5
28
13
-23
29
15
7
-10
17
26
-12
7
16
24
-2
15
20
16
6
-4
30
-14
4
3
-6
16
-3
25
-19
-4
8
-25
7
-21
23
-1
-21
32
13
16
-22
16
29
-19
8
-4
22
-25
-28
22
2
-13
-39
18
-8
-39
-20
-1
6
-33
-8
30
3
-11
-14
21
5
-23
10
-7
10
-28
-3
25
-20
13
-21
3
-3
-27
12
-47
5
-26
-26
0
-39
25
-35
-3
7
-7
16
-35
37
3
-3
0
-10
31
-37
8
11
5
-6
-16
27
-19
-3
-16
3
13
-25
20
-5
16
-7
-3
22
-19
21
0
19
-1
-1
25
-13
9
10
17
4
-7
15
6
-5
3
8
14
-1
-4
18
11
-4
0
9
11
-11
10
20
-3
8
-4
29
3
-2
21
10
18
-11
12
11
0
0
0
19
-9
0
1
12
4
-7
13
2
6
-6
13
12
-1
9
2
7
3
-6
4
-7
-4
-8
-12
-1
-14
5
-16
-4
-2
-17
-2
-13
-2
-6
-16
4
4
-3
-5
0
10
-13
-3
0
-3
-3
-19
-3
-9
-22
-13
-20
-9
-20
-18
2
-12
-4
-13
9
-3
-11
6
-5
3
-2
9
10
2
4
7
11
6
10
2
-2
-4
-5
-6
-13
-8
-9
-9
-12
-10
-6
-7
-13
-7
-2
-5
-2
-2
12
7
8
14
14
14
6
9
4
-5
0
-2
1
-13
-15
1
-16
-10
-22
-12
-15
-26
-13
-17
-11
-19
-12
-9
-18
-12
-17
-8
-10
-11
-10
-15
-10
-19
-10
-26
-20
-16
-18
-16
-25
-10
-31
-22
-19
-27
-15
-28
-10
-18
-31
-9
-19
-5
-31
-16
-4
-15
-7
-13
8
-7
-6
-5
-5
-7
-17
0
-1
-5
-8
-7
-4
-17
-6
-11
-5
0
-13
10
0
4
1
3
12
-1
7
-3
6
10
-1
11
5
0
3
-9
0
-8
-4
-2
-16
-4
-13
-8
-16
-6
0
-14
-1
6
11
9
9
22
12
11
15
7
5
-2
-1
-1
-6
-7
-13
-3
-11
-5
3
-1
3
3
6
1
3
1
6
4
9
10
9
3
7
3
1
0
-2
0
-3
7
7
13
13
16
13
13
7
13
14
12
9
13
19
16
28
22
41
31
31
32
29
41
25
35
18
15
16
3
12
7
10
8
9
10
17
19
22
22
24
22
25
21
19
22
19
28
15
24
24
22
19
22
26
22
26
25
20
20
17
14
14
4
13
7
7
-2
4
4
2
10
6
10
6
12
9
12
17
15
15
8
7
4
4
1
-5
-8
-8
-13
-9
-13
-18
-20
-15
-16
-19
-12
-17
-16
-15
-5
-6
-7
-3
-8
-10
-7
-2
-12
-11
-9
-10
-8
-5
-8
-12
-14
-16
-19
-27
-28
-30
-24
-23
-25
-17
-19
-23
-13
-7
-10
-4
0
-2
-7
0
-2
0
1
-1
2
0
2
-6
-5
-5
-7
0
-4
2
0
1
-2
-3
4
1
6
0
3
3
5
3
2
11
7
10
13
7
8
10
8
14
10
23
13
14
13
15
10
0
17
11
7
10
14
1
6
6
7
8
7
3
2
-1
-6
-5
-7
-3
-12
0
-3
-4
-1
3
1
3
10
10
7
5
10
-1
7
0
2
0
0
2
-5
2
-4
-7
-6
-5
0
0
-5
-6
-3
0
-3
-13
-7
-6
-13
-10
-10
-7
0
-3
1
2
0
4
2
-2
-3
3
0
1
-3
-5
-8
-8
-5
-6
-3
-2
2
-5
-1
-5
-6
-7
-3
-1
-1
-2
1
3
3
6
3
2
-2
0
-5
-6
-7
-9
-14
-10
-15
-18
-15
-25
-19
-25
-20
-11
-19
-17
-12
-4
-6
-1
1
-3
-2
4
10
10
6
-2
1
-6
-5
-3
-3
-13
-9
-8
-9
-8
-10
-3
-13
-7
-7
-6
-3
1
-2
-4
5
-3
-9
-1
-2
-2
0
-6
-2
0
3
-2
1
1
-6
-7
-5
-4
-10
-6
-10
-4
-5
-5
-1
-3
3
3
4
2
5
10
13
13
15
13
13
11
12
14
10
11
6
12
3
4
10
6
10
13
17
17
20
15
13
9
10
15
16
15
21
21
16
17
24
19
17
21
14
14
8
6
0
-9
-5
-3
-3
-1
-3
-8
-1
-5
-7
-4
-4
-2
3
4
5
4
10
-1
-2
-4
-6
-8
-6
0
-10
-8
-6
-7
-16
-22
-22
-22
-21
-16
-22
-13
-16
-12
-8
-6
0
-5
9
3
7
0
0
-4
-6
-1
-6
-3
-4
-7
-12
-9
-10
-11
-4
2
-3
1
1
9
6
7
16
15
16
11
12
14
12
10
4
2
3
-4
0
-1
-4
0
2
4
3
4
-4
-4
-1
-5
-3
-6
-7
-10
3
-3
1
4
2
3
3
6
4
6
1
6
-4
-3
-8
-9
-3
2
-3
1
5
4
4
2
10
3
8
5
7
6
8
12
9
7
8
10
10
4
0
3
-4
1
-5
-2
-5
-7
-4
-4
-7
-5
0
-8
-8
-6
-4
-6
-7
-3
-3
-8
-6
1
4
4
2
1
1
-8
-2
-6
-8
-6
-3
-4
-5
-4
-8
-6
-15
-10
-6
-6
-10
-4
-6
-1
-2
3
0
0
7
8
4
2
9
-3
6
5
0
-9
-3
-4
-4
-6
-8
-5
-5
-6
-10
-2
-8
-6
-6
-5
-9
-4
-4
-5
-2
0
4
-1
-3
0
-2
-6
-6
-6
-8
-13
-8
-8
-8
-3
-3
-5
-7
-6
-8
-9
-5
-6
-6
-9
-10
-10
-6
-9
-6
-1
0
-3
-4
1
-3
3
-1
2
-3
4
1
-6
-4
-5
-1
-2
0
-3
-4
-10
-6
-8
0
-4
-3
3
0
6
7
0
3
2
4
13
6
18
16
16
14
19
18
13
14
18
12
16
17
10
15
8
11
4
11
9
7
9
9
6
7
2
8
-4
4
4
1
9
-3
5
-3
2
1
7
-2
2
4
8
7
9
9
4
12
4
6
2
3
-6
-2
-12
-10
-8
-7
-2
-3
4
3
2
3
9
6
9
10
13
16
12
16
8
9
12
10
9
12
9
7
10
-3
5
3
6
-3
-1
-3
-6
0
1
3
-5
8
5
2
4
12
2
3
7
6
3
2
4
-3
-4
-2
-3
-16
-12
-18
-14
-17
-17
-19
-12
-14
-21
-12
-14
-13
-10
-2
-6
-5
-4
-2
1
5
9
6
9
15
9
6
5
3
3
4
7
3
6
3
-4
-2
-7
-2
-5
4
2
3
9
3
14
5
9
6
9
11
10
10
7
12
7
13
9
2
-4
0
-6
-4
-6
-7
-12
-13
-18
-15
-13
-15
-13
-13
-7
-12
-3
-5
3
-1
10
11
13
10
6
13
6
12
3
1
-6
-6
-6
-2
-6
-1
-2
-5
-1
-3
-6
-18
-3
-6
-7
-2
-3
1
-2
6
7
12
10
9
11
15
11
6
9
-1
3
-3
-6
-3
-2
5
6
0
-6
-8
-8
-3
-2
6
2
-7
-12
-3
-7
-9
-9
-12
-8
-10
-10
-13
-15
-17
-10
-10
-4
-12
-15
-14
-19
-12
-10
-9
-10
-13
-12
-10
-7
-16
-12
-7
-1
9
2
-4
-19
-15
-16
-5
-10
-12
-22
-29
-20
-14
-16
-19
-19
-24
-13
-16
-14
-19
-10
-16
-4
5
9
9
4
20
10
16
10
6
13
25
23
24
15
14
15
23
26
23
23
11
9
6
12
5
10
1
-4
12
7
10
9
4
3
13
14
10
5
0
3
-6
5
1
0
3
7
13
16
2
3
10
-6
22
22
20
21
19
19
24
19
18
9
7
28
8
1
-7
-6
12
24
16
16
-22
-32
25
36
55
47
-16
-44
-36
-9
50
41
34
10
-9
18
34
25
23
-10
-26
-7
-35
-16
-33
-25
3
0
-5
-1
-23
-18
3
-1
-8
-49
-45
-55
-73
-28
-19
-34
32
55
62
73
16
14
-19
-38
19
-14
-21
4
16
58
67
47
-2
-110
-69
82
94
132
85
-123
-238
-208
-95
35
94
140
83
-56
-61
-35
-93
-117
-20
90
142
185
110
-261
-569
-516
-89
389
683
687
140
-515
-612
-357
15
395
440
294
-7
-191
-122
-224
-231
30
192
453
499
180
-124
-525
-514
-158
-45
188
220
-91
-63
-24
-102
6
-55
14
71
-129
38
-51
-185
31
158
99
-66
-280
-185
22
162
563
345
-108
-261
-371
-169
62
81
252
107
-113
-52
-213
-233
-59
157
451
360
15
-241
-544
-355
60
293
463
172
-261
-274
-295
39
344
311
259
-19
-211
-181
-107
-24
77
-43
100
5
-99
38
-85
-57
78
76
96
-46
-323
-182
-130
9
262
159
-79
-259
-284
-44
130
276
337
9
-220
-239
-210
13
252
295
267
-4
-168
-189
-165
44
331
310
151
3
-223
-222
-84
109
167
54
-105
-11
-106
-91
32
-84
-55
-11
96
63
-89
-171
-69
-59
151
263
44
6
-97
-69
86
73
132
134
63
193
141
42
18
-61
25
132
124
147
-18
-114
71
85
80
61
-138
-161
-82
58
181
20
-121
-240
-246
-120
3
23
-14
-79
-93
-29
-87
-88
-85
-79
-75
-47
-64
-101
-4
73
89
-2
-104
-90
-55
104
205
28
-83
-113
-82
132
184
82
38
-139
-62
97
102
128
18
9
51
32
82
23
-101
64
93
139
164
-68
-109
-7
138
235
154
-40
-140
-135
54
157
109
-56
-172
-48
6
74
19
-98
-89
-35
104
97
-94
-193
-119
-14
72
74
-27
-99
-76
86
59
13
-66
-132
21
29
-4
-72
-160
-117
-10
32
18
-170
-215
-141
-92
22
-74
-164
-193
-200
-149
-79
-111
-136
-98
-12
-54
-136
-88
-139
-42
98
45
-8
-76
-124
6
74
82
98
56
143
200
200
247
149
120
225
206
174
224
208
272
382
338
294
235
230
293
343
288
209
209
203
210
222
169
105
137
169
204
105
17
-4
-63
15
26
-113
-149
-196
-245
-128
-110
-177
-177
-255
-307
-368
-454
-472
-477
-474
-453
-452
-545
-550
-539
-522
-484
-536
-557
-504
-530
-452
-348
-405
-359
-343
-295
-193
-132
-71
3
23
102
145
134
200
231
305
414
416
366
400
386
428
481
442
428
470
485
543
518
407
398
436
555
631
600
572
469
468
657
735
773
820
789
779
863
882
825
807
778
720
748
706
663
574
500
512
386
337
265
-26
-249
-504
-877
-943
-1179
-1395
-1363
-1545
-1627
-1667
-1929
-2098
-2201
-2349
-2357
-2452
-2517
-2484
-2387
-2142
-1896
-1648
-1384
-1160
-996
-713
-504
-395
-132
47
261
565
762
999
1250
1408
1732
1951
1936
1924
1704
1559
1460
1356
1390
1376
1315
1287
1128
971
860
681
733
706
574
545
534
486
579
764
759
881
1001
963
1072
1147
1054
1199
1278
1188
1256
1074
927
901
937
1059
853
313
-435
-921
-1077
-1368
-1532
-1452
-1805
-1956
-1979
-2637
-3212
-3219
-3023
-2833
-2334
-2590
-3054
-2754
-2738
-2219
-1166
-803
-116
307
81
285
-48
17
459
567
1208
1159
1018
1273
868
1375
1860
1198
1322
895
-29
-55
-481
-492
-59
5
209
46
-499
-799
-926
-653
-299
-289
-146
-150
-186
-73
10
243
689
945
1176
1409
1454
1681
2115
2238
2104
2200
1809
1664
1882
1912
2397
2512
2348
2225
1615
1302
1126
972
1324
1226
1227
1012
68
-765
-1960
-2120
-1827
-2403
-2102
-2189
-2916
-2823
-3294
-3995
-4210
-4050
-3822
-3879
-3358
-3696
-3519
-2153
-2144
-1214
-325
-544
433
468
454
1470
1232
1923
2539
2045
2588
2000
1903
2678
2312
3092
3159
1991
2081
1143
348
527
-456
-219
-131
-978
-918
-1444
-1958
-1617
-1613
-1498
-1502
-1906
-1866
-1779
-1413
-1143
-871
-171
176
220
471
714
1052
1801
2303
2457
2313
2221
2268
2264
2536
2595
2669
2668
2421
2180
1667
1535
1696
1582
1675
1468
945
952
531
-135
-1063
-1753
-1569
-2391
-2710
-2278
-3120
-2935
-2757
-3754
-3808
-4384
-4196
-3872
-4091
-3248
-3760
-2969
-1703
-2056
-477
118
-16
1272
702
1014
2021
1383
2652
2891
2469
3533
2435
2438
3188
2430
3310
2897
1903
2329
1033
701
208
-798
-137
-1047
-1541
-1252
-2214
-2250
-1976
-2391
-2153
-2503
-2901
-2444
-2334
-2010
-1730
-1199
-494
-327
-55
216
471
1293
1905
2040
2332
2506
2531
2693
2954
2965
3262
3408
3256
3177
2791
2591
2440
2545
2360
1941
1773
1280
1034
484
-943
-1569
-1408
-2398
-2955
-2563
-3207
-3407
-3269
-4224
-4725
-4976
-5019
-4842
-4779
-4075
-4138
-3207
-1861
-2090
-934
-277
-302
945
860
1093
2316
2196
2800
3198
2817
3537
3325
3222
3774
3454
3605
3235
2312
2202
1542
932
474
-381
-347
-830
-1830
-1754
-2018
-2649
-2434
-2693
-3057
-2832
-3176
-2985
-2575
-2582
-2233
-1809
-1262
-777
-446
2
543
1026
1487
1662
1839
2477
2918
3160
3521
3558
3589
3857
3573
3314
3400
3092
2994
3041
2588
2321
1957
1729
1726
896
242
-1051
-1928
-1511
-2950
-3336
-2363
-3427
-3438
-3489
-5039
-4950
-5252
-5179
-4482
-5021
-4075
-3875
-3525
-1710
-2091
-1076
290
-195
1095
1085
1027
2785
2564
2833
3369
3012
3640
3447
3525
4155
3683
3815
3181
2099
2246
1400
747
350
-374
-409
-1433
-2162
-2203
-2673
-2919
-3120
-3142
-3446
-3595
-3253
-3457
-3188
-2675
-2825
-2178
-1533
-1326
-603
-81
575
1196
1213
1570
2045
2509
3216
3420
3789
4098
4023
4151
3749
3654
4017
3689
3415
3374
2772
2374
2431
2058
1868
1782
1061
46
-1173
-2112
-2395
-2911
-2797
-2536
-3473
-3680
-4001
-5007
-4999
-5087
-4887
-4368
-4877
-4603
-4022
-3356
-1904
-1560
-886
132
41
563
960
1496
2831
2929
3088
3415
2971
3269
3482
3796
4531
4249
3774
3203
2361
1773
1132
670
318
-130
-754
-1924
-2714
-2769
-3221
-3621
-3593
-3701
-4033
-4385
-4340
-3922
-3445
-3053
-2710
-2303
-1892
-1464
-919
-187
869
1523
1688
2130
2516
2905
3527
4147
4631
4999
4949
4513
4468
4476
4307
4273
4111
3652
3139
2744
2393
2291
2426
2124
1358
281
-1450
-2311
-2382
-3091
-2903
-2709
-3725
-3788
-4225
-5451
-5169
-5024
-4856
-4664
-5263
-4906
-4432
-3568
-2296
-2103
-910
42
-320
488
799
1482
2905
2716
2961
3252
2894
3227
3424
3793
4548
4540
4110
3369
2561
1885
1059
862
392
-370
-836
-2029
-2828
-2914
-3456
-3838
-3760
-3932
-4562
-4943
-4576
-4162
-3676
-3208
-3025
-2470
-2123
-1960
-1145
-78
966
1699
1878
2250
2617
2958
3728
4282
4936
5371
5181
4960
4676
4638
4610
4308
4322
3821
2997
2945
2594
2390
2636
2201
1559
323
-1444
-2069
-2315
-2843
-2607
-2764
-3639
-3841
-4462
-5468
-5292
-4936
-4802
-4772
-5281
-5247
-4656
-3745
-2738
-2249
-1229
-360
-341
177
712
1458
2776
2957
2973
3270
2968
3070
3385
3864
4508
4731
4433
3600
2889
2191
1223
1040
698
-302
-850
-1950
-2876
-2882
-3465
-3846
-3682
-3981
-4289
-4671
-4650
-3940
-3573
-3188
-2828
-2628
-2238
-2009
-1247
-166
835
1718
1999
2273
2632
3017
3611
4315
4950
5259
5199
4934
4652
4733
4599
4287
4314
3895
3280
2963
2761
2618
2640
2305
1354
-210
-1856
-2180
-2598
-3380
-2550
-3037
-4262
-3722
-5267
-6134
-5190
-5783
-5330
-5239
-6138
-5555
-4632
-4031
-2846
-2076
-1169
-56
-93
388
1144
2260
3067
3323
3321
3264
3602
3444
3908
4487
5106
5184
4519
3712
2790
2117
1518
1115
418
-63
-1166
-2433
-2970
-3434
-3625
-3904
-3926
-4103
-4607
-4934
-4721
-4075
-3667
-3233
-3034
-2765
-2305
-2057
-1149
78
1073
1973
2336
2424
2960
3588
4083
4920
5443
5691
5512
5230
5153
5050
5222
4931
4650
4007
3461
3354
3526
3889
3780
3286
2130
-215
-3039
-4353
-5399
-5634
-4643
-3781
-4861
-6284
-6971
-9527
-8988
-8729
-9788
-8284
-8570
-7922
-5111
-3920
-2720
-73
960
3643
5834
5992
7597
7512
8273
8965
8654
9451
9563
8652
8304
7962
7542
6565
4225
1703
-1217
-2499
-3929
-6231
-7462
-9175
-10801
-11185
-11502
-11532
-11134
-10856
-10228
-9371
-7536
-6356
-5136
-2739
-1146
993
3499
4904
6524
7719
8902
10452
10672
10918
10182
9385
9623
9054
8371
7674
6267
5071
4130
2291
1317
183
-1043
-1913
-3038
-3451
-4775
-5116
-4473
-4329
-3187
-3442
-5027
-6842
-8592
-7199
-6447
-5853
-4030
-4270
-3703
-2626
-2321
-3252
-1713
-1044
-548
2947
1028
1839
3541
3539
6294
6965
7485
7850
7652
6849
6985
5719
4540
4462
1985
2217
914
-1960
-1653
-2556
-2112
-1593
-3176
-3821
-4897
-5535
-6768
-8138
-8546
-8950
-8278
-7346
-6763
-5925
-4351
-3437
-1833
-511
450
614
932
3625
2896
3731
4715
4269
6312
5904
5613
5899
5477
5667
4955
3464
2908
1686
839
839
-267
-83
207
-393
712
779
479
918
563
1108
720
1086
1349
1550
2281
1935
2487
1170
-902
-2636
-2931
-2425
-3218
-3531
-4606
-4231
-4404
-4776
-5870
-7242
-5310
-5545
-4076
-4493
-5134
-2044
-1470
1008
2514
3261
5949
7079
7340
7820
7674
7998
8673
7329
6486
5718
3757
3893
2981
2004
2193
148
-704
-2318
-4735
-6687
-9352
-9964
-11016
-12048
-11289
-12071
-11144
-9599
-8554
-6842
-5685
-2740
-2351
12
2324
2580
4712
4691
6758
7639
8052
8697
9088
9826
8967
8375
7289
6846
5227
3938
2565
790
774
-228
-1126
-753
-912
-1025
-1125
-913
-1183
-1304
-556
-481
270
264
599
685
-604
-3102
-3866
-2129
-3035
-2714
-2628
-3807
-2313
-2563
-3932
-4879
-4820
-4280
-3416
-3573
-5274
-2473
-1955
373
2000
1795
5644
6080
7164
7145
6848
7733
8557
6639
5520
5047
2982
3081
1578
1009
1246
275
-614
-1756
-3630
-4996
-6935
-8151
-9378
-11566
-11366
-11365
-12619
-10043
-9001
-8065
-5165
-3385
-1619
-313
2506
3533
5456
4744
6381
7888
6945
8283
7601
9551
8887
8068
8220
7095
5975
5190
3369
1388
1374
-223
-1481
-1701
-1745
-1997
-2148
-1940
-1516
-1344
-685
320
648
858
1811
1297
-389
-4091
-4139
-1598
-5175
-3241
-2872
-5699
-1572
-3015
-4910
-3077
-5094
-3640
-1406
-5623
-4596
-1718
-3085
1148
-543
1587
6491
4366
7639
6976
6869
10404
8689
6025
7494
3897
3355
2596
-910
818
-216
-476
-1249
-2047
-3059
-3328
-5246
-6441
-8951
-9667
-9818
-12570
-10329
-11221
-9871
-6949
-5628
-3079
-1859
1028
3911
5326
6032
6864
8253
7945
7349
6326
7427
7204
6797
6777
5893
6561
5384
4422
2768
2033
1540
95
-1572
-1496
-2217
-2399
-2343
-2588
-1683
-1398
59
413
1767
1741
2218
1352
-2856
-3901
-2301
-4859
-4872
-3138
-7515
-3324
-3454
-6222
-2207
-5526
-2951
-213
-4146
-3159
-1466
-2326
1074
-535
-117
5651
2885
6604
5820
5593
10730
8893
7181
8074
5687
4599
3830
-927
503
-1236
-1682
-2806
-4189
-3929
-4552
-5236
-5820
-6515
-7936
-8426
-10008
-9295
-11543
-9161
-7723
-7303
-4414
-3494
46
2754
4393
7628
8708
9379
11310
9286
8784
8352
7484
7772
5606
4314
5480
3450
2731
2566
1488
2353
631
-701
-580
-1696
-2129
-1837
-3430
-2101
-2035
-3027
-748
-449
531
2288
-222
-3423
-2363
-1509
-5313
-3673
-2925
-7572
-2037
-5434
-6877
-1988
-6980
-1979
115
-4104
-1574
1
-975
3808
-142
2185
7229
1862
7585
3277
4730
10518
6064
5864
7427
3507
4838
3005
-1468
1876
-1978
-1437
-3799
-5134
-5251
-5511
-5776
-6216
-7560
-7893
-7404
-9359
-8166
-8581
-6383
-6726
-3739
-4527
-2122
806
1765
5886
6691
8384
9907
10991
9443
10534
8820
9107
8198
5806
4578
3327
3402
1284
554
374
326
-1048
-1865
-2773
-1964
-1508
-2136
-2169
-1831
-2557
-2472
-10
-550
1473
708
-2317
-1393
-411
-3700
-3135
-611
-5841
-1464
-4345
-6896
-2008
-7198
-3411
-1221
-4590
-2936
-1876
-3198
1993
-1206
510
5678
896
5864
3101
4270
8236
6547
5884
7854
4999
5561
4975
860
3927
33
818
-1984
-3330
-3495
-4164
-4955
-5585
-7327
-7549
-7467
-9926
-7400
-9948
-7595
-6329
-7112
-5975
-3265
-2635
1174
2000
4617
7750
7222
10749
10207
11516
10751
10723
9836
8936
5231
6333
4346
2106
2285
-113
823
-637
-816
-1612
-370
-1502
-1401
-2924
-2116
-1570
-2357
-1653
-713
-1829
-3860
-4583
-4121
-2720
-6588
-2463
-4738
-5269
-2538
-6876
-3383
-3433
-5693
-699
-2316
-4103
-102
-1805
1792
2995
84
5021
4535
4337
6468
3975
8251
8140
4876
6827
4293
3660
4903
895
1469
494
-2326
-1808
-4397
-4307
-4263
-4954
-5147
-6548
-8424
-6974
-7687
-7248
-6563
-8090
-5766
-4692
-6184
-3473
-764
-583
3676
2859
5642
7610
7935
10428
10556
10377
10113
9616
8304
7333
4853
5746
2980
1289
304
-530
-164
-652
-803
-151
-65
-441
-854
-1571
1594
-1406
1123
1604
-3921
-2556
-6044
-6016
-3264
-9816
-5035
-5740
-9639
-3325
-9239
-4975
-3315
-6954
-1356
-2989
-5790
789
-1101
945
5178
-414
7197
5853
4950
8725
6582
9689
10580
5820
7643
6320
4059
5676
458
1636
-277
-2781
-3402
-4676
-5370
-4617
-6257
-7062
-7449
-8318
-7430
-9731
-6389
-8233
-8899
-4794
-6400
-5830
-2095
-2720
1987
1959
2944
8162
6755
9622
10694
10829
10797
9964
9134
9816
5621
6084
5349
1452
1627
-273
-53
-202
-939
-1176
309
-39
113
203
1708
357
1285
2178
447
-864
-4393
-5034
-3359
-7277
-8919
-5942
-11425
-5615
-8417
-9528
-3988
-9340
-3745
-2456
-6114
-2391
-37
-1093
4509
244
2918
8607
4224
8747
7043
7753
11792
8600
7119
8840
5173
6947
4017
359
1969
-1826
-2245
-4023
-5478
-5505
-5493
-7572
-7217
-8328
-7502
-9162
-7816
-6701
-10312
-5480
-5693
-6146
-3397
-2275
188
2072
1015
6618
7283
7139
10188
10195
11114
9561
9107
9972
7488
4863
6728
2666
1448
438
-928
353
-1149
-1823
-533
-156
74
494
303
2032
1746
3542
2455
111
-2375
-3714
-2424
-5832
-7718
-7384
-10395
-7439
-8962
-11156
-5490
-9375
-5206
-2805
-6837
-2733
-686
-915
3270
1316
1846
8313
4094
7311
7519
7192
11653
9060
7927
8987
6477
6711
5701
1082
2595
-666
-2518
-3723
-5914
-6301
-6071
-7555
-8410
-8407
-8266
-8597
-8801
-6261
-9194
-6533
-4395
-6438
-3314
-2214
-754
3177
1068
5348
7799
6685
9941
9731
10962
10354
9013
9613
8257
4339
6317
3423
1272
717
-1647
358
-888
-2389
-769
-54
-446
1025
-673
829
2328
2829
2723
2552
-2004
-3648
774
-6273
-6215
-5368
-11729
-5552
-8713
-13689
-5169
-10517
-8110
-2201
-9055
-3405
-932
-3142
4217
902
1253
8721
3730
7321
7872
5332
12188
9020
7189
10307
6300
7384
7397
1856
3760
1367
-1806
-2234
-5266
-6069
-6462
-7446
-8709
-9212
-9133
-9134
-8909
-7889
-8358
-7220
-4953
-5241
-4263
-2089
-710
1769
1912
3994
6587
6974
9238
9162
10643
10493
9198
9796
8956
6023
6211
4561
1745
1315
-1460
-762
-634
-2270
-1918
-645
-953
-345
-80
558
1920
3531
3039
3118
1384
-3857
944
-1954
-6997
-3176
-9057
-8991
-4799
-13697
-8009
-6348
-12597
-2770
-7377
-7928
-600
-4528
248
3347
-1426
6159
5983
3698
10043
5232
9482
11688
6688
10058
8497
5924
8807
4111
2753
3749
-1124
-727
-3312
-5536
-5266
-6836
-8174
-8532
-9819
-9488
-8957
-9559
-9581
-8075
-7287
-6064
-4755
-4418
-932
-80
1722
3065
5298
6842
8376
8963
9425
10881
9354
9848
9343
7773
6421
5535
3346
2550
124
-513
391
-1827
-1989
-1194
-1344
-598
-259
-883
1840
2475
1046
4607
3833
-3245
1373
-875
-5382
-2017
-8499
-7736
-5529
-11025
-9895
-6273
-11781
-7023
-4787
-8304
-2446
-5136
-957
2287
-16
2711
5136
4910
7975
6329
6372
11903
7948
9418
9209
6920
8045
7197
2899
3899
1722
-1506
-903
-4926
-6012
-5591
-7369
-9007
-7713
-10487
-9310
-8377
-10081
-8690
-7983
-8040
-4631
-6092
-4136
-202
-836
2238
2887
6096
7669
8314
8712
11559
9673
9458
10270
8378
7926
5401
4624
3653
1641
-1202
1094
-368
-1331
-1146
-1097
-72
102
-749
505
1992
1447
3015
3403
2799
-1566
-1515
-171
-3708
-5795
-4704
-9656
-6788
-7756
-12983
-5402
-11124
-9158
-3396
-8585
-5369
-2146
-2717
2868
2026
689
7962
5579
7578
8409
6819
11988
10068
8048
9663
7058
7643
7634
2307
3866
1418
-1352
-1573
-5015
-5866
-6119
-7792
-9233
-10045
-10112
-10171
-10035
-9284
-10441
-8449
-7291
-5922
-5536
-3491
-397
602
2043
3058
7010
7771
8616
9585
11128
10971
9451
10100
9381
7367
5761
4861
2958
1217
-706
-111
-466
-1614
-1823
-845
153
198
287
292
2302
2546
2243
3518
624
-3401
-207
-2254
-7214
-3368
-9400
-9151
-3888
-14290
-7167
-7164
-12325
-2508
-6974
-7366
-1122
-3318
432
4254
-1045
7112
6609
5346
10380
5563
10134
11733
7244
9137
8343
4935
9035
3488
2022
3449
-925
-1193
-2854
-5497
-5331
-5572
-8408
-7811
-10105
-9640
-8965
-9989
-9559
-8430
-8199
-6743
-5502
-4662
-1128
121
683
3737
4734
5906
8823
7641
9508
10051
8758
8507
8880
6946
6248
5009
3113
2941
133
325
564
-475
-967
-334
-148
896
187
978
3563
2868
1825
4213
950
-1683
276
-3771
-3612
-6429
-8072
-8097
-9290
-10261
-10657
-7756
-10624
-7755
-6376
-5725
-3750
-2721
-40
1542
3325
3318
7048
6770
8602
8362
8862
10812
9111
9104
8677
7068
6266
5971
2207
2980
-50
-1548
-1925
-4548
-6061
-5863
-6967
-8485
-8127
-9699
-9292
-9068
-9739
-8944
-7659
-8321
-4399
-5294
-3444
646
330
3653
4497
5693
9225
8032
8289
11173
8704
8560
8126
6741
6151
3917
2680
3272
446
-500
713
-36
-125
-342
350
1178
1186
506
2616
3816
1549
2999
2649
-3403
1169
-2853
-6229
-1923
-10575
-7166
-7178
-12949
-8416
-9179
-11474
-6251
-8052
-7525
-1922
-5102
705
1899
1047
6161
5302
6634
9582
7472
9548
11099
7718
10370
8426
6661
7361
5296
3176
3069
394
-1654
-1269
-4713
-5475
-5546
-7664
-8128
-7939
-9559
-9202
-8918
-9350
-9355
-7251
-7405
-6731
-3674
-3589
-730
1179
1761
5453
5693
7178
9502
8021
10026
8871
8687
8728
6119
5923
5045
2151
2491
1209
-811
1065
-765
-119
480
-168
1719
2123
1588
2324
3004
4487
1934
1615
-1070
-3773
1809
-7575
-6474
-4117
-14128
-4155
-10693
-13945
-5074
-13726
-6977
-4670
-11101
-3011
-1005
-3550
4500
48
3719
10927
3768
10401
9182
8148
13623
8550
7782
11191
5421
7249
5734
945
3797
486
-1786
-2253
-3983
-5961
-4695
-7605
-8329
-7162
-9510
-9239
-8822
-9791
-9132
-7783
-6580
-7475
-4736
-2492
-1283
1841
874
6669
6539
6516
9324
8949
10039
8768
8063
8838
6368
3828
5698
2258
1415
1198
-879
1016
-484
-1770
1580
453
865
2566
805
3029
3952
3064
3504
3193
-2659
-3284
1659
-5483
-7446
-4211
-12666
-6238
-7568
-16831
-4542
-11479
-11468
-1755
-11428
-5197
6
-4062
3719
1712
384
11013
5626
7414
11127
6109
13970
10357
5763
11675
6934
5734
7645
253
2746
2484
-3419
-1511
-3712
-6345
-4617
-6726
-8777
-6669
-8931
-9131
-8265
-9773
-9241
-7842
-6904
-6282
-6266
-3172
-201
316
2278
4823
7382
8235
8231
9397
10789
9247
8323
8434
7059
4105
4140
3013
842
404
-1225
115
23
-2313
45
1539
584
2473
1488
2742
4363
3256
4725
1626
-2319
-667
-2577
-4058
-4918
-8338
-8989
-7680
-10128
-10673
-8592
-12287
-6484
-7527
-8871
-3879
-4303
-92
1478
865
3605
7652
6173
9371
8572
9045
12009
9097
9120
8825
7253
6644
5557
1947
2460
256
-666
-2411
-4360
-4567
-5325
-6486
-7646
-7262
-8249
-8428
-8945
-8961
-9144
-7861
-7205
-6597
-5244
-3869
-1317
1521
1094
5363
7037
7386
9504
8764
10608
9122
8526
8199
6990
4243
4160
2821
1303
280
-956
896
-314
-1412
498
980
1325
2421
2144
3911
3195
2543
3989
4357
-3281
-4447
244
-6224
-5471
-7100
-12775
-5410
-11535
-12060
-5878
-14021
-8305
-5524
-7638
-4698
-4692
-1618
5144
417
2451
8085
6753
11928
7682
8581
13894
10498
9109
9961
6424
7814
5510
1978
1991
-471
-1334
-2626
-4139
-6689
-5470
-6443
-7470
-8002
-8376
-8235
-8540
-8956
-9119
-8748
-6617
-6326
-6272
-4053
-1710
1966
1264
4075
7816
9054
8889
8998
11361
10734
7697
8051
7848
4660
2797
1884
2106
-60
-2246
131
1133
-1406
-500
1539
2001
2334
2280
2938
4498
2202
1970
4901
-1971
-4999
-844
-5972
-4604
-5996
-13136
-4923
-9936
-12082
-5671
-13309
-8544
-5745
-9134
-3802
-5169
-3617
4169
325
2348
7313
5422
11469
9199
7399
13219
10703
9785
10594
6567
7773
6679
2373
2599
449
-992
-1567
-3959
-5928
-4973
-6530
-7463
-7079
-8726
-8027
-8666
-9906
-8373
-9378
-8789
-5582
-6886
-5321
-2096
-825
2739
2699
5185
9822
7827
9092
10377
10537
9287
7689
7618
6438
3680
1887
2875
691
-1121
-154
966
-62
-86
707
2602
2630
2112
2940
4092
3911
2824
3324
-1619
-3774
-145
-6067
-8510
-1442
-13515
-8337
-3239
-18315
-2631
-10201
-14305
1090
-13614
-6840
1226
-8032
1553
2175
-2199
11027
3765
5931
14466
5184
14067
11918
6347
14936
8049
5175
10484
911
3551
3402
-3357
-205
-3351
-6153
-4038
-5851
-9089
-5754
-7953
-8946
-7729
-10140
-9168
-8886
-10033
-7778
-7509
-5691
-4247
-2571
510
3028
4978
6005
9515
9037
10657
10222
9374
9854
7706
5646
5652
3327
1315
1921
-410
356
421
-561
1404
1281
606
2936
2373
3205
3687
2977
3937
2999
1432
-2286
-3153
-2294
-6494
-6004
-6949
-10341
-6547
-10180
-9911
-7187
-10966
-7845
-6469
-7696
-5070
-4083
-2351
1140
435
3461
6075
6516
9914
8974
10707
12846
10185
11236
10978
7794
8203
5706
3502
3139
141
-1398
-1827
-4007
-5654
-5295
-6589
-7317
-7821
-8592
-8424
-8995
-10007
-9751
-9864
-8956
-8416
-7837
-5403
-3527
-1483
939
3579
5235
8470
8808
9604
10909
9717
9581
8622
6924
5648
4263
1943
2137
539
-271
967
313
746
825
1180
2848
2227
2422
3788
2982
3194
2867
2407
543
-3193
-1054
-3573
-8776
-4340
-7773
-8610
-6020
-12144
-7676
-7591
-11879
-5227
-7508
-9037
-3321
-4272
-2080
513
189
6039
6656
5290
10497
10194
12042
12923
9784
12376
11094
7739
7879
5044
3702
2883
-959
-1560
-3007
-4607
-4699
-5903
-7181
-7371
-8084
-8382
-8826
-9808
-9725
-10576
-10114
-9442
-9749
-6991
-4876
-4319
-985
1545
4718
6427
7431
10635
11028
9591
9624
9681
8586
5998
4052
4172
1916
337
503
624
730
-58
677
2196
1471
1956
2881
3016
3310
1893
2745
3764
1453
-1111
-2399
-1435
-3562
-8282
-5139
-5906
-7907
-7441
-9401
-7185
-8882
-9012
-7292
-6212
-8497
-6141
-1960
-2917
-293
935
5561
6620
6615
8719
11417
12673
11832
10691
11393
10866
7426
7194
4929
3542
1618
-528
-1695
-2092
-4833
-3770
-4725
-6356
-6152
-8250
-6857
-8348
-9845
-9604
-10613
-11057
-9151
-10706
-7835
-4267
-4318
-2417
2469
4636
6590
7790
8712
12263
8698
8318
9045
8101
4641
3326
3705
2120
267
546
2454
1319
793
1366
3481
2491
1450
2708
3294
2268
1612
922
2925
2174
-844
-695
-2509
-1629
-5590
-5868
-3380
-7604
-6714
-8379
-7874
-9212
-9537
-8795
-8058
-7953
-10734
-2876
-4083
-1414
793
2721
7285
7486
8814
11017
13864
12070
13144
10348
11585
9097
7165
6336
4252
1497
1026
-676
-2331
-1384
-5441
-2812
-5562
-7401
-7227
-8081
-9115
-9827
-12105
-11559
-11453
-12036
-10890
-8844
-6026
-4813
-1645
355
5217
5824
8810
9203
9806
10941
8747
8841
7645
6069
4539
3682
2697
2509
1609
2499
2486
2145
1549
2209
2784
1891
1079
809
1764
294
-225
851
310
1315
2258
-3053
-3276
1083
-5827
-3839
-2624
-9697
-3365
-9299
-10008
-5292
-12609
-9204
-6422
-9728
-7490
-4989
-2749
2381
-692
3864
8271
7551
10777
9442
11948
14132
9821
9640
11137
7068
7756
5042
3549
3062
457
451
-397
-1490
-3671
-3760
-4526
-6964
-9008
-8372
-9944
-11483
-12130
-12331
-12074
-11159
-10496
-8159
-5563
-3568
-568
469
4373
6260
7355
7721
7789
9465
8215
6026
7143
6848
5131
4624
4487
5225
3878
3287
4485
3887
1912
1916
2275
1268
-286
-579
-36
173
-1236
-1204
1790
2312
2211
-742
-3788
-934
-2380
-3972
-4872
-5951
-6811
-10290
-6177
-9214
-10575
-8409
-9234
-4274
-8049
-7024
279
1986
860
2557
5319
9296
9228
7202
11516
10922
11322
9637
8463
9358
7352
5585
6181
2697
1034
2254
-308
-60
-4050
-4099
-3902
-6800
-9061
-9794
-9193
-10360
-12738
-12861
-10994
-11072
-9874
-8711
-6642
-3465
-1555
-700
2282
4835
7344
6653
6437
8333
8673
7517
6486
8143
7481
5789
5686
6231
4668
3643
4279
4640
1720
-319
1288
1634
-568
-2297
-71
1153
-1631
-996
576
2635
4462
-911
-2085
-2831
-4911
-3563
-2340
-8181
-8271
-5643
-11540
-4679
-9917
-10529
-2163
-8651
-5445
-4269
-4482
2679
2602
-77
5423
4848
8018
9314
6622
12241
9981
9700
10483
6884
7915
9149
4221
4722
1563
-228
2655
-1836
-2439
-3447
-4332
-5372
-8033
-8708
-8354
-9117
-10326
-12483
-11570
-10433
-10830
-8825
-7724
-5795
-3494
-1752
156
2873
5518
7231
6356
6434
8075
8468
7900
7252
7216
8026
6067
5099
6193
4604
5313
4708
2765
1689
710
1260
1259
-627
-861
27
-137
-1160
-1831
968
3916
1705
-3005
-4612
-4194
-2782
-4641
-6331
-6200
-8244
-8638
-7458
-7176
-8469
-6696
-5121
-4267
-6102
-5239
784
2785
1902
878
4748
7620
7508
6561
9456
10964
10000
8446
7495
8985
7648
6892
4763
3121
1039
1083
537
-1158
-2936
-3568
-3898
-6758
-8397
-8832
-7653
-8920
-11579
-12254
-10871
-10692
-9697
-9094
-6966
-4346
-3294
-1463
-376
4249
6990
5666
5754
6844
8971
7958
6393
8769
9205
6701
6115
6729
6188
5971
4886
5638
3221
-98
1636
2259
390
-1317
-659
730
-910
-3528
-967
3661
2293
-1328
-5005
-4468
45
-9466
-4289
-2690
-12933
-2970
-11102
-7735
-3622
-13026
-1321
-2675
-9006
-4216
-1293
1125
3432
-2569
4929
7844
2918
8636
5967
12134
11547
5898
9834
9190
6804
8565
5074
4522
3217
-883
2119
-1206
-2008
-2692
-3472
-4343
-8437
-8845
-5809
-8843
-9874
-10904
-13226
-9077
-11106
-11748
-6741
-5220
-5425
-2993
-2561
2958
5239
4227
6524
6462
7674
6965
6950
9398
8567
7369
8492
6167
6705
6741
6031
7255
3761
1960
2675
1732
1045
-438
-271
1492
-2064
-3218
-1772
589
2048
107
-1126
-6424
-2683
-2682
-8846
-2501
-8073
-8531
-5000
-11710
-5606
-6439
-8317
-1864
-5137
-6614
-2792
-1518
2296
1172
-1042
6335
4754
4543
7572
6784
12381
9709
6773
9990
8017
8046
7613
4498
4787
2111
634
1059
-1118
-1502
-2537
-3090
-5010
-8285
-7062
-6688
-9420
-9825
-12024
-12256
-10202
-12340
-10038
-7234
-6674
-4514
-4314
-932
2370
4070
5210
4398
7213
7801
6681
7449
9335
9901
8954
7884
7133
8778
7274
6865
6695
4056
2939
2293
1741
777
-642
395
326
-2786
-2924
-1547
392
886
78
-3389
-4339
-3094
-6325
-6065
-5349
-7608
-6608
-7732
-8296
-4404
-7602
-4443
-2669
-5191
-4009
-4455
-490
165
-297
332
4277
3835
5416
6544
8211
11409
8329
9220
8017
8247
7332
5558
4595
3988
986
1268
604
-346
47
-1723
-1472
-4740
-6002
-6310
-7239
-9330
-10286
-12800
-12225
-12166
-12127
-10308
-7484
-5571
-6467
-2528
-1295
2010
3052
3064
5580
5532
6107
6109
7961
9467
9431
10391
9287
8647
9470
9055
7650
6397
4484
3537
2297
488
924
50
-353
-927
-2771
-993
-97
-862
1335
-1684
-532
-2737
-8216
-2695
-8115
-6708
-3566
-10702
-4363
-6945
-5621
-2026
-6987
-3438
-3860
-4491
-4845
-3512
-2917
1232
-1125
1183
5145
3495
10212
6396
9481
10625
7749
8377
6634
5372
6225
3698
2551
3017
825
3489
1636
2023
618
-940
-2252
-3936
-6845
-7889
-9353
-12125
-11866
-13906
-12378
-11541
-9684
-8031
-7191
-6032
-3228
-1917
-2061
285
2571
2564
2873
4617
6982
8233
8748
11362
11615
11214
10199
11130
10429
7610
6444
5638
3880
2087
1176
1782
1560
-506
-381
-1767
-271
-48
-2042
590
-1408
-1646
-177
-7750
-5351
-3574
-9319
-3378
-5765
-8031
-1668
-7834
-2755
-2394
-9364
-1882
-5805
-4974
-4451
-5677
-84
634
-1324
3880
5194
5239
9229
3706
10058
7333
5670
7298
3869
6383
4794
3786
4849
4753
3244
5796
2110
3008
299
-1851
-2136
-6883
-6817
-8635
-10640
-11385
-12072
-12108
-9771
-11576
-8604
-8276
-9168
-5577
-5794
-4715
-3875
-1562
2577
1006
2281
7502
8221
8864
9512
11855
12793
10561
9506
11032
8932
6964
6816
5899
4667
2793
3244
2713
951
497
456
-1006
-1184
-2354
-2055
-831
-1088
-1121
-910
-3167
-6565
-3805
-4963
-6496
-3289
-6878
-4931
-3675
-6194
-1827
-6353
-4790
-3316
-4772
-3542
-5332
-1200
-902
-212
-404
3773
3851
5187
4991
4648
8472
4560
8037
5371
6756
6362
4453
6134
4870
4786
4947
4186
1695
1666
-1926
-1170
-4219
-6213
-6079
-9062
-9737
-10565
-11921
-10050
-11037
-11899
-8890
-10811
-8598
-7808
-5611
-3845
-3036
50
1485
2946
4145
7229
8327
8490
9002
11167
10944
9221
10098
10476
9373
7396
7293
6839
4904
3406
2807
2280
1124
219
-55
-317
-1779
-1722
-1226
-1263
-950
-792
-107
-1780
-4849
-4906
-2359
-5940
-4943
-3530
-6354
-1567
-5557
-2040
-2714
-7024
-2576
-5827
-3102
-6490
-4442
-2375
-1917
-2381
-515
4007
1849
6806
2337
7597
6478
5082
8502
4807
8380
5130
5898
6528
5552
5166
5863
3596
2324
660
-2098
-1596
-5154
-5450
-7380
-10070
-9012
-10731
-11480
-10441
-11671
-10875
-12108
-10347
-8433
-7624
-6134
-4335
-1111
-809
1022
3072
6459
5918
7132
8495
8965
9847
9059
11075
10147
10030
9383
9020
8595
6966
6052
4973
3821
1781
229
-30
-515
-1490
-1074
-1308
-1172
-1019
-951
-76
924
309
-2824
-5857
-4783
-4019
-6338
-2649
-4887
-3691
-1450
-4884
610
-5250
-4788
-4635
-6664
-5723
-10401
-4830
-4116
-1961
-2868
1656
3587
5220
7081
4067
9957
5233
6995
4850
5506
6603
4113
7308
5906
6672
5123
6203
4197
3479
83
-1518
-2377
-6294
-6925
-9651
-8557
-9896
-11028
-10294
-10991
-10567
-10579
-10439
-8592
-8428
-7805
-6629
-4643
-1773
-1499
945
3253
4949
6189
6539
8372
9982
10326
10293
10594
10541
10184
9755
8712
8068
6422
4825
4142
2153
1272
367
80
-375
-1117
-1061
-789
-374
-277
-192
-699
413
1049
158
-2290
-4160
-2734
-2493
-2884
-1637
-3026
-1607
-2523
-3121
-1953
-6770
-5922
-8327
-7278
-8177
-9288
-5468
-4877
-1283
-2352
1895
3088
4314
3965
3581
5756
3495
4722
3216
6335
6092
6493
7875
7553
8640
6812
6409
4526
3257
1
-1518
-3381
-4830
-5343
-7789
-6480
-7852
-7994
-8887
-10436
-9123
-11138
-10809
-10868
-10072
-8480
-7755
-4970
-2278
-96
1237
3666
5125
6566
6692
7657
8797
8706
8879
8472
9243
8610
8631
7942
7303
6062
4735
3995
2475
2176
580
-121
-303
-486
-1123
-1074
-26
159
353
-169
-43
1471
1698
-380
-2387
-2207
-1497
-2176
-1413
-2071
-1187
-984
-2601
-1462
-4438
-5096
-5775
-6647
-5991
-8026
-6017
-4781
-3786
-2877
-1577
751
1236
1172
903
2271
2019
2733
2281
3376
4632
4184
6130
5943
6864
6314
5448
5001
3497
2197
536
-942
-1341
-2209
-3576
-3726
-4305
-4725
-6231
-6789
-7246
-7654
-8227
-8169
-7323
-7341
-5868
-4729
-2448
-1393
-887
692
1339
2220
2188
3414
3876
4349
4904
4473
5885
5989
6032
6059
5777
5183
3846
3152
2598
1187
1063
316
-312
848
869
1541
1369
1550
1160
1695
870
1996
2143
1974
3109
1661
2562
739
2118
1483
1938
421
-8
-193
-1797
-890
-4633
-3653
-6326
-5223
-6240
-6580
-4817
-6021
-4515
-5381
-3718
-3469
-2755
-2775
-2202
-1813
-1027
-599
677
2443
2302
3651
3831
4810
5017
4761
4234
3622
3519
2993
2835
2615
1647
1284
677
-62
-577
-1843
-2476
-3233
-4104
-4403
-4739
-4466
-4769
-4713
-4238
-4254
-2689
-2568
-2086
-2033
-1779
-1432
-1973
-628
128
1815
1329
1629
2866
2036
1738
1164
2974
1816
1226
2973
1744
2744
2596
3229
3481
1274
2157
3418
4224
2724
2957
3618
3001
4392
3566
4019
3572
4257
4370
2523
1676
745
1840
453
-249
-1277
-1729
-1254
-1777
-2487
-3495
-4914
-5437
-5862
-6810
-6316
-7325
-5926
-6037
-5662
-4640
-3764
-2322
-2384
-1606
-1523
-436
-16
828
1287
1770
2360
2565
3821
4218
4452
4849
4401
4541
3575
2953
2746
1436
1600
284
498
-77
-1045
-860
-2486
-2786
-3881
-3897
-4005
-4276
-3919
-4225
-2854
-3782
-2866
-3162
-3388
-2114
-2865
-552
-1838
-529
698
-117
917
482
2070
1965
1569
2544
2921
2330
4368
4467
1893
3203
2779
3875
3896
2604
5272
3293
3612
4899
4326
3689
2787
5138
3477
3032
985
1635
1530
206
1208
-1432
-191
-1775
-331
-1538
-2476
-3538
-5079
-4030
-5987
-4674
-6439
-5009
-5701
-5397
-4478
-4086
-2848
-3216
-2603
-3111
-1909
-2050
-71
-452
384
1228
1867
3295
3346
4677
4429
4422
3748
3430
3254
3000
2292
2271
1575
1072
369
47
-854
-2027
-1334
-3542
-3724
-2563
-4690
-4088
-4737
-4479
-4224
-5086
-1919
-2781
-1013
-3216
-339
-169
-1198
525
-1511
1812
-640
1815
2142
3162
1652
3259
3025
3299
1841
2505
5168
1882
3350
818
7280
2172
4242
1982
4250
4114
1668
5229
219
4977
349
4578
-91
1582
1583
771
1553
-1313
795
-1323
347
-2538
-1634
-4108
-2932
-4930
-4610
-5297
-5361
-4849
-5689
-4187
-4958
-2948
-3886
-2175
-2834
-1884
-1987
-1409
-561
-43
687
1169
2060
3028
3858
3740
4121
3438
3873
2854
3167
1856
1500
-252
383
-4
-990
36
-2148
3
-3579
-2482
-2299
-4536
-3674
-3913
-2226
-4444
-1648
-1785
-1067
-2141
-1332
78
-2226
709
-666
1603
421
164
2531
1790
2743
1319
1659
1419
2676
2312
633
2848
382
2357
3369
3138
3316
876
5138
3809
2473
2628
3028
3959
1077
2432
3109
2126
2322
1156
3230
1449
398
525
-993
148
-2184
-1970
-4187
-2954
-3716
-3561
-2961
-4999
-3084
-4299
-2955
-4068
-3347
-2882
-3065
-2767
-2441
-1300
-433
-121
45
55
546
1950
1053
2017
595
1668
1210
921
1225
-240
1739
292
-371
1128
1321
-229
-1028
-1783
486
-764
-4201
-1520
-1359
-1207
-109
-952
-2934
-2062
676
2317
-2787
-4122
-158
1818
2448
-4460
-772
1032
1822
1446
-2927
383
-469
2227
210
263
-237
443
4585
1665
-27
580
3884
4092
627
1022
5478
3071
2637
2740
3998
3622
2455
2561
2532
3778
718
2603
361
721
703
-164
-445
-1156
-605
-1611
-974
-2504
-1611
-2119
-1840
-2985
-2658
-2082
-2970
-2784
-2279
-1583
-2498
-2081
-2041
-1966
-1496
-1568
-2520
-1907
-1861
-803
-619
-319
777
566
682
158
929
705
285
258
14
648
1400
451
-18
1032
1576
-155
-95
-226
-396
-329
-2375
-353
-2054
-779
208
-2169
-618
-1395
-479
543
-2494
-3264
879
-612
-377
-2346
-1926
2064
-18
944
-1054
2403
1272
3526
1418
-1749
5337
1157
5495
479
3096
4807
1856
5576
577
3993
284
4029
2116
-48
1157
1322
2364
-1420
1075
1228
339
-373
1089
-942
1008
-1558
799
-1448
-1252
102
-2543
189
-3583
-148
-3957
-1055
-2317
-1724
-1502
-3719
-382
-2679
-266
-1422
-985
-1303
-967
-495
-697
-593
391
10
219
-879
1220
1586
-22
941
-838
825
38
-478
-1349
766
-1526
-1165
-729
-1776
-82
-2363
-906
-1363
-3427
-1543
644
-2664
-485
-4132
-643
492
-5011
-257
-1770
1416
-977
106
26
2661
1518
44
4390
-1929
4512
1735
3813
736
979
4359
2221
3549
-2441
6504
62
3098
665
1053
4742
-711
3897
-1756
3143
498
2186
72
866
1967
-226
1486
94
614
-1753
465
-2554
-221
-1954
392
-1754
-2052
-1813
-351
1114
-3042
-119
-2230
1691
-2454
147
-461
-15
693
-1048
1445
-274
2150
-1126
2868
-785
97
1515
-186
6
-1733
1755
-1202
-579
-1191
-613
-778
-2340
-1205
-1685
-3921
-1894
-1106
-2491
-3320
-3113
-823
-4133
-2078
-2045
-1919
-1432
-1527
-160
-1110
-1485
525
2052
-880
1122
1117
1443
1402
690
1391
-476
1443
1957
1588
529
704
3486
1552
1442
1657
3204
975
1425
2721
1499
1796
41
4277
-783
1546
1347
-98
1169
-1078
1605
-1840
-118
-1899
1435
-69
-1954
-375
-1940
2324
-1013
-1660
-906
627
1097
-564
-259
956
1183
-169
1427
-333
484
1013
1934
1352
-732
1686
1045
2429
-849
819
-505
313
801
-1359
1604
-3007
1209
-1550
411
-3037
-2539
-248
-2937
-897
-5036
731
-3167
-1474
-1698
-1804
-1968
-920
-351
-1226
-1476
-2365
2884
-1681
-1258
-2026
752
-1648
9
-1345
-1727
214
-1549
1097
-1382
51
282
1814
-379
1803
-685
2286
1484
824
2755
654
2457
-44
3070
1077
223
-375
1577
574
-399
-545
3171
-1460
-611
2349
-2014
2578
-4905
2899
106
-1693
616
753
2368
-2999
3813
-1143
1209
-1049
921
3194
-2482
2881
1057
1936
-876
1131
3949
199
-601
1046
2846
-1450
-436
2714
163
-1253
-640
682
352
-2951
77
-864
-109
-2145
-840
1960
-3197
1334
-2779
1329
20
-1777
588
-573
1442
-1605
945
-2415
779
-716
-2268
-1329
-1976
908
-2193
-1461
64
-1334
-1225
-441
-1161
-690
108
-108
-507
128
-411
1821
-570
-1584
475
2120
-1386
-493
1173
-1092
968
-1159
1226
-448
399
-786
2477
-1991
732
1446
-1592
1537
-2028
3238
-2488
3567
-2862
2401
138
-955
2402
-3154
4883
-3432
4528
-2998
3462
-923
-383
2725
-2978
5421
-5832
5979
-3395
2024
169
-1705
2763
-5846
7277
-6570
3083
-1630
203
2395
-4702
4859
-3032
5180
-4677
2176
1780
485
1602
-1901
2575
-1111
2096
-1828
1856
-1608
815
-706
715
-1723
909
-814
-888
967
-2486
2207
-669
140
-3333
2731
-867
1187
-3015
930
1412
-291
-2351
720
721
-2710
4413
-6994
6052
-5370
3496
-760
-2091
1986
-2515
4695
-5240
5404
-5090
3790
-2260
954
1383
-2270
2096
-3148
3593
-3678
3323
-3857
3700
-1235
-1513
1745
-2704
5385
-6835
4474
-2470
-710
1061
-1436
1569
-5390
2728
-1469
1553
-4522
2237
-19
-208
-1184
-462
2173
-3535
4782
-5599
4941
-2169
3154
-1445
592
2812
-3367
3622
-3744
5843
-7814
4625
-167
-1681
1030
-2951
4441
-3086
1189
661
2683
-2789
806
1815
794
-2786
2831
1701
-1138
2280
-3812
4895
-2021
-102
-314
1118
787
-2261
3684
-2612
1163
-1053
1670
1355
-2561
2583
364
-34
454
-90
3036
-2572
1529
1625
-1195
2910
-5187
6862
-3491
190
1682
-2552
3493
-4390
3968
-2769
489
-2774
2506
-1356
-1195
-102
-3786
2257
-3588
1433
-5824
1972
-2711
179
892
-2298
2725
-4506
2760
-822
830
-2605
172
3872
-2172
-1439
2070
274
-846
-1627
-2179
2100
-1656
-862
-1171
1184
-3470
1465
226
-2406
1552
-2563
1783
-450
517
312
1837
-1170
2090
210
-393
192
-1023
2952
-859
931
-750
2770
-2319
870
1343
-252
1190
-752
1797
-30
622
819
3173
-2158
1849
1005
1476
-253
-907
4656
-2716
2816
1877
134
925
-319
2173
-561
1046
-66
1469
520
-1259
2311
-962
-249
-646
-701
-1254
327
-1876
-1528
793
-1703
-404
-3189
3492
-2065
-1949
1100
-1782
1708
-2603
3049
-2435
229
1767
-2190
2144
-3105
2867
-4366
-894
1625
-3750
940
-4298
4622
-3616
-3046
2297
-1242
858
-6561
4087
-1672
-1666
260
-1648
3328
-5135
3087
-1391
681
-323
-2468
3566
-2283
2463
-3488
4396
-378
-2946
4906
-2931
4032
-2406
2220
703
268
2411
-3339
2716
-179
1782
-1508
1797
1721
547
-707
1675
1403
-552
-1241
2348
3715
-3992
2738
1312
4185
-4222
2769
153
767
152
-1705
4534
-5636
3596
-2278
3351
-2155
26
-398
1104
-109
-3575
5497
-4227
2698
-2638
1056
2154
-2610
-1252
1635
504
-1619
79
-68
1422
-4484
791
1120
-1275
-1179
-888
3124
-3574
-910
1454
-1021
-325
-3618
3294
-3432
-685
-1292
661
-1083
-4223
3666
-4621
2517
-3249
2075
-1885
-583
1416
-1910
3645
-3290
4000
-2996
1476
1929
-1361
484
-1028
4989
-2752
1206
1331
-462
1358
-3605
6561
-4637
842
760
-347
4491
-6767
6314
-2928
2467
-938
-957
4629
-5856
3272
-841
2324
-128
-1492
3175
-1388
2261
-3103
1593
2856
-3423
2049
-1293
5126
-330
-2915
3381
-713
862
-1531
375
2652
-3608
130
1772
-1444
340
-1695
2977
-3381
-503
2318
-294
-410
-3611
5319
-3571
1563
-1555
-2910
6200
-5423
1867
-4099
2852
-300
-4163
1698
-3973
4372
-6472
3594
15
-4020
2218
-2269
3731
-3672
-850
3944
-1164
-1138
1177
743
770
-2561
1458
1757
-153
-426
-112
3895
-3125
1128
-1816
1614
730
-1071
1331
-3311
5616
-4442
3329
-2121
-1495
2970
-3323
3229
-3676
1826
-434
1119
-1508
-1817
3786
193
-3329
2340
1928
1606
-1400
-931
4292
-2057
2069
-472
4293
-3579
2625
1770
-2957
2865
-5334
7355
-4940
-790
4130
-4383
3248
-4321
3698
-338
-2979
3093
-4264
2174
-1112
-821
895
-3098
1847
186
-1994
-1119
-1607
2359
-3229
451
-640
-1765
3892
-6120
5435
-4375
1063
189
-1353
4400
-6532
6250
-5717
3892
-1120
-893
2418
-4212
4552
-1254
1323
-1675
1334
-370
1962
-2589
1115
2271
-1615
1206
-2930
3700
574
-931
-2092
3175
-671
-1569
-558
-1541
2591
-3766
3214
-1847
1027
-1140
1949
1972
-8860
5909
1088
1097
-3231
1165
5685
-564
-2451
520
6633
-4435
1612
564
2034
327
-2424
6789
-6093
1757
3342
-805
870
-4865
6947
-2148
-2643
-2218
2646
283
-5169
2355
-1827
2956
-3433
1606
-3781
-1208
1941
-2930
294
-2331
1747
1260
-1767
-95
1964
-2162
992
-367
-2123
1037
562
-2057
169
472
987
-2187
1856
-155
-1095
-1016
-714
3482
-4366
2848
-1985
4041
-1809
-296
2670
-1606
130
-1752
3462
-3551
3304
-1786
2302
-616
-539
-700
972
465
-3561
3025
-1299
2074
-2237
2059
-2009
1289
-1500
831
-298
-260
1824
-480
1043
-2071
5160
-3157
4189
-3339
2967
-371
-669
4047
-2705
3547
-2502
4489
-1786
1684
-369
-1017
-1034
-324
1801
-2095
510
-2214
2876
-426
-1174
-344
-1327
-74
-503
434
-2391
2337
-890
-511
1053
-231
-229
-3195
4323
-3922
1598
-4057
1427
2855
-6864
3337
-676
1467
-3915
1272
-1063
945
-830
-1906
2490
-1986
897
1801
-1758
-485
1487
-1451
1368
-253
1123
-1890
1944
-587
2320
-3081
1095
4053
-5616
4364
-913
787
-488
-604
1175
-1451
-274
235
460
-1196
-221
2070
-2098
346
2039
-1911
-750
927
634
-251
264
3339
-1428
552
2426
-2737
3546
-3332
4912
-3690
1699
2729
-3051
2786
-4279
6265
-6446
3731
1206
-2134
1459
-1666
4465
-4028
885
2876
-803
-1930
833
1849
-997
-2251
2663
-526
-2997
1186
558
-2349
-1760
923
1311
-525
-5470
2224
648
-2202
84
-2970
3131
-893
-1843
-1016
1510
-235
-2371
274
-652
2907
-2964
-748
252
2056
-1762
-428
794
2118
601
-3094
4400
-1399
1210
-2388
3122
-1399
-1733
2310
690
1221
-3354
3544
-1652
195
-1219
356
176
-652
-330
1057
1457
-1233
332
-1248
3334
-753
-1425
-2289
3997
106
-3194
1969
553
2017
-2256
1984
-876
115
601
305
-477
978
2772
299
1050
-818
3380
110
284
-1597
1792
-2051
1905
1949
-2022
1458
-2223
4029
-3440
-1156
145
882
-1576
-2691
1236
818
-836
-4278
1766
1912
-4156
608
-1737
111
-166
-3018
2427
-6226
5919
-2659
101
-1665
-483
3225
-6034
4811
-2956
2435
-3918
3960
713
-919
2159
-2118
1878
-3735
4448
-76
-3409
929
1956
138
35
-301
1066
198
843
-2095
-1085
857
1146
-2001
-2223
4145
81
-335
-2098
2749
-1483
-1112
950
-881
1199
-2007
2186
1002
-1166
1098
1196
-347
1749
1789
-1010
2206
-1013
1156
2073
-1855
2061
2532
1408
-2191
3477
-562
-1175
-1196
1310
2908
-3158
1423
728
582
-2053
694
-1411
965
-3202
-507
0
109
-995
-3098
1150
263
2304
-6696
3701
-2892
1798
-3367
163
431
-4387
4807
-2999
2326
-6328
5499
-1601
1289
-886
-1793
514
-864
1492
-2835
3161
-3169
3573
-2897
4025
-2021
-496
1382
778
-173
-5478
4746
-1315
-455
-2610
1956
1002
-1234
1247
60
-2922
-926
237
723
789
-1279
207
2067
-196
467
1281
-2137
2163
-1263
-418
1687
2743
-282
-841
2322
1568
-538
2498
8
-974
370
610
3634
-2789
1630
1155
2169
-1347
991
538
-589
470
-2251
1809
-3155
2278
-1664
830
-1345
-959
807
-2525
5018
-3103
-89
-1987
-59
802
-3015
636
-740
1297
-3060
2435
-900
-903
774
-2017
1338
-3471
987
1832
-1197
-1622
337
1622
127
-1006
351
-426
710
-454
-1616
1761
-6
-817
-1635
2632
-672
-1251
-698
328
51
-3381
1771
770
-286
-2097
2444
327
-903
403
1049
-977
-2403
3496
-1319
325
-1558
3992
946
-1694
1352
-127
2450
-2702
3243
686
-783
1120
2154
848
-1656
2774
648
-557
826
1818
-128
-595
155
495
-1053
-256
998
-359
-619
-349
1579
-2571
759
473
-1037
184
-2363
3280
-4322
878
1792
-2354
1273
-2443
1076
-2002
-59
-631
-61
-65
-999
645
-107
-542
-1006
359
-3027
3088
-1625
-824
1285
-1817
2585
-3403
2261
178
-1837
-462
-81
568
-1880
-385
880
1114
-3478
542
2027
668
-2988
493
1523
178
-1649
93
3515
-3709
-82
853
2795
-2860
-1039
3163
538
464
-2584
4884
-736
-1610
1774
1261
1567
-2004
2662
1471
2453
-1879
-341
2075
972
-1530
-397
3965
-2318
2567
-3265
4322
-184
-3637
3395
-1393
2241
-4419
2638
1283
-1588
824
-1166
3559
-4107
164
2298
-3071
646
-2654
3116
-1631
-1991
701
1297
-1045
-3225
1530
-168
1080
-3427
-1138
-29
3076
-3203
394
-1193
-596
461
-3710
4214
-4521
267
109
1479
-2383
-2306
3027
-2261
405
-1485
2572
1022
-3745
1573
1101
-1185
-1371
1158
1179
-1134
297
-210
521
-122
-1201
1232
951
-1053
998
-585
2912
-1248
1554
-23
120
2250
-2772
3792
-2034
4189
-2985
1114
2036
-772
1493
-2576
4019
-2193
1994
711
127
1453
-758
213
1607
-153
364
161
1809
-779
99
-769
1209
2597
-4767
2797
-1085
1590
-2631
783
312
-2135
970
-1655
2529
-3534
1596
-1245
-1203
615
-869
1393
-1390
-1885
-1409
309
1367
-3541
-1315
2334
-954
-1687
-911
1675
-1284
-2224
1272
1310
-3285
1581
751
-691
-2168
1153
1617
-3548
1192
-1435
2869
-2161
-649
762
-274
1522
-3056
431
1759
-2
-1585
1317
3277
-1824
-1197
2459
759
-1417
-1597
4941
-1727
-1028
1423
2058
47
-2610
3806
-1068
-1221
1357
1710
91
-1228
813
3754
-1797
1234
-800
2249
-831
-1471
3891
-2030
2756
-2757
3186
-1407
985
-502
-705
2539
-2687
2389
-3260
2295
1107
-1119
-1860
399
251
989
-457
-3232
1695
-1190
-163
-1269
919
-1695
-1402
763
-1106
-394
-2152
1797
-175
-241
-681
214
482
-3094
1713
97
-1544
-693
287
-112
-200
633
-1590
746
-220
-1192
1889
-1944
987
-399
-469
1182
619
141
-2506
3397
-2245
2258
-1668
-686
3200
-3428
2259
-1267
1474
-451
-917
1787
-1911
1901
-973
1331
-73
-802
3520
-2715
1748
-2105
4128
-1630
-2411
3822
-1827
3378
-3471
3884
-1131
524
-69
513
1347
-2646
3858
-3029
3563
-1679
197
1672
-816
-223
-1374
1270
-1290
626
-1434
2404
-2878
-827
1272
149
-955
-3021
3031
-1571
-562
175
392
-455
410
-1723
1500
-1265
-952
695
-333
1125
-4736
3908
-1411
1805
-3704
1141
1621
-2954
3572
-2067
1900
-2541
4233
-2662
-172
1458
-204
352
-3556
4987
-1636
-1453
2509
-124
-1422
-1286
2664
181
-2180
-91
821
2027
-2914
1416
568
159
-907
44
529
-129
445
-2762
5095
-2201
-1163
1430
858
-1025
-676
2745
-1164
146
-581
4061
-1651
-2068
1202
1158
1114
-3130
2681
-1485
1044
455
-3664
3515
-1873
1459
-572
-3222
2888
-2111
873
-83
-803
-964
785
824
-2513
2675
-1633
83
-1515
26
760
-1523
408
-1718
1733
-806
14
-539
-13
881
-1770
291
-169
2735
-1729
-1481
2312
-735
1405
-1300
1844
-2054
508
1462
-126
1797
-2708
4102
-2105
-774
1540
-1574
654
-296
1811
-454
-1654
2876
495
-2138
-845
1396
107
-1706
1647
117
-1759
981
3156
-2568
-843
1145
1537
-1456
-1735
2216
72
-561
298
1493
-1536
1476
-1383
439
-12
-596
1745
-3368
1314
942
-772
-1426
2201
132
-2496
27
605
1243
-2622
-117
1351
415
-1872
603
2325
-3147
-593
1246
-280
-584
-1226
2241
-1557
-1578
719
844
-1092
-1278
1995
-1903
1508
760
-759
-1337
1455
-547
-261
-821
583
2174
-3761
5185
370
-1236
-224
1150
1366
-2598
880
734
935
-417
453
1831
-1063
882
-61
-757
2500
-2938
779
936
923
-1292
-289
2190
-443
-1064
-2115
3701
-1934
222
-675
1333
1330
-1865
1768
-2426
1699
-1252
714
-86
-1207
4
957
1323
-3535
820
-406
2410
-3065
-824
1852
-623
331
-2488
2091
-1725
841
-405
-514
-708
712
-31
-363
548
-2672
1539
210
-530
-2996
2138
439
-678
-1249
513
1086
-871
-79
44
-150
-2460
2382
-1056
1151
-1276
1355
-379
365
977
-2105
1242
-747
1216
-1022
2660
-1127
318
1374
81
1550
-2367
820
1954
310
-1322
-389
2868
316
363
-1061
32
2140
-2487
1358
157
-1691
836
1972
-587
-1718
933
1374
1085
-2255
-3
2519
-2795
23
1718
-1121
-414
-1394
3560
55
-3239
-380
1625
1161
-3424
253
1537
-29
-781
-2439
2335
-586
-1845
1653
-961
-311
-1259
1439
-1356
-618
-534
1139
173
-2266
1865
-2396
1197
-1990
2452
-521
-2671
2187
-958
1971
-2997
823
-288
137
1250
-1753
326
-1230
2311
-129
-1930
881
442
430
-1063
893
963
-1424
1617
819
-10
-705
-873
3109
626
-1882
1721
590
72
315
-122
1016
-893
-225
507
933
170
388
-874
601
984
-1039
1161
-851
-104
524
-556
2462
-1313
-2496
2977
897
-956
-1880
2085
1126
-640
-2164
330
3281
-3263
261
1196
-298
-1161
268
-225
-1268
-224
741
-236
-515
-1500
1371
-348
-2266
1642
-284
677
-2495
1577
-1163
994
-1415
-690
92
-615
1716
-1984
2279
-3531
2405
-817
-207
-483
-1429
1374
-181
19
-2126
2834
-530
-315
-390
-218
1149
-190
-339
576
-174
788
-327
953
-809
1131
816
-1035
1259
-2316
4256
-1567
-882
990
1160
202
-1386
1484
-221
360
-1818
2369
-514
105
-606
691
1048
-1392
304
799
-84
-714
1483
-231
1392
-1147
757
735
-126
-1285
780
1073
-1561
1113
-755
279
-247
-269
63
-65
-681
929
-989
-86
-345
-239
285
-1257
679
-1080
1175
-956
83
-509
31
-330
-381
324
-1889
844
-21
439
-2266
624
560
-1134
200
-600
576
-957
-269
1389
-650
-1393
54
1081
424
-1058
546
-1101
1120
663
-694
202
-213
547
143
-39
-670
516
343
1008
-1498
157
1415
2
-316
-701
1320
-605
-735
617
276
-210
-1020
1230
1263
-514
148
-504
1465
-653
610
364
-225
617
-469
1918
-1518
404
906
239
234
-372
-344
1089
-114
-687
1302
-1278
1107
-1297
374
819
-871
-623
-48
1997
-1405
-660
-290
433
-85
-1040
731
18
-1172
-42
1252
-34
-2245
402
1179
-216
-1097
-479
879
-658
446
-128
371
-690
-239
-497
798
331
-1410
86
-837
2283
-1601
157
-199
-604
843
-249
798
-1675
492
533
622
-1223
-273
-308
1355
-1126
-118
95
-659
527
-1377
2731
-2157
938
-118
-44
462
-367
879
-693
-361
230
1599
-967
70
783
739
-742
621
-181
410
140
-612
401
602
-116
1346
-671
-718
1512
-225
618
-1464
839
-1336
1988
-1243
188
745
-2019
1821
-482
407
-1162
669
-1636
2339
-613
-502
93
-1416
2409
-752
795
-845
35
-121
1248
440
-1277
-14
108
60
-127
-293
-136
464
52
755
-917
72
-125
64
-155
-737
-326
1324
-1148
-283
1931
-2305
210
-672
1793
-1478
-1786
1111
576
-809
-1186
3089
-2220
315
631
206
-1246
-849
2193
-962
-575
-296
2137
-1122
-540
1389
-1434
882
540
-378
471
-363
480
710
-494
74
-154
100
994
-133
-489
164
484
437
-537
-551
-82
215
289
-456
290
-477
-476
1103
746
-1039
-890
846
725
-513
-928
807
70
394
24
751
-692
336
1180
-730
-159
-372
1147
-740
-175
10
1584
-623
76
2
316
299
-1574
543
-294
1080
-1340
566
-510
-14
-55
-531
-76
-687
490
-404
505
-52
620
-1059
-832
-432
889
-399
-1287
262
902
1064
-1077
27
-29
138
-630
144
-234
-235
883
279
-662
165
1457
16
-980
-1068
2064
-240
-837
-264
322
787
10
-245
-652
327
250
730
-812
-585
270
132
-244
356
-987
766
-73
-41
-197
-440
696
-688
929
-299
629
-1333
436
250
162
-204
-136
1622
-1101
77
57
642
-323
-147
394
-206
-822
1180
62
-370
-131
6
173
-323
405
-911
428
-670
746
-1317
309
-286
-65
794
-1174
750
-699
373
-984
39
-402
404
-486
223
592
-1084
290
392
-407
-218
986
-510
403
-175
616
-751
-288
197
341
253
-496
1702
-528
457
211
-394
132
270
179
-1260
717
679
459
-572
135
612
-100
276
-401
413
-803
738
351
-779
-244
299
812
-143
-934
930
1085
-742
223
-841
862
-153
29
-268
-633
1138
-481
774
-126
427
-538
239
-7
-880
738
-457
-101
-1211
1048
684
-96
-955
-20
398
-895
335
-381
-561
-470
19
-315
852
-1390
403
515
-982
77
-451
142
-456
-30
-586
-83
238
-346
682
-315
-707
743
-525
-79
-490
666
-235
143
506
-436
479
-456
685
-271
58
487
666
-656
781
682
-499
-37
740
706
-328
-128
224
1299
-280
314
-101
740
257
627
-347
-59
313
-6
547
-748
742
204
1329
-1113
-195
588
379
-338
-546
327
-355
907
-657
547
-415
165
253
-714
162
237
-44
-710
-336
62
690
-488
-881
-253
420
622
-55
-1062
-1096
174
992
76
-1899
-1069
524
-9
240
-470
-622
-285
-230
217
-581
-1056
-616
171
-739
-131
92
-58
10
-789
271
69
64
-576
-475
186
-136
594
-317
272
-74
671
712
-595
374
498
186
164
1054
-386
575
-174
783
1098
-446
877
180
225
-21
1238
-229
496
216
19
1121
-248
304
-581
602
759
318
-128
-338
645
314
225
31
-699
-87
789
403
-645
-162
467
18
23
-570
106
-300
-149
483
-169
-792
-219
498
-346
-874
-87
298
-159
-329
-1152
-575
-513
-230
352
59
-879
-187
250
-635
-675
-1117
-448
-829
-220
404
200
-371
-1033
272
-491
-504
393
-1309
-1058
-100
369
-82
-718
-56
665
329
-961
72
-208
217
604
-28
-365
-130
1148
539
330
12
771
702
450
126
474
553
291
1250
-77
329
507
642
616
307
280
341
669
149
575
-38
-306
316
631
37
-199
76
442
512
280
-141
-173
-58
210
656
-752
-276
262
481
292
-210
-266
-135
437
307
-236
-459
-42
-318
359
-82
-523
-189
174
217
-129
-595
-301
-142
-419
-20
-656
-401
-286
32
-571
-665
-385
-283
181
-334
-853
-653
101
-33
-469
-693
-327
74
470
-601
-348
-76
18
484
-522
-240
-37
96
430
165
-231
30
94
533
727
-64
-412
103
592
536
-161
-304
325
870
674
-190
-169
213
719
376
-249
-210
316
408
416
300
-2
72
223
331
189
-198
-201
441
285
-57
-281
-38
-14
204
185
-278
-52
-32
181
-6
-405
-235
46
-48
94
-114
-281
-111
78
14
-168
-11
-154
164
-74
-122
-66
-60
101
-151
-186
-5
261
-158
-91
-44
16
-80
-436
-270
-127
-141
-201
-143
-156
-211
-188
-139
-158
-141
-192
37
-117
-32
-128
-88
182
21
161
-105
143
341
213
102
139
479
195
137
62
128
488
175
135
164
196
263
300
116
76
-81
31
131
-193
56
-316
63
96
-127
-63
-28
-109
-253
-10
-343
-82
-70
-143
-239
-54
-6
-167
-129
-227
17
-110
-14
108
-58
-134
-160
-134
91
-59
-134
-94
-52
87
-52
62
-79
120
-25
-190
-28
-111
60
-213
-37
-88
-74
-37
-116
166
-109
-75
23
-161
-121
-89
-159
112
4
53
-58
72
92
-56
154
-17
223
-136
40
263
38
19
132
257
208
106
-2
374
323
184
111
179
191
166
267
74
32
128
281
245
85
-21
65
171
-81
13
-130
-111
0
-105
-32
-200
-91
-92
-163
-235
-203
-292
-110
-230
-373
7
-130
-254
-178
-212
-15
-149
-242
-10
-159
103
-176
-84
95
-27
-6
8
102
2
35
-47
7
-40
152
40
-40
3
-63
116
-63
-30
-4
-155
50
-70
-109
58
-36
-24
-23
-140
33
19
12
236
-109
71
112
95
148
93
181
75
403
275
269
258
97
438
302
123
322
218
248
159
91
304
262
119
28
164
60
85
97
-30
96
-55
-211
-4
-77
-97
-54
-190
-169
-52
-125
-426
-162
-59
-346
-117
-290
-231
-6
-245
-148
-269
84
-106
-190
-4
-90
-28
-275
23
-49
-59
-122
-44
-17
21
44
-213
143
40
-199
-30
-101
-48
-22
-108
60
-206
-35
64
-23
31
-124
-31
-36
-37
-30
25
68
13
-40
247
149
61
170
109
295
116
123
227
221
181
110
227
229
258
266
211
135
194
146
223
200
36
114
32
124
41
34
125
-32
-40
5
-34
-178
-193
-71
-37
-200
-295
-181
-73
-180
-211
-104
-22
-71
-339
-201
-39
-92
-154
-156
-106
-115
-46
-37
-115
-100
58
-69
-71
-41
-39
-74
-77
-68
-56
22
-3
-12
-170
33
-22
-59
-112
-33
-71
-103
-16
-162
79
34
-11
-82
59
59
119
76
111
96
56
240
105
119
182
262
95
298
211
208
282
154
197
264
204
174
162
139
361
4
145
168
157
113
-82
54
-40
10
47
-127
-104
-28
-179
-31
-194
-113
-174
-123
-93
-251
-148
-248
-134
-114
-74
-172
-185
-250
22
-56
-233
-31
-233
-100
8
-116
-59
-116
-63
69
-152
-65
-57
-29
-96
-172
-37
-21
58
-187
-217
-64
34
-89
-164
-99
-25
-85
-191
2
-92
-31
-14
-134
112
87
-53
88
30
126
113
-18
134
179
170
157
126
212
317
126
147
277
270
117
142
285
194
143
110
89
239
162
-23
125
105
89
-73
-43
64
-13
-85
-76
-6
-32
-71
-99
-39
-97
-51
-125
-109
-84
-121
-101
-85
-102
-48
-45
-134
-126
-9
-5
-151
-45
-138
-12
-78
-169
-41
-65
-42
-75
-90
-37
-112
-206
-59
-112
-49
-219
-178
-124
-172
-48
-201
-114
-148
-139
-142
-112
-25
-144
-233
-66
-10
-22
-9
-117
36
99
18
18
198
103
72
92
67
259
123
135
238
242
118
103
238
189
186
133
186
84
86
200
56
162
56
130
98
-34
114
51
41
1
54
-4
108
-50
-7
113
-28
42
7
170
-39
12
27
41
60
-52
77
81
19
-78
67
7
89
-65
5
86
-104
-28
-120
24
-53
-85
19
-70
-174
-150
14
-50
-184
-108
-116
-95
-166
-204
-73
-109
-198
-147
-53
-104
-120
-194
-33
13
-110
-80
23
-28
-145
-11
43
110
-32
-24
84
60
43
-28
72
83
79
61
9
108
-9
7
172
63
127
19
-29
73
29
180
-10
-32
151
61
63
-35
87
169
55
80
122
69
51
55
73
167
88
97
6
156
145
-1
173
95
163
39
62
146
-51
27
125
26
81
18
-39
68
-36
1
-16
35
-36
-157
-76
-85
-111
-60
-87
-94
-108
-95
-51
-122
-81
-170
9
-40
-151
-130
-107
18
-87
-48
-56
28
-91
-124
11
-76
-75
-68
-58
-9
-142
-129
-3
-113
-37
-47
-66
-68
-80
-104
-98
-65
-59
-6
-81
-107
-83
11
31
-56
-22
52
-31
-1
0
60
12
13
111
99
95
-12
156
142
89
88
129
178
43
63
181
116
110
86
107
220
79
49
120
127
53
74
95
61
-16
22
86
64
-17
11
90
-42
-99
25
82
-12
-104
-47
150
-27
-43
38
81
47
-40
21
84
41
-77
5
33
59
-124
-34
23
-62
-47
-110
-47
-108
-156
-112
-31
-164
-210
-141
-35
-96
-247
-157
-112
-157
-204
-112
-150
-166
-188
-82
-123
-132
-62
-67
-20
-152
17
0
-26
-11
14
45
51
47
45
136
66
97
106
93
72
55
133
178
95
65
71
208
140
57
151
125
77
63
52
110
52
-38
113
-12
7
76
87
14
-46
81
131
21
-14
93
109
97
2
111
142
70
88
80
114
89
4
89
57
80
14
-30
84
5
-35
-24
51
-24
-66
-136
-13
-62
-166
-87
-126
-152
-201
-67
-174
-202
-175
-163
-93
-234
-173
-157
-170
-136
-143
-68
-174
-65
-87
-56
-19
-108
20
-51
-13
-47
77
-6
-50
34
31
158
-28
-5
144
108
33
23
123
143
45
5
104
119
1
12
58
135
2
20
71
-17
72
56
118
62
22
111
131
102
99
129
139
64
134
151
95
108
39
176
105
24
127
100
80
49
52
95
30
2
12
37
33
-34
-52
-36
-27
-64
-60
-141
-132
-110
-121
-130
-135
-150
-195
-130
-211
-119
-101
-159
-129
-191
-111
-101
-94
-98
-112
-89
-141
-37
-20
-88
-50
-71
50
-54
-57
-22
-62
69
-29
11
-17
13
72
25
-15
41
25
1
51
-47
78
45
29
-43
10
139
47
63
-27
86
140
44
106
89
140
111
26
168
154
78
81
127
123
70
66
96
117
55
59
95
45
30
71
12
68
10
-48
37
-4
-20
-30
-60
-29
-103
-114
-31
-103
-100
-139
-55
-77
-136
-114
-94
-20
-142
-106
-74
-65
-56
-115
-47
-46
-110
-33
-82
-30
-31
-75
-26
-112
14
-44
-35
-41
-44
14
-53
-25
-33
50
-8
-55
-30
2
44
-55
-24
53
26
-16
-30
98
70
-31
29
123
85
-21
33
180
99
-17
81
153
109
-37
87
178
48
20
54
140
109
-13
94
113
44
4
24
152
20
-22
14
44
1
-22
41
-73
-57
-38
-32
-49
-123
-36
-21
-107
-88
-47
-37
-57
-75
-8
-2
-82
-55
-12
-4
-86
-59
47
-63
-108
-29
27
-54
-88
-46
-6
-45
-111
-15
37
-96
-97
-9
-28
36
-104
-34
18
-48
-23
-53
14
-69
21
-28
-59
42
-25
58
-12
0
98
-24
105
23
51
164
-17
66
37
123
89
0
82
117
68
-16
115
137
39
17
100
80
63
30
63
113
-18
6
107
2
-62
-1
61
8
-105
-35
59
-1
-107
-5
33
-15
-124
-6
100
-33
-116
-23
95
0
-57
4
128
-67
-49
77
69
-60
-59
84
23
-43
-70
80
19
-93
10
48
-40
-64
-67
95
-22
-172
6
47
-32
-98
-45
90
-9
-137
-16
80
35
-111
20
77
-2
-27
52
93
-32
-57
103
123
-100
-19
177
74
-62
-23
137
88
-105
59
88
63
-108
-42
188
-40
-95
-40
82
-13
-163
-23
85
-62
-182
-36
56
-44
-166
-23
62
-76
-74
-35
22
-25
-100
12
39
-80
-62
64
-8
-48
-16
18
17
-42
9
86
-4
-24
-4
13
26
-12
34
-39
-11
5
-31
18
-41
-84
30
22
-56
-13
-25
36
17
-71
19
72
-9
-6
19
75
52
-55
30
82
42
15
32
91
24
46
86
66
28
15
75
97
40
-2
87
45
26
-28
80
44
-92
-2
1
24
-106
-73
33
-53
-115
-37
-13
-57
-72
-58
29
-26
-117
-27
16
-34
-51
-16
-5
-77
-37
34
-8
-73
-43
32
7
-85
2
45
17
-46
-32
73
-5
-18
-12
70
29
-98
42
71
-79
-26
21
50
-65
-100
94
35
-59
-58
55
12
-28
-24
50
22
-32
46
-15
67
-12
19
102
-10
17
54
54
65
6
41
104
13
-16
71
105
-6
-11
81
40
-47
-17
40
11
-89
-60
60
-61
-155
-10
-6
-71
-134
-77
-7
-81
-104
-106
24
-51
-138
-46
-16
-21
-81
-77
-3
15
-51
-92
28
-2
-72
18
-10
50
-27
-42
71
45
-41
-23
96
-6
-43
12
48
-22
-54
8
34
1
-56
21
32
-19
-1
27
12
-14
33
63
29
13
34
65
38
18
68
123
-1
20
125
80
46
93
103
79
91
61
119
38
88
142
53
40
52
94
37
18
74
28
-29
-14
23
30
-37
-17
-12
-18
-51
-47
-17
-54
-54
-22
-14
-65
-38
-22
-34
-27
-54
-28
-22
-73
-32
13
-13
-63
-2
10
-31
-30
5
47
-76
-62
36
21
-64
-82
23
48
-98
-65
11
-5
-35
-112
30
27
-91
-85
28
23
-35
-49
20
32
-28
29
-8
53
18
-17
58
37
48
10
14
114
45
-5
37
87
64
16
54
61
41
-6
70
74
24
36
9
35
6
-21
34
-4
-11
-27
-16
6
-54
-52
-27
31
-33
-103
-34
15
-58
-72
-3
-11
-103
-74
27
-42
-83
-26
17
-69
-101
6
38
-99
-60
67
7
-72
-57
43
-2
-67
-27
25
-20
-118
-1
40
-84
-63
-28
21
-62
-103
12
4
-33
-58
27
26
-51
-15
66
4
-52
7
68
13
-59
69
123
-29
-37
89
89
14
-60
101
94
-45
19
96
53
-22
23
74
22
-42
63
81
4
-11
60
45
-11
-5
37
53
-3
-22
21
44
2
-11
-7
30
-9
-64
6
30
-26
-46
-5
59
-60
-80
48
36
-44
-62
60
29
-108
-39
95
1
-139
11
82
-78
-127
8
94
-113
-135
57
22
-118
-82
48
7
-92
-44
47
-44
-89
28
41
-60
-65
39
61
-60
-77
58
72
-42
-54
37
83
-5
-70
32
89
-10
-50
39
83
-16
-48
53
50
-8
-20
55
43
-48
16
46
11
-12
-6
50
19
-18
17
22
26
-12
22
32
-3
-12
10
52
16
-39
-18
87
2
-53
21
79
27
-87
6
87
-6
-31
25
42
-18
-18
30
-42
-26
29
2
-51
-26
16
10
-56
-19
66
-26
-51
13
38
0
-34
24
44
-27
-58
32
54
-40
-1
43
14
4
-10
19
43
6
24
17
17
25
25
39
9
23
25
40
17
-4
41
46
13
18
33
32
19
33
26
23
-7
0
47
6
-8
10
30
-15
5
10
18
34
-2
7
3
18
17
2
-1
30
32
-29
14
9
-8
55
10
-11
-18
36
42
-60
-19
60
16
-63
-29
54
-4
-87
-10
44
-25
-84
-10
57
-16
-67
39
60
-50
-59
46
52
-66
-68
48
34
-75
-25
71
16
-79
12
60
-8
-54
16
77
-34
-38
35
26
-10
-4
53
44
-46
-4
58
16
-13
9
46
43
-22
-2
64
35
-20
-25
35
7
-29
-39
3
44
-58
-32
12
-17
-3
-16
6
-1
-32
1
5
-28
-19
31
10
-60
-6
26
-19
-47
-9
51
-6
-66
-25
38
-25
-53
20
3
-28
-26
-22
3
-37
-37
-4
-23
-51
-20
5
-38
-13
-8
-7
-19
-32
-3
0
-25
-53
4
-6
-50
-6
0
-3
-26
-16
21
1
-31
-1
48
-22
-23
15
10
17
-17
25
29
-23
-22
27
34
-22
-9
14
6
-38
-20
34
-8
-34
-3
11
-16
-59
-7
18
-14
-38
-13
6
-36
-37
-4
36
-27
-71
7
8
-65
-22
6
15
-28
-32
25
-14
-23
23
19
-18
-1
-15
-11
-12
18
11
-22
17
7
-23
-18
0
7
-30
-13
32
-15
-26
-1
31
-18
-29
19
-16
-13
-19
6
-6
-54
-14
1
-29
-42
-10
-10
-37
-9
4
-14
-23
-7
10
-22
-29
3
24
-32
-27
32
-9
-33
-13
32
14
-26
-3
34
9
-23
28
41
-15
-23
11
21
-7
-24
28
46
-16
-38
9
23
-21
-3
42
29
-18
-13
40
23
-1
18
63
26
-13
37
48
31
24
50
61
12
-18
46
58
16
28
55
30
8
-1
58
50
-25
46
56
17
-11
13
48
29
10
31
41
-1
-10
23
41
13
-16
20
40
-18
-14
20
38
-35
-23
45
0
-57
-25
37
4
-43
-16
30
-16
-33
4
29
0
-19
8
27
-1
-13
5
19
16
-6
3
-6
5
-6
-12
7
-1
-3
-19
-20
7
-23
-34
-3
7
-11
-23
-17
-2
-11
-22
12
1
-20
-10
2
12
6
-4
28
14
-5
-11
15
25
-18
9
38
10
-26
-5
36
18
-33
17
58
-7
-51
21
46
-9
-12
33
52
-22
-20
40
26
-19
5
29
-7
-32
-6
16
-7
-28
9
24
-30
-28
16
16
-8
-16
19
37
-41
-29
40
20
-17
-14
22
4
-28
-12
16
10
-21
-26
1
-25
-32
-24
-7
0
-24
-21
-25
-32
-37
-2
-12
-44
-21
-10
-45
-34
-6
9
-20
-16
9
-25
-22
-11
-1
-26
-7
1
-35
-28
-4
-14
-25
-26
-7
3
-36
-18
-5
-6
-24
-22
-11
-9
-17
-25
1
5
-16
-21
3
3
-4
-23
2
13
-13
-15
7
16
-19
-26
9
13
-25
-19
38
9
-34
24
42
-6
-21
40
61
-22
-20
58
44
-23
-7
61
14
-40
6
48
11
-31
3
38
-10
-34
19
26
4
-16
6
9
-3
-15
11
29
-6
-6
0
25
6
-9
36
32
-13
-10
8
7
-9
6
22
-6
-17
-9
6
-5
-6
10
8
1
-5
-11
7
24
12
6
7
1
-9
-9
3
22
4
-9
-6
-7
-16
-20
-9
11
-1
-27
-11
1
-1
0
8
14
10
-7
-10
10
5
12
15
4
16
4
-9
0
5
13
4
-18
-7
0
-17
-15
-3
-4
-4
-6
-20
0
3
-2
2
-4
12
2
-19
-12
10
2
-16
3
11
-16
-22
-4
-1
-9
-5
6
-2
-14
0
2
-9
11
15
16
-3
-6
8
2
-11
20
37
7
-4
-8
12
12
-10
-2
17
-9
-26
-6
5
-8
-7
3
6
-25
-29
8
9
-8
3
26
9
-24
-2
37
9
-5
22
40
-18
-26
23
33
-4
-9
41
19
-29
-9
32
16
-6
-4
22
0
-19
-2
24
27
0
17
36
12
-9
8
32
34
2
14
26
-2
-10
-5
10
0
-16
-13
16
-10
-32
7
16
-9
-19
7
14
-14
-14
31
27
-13
-4
24
16
-12
5
31
15
-12
6
12
0
-13
-3
8
-5
-13
-31
-9
-15
-22
-27
0
-2
-26
-25
-3
6
-34
-4
27
0
-37
-3
14
2
-23
9
30
-18
-33
8
15
-38
-16
13
7
-38
-32
-1
-2
-28
-11
3
-22
-26
-19
-2
-3
-13
-11
9
-1
-10
-6
5
-3
-21
-11
-7
-21
-31
-10
3
-23
-20
7
-11
-27
-14
5
-2
-19
3
16
-17
-10
21
15
-6
14
22
3
-13
14
33
-5
0
31
16
-23
3
24
10
-19
12
40
-6
-23
21
27
-5
-9
16
26
-12
-7
28
34
0
-1
26
19
-22
-10
29
11
-14
5
32
11
-22
8
41
7
-14
12
46
-5
-29
35
41
-22
-10
44
23
-17
0
42
24
-23
22
54
-7
-21
21
37
1
-11
22
31
-10
-1
32
30
3
-1
33
32
-1
9
44
19
0
13
37
16
-6
13
34
9
-8
28
25
-4
-3
30
32
-7
8
36
19
-3
19
50
12
-2
33
31
-7
-6
28
22
-6
-3
22
-2
-38
0
10
-28
-23
-6
4
-32
-32
0
-3
-34
-15
3
-22
-21
-16
5
-9
-22
-2
6
-17
-2
2
-9
-12
-23
-2
-15
-24
-19
2
-12
-17
1
3
-8
-6
2
5
-13
-13
7
-3
-8
3
19
-8
-7
5
6
-4
-7
7
6
-19
-19
4
-10
-25
-13
13
-10
-24
-16
13
-22
-36
11
0
-15
-18
16
13
-8
-8
17
17
-18
6
14
9
-5
-4
17
7
-22
-11
11
-17
-29
-7
10
-23
-25
11
19
-20
-15
19
1
-22
-8
13
-7
-12
5
21
-5
-9
6
-1
-24
-8
7
-16
-15
-9
-4
-15
-17
-3
-2
-26
-10
7
-16
-26
-5
-6
-22
-18
-10
7
-18
-15
10
-8
-16
-9
5
0
-9
-16
2
-8
-29
-9
-3
-5
-18
-5
13
-3
-25
1
18
-12
-27
14
24
-17
-9
26
22
-27
-19
28
8
-38
-1
29
-7
-29
17
27
-19
-31
8
21
-34
-32
4
0
-40
-21
8
-9
-41
-19
32
-6
-27
9
16
-13
-23
4
12
-22
-26
11
0
-32
-19
1
-4
-25
-20
1
-11
-38
-15
7
-13
-26
-8
13
-16
-34
1
15
-22
-29
5
9
-25
-26
16
14
-27
-12
22
-1
-31
-6
19
-7
-30
1
18
-19
-41
6
32
-15
-20
30
26
-15
-9
24
16
-25
-15
31
9
-21
-2
26
10
-12
13
40
16
-5
23
50
18
11
34
42
21
-3
36
45
12
13
45
38
-3
12
45
37
9
12
54
30
-8
32
48
17
0
27
39
8
-6
33
39
-2
5
36
25
-9
2
27
12
-22
1
17
-11
-22
6
15
-7
-8
2
22
-4
-7
31
20
-9
-7
21
11
-15
-5
16
0
-19
-3
29
-4
-22
8
16
-9
-37
6
17
-19
-31
9
13
-31
-21
18
13
-31
-11
27
1
-34
2
21
-4
-20
0
42
3
-24
19
31
-11
-10
30
24
-16
-12
23
19
-18
-15
31
15
-25
-2
28
-8
-30
-6
20
-7
-42
7
20
-13
-25
9
22
-25
-32
11
9
-37
-24
6
-12
-37
-23
3
-8
-39
-23
8
-14
-38
-13
5
-16
-31
-8
12
-11
-26
0
23
-21
-27
3
4
-20
-20
11
-3
-25
-11
13
-5
-20
-3
13
3
-16
0
19
-2
-17
22
13
-9
-9
9
10
-4
2
12
23
-7
0
18
5
-6
-1
16
10
-3
9
31
11
-10
4
27
6
-13
10
34
-1
-11
29
20
-4
-6
20
19
3
0
26
20
-16
8
31
8
-12
8
10
0
-7
6
20
1
-9
5
12
-8
-18
1
6
-10
-15
3
1
-25
-29
-7
2
-16
-22
7
7
-20
-23
-4
3
-29
-19
8
-2
-27
-25
12
-4
-26
-5
7
-13
-25
-15
-9
-7
-28
-25
-2
-13
-31
-9
3
-12
-31
-15
6
-19
-24
-6
16
-12
-23
6
10
-21
-23
18
16
-22
-8
31
5
-16
-4
28
1
-19
9
29
-5
-27
21
17
-20
-18
22
10
-10
-9
29
18
-16
6
32
16
-18
13
39
17
-13
22
31
-16
-15
17
10
-28
-15
28
14
-20
1
31
0
-21
21
19
-19
-18
10
13
-15
-6
15
7
-26
-9
8
-18
-21
-7
3
-12
-12
-9
3
-8
-5
-2
0
-6
-15
3
6
0
-6
4
4
11
0
4
13
7
-3
10
22
-1
-6
10
12
-3
5
8
22
10
6
20
14
-1
3
14
10
-1
-3
16
16
3
1
22
14
-13
-2
20
1
-19
10
16
-6
-17
7
10
-20
-12
14
14
-20
0
23
4
-15
1
21
-12
-13
16
17
-16
-2
22
8
-9
6
24
1
-13
7
13
-15
-22
6
1
-32
-14
7
-7
-26
-1
12
-5
-9
12
20
-3
-2
21
15
-2
12
19
20
2
12
28
4
-3
6
11
2
-9
9
17
4
-3
11
26
-1
3
20
15
6
6
28
16
3
12
16
8
-2
19
14
-3
2
10
10
1
11
13
3
1
9
1
-3
4
10
6
7
19
16
11
15
22
9
5
7
10
2
3
12
7
-7
-4
9
-3
-18
-3
5
-12
-23
-6
-5
-22
-19
-9
-5
-25
-23
-6
-16
-31
-12
-6
-19
-27
-6
9
-10
-6
0
-3
-16
-17
-3
-9
-22
-16
-9
-6
-24
-13
9
-1
-12
-14
-1
-12
-16
-9
10
1
-13
1
13
0
-10
10
9
-14
-17
8
-3
-12
-13
0
2
-19
-6
9
6
-6
3
13
3
-6
5
12
3
0
7
22
9
2
14
21
-5
-3
13
-4
-16
-13
5
-11
-17
-16
-1
-7
-24
-9
1
-7
-6
6
10
2
-1
7
4
11
1
3
10
-7
-17
-9
-9
-23
-22
-23
-20
-21
-28
-15
-6
-20
-13
-1
-5
-6
-6
11
4
-2
4
6
-4
-5
1
-3
-4
-10
-6
-7
-12
-6
-9
-13
-4
-15
-17
-9
-9
-9
-20
-13
-6
-10
-25
-4
-2
-18
-12
-2
6
-8
-1
8
3
-6
9
6
-5
1
9
10
2
7
6
7
4
12
12
20
16
14
18
15
11
11
16
17
18
12
23
20
16
16
20
12
13
14
11
10
-2
9
12
3
-3
6
10
0
4
6
0
-6
3
9
10
3
1
7
12
6
6
19
10
7
13
17
6
6
2
-3
6
6
10
10
8
1
7
8
3
3
3
6
1
-6
9
9
3
11
15
15
-1
12
12
7
5
9
10
6
9
10
15
14
12
19
26
10
9
18
22
10
14
13
7
4
3
11
2
-8
-3
-4
-11
-8
-3
0
-9
9
5
0
2
-2
3
3
3
5
5
0
4
-2
1
-1
6
-1
6
10
2
-1
-3
5
-10
-3
-2
-7
-17
-13
-6
-7
-15
-8
-6
-9
-16
-12
-7
-26
-15
-25
-17
-25
-20
-9
-17
-16
-18
-19
-29
-21
-18
-16
-19
-16
-14
-22
-26
-19
-22
-22
-7
-17
-18
-22
-15
-15
-20
-4
-4
-4
-3
0
0
0
-1
6
6
3
5
1
-5
-6
-3
-9
-14
-15
-12
-17
-14
-12
-3
-10
-9
4
-2
-6
-8
3
-9
-10
-7
-9
-10
-3
-12
-15
-11
-19
-11
-14
-13
-16
-12
-19
-9
-10
-20
-9
-6
-6
-4
-2
-6
-6
-6
0
-6
-4
-10
-2
-2
-7
-7
-4
-2
-10
-4
-7
-13
-6
-2
2
-6
-3
-2
3
0
3
6
-4
1
-3
-3
-8
3
1
2
-1
7
7
7
0
6
5
-6
0
-8
-4
-5
2
-2
4
2
-1
-4
4
-1
-5
6
10
6
1
13
8
10
3
11
8
6
0
4
4
-3
6
6
-1
-6
-1
0
-3
-2
3
4
6
7
11
6
7
7
10
9
12
16
9
12
13
11
7
6
3
0
0
-3
-3
-4
-6
2
1
-3
-3
-3
-5
-3
-11
-10
-3
-2
4
1
1
3
10
5
1
4
1
-2
-3
-6
-10
-13
-11
-9
-8
-2
-5
-7
-7
-5
0
-4
-5
0
2
2
2
18
10
8
12
10
7
5
9
6
11
4
6
6
8
6
11
5
7
2
7
10
9
19
13
21
13
19
13
19
16
25
28
21
21
22
23
16
27
25
27
20
31
27
21
26
29
27
22
20
22
19
16
22
18
23
17
16
13
18
12
6
15
13
12
15
19
9
12
12
9
0
3
7
-3
-1
-2
6
0
-4
0
3
-4
0
6
-1
-6
-7
6
-1
-3
0
4
-6
-7
-1
-3
-5
-15
-10
-15
-15
-23
-23
-15
-20
-26
-19
-18
-27
-22
-22
-25
-32
-27
-25
-21
-20
-20
-15
-13
-23
-19
-16
-23
-28
-19
-11
-27
-15
-18
-18
-27
-21
-13
-15
-9
-5
4
-15
-5
-5
-9
