12	12	12	10	10	10	9	9	16	24	20	20	26	26	26	28	28	22	22	22	28	28	28	20	20	20	28	28	28	28	20	20	28	28	28	28	28	28	28	28	28	28	28	28	28	28	28	28	28	28	28	28	28	28	28	28	28	28	28	28	28	28	28	28	28	28	28	28	28	28	28	22	28	28	28	20	20	20	20	20	22	24	20	20	20	24	24	24	28	26	28	28	28	20	20	24	24	20	24	24	24	20	20	20	24	24	24	22	22	24	24	24	24	24	24	24	12	24	24	24	24	24	24	24	24	24	24	24	24	22	
20	20	20	28	28	28	28	25	24	24	20	20	20	20	20	20	20	20	20	28	20	20	20	20	20	20	20	20	20	20	20	20	20	20	20	20	20	20	20	20	28	28	28	28	20	28	28	20	19	28	28	28	28	28	19	19	19	19	19	19	19	19	19	22	22	20	20	20	22	24	20	20	20	20	28	20	22	20	20	24	24	22	24	24	24	24	24	22	22	24	32	32	24	20	20	20	20	22	24	24	24	24	24	24	32	32	24	24	24	24	32	26	26	24	32	32	32	32	32	32	32	24	32	32	24	32	24	24	32	26	
20	20	20	20	20	20	25	26	26	26	20	20	20	20	20	20	20	20	20	20	20	20	20	20	20	20	20	20	20	20	20	20	20	20	20	20	20	20	20	20	20	20	20	20	20	28	20	19	19	19	19	19	19	19	19	19	19	19	19	19	19	19	19	19	20	28	28	28	20	20	20	20	20	20	20	28	22	22	24	20	20	20	20	20	24	24	32	24	22	24	24	22	20	24	24	24	24	24	24	24	20	24	24	24	24	24	24	24	32	24	32	22	22	32	24	24	26	24	24	24	32	32	24	24	22	24	24	24	26	32	
20	26	26	26	24	20	20	20	24	24	20	20	20	20	20	20	20	20	20	20	20	20	20	20	20	20	20	20	20	20	20	20	20	20	20	20	20	20	20	20	20	20	20	20	20	20	20	20	20	20	20	20	20	20	20	20	20	20	20	20	20	19	20	20	20	20	20	20	20	20	20	20	20	20	20	20	20	20	20	20	20	20	20	20	24	24	24	24	24	24	20	24	24	24	24	32	24	24	24	24	22	24	24	26	32	24	24	24	24	26	26	32	32	32	24	32	32	32	32	32	32	24	26	26	26	26	32	32	32	28	
20	20	20	20	20	20	20	20	20	20	20	20	20	20	20	20	20	20	20	20	20	20	20	20	20	20	20	20	20	20	20	20	20	20	20	20	20	20	20	20	20	20	20	20	20	20	20	20	28	28	28	20	20	20	20	19	20	20	19	19	19	20	20	20	20	32	32	20	20	20	28	20	20	20	20	20	20	20	20	28	32	32	32	22	24	24	22	22	24	22	22	22	24	24	32	18	24	22	24	32	32	24	24	24	32	24	22	24	24	24	24	32	32	26	26	24	24	26	32	32	32	32	22	24	32	24	24	26	32	32	
28	28	26	26	25	25	32	20	28	27	28	28	20	20	20	20	20	20	20	20	20	20	20	20	20	20	20	20	20	20	20	20	20	20	28	20	20	28	28	20	20	20	20	20	28	28	28	28	20	20	20	28	20	28	28	28	20	20	28	28	28	20	20	20	20	20	20	20	20	20	20	20	20	20	20	20	20	20	20	20	20	28	28	28	28	22	24	28	24	24	24	32	24	24	20	20	24	22	20	24	24	22	22	22	24	20	24	24	32	24	24	24	24	22	32	24	32	32	32	32	32	32	24	26	32	32	24	24	32	26	
20	20	20	20	20	20	20	20	20	20	20	20	20	20	20	20	20	20	20	20	20	20	20	20	20	20	20	20	20	20	20	20	20	20	20	20	20	20	20	20	20	19	20	19	20	20	20	28	28	28	28	20	28	20	28	20	20	20	20	20	20	20	28	28	28	20	20	20	20	20	20	20	20	20	20	28	22	22	22	24	24	20	20	20	24	22	24	24	22	22	24	24	22	24	24	22	24	24	22	22	24	24	24	22	24	24	24	24	24	22	22	22	24	24	22	22	32	32	22	24	32	26	26	32	32	32	32	32	26	22	
20	20	20	20	20	20	20	20	26	26	26	20	20	20	20	20	20	20	20	20	20	20	20	20	20	20	20	20	20	20	20	20	20	20	20	20	20	20	20	20	20	20	20	20	20	28	20	20	20	19	19	19	19	19	19	19	19	19	19	19	19	19	19	19	19	19	19	19	22	28	28	28	28	28	28	20	20	19	19	22	20	20	28	24	32	24	22	22	22	24	24	24	24	24	24	24	24	24	20	20	24	22	24	24	24	22	20	24	24	24	24	24	24	24	24	24	24	24	24	22	24	24	24	22	24	24	24	24	24	32	
26	25	20	20	20	20	20	20	20	20	20	20	20	20	20	20	20	20	20	20	20	20	20	20	20	20	28	20	20	20	20	20	20	28	20	20	20	20	20	20	20	20	20	20	20	20	20	20	20	28	28	20	20	20	28	20	20	20	20	20	20	20	20	20	28	28	28	20	20	20	20	20	20	20	20	20	20	20	20	28	20	20	32	28	28	22	24	32	32	20	20	24	24	20	20	20	22	22	24	22	22	24	24	24	24	24	24	24	32	32	24	24	24	24	24	24	24	24	24	32	26	32	32	26	26	32	32	24	32	32	
26	32	24	24	24	26	25	25	20	20	20	20	20	20	20	20	20	20	20	20	20	20	20	20	20	20	20	20	20	20	20	20	20	20	20	20	20	20	20	20	20	20	20	20	20	20	20	20	20	20	20	20	20	20	20	20	20	20	20	20	19	20	20	20	20	20	20	20	20	20	20	20	28	28	20	20	20	20	20	20	20	20	20	20	20	20	20	20	20	20	20	22	24	20	20	20	20	20	20	24	24	24	24	20	20	20	20	24	24	20	24	24	24	24	32	24	24	24	24	32	32	32	32	32	32	26	32	26	32	32	
18	18	18	18	18	30	30	20	20	30	32	32	32	32	32	32	20	28	28	28	20	20	20	20	20	20	20	28	28	20	20	20	28	28	28	20	28	28	28	20	20	20	28	28	28	28	28	28	28	20	28	28	28	28	28	28	28	28	28	28	20	20	20	20	20	20	20	20	20	20	20	20	20	20	20	18	20	20	28	28	28	28	20	20	20	20	22	22	20	24	24	20	24	22	24	24	24	24	24	24	24	20	24	24	24	24	24	24	24	24	24	32	24	24	24	24	24	24	32	32	32	32	32	24	32	22	22	24	24	24	
20	28	9	20	20	20	19	20	20	20	20	20	20	20	20	20	28	28	28	28	20	20	20	28	20	20	20	20	20	20	20	20	20	20	20	20	20	20	20	20	20	20	20	20	19	19	19	19	19	28	19	28	20	19	19	19	20	20	20	20	20	24	24	24	24	24	20	20	20	20	20	28	28	28	28	28	20	20	24	24	24	24	24	22	22	20	24	24	24	24	24	22	24	24	24	22	22	20	24	24	24	24	22	24	24	24	24	24	24	24	24	24	22	24	24	20	24	24	24	24	24	24	22	22	24	24	24	24	24	24	
22	22	22	24	24	24	24	22	22	22	22	22	22	22	22	22	22	22	22	22	22	22	22	22	22	22	22	22	22	22	22	22	22	22	24	24	24	24	23	24	24	24	23	23	24	23	23	24	24	24	24	24	24	22	22	24	24	24	23	23	23	23	24	24	24	24	24	24	24	24	24	24	24	24	24	24	24	24	24	24	24	24	24	24	24	22	22	22	24	24	24	24	24	24	24	24	24	24	24	24	24	24	24	24	24	24	24	24	24	24	24	24	22	22	22	22	24	24	24	24	24	24	24	24	24	24	24	24	24	24	
24	24	24	24	12	32	24	24	24	24	24	24	24	24	32	26	12	24	16	24	32	24	24	24	12	12	24	24	12	12	22	24	12	24	24	24	22	24	12	24	24	24	24	24	24	12	12	12	12	22	24	12	12	24	24	24	24	24	12	12	12	12	12	12	12	12	12	24	24	24	24	22	22	12	12	12	12	12	12	12	24	24	22	12	12	12	12	24	24	12	12	24	24	24	24	12	12	12	24	24	24	24	24	24	24	12	24	24	24	24	24	24	24	24	24	12	12	12	24	12	24	24	22	24	22	24	12	24	24	24	
9	16	16	26	28	28	28	28	9	9	28	28	29	30	25	26	26	3	3	3	5	5	5	5	5	5	5	5	5	5	5	5	5	5	5	5	5	9	9	9	9	9	9	9	9	9	9	9	9	9	9	9	9	9	9	9	9	9	9	9	9	9	9	5	5	5	9	9	9	9	9	12	12	12	12	12	9	9	12	12	16	9	12	12	9	12	12	12	12	9	12	12	12	12	12	12	12	16	24	24	12	12	12	12	12	16	12	12	12	12	12	24	24	24	24	24	24	24	24	12	12	12	12	12	22	24	24	24	24	24	
32	24	22	32	32	10	10	10	20	20	28	28	28	28	28	20	20	20	27	27	27	28	28	28	28	28	28	28	28	28	28	28	28	28	28	28	28	28	28	28	28	28	28	28	28	28	28	28	28	28	28	20	28	28	20	20	28	20	28	20	20	20	20	20	20	28	28	20	20	22	22	24	22	28	28	9	9	9	9	12	24	24	22	20	24	24	22	22	24	24	24	22	22	22	24	20	24	22	24	24	24	24	24	24	24	24	24	24	24	24	24	24	24	24	24	24	24	24	24	24	24	24	24	24	24	24	24	24	24	24	
20	20	20	28	28	20	20	20	20	24	24	20	12	10	20	20	20	20	20	28	28	20	20	28	28	28	28	28	28	28	28	28	28	28	28	28	28	28	28	28	28	28	28	28	28	28	28	28	28	28	28	28	28	28	28	28	28	28	20	28	20	20	20	20	20	20	20	20	20	20	20	20	28	28	28	20	20	20	20	28	22	24	20	22	22	24	20	20	24	24	24	22	24	24	24	22	24	24	24	24	24	24	24	24	24	24	24	22	22	24	24	24	24	24	24	24	24	24	24	24	24	24	24	24	24	24	24	24	24	24	
26	32	28	28	28	28	28	28	28	28	28	28	28	28	28	28	28	28	28	28	28	28	28	28	28	28	28	28	28	28	28	28	28	28	28	28	28	28	28	28	28	28	28	28	28	28	28	28	28	28	28	28	28	28	28	20	20	20	28	20	20	20	20	28	20	28	20	20	20	20	28	28	28	22	22	9	22	9	9	12	22	9	9	9	9	9	9	9	22	22	22	24	12	12	24	24	22	22	22	22	22	22	22	22	22	22	22	24	24	24	24	8	8	22	22	24	24	24	24	24	24	24	24	24	24	22	24	24	24	24	
26	26	26	26	28	28	28	28	28	28	28	28	28	28	28	28	28	28	28	28	28	28	28	28	28	28	28	28	28	28	28	28	28	28	28	28	28	28	28	28	28	28	28	28	28	28	28	28	20	20	20	20	19	20	20	20	20	20	20	20	20	20	28	28	28	28	28	9	28	28	20	20	20	22	22	28	22	22	20	22	20	24	24	24	20	20	22	22	22	20	22	22	22	24	24	24	24	20	20	20	24	24	24	24	24	20	20	24	24	24	24	22	24	24	24	24	24	24	24	24	24	24	24	24	24	24	24	24	22	22	
26	25	20	26	26	26	28	28	28	20	28	28	28	28	28	20	20	20	20	20	28	28	28	28	28	28	28	28	28	28	28	28	28	28	28	28	28	28	28	28	28	28	28	28	28	28	28	28	28	28	28	28	28	28	28	28	28	28	28	20	20	20	20	20	20	19	20	28	28	28	28	20	28	28	28	28	28	28	28	28	20	24	22	20	24	24	16	24	28	24	22	22	32	22	22	22	22	24	24	24	24	24	24	24	22	22	22	24	24	24	24	24	24	24	22	22	22	24	24	24	24	24	24	24	24	24	12	24	22	24	
20	20	20	20	20	12	12	20	20	24	28	28	32	32	12	20	20	20	20	20	20	20	20	20	20	28	28	28	20	28	28	28	28	28	28	28	28	28	28	28	28	28	28	28	28	28	28	28	28	28	28	28	28	28	28	28	28	28	28	28	28	28	28	28	28	20	20	20	20	19	20	20	28	28	28	28	28	28	20	28	28	28	28	28	28	28	22	24	20	20	20	20	20	20	20	22	20	20	20	20	20	24	24	24	22	22	24	22	24	24	22	22	22	22	22	22	22	22	24	24	22	22	22	24	22	22	24	24	24	22	
