SAMPLES:	18718
BITSPERSAMPLE:	16
CHANNELS:	1
SAMPLERATE:	16000
NORMALIZED:	FALSE
-3
-10
-15
-9
-2
-13
0
-4
7
4
16
19
16
9
12
11
6
12
11
22
3
6
3
9
7
1
3
-1
3
3
-4
-5
-4
2
11
7
6
0
3
-1
3
-2
8
9
7
7
7
16
3
12
5
11
9
10
10
5
16
15
13
6
8
0
7
2
-3
-8
-17
-11
-13
2
7
7
8
1
-1
-3
-6
-6
-9
-7
-2
4
4
2
6
-4
-8
-14
-10
-15
-13
-3
-3
-3
-8
-1
-6
-13
-3
-6
-15
-15
-19
-15
-16
-10
-11
-11
-2
-3
-1
-13
-13
-18
-13
-10
-7
-2
-9
-9
-6
0
-6
-10
-10
-6
3
3
13
12
16
5
15
15
15
22
13
20
13
12
4
3
-7
4
-1
2
13
11
4
5
0
1
7
-2
20
17
22
17
15
12
6
14
9
9
5
0
1
2
-2
2
-10
-12
-10
-13
-16
-20
-22
-18
-10
-23
-14
-20
-28
-25
-28
-19
-22
-16
-15
-15
-11
-7
-4
1
-2
-3
-3
-2
-5
-13
-9
-16
-13
-9
-10
-14
-15
-10
-9
-13
-11
-10
-11
-2
-4
2
4
9
13
15
12
22
23
19
20
7
9
1
-5
-7
-11
-8
-2
-12
-3
-9
-13
0
-15
-8
-6
-13
-5
-4
9
17
23
23
12
19
12
17
15
7
11
9
14
4
0
2
-6
-5
-4
-6
-1
-10
-2
-3
1
0
-4
-4
-6
-1
-1
0
-7
0
-10
1
-4
-5
-7
-13
-13
-13
-16
-20
-12
-12
-6
-16
-13
-19
-14
-16
-15
-14
-22
-13
-13
-12
0
6
0
4
-7
1
-3
-2
-3
-5
3
-3
-7
-9
-3
-13
-4
-10
-5
-2
-5
-5
-8
0
-9
-4
-3
-1
-8
-4
4
12
9
7
10
9
11
20
21
11
18
15
21
21
24
21
8
14
13
17
18
15
10
10
5
6
9
8
10
10
10
8
12
1
1
1
4
0
6
-6
-12
-1
-2
5
-1
10
4
9
3
-1
-5
-6
-2
-13
-12
-15
-19
-13
-7
-12
-5
-6
-7
-10
-12
-15
-11
-9
-10
-15
-9
-6
-10
-10
-14
-13
-13
-8
-7
-4
-6
-9
-7
-10
1
-10
-9
-7
-10
-4
-9
-5
-17
-13
-9
-4
-7
-8
-6
-15
-10
-1
2
-4
-1
6
17
6
10
7
13
9
13
13
0
9
4
12
8
6
4
6
4
8
3
7
5
1
10
15
20
21
28
17
31
22
32
35
31
38
25
31
26
21
20
17
19
15
9
11
7
11
17
15
9
11
11
2
10
16
16
15
12
19
18
19
23
18
16
7
8
9
9
10
15
3
6
9
-3
-7
-2
-5
-19
-26
-20
-23
-13
-7
-9
-8
-8
-7
-13
-3
-2
0
-3
5
-2
-7
-10
-12
-16
-23
-25
-24
-26
-28
-32
-29
-19
-29
-20
-23
-17
-20
-16
-17
-12
-9
-10
-2
-9
-7
-6
-8
-10
-2
-10
-2
0
5
-1
-4
3
-5
-7
-3
3
-7
-6
1
3
0
7
11
13
10
16
22
23
22
16
19
20
19
11
16
8
6
0
0
4
2
10
7
9
-3
3
3
7
9
7
8
-2
5
-1
10
1
8
5
5
14
1
9
9
11
18
21
17
15
8
11
3
5
9
4
-7
-6
-4
-5
-6
-10
-3
-10
-1
-2
-7
-6
0
-2
6
5
6
6
4
11
10
10
6
6
-1
2
-1
1
0
-3
5
5
3
-2
-1
3
-1
6
6
11
-3
-1
5
1
3
8
11
7
4
5
8
0
9
3
9
3
7
-2
-3
-3
4
11
6
18
16
21
17
19
14
24
13
21
16
12
12
4
3
-7
-3
-6
-6
-6
-4
-11
-4
-9
-12
-11
-12
-9
-13
-9
-15
-19
-18
-10
-11
-10
-14
-25
-25
-24
-26
-28
-15
-19
-12
-13
-18
-18
-32
-36
-41
-38
-39
-25
-20
-19
-20
-15
-9
3
2
-9
-2
-9
-6
-3
-6
-7
-1
-8
-4
-12
-24
-16
-26
-19
-19
-19
-14
-14
-19
-14
-11
-13
-18
-21
-15
-21
-23
-19
-10
-9
1
2
1
3
-1
-4
-6
2
-3
-10
-3
-5
-5
-14
-19
-13
-13
-9
-8
1
-8
-6
-7
-1
-2
0
-3
3
3
-4
2
-7
6
-9
-6
-5
-9
-13
-15
-13
-15
-12
-12
-14
-10
-9
-13
-13
-9
-4
-11
-4
-8
-2
3
12
19
12
16
18
19
11
12
2
2
2
3
-1
-4
3
-6
-7
-14
-10
-14
-13
-14
-15
-12
-13
-5
-14
-9
-9
-6
-6
1
-2
1
8
6
1
3
9
4
15
13
8
0
8
10
7
10
9
12
12
15
15
16
8
7
13
19
16
21
18
18
21
23
25
23
28
18
19
21
19
20
15
15
15
13
19
14
13
9
12
11
14
22
17
24
23
25
29
22
23
20
26
28
21
26
27
25
30
31
24
28
25
29
27
17
22
17
22
19
19
12
7
6
11
10
13
15
14
13
6
9
6
11
4
11
13
5
5
3
6
6
9
22
15
11
11
3
15
13
21
29
26
22
23
20
9
9
9
4
4
4
3
-1
-5
-1
-7
-9
-4
3
5
-7
3
5
1
3
0
2
0
5
6
6
4
3
0
-1
-8
-3
-7
-8
-2
-11
-4
-11
-1
-7
-13
-12
-11
-7
-3
3
-9
-5
-2
-10
-3
1
9
5
-5
5
0
-4
0
1
-3
-7
-12
-12
-13
-23
-17
-22
-23
-15
-28
-21
-18
-19
-12
-14
-4
-16
0
-2
-13
-5
-10
-6
-14
-16
-21
-24
-26
-21
-26
-18
-17
-17
-18
-12
-18
-25
-19
-16
-9
-16
-7
-21
-16
-12
-9
-9
-2
-2
-4
-3
-13
-7
-17
-11
-18
-16
-22
-26
-31
-28
-26
-24
-17
-18
-11
-16
-8
-11
-3
-1
1
-1
-1
7
4
1
1
10
-4
1
3
10
1
3
3
-6
0
-9
-10
-9
-8
-12
0
-7
-7
-2
-1
7
3
7
-1
0
4
7
7
6
3
4
8
0
1
1
-2
-3
-2
-10
-12
-12
-12
-7
-3
4
1
0
1
3
0
0
-5
-3
3
1
4
2
-3
-1
-7
-9
-6
-7
2
1
-2
-5
1
-8
-7
-2
-7
-6
-11
-5
-9
-4
-6
0
-4
-4
3
-3
6
-9
3
-1
-3
-8
-12
-7
-16
-7
-19
-10
-11
-19
-22
-16
-14
-12
-10
-17
-19
-16
-13
-10
-4
-6
-3
-13
-7
-7
-6
-12
-8
-12
-15
-11
-13
-4
-6
-1
0
5
2
4
3
6
8
10
16
7
15
13
15
8
10
11
12
12
15
17
15
11
13
12
6
23
15
19
10
8
12
9
14
22
18
15
19
6
23
7
6
22
13
19
18
12
6
12
12
20
21
22
26
18
25
23
25
32
25
17
26
18
10
6
5
10
0
2
-1
5
1
4
4
7
9
7
8
3
5
-1
-6
-5
3
1
5
6
3
7
5
9
15
11
9
9
6
5
11
6
13
9
12
18
9
9
3
7
2
3
3
2
-2
-2
0
0
-5
-4
-6
-5
-6
0
2
-9
7
0
5
6
15
16
8
10
9
9
11
7
9
11
5
8
-6
-1
-7
1
0
-4
1
-5
1
-1
8
9
6
3
4
4
-3
1
3
-1
-4
-1
0
-4
-7
-12
-19
-19
-26
-21
-13
-19
-15
-11
-7
-6
-6
-10
-3
-7
-7
-6
-8
-3
-6
5
0
3
6
-2
-4
-4
-7
-10
-9
-7
1
-3
-6
-10
-8
-9
-3
-1
5
6
0
4
11
10
6
6
-1
8
12
10
7
4
2
0
0
-9
-4
-10
-7
-7
-6
-3
-15
-5
0
6
8
8
6
10
4
14
12
9
2
4
7
-6
-4
-14
-13
-24
-12
-16
-18
-15
-18
-23
-22
-13
-24
-26
-26
-25
-28
-24
-22
-22
-18
-14
-3
-3
4
9
2
13
9
9
13
8
14
2
-3
2
-16
-13
-18
-25
-33
-38
-33
-43
-32
-37
-31
-26
-25
-18
-21
-15
-9
-15
-14
-9
-2
-8
-8
-3
-9
2
0
5
-4
-7
-5
-7
-11
-10
-8
-14
-14
-16
-18
-21
-18
-25
-30
-27
-33
-30
-18
-15
-8
-11
0
2
13
24
27
19
21
38
29
29
35
28
19
15
3
-3
-17
-29
-39
-40
-35
-35
-34
-25
-15
-16
-5
6
-1
4
15
10
20
21
26
28
20
30
12
19
16
17
21
12
18
16
22
24
16
21
15
-1
-11
-19
-10
-25
-22
-23
-32
-29
-18
-7
-2
13
24
42
65
85
90
105
93
95
78
69
59
26
26
-10
-19
-56
-62
-70
-101
-86
-91
-80
-74
-64
-28
-26
14
39
54
79
68
105
85
123
115
92
124
75
90
60
57
47
12
17
-30
-33
-76
-94
-116
-151
-163
-207
-228
-265
-287
-284
-272
-251
-196
-161
-85
-3
66
205
284
410
503
571
681
688
752
735
713
647
523
431
228
110
-83
-244
-410
-590
-701
-854
-904
-951
-958
-913
-833
-737
-595
-458
-291
-118
37
238
348
507
590
683
746
766
809
759
750
655
607
524
421
358
209
133
-7
-125
-216
-363
-420
-550
-618
-664
-749
-734
-742
-689
-618
-545
-399
-284
-132
52
227
395
528
678
734
801
825
799
737
615
487
281
49
-105
-311
-592
-597
-871
-930
-928
-1094
-807
-1000
-616
-541
-474
16
-123
474
385
836
933
920
1396
947
1485
1073
1281
1191
792
1174
403
729
259
126
73
-473
-214
-903
-721
-1052
-1239
-1171
-1540
-1271
-1644
-1402
-1400
-1418
-1075
-1073
-698
-567
-243
130
297
771
986
1220
1511
1569
1747
1679
1695
1587
1294
1184
762
477
77
-266
-597
-1063
-1162
-1590
-1682
-1821
-1947
-1799
-1935
-1580
-1547
-1340
-979
-880
-458
-323
84
306
493
920
985
1368
1465
1804
1952
1986
2451
2227
2522
2490
2492
2481
2201
2308
1672
1364
981
457
-404
-686
-1370
-2360
-2423
-3499
-3486
-4307
-4260
-4105
-4985
-3631
-4139
-3438
-2648
-2203
-1009
-895
867
1050
1800
2979
3086
3886
3872
4470
4203
3930
4278
3365
3098
2719
1884
1335
561
184
-676
-1299
-1404
-2320
-2504
-2779
-3010
-3107
-3337
-2848
-3176
-2801
-2399
-2292
-1657
-1352
-622
-303
321
990
1228
1811
2187
2373
2474
2461
2524
2090
1747
1668
686
503
-253
-833
-1152
-2050
-1683
-2665
-2223
-2282
-2341
-1555
-1716
-340
-772
733
995
1374
2543
2220
3688
2790
4038
3678
3453
4041
2964
3544
2051
2608
1357
519
718
-1172
-1017
-2519
-2782
-3648
-4843
-4337
-5757
-5755
-5527
-5980
-5392
-5057
-4125
-3420
-2559
-738
-191
1234
2789
3534
4626
5369
6208
6098
6368
6450
5614
5223
4504
3493
2307
1471
389
-852
-1569
-2309
-3205
-3762
-3877
-4397
-4469
-4373
-4273
-4122
-3919
-3268
-3189
-2510
-1922
-1537
-800
-304
502
867
1542
2314
2359
2979
3282
3160
3351
2899
2931
2197
1591
1386
28
-105
-1136
-1651
-2209
-2764
-2579
-3459
-2512
-2710
-2118
-1450
-879
365
346
2141
2270
3184
3939
4215
4976
4595
5531
4704
4811
4603
3696
3244
2229
1908
137
-292
-1320
-2704
-3374
-4615
-4919
-6433
-6429
-6614
-7638
-6669
-6739
-6276
-5278
-4308
-2895
-2146
-100
1378
2106
4129
5221
5915
6718
7416
7497
6977
7207
6380
5191
4559
3430
1870
659
-239
-1832
-2952
-3552
-4482
-5326
-5472
-5542
-5975
-5685
-5217
-5063
-4608
-3797
-3160
-2674
-1610
-775
-189
802
1580
2224
2723
3324
3603
3643
3783
3564
3359
2628
2395
1556
610
254
-1021
-1408
-2332
-2762
-3114
-3592
-3280
-3330
-2804
-2520
-1424
-957
2
1112
1641
2977
3278
4388
4747
5101
5683
5566
5805
5486
5506
4769
4379
3778
2804
1966
778
231
-1566
-2387
-3250
-4854
-5498
-6655
-7022
-8023
-8333
-7804
-8458
-7587
-6516
-5898
-4481
-2783
-1096
242
2186
4232
5065
6420
8046
8195
8420
8892
8540
7496
6804
6111
4202
2838
1968
38
-1508
-2246
-3539
-4796
-5269
-5527
-6317
-6495
-5813
-6101
-5974
-5042
-4632
-4338
-3521
-2457
-2137
-1361
-52
392
1118
2216
2803
3219
3783
4277
4171
4077
4080
3592
2613
2188
1428
-165
-638
-1791
-2811
-3525
-4285
-4390
-5120
-4698
-4461
-4090
-3340
-2325
-1197
-495
1365
2044
3271
4443
5076
5980
6143
6928
6737
6806
6775
6441
6076
5490
5275
4198
3656
2826
1750
768
-427
-1502
-2888
-3946
-5212
-6335
-7310
-8140
-8793
-9299
-9291
-9205
-8737
-7896
-6674
-5400
-3633
-1767
106
2139
3865
5765
7030
8331
9130
9407
9750
9226
8633
7740
6535
5197
3647
2198
672
-937
-2207
-3362
-4596
-5237
-5917
-6395
-6502
-6600
-6486
-6273
-5832
-5531
-5078
-4479
-3941
-3359
-2639
-1869
-1073
-176
745
1790
2639
3606
4364
4966
5506
5527
5449
5286
4571
3465
3018
1364
46
-622
-2785
-3188
-4598
-5489
-5476
-6708
-5656
-5898
-5390
-3889
-3253
-1948
-460
1148
1905
3776
4530
5512
6326
6383
7321
6578
7023
6692
6221
6042
5509
5415
4389
4664
3695
3130
2807
1591
1154
-397
-1053
-2189
-3925
-4664
-6036
-7426
-8371
-9212
-9854
-10386
-10194
-9582
-9174
-7734
-5933
-4441
-2281
70
1968
3911
5814
7548
8416
9221
10306
9796
9595
9354
8163
7029
5557
4468
2539
761
-132
-1996
-3235
-4009
-4952
-5673
-6191
-6199
-6725
-6940
-6466
-6718
-6812
-6302
-6039
-5873
-5319
-4295
-3677
-2871
-1203
-117
1016
2697
4037
5060
6078
7091
7304
7216
7397
6686
5303
4605
3210
1039
-210
-1895
-3633
-5045
-6090
-6637
-7664
-7397
-6713
-6597
-5327
-3750
-2710
-1104
784
2045
3379
4824
5890
6544
7053
7698
7718
7458
7721
7311
6784
6679
6297
5741
5346
5123
4303
3795
3141
1831
947
-335
-1761
-3428
-5155
-6371
-8483
-9986
-10597
-12169
-12573
-12217
-12210
-11146
-9924
-7745
-5823
-3799
-445
1384
3656
6534
8057
9397
10820
11798
11723
11171
11266
9986
7948
7104
5136
2784
1081
-513
-2191
-4186
-4730
-5654
-7116
-6963
-7397
-8028
-7885
-7646
-7661
-7856
-7146
-6527
-6744
-5662
-4535
-4129
-2764
-1326
71
1241
3032
4812
5659
7131
8219
8277
8762
8650
7544
6639
5244
3674
1228
-522
-2226
-4829
-5881
-7437
-8242
-8912
-8747
-8003
-7773
-5706
-4676
-2781
-790
1016
2764
4330
6256
6915
8052
8535
9074
8753
8702
8595
7656
7500
6887
6540
5868
5784
5461
4710
4598
3870
2666
1603
721
-1141
-3265
-4674
-6310
-8889
-10463
-11263
-13009
-13845
-13605
-13134
-13084
-11413
-8764
-7463
-4820
-1467
1056
3318
6265
8937
9885
11425
13136
12739
12080
12202
11004
8788
7212
5905
3326
824
-44
-1995
-4121
-4816
-5536
-6762
-7533
-7335
-7832
-8473
-8046
-7839
-8488
-8145
-7341
-7564
-7291
-6002
-5128
-4719
-2913
-1009
-36
1813
4236
5673
6551
8255
9469
8914
9020
9249
7141
5959
4856
2081
108
-1836
-3426
-5778
-7223
-7180
-8779
-8760
-7420
-7189
-6317
-4053
-2322
-1148
1105
3245
4319
5835
7304
7782
8117
8615
8718
7978
7908
7892
6975
6692
6905
6316
5971
6180
5603
5031
4341
2995
2064
408
-1568
-3378
-5570
-7283
-9695
-11526
-12315
-14048
-14882
-13971
-14196
-13378
-11159
-9110
-6685
-4419
-430
2110
4125
8033
9882
11030
13052
14021
13726
12965
12995
11662
8763
7847
5947
2664
998
-673
-2793
-4825
-5828
-6378
-8281
-8484
-8334
-9291
-9187
-8987
-8824
-9086
-8635
-7728
-7981
-7183
-5712
-5277
-3959
-2184
-536
1077
2824
5379
6318
7438
9320
9723
9283
9575
9056
6910
6175
4016
1728
-345
-2469
-3868
-6794
-7052
-8025
-9184
-8323
-7745
-7011
-5911
-3258
-2068
-332
2063
3890
5094
6573
7910
7995
8647
8748
8788
7905
8051
7739
6844
7036
6665
6424
6015
5935
5455
4510
3187
2345
1066
-1396
-3158
-5018
-7148
-9626
-11393
-12436
-14237
-15259
-14510
-14330
-14285
-11660
-9418
-7383
-4472
-1078
2268
4133
7745
10556
11207
13226
14488
14146
13337
12860
12034
9078
7168
5903
2482
122
-1482
-3522
-5499
-7212
-7343
-8566
-9783
-8968
-9389
-9625
-9138
-8799
-8453
-8556
-7469
-6806
-6893
-5396
-4191
-3479
-1819
-12
1788
3083
5215
7078
7454
9181
9980
9676
9437
8949
7826
5617
4230
2080
-566
-2536
-4281
-6524
-7998
-8352
-9344
-9006
-8434
-7306
-6161
-4280
-1909
-619
1868
3883
5585
6757
8221
8948
9183
9684
9590
9183
8630
8751
7905
7601
7272
6978
6539
5998
5718
4384
3038
2159
1013
-2001
-3378
-5127
-7798
-9575
-11959
-12363
-14669
-15500
-14122
-15188
-14119
-11630
-9828
-7346
-4733
-1042
2298
3961
8438
10550
11566
14257
14529
14990
13884
13289
12530
8952
7547
5529
1835
-79
-2548
-4328
-6437
-8503
-8185
-9808
-10622
-9704
-10151
-9644
-9534
-8664
-7859
-8380
-6530
-5927
-5974
-4433
-3408
-2314
-1209
470
2526
3230
5206
6955
7138
8660
9153
9410
8532
8094
7512
4627
3871
1540
-931
-2594
-4835
-6127
-8190
-8435
-8625
-9122
-7988
-6827
-5734
-3793
-1496
302
2425
4650
6524
7352
8904
9754
9806
10358
10012
9763
9109
8950
8299
7655
7387
6792
6251
5419
4461
2619
2386
661
-2120
-2883
-5389
-7458
-9533
-11295
-12277
-14979
-14682
-14249
-16064
-13846
-11777
-10758
-7440
-5090
-1080
1447
4218
9250
9859
12704
15184
15000
15860
14920
14550
12860
9746
8613
5176
1739
16
-3392
-5048
-7567
-9392
-9487
-11543
-11327
-11082
-11165
-10204
-10201
-8761
-8348
-8152
-6070
-5855
-5404
-3916
-3175
-1967
-1221
730
2417
2617
5489
6218
6581
8519
8763
9299
8409
8512
7494
4950
4571
1930
-428
-1875
-4202
-6096
-7810
-8075
-8858
-9280
-7885
-7360
-6351
-3785
-2159
-146
2418
4658
6236
7484
9551
9957
10430
11235
10773
10369
10143
9608
8608
8005
7593
6525
5455
4410
2281
1795
675
-2249
-3098
-5126
-6950
-8996
-10818
-10864
-14018
-14209
-13076
-15277
-13881
-11732
-10574
-8034
-5889
-1859
650
2839
8283
9597
11763
14810
15223
16287
15221
15279
14204
10912
9662
6460
2878
638
-2887
-4726
-7424
-9964
-10122
-12140
-12591
-12442
-12056
-11105
-11302
-9449
-8497
-8487
-6320
-5164
-4810
-3781
-2571
-1220
-1048
695
2659
2462
4355
5866
5838
7003
8185
8536
7961
7805
7753
5465
4528
3493
519
-720
-2840
-4584
-6657
-7498
-7530
-9035
-7880
-7386
-6792
-4808
-2815
-960
1163
3701
5513
6628
8596
9942
10000
11096
11005
10670
10126
9922
9221
7923
7977
6784
5359
3547
2298
1848
-596
-2196
-3247
-5731
-7128
-9137
-10333
-11192
-13929
-12886
-13558
-14905
-12494
-11802
-9691
-7724
-5212
-1151
63
4008
8222
9316
12552
14184
15643
16050
14968
15955
13595
11230
9792
6154
3289
173
-2578
-4490
-8229
-9508
-10539
-12678
-12669
-12891
-12155
-11983
-11487
-9515
-9535
-8549
-6171
-5710
-4826
-3841
-2483
-1211
-1014
1414
2245
2549
4872
5255
5789
7282
8146
8390
8125
8233
7717
6018
5530
3997
1597
546
-1605
-3462
-5219
-5953
-6803
-7804
-7075
-7433
-6553
-4978
-3572
-1806
195
2342
3821
5524
7340
8395
9277
10361
10216
10290
10149
9871
9258
8497
8289
6666
4806
3364
2692
787
-1440
-2318
-4390
-6307
-8207
-9247
-10296
-12840
-12413
-12851
-14494
-13003
-11747
-10645
-8908
-6528
-3045
-1431
1387
6041
7569
10367
12639
14170
15363
14671
15820
14666
12501
11266
8548
5780
2670
-209
-1838
-5571
-7796
-8675
-11210
-11835
-12331
-12047
-11985
-12158
-10143
-9959
-9679
-7334
-6405
-5759
-4890
-3478
-2269
-2081
-102
1059
1072
2895
3907
4245
5317
6733
7299
7040
7821
7722
6600
6453
5587
4010
2704
1423
-265
-2186
-2707
-4100
-5263
-5313
-5920
-6012
-5347
-4163
-3497
-2004
-118
906
2436
4303
5380
6618
7844
8453
8605
8994
9365
8719
8816
8404
7335
5867
4053
3575
1938
-181
-1192
-3324
-4688
-6446
-8375
-8134
-10730
-11280
-10742
-12744
-11653
-10985
-9715
-8358
-7247
-3831
-2423
-696
3390
5188
7269
9525
11001
12670
12142
13368
13358
11622
11012
9032
6985
4755
1984
494
-2028
-4723
-5835
-7911
-9023
-9858
-10224
-10046
-10762
-9929
-9237
-9474
-8119
-7058
-6552
-5993
-5297
-3769
-3678
-2741
-1168
-1155
-95
975
1597
2463
3648
4740
5036
5747
6431
6267
6361
6378
5727
5103
4256
3453
1967
1301
437
-992
-1284
-2504
-2909
-3265
-3056
-2843
-2733
-1462
-1195
-281
934
1794
2890
3928
4865
5433
5989
6855
6972
7299
7635
7218
6397
4984
4379
3729
1883
393
-702
-2517
-3891
-5655
-6198
-7378
-9317
-8568
-9925
-10512
-9410
-8864
-7905
-7137
-5118
-3237
-2544
263
2761
3743
5928
7333
8867
9117
9744
10757
9957
9216
8473
7223
5558
3699
2266
1091
-1557
-2730
-3902
-5577
-6193
-6877
-7007
-7720
-7944
-7211
-7849
-7584
-6388
-6686
-6423
-6173
-5405
-5145
-5117
-3754
-3687
-3216
-2305
-1786
-980
10
1392
1883
2817
4038
4381
5300
5741
6146
6190
5899
6075
4996
4716
4342
3097
2762
1554
682
2
-563
-827
-1684
-1322
-1409
-1664
-1041
-668
-105
482
1181
1794
2214
3192
3774
4210
5026
5255
5223
4866
4203
3925
3759
2252
1309
415
-898
-1816
-3401
-3359
-5047
-6273
-5745
-7368
-7334
-6935
-6541
-6076
-5725
-4021
-3377
-2449
-318
884
2042
3255
4393
5426
5814
6612
6924
6743
6360
5706
5074
4110
2804
2152
1236
-510
-1363
-1999
-2695
-3583
-3680
-3739
-4638
-4373
-4274
-4652
-4513
-4273
-4285
-5063
-4865
-4530
-5164
-5065
-4795
-4795
-5191
-4368
-4019
-4109
-2412
-2090
-1156
-151
833
2264
2648
4506
4814
5229
6161
6241
6262
6152
6546
5347
5199
4615
3264
2788
2057
1253
55
-2
-535
-1367
-908
-1014
-1011
-669
-343
43
146
1282
1587
1949
3033
3004
3315
3508
3364
3130
3300
2635
1650
1513
726
-6
-869
-982
-1948
-3186
-2772
-3728
-4189
-3881
-4048
-4079
-4014
-3317
-3114
-2718
-1655
-1122
-527
134
828
1480
2042
2505
2693
3181
2853
2653
2622
2205
1626
1019
877
-254
-773
-948
-1434
-1756
-2009
-1804
-2264
-2135
-1761
-2088
-1800
-1798
-1913
-2220
-2560
-2309
-2831
-3082
-3178
-3582
-3819
-3856
-3771
-3707
-3354
-2900
-2440
-1819
-908
-312
716
1434
1967
2457
2799
3528
3431
3871
3971
3883
3812
3434
3184
2560
2436
1661
1061
890
432
315
219
411
453
471
888
875
1226
1578
1679
1942
1986
2210
1907
2081
2174
1884
1830
1597
1706
1274
1324
1402
1062
1191
776
732
492
115
218
-319
-516
-890
-1118
-1202
-1622
-1500
-1674
-1758
-1817
-1690
-1609
-1622
-1261
-1163
-1054
-1154
-923
-936
-1309
-1119
-1395
-1586
-1854
-2066
-1960
-2355
-2100
-2012
-1973
-1685
-1647
-1104
-994
-725
-396
-416
-237
-316
-242
-221
-294
-239
-373
-541
-629
-599
-636
-673
-666
-646
-543
-474
-276
-145
96
277
310
514
488
641
753
668
690
484
422
277
13
46
-84
-231
-177
-205
-43
185
354
711
897
1120
1360
1473
1716
1880
1926
1962
1965
1883
1877
1827
1916
1930
1899
2042
1966
2174
2323
2417
2564
2532
2662
2563
2527
2531
2326
2206
1925
1619
1261
973
702
229
-19
-490
-809
-1043
-1435
-1567
-1842
-1959
-2242
-2518
-2569
-2841
-2905
-3058
-3187
-3310
-3481
-3415
-3578
-3499
-3343
-3410
-3237
-3102
-2886
-2641
-2376
-2084
-1848
-1639
-1427
-1054
-927
-597
-381
-221
72
103
413
520
681
864
816
973
994
1006
1091
1015
1050
911
834
838
593
649
509
289
274
94
48
-107
-142
-47
-227
-132
15
34
259
435
619
812
923
1164
1295
1350
1577
1592
1620
1726
1650
1726
1763
1758
1860
1818
1924
2032
1970
2183
2183
2178
2291
2171
2234
2179
2158
2089
1909
1885
1694
1468
1302
1123
841
562
258
-42
-277
-614
-863
-1164
-1419
-1670
-2035
-2163
-2445
-2669
-2796
-3072
-3198
-3359
-3456
-3489
-3607
-3553
-3550
-3603
-3445
-3392
-3247
-3087
-2967
-2685
-2597
-2383
-2005
-1722
-1451
-1130
-713
-452
-135
309
624
924
1213
1451
1571
1716
1928
1907
1900
1938
1738
1627
1520
1356
1211
1025
852
617
494
381
242
206
177
28
-34
76
18
43
171
211
212
198
343
355
416
577
572
649
691
818
861
955
1161
1126
1225
1321
1406
1558
1569
1750
1768
1714
1828
1742
1803
1821
1740
1742
1637
1600
1517
1436
1429
1277
1131
1017
794
613
482
232
24
-244
-509
-785
-1081
-1223
-1570
-1804
-1988
-2317
-2469
-2669
-2783
-2836
-3018
-3021
-3094
-3128
-3044
-3075
-2924
-2855
-2837
-2625
-2567
-2393
-2091
-1931
-1656
-1383
-1055
-758
-470
-7
248
518
867
1019
1186
1374
1482
1494
1496
1495
1332
1258
1232
1083
983
939
819
660
659
611
523
554
520
440
399
436
368
314
388
301
246
231
209
182
207
284
262
292
402
458
512
704
800
859
977
1056
1106
1164
1263
1305
1260
1282
1303
1230
1282
1275
1255
1272
1237
1259
1207
1256
1290
1161
1210
1096
964
957
743
650
428
215
16
-374
-496
-804
-1132
-1262
-1599
-1818
-2007
-2201
-2294
-2494
-2535
-2624
-2769
-2740
-2831
-2825
-2778
-2793
-2722
-2645
-2600
-2425
-2260
-2070
-1812
-1592
-1240
-1005
-659
-239
1
390
689
890
1137
1286
1440
1479
1512
1540
1392
1347
1273
1124
1075
1006
903
849
822
798
800
813
846
829
803
837
768
714
717
570
498
404
273
233
118
119
62
-1
101
75
150
309
338
480
565
658
750
732
878
820
765
815
666
624
570
501
457
387
432
389
379
528
546
608
757
759
839
901
869
851
749
664
468
212
86
-267
-554
-733
-1126
-1332
-1567
-1774
-1927
-2114
-2124
-2268
-2317
-2269
-2374
-2311
-2279
-2290
-2220
-2207
-2109
-2032
-1922
-1747
-1594
-1363
-1091
-859
-520
-172
123
485
784
1065
1324
1481
1654
1709
1675
1701
1540
1425
1283
1051
933
723
601
503
357
391
325
311
404
384
460
504
505
534
482
470
392
279
267
120
29
-8
-126
-154
-150
-149
-86
-55
53
135
194
359
344
410
488
375
377
309
190
142
-16
-26
-130
-177
-61
-120
31
221
335
590
793
1015
1220
1355
1531
1546
1548
1520
1326
1180
949
633
352
9
-306
-623
-894
-1103
-1350
-1505
-1608
-1736
-1776
-1795
-1836
-1798
-1819
-1787
-1767
-1761
-1660
-1648
-1582
-1453
-1380
-1192
-1001
-819
-517
-313
-15
257
472
771
925
1090
1234
1232
1250
1192
1070
955
737
571
355
124
4
-182
-284
-307
-412
-380
-348
-304
-171
-117
41
107
168
314
271
346
382
293
331
256
230
213
145
233
159
181
278
206
324
354
346
427
363
356
299
202
195
48
-16
-53
-185
-141
-142
-102
38
145
340
524
732
1002
1172
1401
1577
1628
1732
1682
1613
1499
1273
1059
742
427
126
-251
-515
-805
-1109
-1292
-1512
-1641
-1728
-1796
-1789
-1815
-1795
-1726
-1694
-1596
-1488
-1412
-1301
-1195
-1087
-943
-791
-604
-418
-265
-34
136
316
534
653
798
883
898
927
868
813
683
505
364
104
-90
-242
-448
-556
-677
-735
-734
-743
-608
-526
-392
-165
-53
141
329
454
639
716
800
854
826
873
813
784
772
653
623
561
475
471
379
354
281
173
145
9
-41
-119
-253
-300
-414
-470
-480
-512
-409
-364
-240
-55
86
354
559
803
1055
1212
1400
1492
1559
1609
1506
1415
1238
982
753
448
166
-138
-452
-700
-968
-1166
-1308
-1445
-1504
-1539
-1552
-1520
-1473
-1377
-1285
-1169
-1043
-940
-798
-662
-529
-376
-212
-65
63
215
351
456
587
668
704
717
697
648
550
461
283
84
-100
-333
-526
-717
-876
-1000
-1112
-1151
-1157
-1116
-983
-862
-677
-470
-282
-43
158
387
580
725
880
941
995
1057
1037
1043
989
910
851
743
673
571
456
390
232
128
31
-114
-187
-323
-412
-489
-571
-571
-594
-559
-465
-410
-249
-93
94
325
519
778
952
1130
1299
1375
1450
1481
1416
1337
1192
1015
797
569
356
84
-151
-382
-610
-789
-923
-1042
-1120
-1171
-1185
-1191
-1147
-1069
-1006
-895
-784
-680
-558
-418
-283
-151
-15
103
208
306
387
441
496
519
490
443
390
279
162
49
-135
-313
-513
-704
-881
-1039
-1162
-1286
-1369
-1388
-1404
-1353
-1229
-1125
-958
-795
-595
-388
-186
54
231
410
594
697
816
908
961
997
981
981
926
869
833
737
653
566
436
347
239
146
59
-36
-91
-179
-222
-221
-225
-181
-116
-52
58
173
312
474
631
802
926
1049
1160
1220
1280
1293
1241
1166
1060
910
750
573
382
158
-62
-260
-487
-642
-785
-923
-1021
-1096
-1140
-1161
-1149
-1084
-1033
-942
-833
-754
-607
-477
-332
-187
-53
59
168
253
347
395
438
466
420
401
348
270
181
78
-52
-202
-352
-477
-638
-750
-853
-974
-1036
-1091
-1115
-1099
-1040
-972
-889
-763
-624
-473
-283
-97
60
237
379
508
638
742
819
848
873
859
818
789
728
638
557
446
321
220
137
53
-25
-78
-145
-197
-215
-200
-187
-140
-84
-32
52
151
264
377
502
609
708
810
922
986
1075
1109
1088
1076
1015
948
856
724
575
383
201
10
-208
-357
-530
-700
-834
-962
-1049
-1112
-1114
-1082
-1076
-986
-913
-818
-672
-540
-390
-248
-127
-9
97
204
292
329
395
377
370
347
306
268
186
114
13
-100
-185
-297
-401
-493
-622
-709
-810
-864
-922
-949
-945
-940
-884
-810
-698
-553
-392
-232
-65
104
278
433
601
738
825
889
904
905
880
830
763
652
543
420
288
183
79
-22
-104
-191
-236
-282
-283
-277
-283
-248
-230
-181
-111
-39
49
153
232
341
427
553
667
771
893
950
1027
1072
1097
1101
1071
1004
897
753
616
420
246
55
-158
-336
-545
-703
-841
-939
-1014
-1066
-1067
-1031
-988
-885
-772
-654
-508
-388
-253
-140
-35
61
119
181
202
200
212
189
163
131
75
18
-58
-114
-183
-262
-323
-411
-495
-574
-660
-737
-789
-838
-873
-901
-885
-846
-783
-673
-561
-412
-259
-86
92
283
465
627
761
873
954
991
1020
993
939
851
750
619
487
355
228
92
-24
-127
-222
-278
-338
-354
-368
-367
-356
-323
-280
-218
-158
-86
-16
67
166
252
352
446
544
633
727
804
874
918
943
939
900
855
766
660
527
377
220
43
-123
-302
-453
-581
-715
-794
-865
-898
-888
-862
-784
-707
-610
-496
-401
-268
-163
-68
8
70
118
121
139
133
95
79
41
-18
-47
-103
-142
-185
-228
-261
-321
-357
-408
-462
-500
-567
-600
-647
-680
-675
-691
-664
-629
-563
-462
-364
-225
-71
69
242
385
538
666
768
881
908
933
917
863
791
677
568
452
296
184
54
-64
-139
-226
-257
-291
-296
-271
-253
-202
-148
-81
12
61
148
208
259
337
375
440
482
522
575
599
644
686
687
723
706
697
666
612
557
449
349
227
76
-51
-199
-345
-459
-594
-675
-764
-803
-808
-807
-752
-698
-619
-522
-434
-328
-229
-148
-65
-28
16
36
30
35
6
-9
-33
-71
-94
-120
-144
-160
-178
-189
-206
-225
-243
-274
-294
-328
-351
-385
-414
-424
-452
-445
-436
-418
-367
-306
-226
-117
-16
110
208
311
425
488
562
594
607
608
560
516
439
336
251
129
37
-62
-142
-191
-253
-268
-269
-256
-208
-159
-102
-29
32
122
177
240
296
330
369
400
425
450
474
500
521
529
562
571
584
595
590
577
547
507
446
365
288
170
58
-72
-188
-300
-413
-496
-573
-624
-656
-663
-651
-607
-566
-489
-432
-355
-268
-199
-136
-84
-61
-36
-31
-47
-51
-75
-82
-108
-125
-144
-162
-173
-185
-186
-192
-204
-194
-203
-208
-208
-226
-231
-248
-246
-250
-252
-233
-220
-184
-134
-86
-18
49
110
178
237
296
339
365
382
370
343
307
252
183
105
20
-51
-135
-175
-228
-275
-288
-307
-276
-256
-214
-167
-115
-53
6
63
120
153
192
232
249
283
300
341
366
386
423
449
481
522
534
559
576
575
565
525
496
435
361
276
179
88
-22
-116
-192
-283
-339
-391
-422
-438
-446
-431
-408
-381
-330
-296
-259
-221
-200
-172
-164
-149
-159
-158
-170
-187
-189
-199
-205
-218
-215
-208
-219
-216
-204
-215
-205
-209
-211
-219
-230
-230
-241
-242
-222
-209
-187
-141
-114
-57
-8
48
114
159
227
264
289
326
332
332
320
294
275
221
190
142
92
75
24
18
0
-9
-2
-8
13
29
36
65
71
86
104
92
113
101
114
118
127
147
174
202
243
279
316
370
396
448
458
486
482
471
450
391
336
271
194
114
31
-57
-124
-205
-261
-319
-349
-380
-393
-386
-389
-367
-357
-332
-312
-290
-275
-260
-253
-244
-231
-225
-212
-216
-209
-198
-194
-187
-177
-162
-155
-155
-154
-171
-178
-195
-224
-243
-274
-291
-321
-334
-341
-345
-332
-310
-278
-227
-186
-125
-65
-9
70
109
170
220
246
288
303
315
311
297
287
266
254
245
222
222
221
215
225
212
227
218
220
221
208
195
187
171
165
142
110
116
93
110
117
136
173
198
241
290
314
358
376
392
403
378
372
330
293
224
167
113
33
-31
-98
-149
-197
-232
-247
-267
-278
-260
-255
-234
-219
-199
-177
-170
-149
-153
-158
-169
-172
-182
-193
-202
-212
-239
-234
-244
-264
-247
-271
-263
-279
-297
-289
-323
-338
-364
-396
-403
-436
-449
-455
-467
-439
-425
-385
-333
-292
-220
-149
-85
2
70
134
209
261
322
354
376
405
406
417
418
411
416
401
390
385
369
373
365
349
345
322
308
283
246
227
190
165
133
109
97
67
58
57
64
85
108
140
182
202
256
289
302
319
323
313
286
252
209
158
79
22
-56
-106
-171
-227
-258
-299
-307
-313
-303
-283
-262
-233
-212
-196
-161
-173
-164
-168
-175
-187
-212
-234
-269
-288
-333
-351
-351
-393
-383
-357
-379
-377
-370
-349
-360
-387
-376
-378
-406
-421
-414
-452
-500
-468
-409
-388
-337
-269
-155
-50
22
192
293
374
555
654
769
841
898
969
952
969
938
900
869
789
726
660
563
498
421
343
300
203
164
109
37
-13
-98
-97
-149
-208
-221
-272
-282
-294
-297
-277
-274
-235
-178
-127
-45
10
57
130
189
196
222
250
237
200
162
136
31
-41
-113
-179
-289
-386
-393
-457
-518
-550
-544
-556
-564
-531
-499
-487
-481
-426
-385
-407
-369
-360
-348
-332
-341
-301
-323
-299
-275
-256
-216
-189
-131
-85
-59
16
58
56
160
179
198
272
283
380
420
488
609
648
777
879
1009
1111
1194
1343
1393
1476
1507
1477
1486
1365
1269
1118
865
615
344
43
-303
-575
-920
-1205
-1446
-1694
-1850
-1997
-2060
-2033
-2004
-1911
-1704
-1492
-1257
-936
-614
-303
24
370
709
943
1239
1421
1596
1689
1708
1757
1589
1516
1333
1083
858
549
293
-42
-308
-554
-875
-1050
-1250
-1436
-1572
-1694
-1745
-1767
-1808
-1756
-1684
-1705
-1578
-1462
-1374
-1284
-1128
-1001
-879
-681
-637
-376
-214
-159
196
245
482
678
811
1082
1127
1401
1478
1744
1865
1970
2315
2261
2489
2645
2615
2782
2767
2805
2775
2635
2561
2388
2085
1869
1594
1062
533
-43
-354
-1394
-1925
-2249
-3482
-3671
-4502
-4848
-5081
-5920
-5217
-5488
-5417
-4603
-4025
-3067
-2362
-924
301
1180
2497
3756
4560
5331
5917
6462
6445
6043
6224
5370
4439
3908
2743
1770
579
-319
-1054
-2307
-2664
-3416
-4009
-4335
-4711
-4577
-5113
-4921
-4660
-4823
-4382
-3960
-3440
-2857
-2178
-1184
-455
415
1485
2357
3064
3757
4287
4558
4543
4452
4128
3240
2467
1356
238
-986
-2163
-3107
-4193
-4735
-5335
-5484
-5415
-5165
-4325
-3814
-2765
-1687
-676
531
1665
2762
3688
4621
5319
6075
6539
7040
7384
7558
7611
7479
7433
6982
6458
5850
4853
3784
2076
534
-603
-3025
-4466
-6016
-7970
-9078
-10584
-10940
-11501
-12054
-11234
-10481
-9859
-8341
-6187
-4248
-2253
67
2843
4794
6689
9112
10601
11723
12223
12913
12728
11356
10927
9466
7296
5348
3200
1106
-1553
-3572
-5151
-7094
-8505
-9436
-9960
-10581
-10511
-9799
-9634
-9001
-7798
-6764
-5739
-4340
-2720
-1412
-129
1568
3155
4380
5737
7309
8089
8508
9103
9181
8545
7736
6837
5045
3041
1079
-1061
-3316
-5491
-7286
-8973
-10306
-10921
-11173
-10937
-9987
-8848
-7343
-5536
-3473
-1368
690
2913
4610
6335
7612
8778
9778
10084
10808
10602
10478
10066
9392
9015
7875
7239
6042
5045
3844
2690
1743
133
-531
-2101
-4010
-5367
-6181
-7794
-9250
-9025
-10430
-10628
-10901
-10442
-9255
-10159
-7426
-5982
-5617
-3408
-1031
1407
2560
5047
7685
8958
9565
11604
12489
11940
11456
11263
9893
6613
5464
3591
349
-2249
-4170
-6063
-8564
-10071
-10042
-10793
-11270
-10344
-9519
-8875
-7882
-5726
-4564
-3783
-1806
-807
211
1356
2611
4078
4321
5669
6873
6978
7809
8740
8684
8103
7649
6735
4763
2754
1228
-1325
-4129
-6458
-8266
-10385
-11997
-12117
-12398
-12283
-11000
-9150
-7277
-4911
-1773
498
3022
5093
6724
8553
8896
10034
9842
9606
9245
8169
7973
6729
6568
5351
4679
3854
2764
2606
1131
1165
363
-346
-517
-748
-816
-932
-313
-663
-1028
-2181
-1399
-1888
-4087
-2207
-3989
-4923
-4513
-6261
-4677
-6742
-6182
-4131
-6076
-4945
-3136
-1719
-893
674
3179
4596
4430
6455
7785
7198
7211
6893
6889
3659
2621
2787
-300
-1761
-2546
-3629
-4795
-6456
-5333
-5271
-6429
-5188
-4927
-4755
-4747
-3717
-2556
-3380
-2281
-1429
-1829
-762
-15
1448
2105
2828
4834
5044
5756
7164
7194
6738
6383
5408
3619
1497
371
-1617
-4194
-5629
-7039
-8294
-9316
-8705
-8114
-7990
-6234
-5211
-3570
-1792
-423
1738
2202
3227
3923
4033
4374
4314
4776
4554
4574
4549
4819
5131
5259
5781
5441
5091
4735
3997
3247
2591
1924
1208
724
457
822
1183
1814
2664
2783
3213
2338
1109
1625
-119
-2553
-2497
-5126
-7171
-7792
-9742
-8763
-11045
-10567
-7795
-9642
-7418
-4549
-2643
-1101
538
3461
4976
4664
6893
8457
7568
7412
7414
7795
4794
4737
5205
2682
1407
392
-122
-2119
-4128
-3683
-4731
-7075
-6936
-7297
-7784
-8049
-7115
-5943
-6244
-4640
-3018
-2031
-265
1413
3383
4257
5144
6971
6969
7280
7915
7091
6089
4997
3727
1863
-63
-1023
-2871
-5002
-6043
-6947
-7793
-8370
-7844
-7649
-7800
-6777
-5561
-4248
-3138
-1151
135
1005
2954
3450
5191
5919
6734
7802
7602
8364
7813
8277
7697
7263
6377
5262
4310
2711
2317
773
391
-265
-432
-476
125
982
1248
2632
2880
2905
1658
184
1008
-1618
-4219
-2911
-6938
-7787
-8032
-9856
-7939
-11167
-8615
-6384
-8957
-5734
-2926
-1621
-453
1536
4611
5466
5014
8361
9018
8047
8332
8496
8398
4447
4996
4907
935
-257
-1513
-2596
-4968
-7296
-5626
-7110
-8901
-7353
-7333
-7015
-6995
-5006
-3403
-4026
-1962
-286
70
1384
2772
4310
4535
4934
6711
6304
6009
6848
5640
4688
3536
1964
316
-2015
-2774
-4542
-6571
-7291
-7882
-8223
-8350
-7179
-6206
-5763
-4017
-2658
-1221
367
1464
3097
3368
4151
4822
4929
5683
5465
5934
5771
5607
5476
5176
5074
4198
4044
2879
2199
1391
648
538
20
453
470
1247
2139
3113
4270
5244
6053
6017
5172
2964
1416
801
-2976
-5399
-5392
-9613
-10076
-11003
-11714
-10363
-12919
-9004
-7904
-9287
-5342
-2662
-1542
122
2361
5526
6294
6027
10143
10393
9773
10032
10718
9486
5816
6339
4894
1069
-1193
-2493
-4261
-7628
-9366
-7808
-9748
-10787
-9097
-8392
-7686
-7139
-4391
-2781
-2748
-559
1204
1769
2946
4307
5799
5621
6368
7561
7031
7050
6961
5958
4805
3015
1168
-1019
-3355
-4600
-7100
-8788
-9602
-10300
-10335
-9874
-8294
-7029
-5484
-3695
-1921
131
1691
3191
4172
4978
5317
5500
6465
6080
6316
6730
6684
6182
5853
6081
5246
4669
3654
3044
1695
983
469
-161
256
177
1030
1650
2865
3824
4988
6348
6162
6011
3803
1164
758
-2408
-6001
-5911
-8939
-11112
-11187
-12211
-10456
-12314
-10401
-6384
-8660
-6387
-2432
-1126
119
1899
5333
7221
6002
9207
11587
10361
10210
10628
10540
6155
4828
4773
1040
-2492
-4239
-4948
-8172
-10996
-9101
-9066
-10777
-8998
-7173
-5848
-5200
-3066
-245
-613
478
2522
2612
3091
3638
4926
4831
4159
5551
5131
4394
4309
3140
2069
62
-1684
-3257
-5626
-6491
-7643
-8812
-8751
-8380
-7154
-5745
-3997
-1712
-193
1156
2328
3588
4346
4078
4658
4061
3278
3281
3027
3153
2586
3410
3475
3218
3779
3394
3931
2994
2960
2324
1701
1755
1100
1960
1729
2935
3567
4637
5906
6314
7721
7666
7661
6390
2836
-610
-2014
-4991
-9537
-9201
-10786
-13624
-12151
-12278
-10110
-10727
-8984
-3803
-5999
-3865
327
2340
3109
4373
8448
9626
8391
10564
12811
10635
8593
8579
7018
1870
-929
-1393
-5036
-9566
-10230
-9554
-11402
-12666
-8919
-6770
-7123
-4350
-973
1355
1265
2876
5382
3701
2810
3899
3818
2107
1422
3138
1760
605
1493
1991
1142
-772
-21
-1293
-3767
-4447
-5183
-6098
-7103
-6482
-5358
-5111
-3518
-1063
517
1816
2964
3633
3575
3151
2769
2047
1733
287
-353
447
-597
158
1083
1820
2308
2744
4161
3494
3834
4149
3594
3055
2766
2671
2340
2746
2853
3531
4420
5031
6067
6764
7462
7296
7404
6380
2948
-982
-4073
-4416
-9696
-11009
-8671
-13030
-11568
-10364
-9101
-7688
-8885
-3149
-3107
-4674
-85
2571
3619
3555
6905
10001
8239
8717
11699
10365
6738
5943
5043
676
-3768
-4400
-5710
-10225
-11708
-9439
-9010
-10580
-7551
-3642
-3393
-2151
741
3450
2521
2384
4451
3278
1237
1528
2293
1028
-222
1535
1702
293
733
1396
1031
-1127
-1104
-1584
-3826
-4519
-5064
-5135
-5443
-5023
-3084
-2269
-1408
537
1429
2110
2024
1140
1407
548
-849
-431
-24
-1076
-661
931
928
1342
2555
3920
3287
3714
4639
3639
3741
3331
3351
2805
2542
2707
2785
3383
3214
4267
4868
5279
6306
6678
7355
6814
6878
6486
3258
-1157
-3753
-3843
-8693
-10019
-6967
-10630
-10946
-8504
-8042
-7697
-8722
-4157
-3443
-5939
-1797
1790
3125
2893
6778
10696
8444
8920
12042
10234
5998
4851
4086
-723
-4942
-5625
-6098
-10219
-11626
-8456
-7734
-8914
-6224
-1966
-2219
-1275
1285
3620
2195
1646
3973
2598
570
1377
1965
893
-165
689
1802
-581
-460
463
-652
-2313
-2481
-2281
-4085
-4737
-4036
-3775
-3859
-2987
-1431
-640
-581
352
1132
1234
434
116
180
-1379
-1967
-545
-1007
-792
374
1100
1756
1544
2890
2676
2589
2633
2529
2797
2051
2470
2774
2714
2736
3432
4024
3887
4688
5218
5267
5860
6360
7206
6606
6967
7033
6295
5608
2519
-1572
-4580
-4757
-8772
-10392
-7511
-10625
-10747
-8388
-8165
-7575
-7977
-3653
-2806
-4349
-354
3235
4332
4210
7981
10417
8397
8895
10348
8345
4293
2764
1999
-2427
-5687
-6179
-6462
-9816
-10430
-7081
-6169
-6853
-4344
-758
-1257
-424
1786
3407
1804
1482
2973
1688
-107
421
1285
-54
-1000
69
808
-1183
-1138
-79
-1064
-2573
-2077
-1845
-3042
-3261
-2299
-1720
-2031
-1078
0
-120
-314
-44
60
-635
-1839
-1630
-2004
-3138
-2214
-1361
-873
580
1127
2151
2583
2133
2675
2288
2085
1629
2445
2710
1972
3546
4060
4069
4623
5282
5386
4924
5371
4917
4748
4953
5083
5853
5563
6550
6807
6514
5633
2352
-1628
-4855
-4992
-9532
-10776
-7612
-11355
-10739
-8013
-7632
-7391
-6967
-3089
-2752
-3602
-301
3309
3558
3806
7545
8979
7646
8205
9250
7300
3088
2129
1075
-3502
-5920
-6498
-7030
-9705
-9433
-6545
-5532
-5255
-3118
-398
-668
106
1735
2470
1117
776
1507
627
-805
-197
903
-223
-422
581
737
-187
-517
-136
-788
-2198
-1862
-1730
-2578
-2487
-1678
-873
-1135
-684
333
-121
-761
-1085
-1149
-2055
-3482
-3135
-2999
-3218
-1832
-335
927
1539
2320
3579
2656
2406
2828
2573
2061
2587
4078
3692
4430
5626
5799
5575
5602
5743
4799
4424
4120
3806
4041
3985
5254
5835
6062
6972
7052
6978
3772
-620
-4609
-5531
-8913
-12305
-8059
-10215
-11827
-7460
-6348
-7182
-6764
-3160
-2571
-4204
-2069
2079
2818
2318
6621
9063
7520
8579
9881
8177
3410
1787
1154
-4446
-6794
-7758
-8284
-10021
-10111
-6854
-5480
-4660
-2564
164
-393
199
1319
1879
677
74
1269
693
-126
625
1692
1377
1076
1363
1631
-57
-672
-710
-1477
-2716
-2451
-1466
-2026
-1916
-762
-58
-432
-362
-24
-741
-2262
-2296
-2685
-3926
-4135
-3326
-2664
-2789
-797
1601
828
2319
4022
2110
2299
2916
1811
1624
2736
3004
3696
5346
5205
5427
6123
4895
4271
4242
3052
2310
2867
3073
2924
4242
5798
6329
6909
7681
7664
6667
5466
2832
-3064
-7118
-6697
-9624
-12211
-7199
-7458
-9197
-4867
-3701
-5560
-6377
-3793
-3663
-5674
-3630
1045
2189
2657
7296
9880
8855
9172
9620
6942
1881
-940
-1702
-6651
-8493
-8198
-7684
-7745
-6909
-3180
-1975
-1590
-330
690
-864
-1006
-947
-418
-735
-636
1059
1644
1634
2059
2943
1899
766
-137
-668
-2575
-3483
-2710
-2422
-2507
-1167
784
827
663
1036
910
-710
-1989
-2140
-3208
-4560
-3718
-2582
-2719
-2476
-422
352
-715
-128
1722
441
-555
2386
1443
-439
2315
3289
1630
3317
5358
3563
4094
5065
2827
3020
2739
2210
2523
2983
3643
4049
5802
4855
5475
6584
5118
5732
5803
5241
4720
4559
3673
-729
-4822
-5273
-5370
-10158
-7750
-4107
-9074
-7161
-4177
-6107
-9259
-7239
-4138
-6380
-5474
-13
3056
2304
5362
9710
8302
6995
8063
6315
2504
-1968
-739
-3542
-6681
-4943
-4713
-3867
-4935
-2367
-1355
-2083
-2270
-1291
-2272
-3130
-2256
-1505
-151
-258
1319
2477
2171
1137
1984
1042
-286
-1000
-916
-1131
-2252
-705
440
552
641
1991
2148
376
-473
-181
-1916
-3566
-2674
-2466
-3337
-2414
-896
-876
-1371
-936
-788
-2089
-1769
-1087
-579
204
622
2355
2950
2321
3348
3673
2576
2449
3444
2744
1949
3154
3254
2874
3908
4519
4484
4741
4866
4767
4088
4186
4491
4893
5222
5821
6436
6144
6380
4532
127
-5053
-5432
-6642
-11657
-7594
-5881
-9900
-6488
-3694
-6862
-8700
-5820
-5091
-7158
-5184
-50
1540
2182
6371
9374
8136
7852
8772
5962
1718
-1000
-642
-4809
-5813
-3942
-4130
-3505
-3501
-1340
-1934
-2150
-2519
-2704
-3889
-3943
-3077
-2135
-361
232
2206
3237
2838
1924
2211
694
-765
-1322
-1175
-1497
-1862
296
1371
1298
1845
2717
1679
-560
-1127
-1622
-4037
-4430
-2935
-3102
-3131
-1224
-219
-1047
-1602
-1012
-2319
-4334
-2940
-1678
-2398
-295
3004
2155
3185
5006
3546
2486
2902
2134
1017
2148
2026
2606
3597
4013
4934
5302
4783
4926
4799
3650
3237
3789
3875
4119
6294
5736
7142
7077
6147
4972
-1252
-5748
-6636
-7332
-11688
-7607
-4648
-8697
-5104
-2533
-5972
-8858
-6150
-5486
-8278
-5484
-112
1539
2945
7465
10248
8911
7763
8337
4590
452
-1239
-1215
-3865
-4647
-1661
-1674
-1210
-1331
-319
-1960
-3382
-3792
-4982
-5474
-5100
-3416
-1601
635
1930
3341
3626
2464
847
643
-1125
-2530
-1912
-1119
-671
471
2810
3393
3147
2789
2245
158
-2334
-3144
-3590
-4878
-4162
-1647
-1260
-1423
317
239
-1915
-3021
-3233
-4942
-5940
-3147
-1601
-1188
2604
4707
3970
4795
4199
2339
1063
1206
544
1032
2591
3219
4839
5479
5676
5707
5027
3627
3311
2676
2162
2555
3671
4527
5810
6904
7399
7415
6392
5698
1251
-4345
-7219
-6045
-8977
-9069
-2709
-5046
-5885
-1911
-3579
-9087
-9347
-6870
-8849
-8668
-2724
1683
2458
5891
10266
9729
6940
7163
5306
286
-1888
-613
-1159
-3100
-203
1085
384
-853
-845
-2326
-5864
-6310
-6555
-6778
-6252
-3085
-860
816
2442
3553
3535
1516
-338
-1048
-2216
-2928
-1615
117
1620
2288
4668
4910
2957
1898
651
-1627
-4264
-4122
-3774
-4542
-3150
-817
-336
-1315
-866
-1413
-4408
-5292
-4497
-4855
-5114
-1865
456
715
2986
5004
3994
2426
2910
1535
-298
520
1603
2033
3053
5322
5711
4772
5079
4295
2782
1889
1806
2409
2209
3539
4905
5504
6409
6726
6834
5574
5238
4384
1824
-2216
-6065
-5028
-4611
-6844
-3197
-1293
-5379
-4108
-2606
-7515
-11195
-8086
-7307
-8748
-4305
1612
3090
3716
7555
8880
5644
3996
4835
1740
-1659
-144
2391
184
43
2936
1832
-1545
-2391
-2344
-5672
-7296
-5766
-4208
-5165
-2665
598
928
508
1385
2167
-876
-2513
-1487
-1736
-2776
-349
1883
2161
2200
3735
3535
1110
48
-265
-1843
-3467
-2741
-1771
-2160
-2315
-281
-521
-2361
-3122
-2931
-4769
-5873
-3292
-2586
-2435
-173
2140
1914
1530
2973
2632
1197
1594
1851
1744
1816
3071
3931
3843
4138
4475
4304
2881
2936
3005
2683
2898
3602
4693
4502
5113
5754
5636
5508
5265
5813
4844
3623
1777
-2926
-5188
-3203
-4443
-5653
-1059
-2963
-5781
-3380
-4726
-8878
-10559
-6858
-7180
-7542
-2194
1491
2732
2590
6487
7542
3049
2620
4092
1772
-2330
1644
4076
321
323
3373
2215
-3267
-3288
-2019
-5533
-8487
-4014
-2056
-4663
-2590
1640
1401
-2036
-61
1810
-2881
-4837
-578
-694
-2455
84
3788
2584
459
3254
3208
-443
-1529
8
-1021
-3342
-2248
-83
-1621
-2770
-639
-886
-4004
-4523
-3431
-4173
-4870
-2712
-1021
-1475
-667
705
1546
1047
1358
2436
2282
1716
2103
3014
2679
2997
3616
4046
4422
3492
3967
4015
3313
3362
3846
4634
3717
4243
4895
4541
3950
4193
5045
4444
4575
4904
3412
-1404
-4693
-2931
-3704
-5914
-2201
-1047
-4480
-3438
-2707
-6103
-9329
-8615
-5864
-6497
-5346
-550
3058
1838
2923
7129
4702
1357
1793
3579
-585
-926
3560
3260
1148
793
3509
404
-3245
-3264
-2849
-5709
-6488
-2943
-1935
-2552
-1770
1410
449
-1549
-809
-863
-3104
-3422
-1885
-502
101
1288
2922
2422
2076
1482
783
-410
-1225
-1319
-1416
-1101
-890
-1351
-1248
-1105
-1783
-2963
-3487
-3643
-4940
-4563
-3176
-2464
-1993
-1126
-196
155
127
511
897
877
1127
1858
2821
2853
3317
3925
4297
4128
4337
4532
3833
4166
4122
4504
4420
4760
4643
4102
4493
3749
3950
3431
3735
3955
3819
3758
851
-2477
-3680
-2811
-3744
-2664
-770
-3099
-2627
-2057
-4269
-5990
-7806
-6844
-5664
-4500
-3099
-124
1360
643
3609
3517
1534
-28
1410
232
-1211
1775
2175
2489
1685
2256
1529
-564
-1746
-1907
-2866
-3879
-2620
-1517
-1076
-1277
133
-223
-1319
-1376
-1560
-3026
-3246
-2419
-2075
-977
-80
1025
439
579
920
38
-220
-747
-877
-658
-620
-44
-215
-455
-427
-617
-1259
-1961
-1758
-2434
-2590
-1453
-1408
-1592
-724
-1006
-870
-580
-680
-337
-390
-217
-117
815
367
1074
1557
1274
2307
2105
3105
2937
3546
3807
3862
4649
3970
4839
4479
4864
4868
4670
5226
4554
4795
4706
4936
4276
3235
1871
39
970
627
186
2218
217
-936
-819
-2695
-3376
-5095
-5386
-5433
-4938
-4776
-3618
-2410
-4291
-3391
-2792
-3215
-4591
-3428
-2926
-4137
-1226
127
1014
1037
1477
2030
842
523
713
591
-160
433
1794
1855
1140
1826
1582
88
-602
-712
-1890
-3217
-2362
-2196
-2107
-1386
-925
-1504
-2021
-1578
-2212
-2394
-2399
-2231
-1736
-1355
-606
-398
-186
-187
91
123
-171
-25
-576
-648
-306
-205
-290
-248
113
-671
-444
-19
-859
-444
-588
-829
-392
-382
-389
322
745
777
2236
2615
2722
3513
3907
4087
4271
5129
4831
5067
5617
5702
6109
5818
6180
5711
5237
5165
3317
1112
1596
1842
226
2704
2499
-1109
-140
-1652
-3476
-3825
-5793
-5793
-5692
-5584
-4845
-2675
-3678
-4414
-2620
-3248
-4393
-4059
-2581
-4437
-2517
162
476
1346
1463
2193
1315
810
835
754
-461
-551
860
1285
703
1304
1707
164
-471
-339
-1449
-3373
-2637
-2205
-2499
-1407
-480
-797
-1529
-1143
-1117
-2032
-2121
-2019
-2123
-1855
-1287
-175
-15
-363
-81
363
-464
-945
-686
-1112
-1382
-913
-280
-653
-456
-240
-423
-336
-820
-677
-991
-1384
-568
-614
-53
380
875
1574
1949
2543
2420
3036
2738
3261
3903
4180
4720
4689
5706
5543
5756
6035
5840
5561
5016
5100
4586
3456
1548
1475
2356
995
2474
3573
26
-253
-911
-2820
-3382
-5141
-5489
-5312
-5008
-4866
-2392
-3007
-4574
-2745
-3235
-4132
-4879
-3023
-4451
-4113
-555
-301
985
1005
1631
1413
346
241
205
-671
-1380
15
975
817
1082
1835
1130
151
157
-453
-2438
-2731
-2375
-2448
-1586
-1069
-611
-1098
-1302
-925
-1690
-2075
-2154
-2206
-2269
-1764
-701
-560
-207
143
246
-264
-330
-661
-1562
-1010
-898
-777
-523
-626
-478
-464
-447
-93
-313
-585
-747
-277
-57
-361
670
668
1281
2087
2929
3199
2948
3362
2864
3729
3516
4239
4612
4420
5477
5387
5789
5475
5679
5126
4861
4930
4027
2850
1042
1572
2225
1672
3224
2809
113
-103
-1601
-2517
-3680
-5226
-5207
-5029
-4631
-4240
-2181
-3736
-4241
-3187
-3602
-4440
-4642
-3140
-4723
-2629
-188
253
1052
899
1651
831
259
163
-226
-1125
-1080
337
844
628
1147
1201
193
-326
-449
-1526
-2899
-2733
-2820
-2318
-1571
-1064
-859
-1318
-842
-1013
-1634
-1895
-2062
-1983
-1817
-933
-170
-138
27
368
503
-115
-255
-551
-1594
-1745
-1194
-736
-996
-114
21
-846
-185
-844
-934
-920
-1513
-471
-185
161
871
1889
1600
2240
3539
2912
3510
3042
3496
3192
3855
4757
4307
5664
4837
5487
5459
4974
5241
5070
4759
4187
3612
1200
1421
2189
1626
2878
3468
821
151
-887
-2511
-3058
-5023
-4872
-4915
-4468
-4410
-2867
-3242
-4517
-3018
-3424
-3663
-4369
-3156
-3793
-3058
-537
154
1473
843
1475
1432
378
302
229
-634
-1286
-20
780
358
910
1308
485
-159
-418
-974
-2588
-2709
-2319
-2177
-1381
-840
-499
-1084
-1047
-692
-1254
-1545
-1654
-1687
-1681
-1064
-304
-251
-144
-125
-271
-720
-813
-1237
-1541
-1238
-1641
-956
-890
-1281
-737
-1201
-1056
-1061
-989
-1079
-1234
-465
-709
256
842
1323
2020
2521
3184
3091
3965
3458
3763
3935
3725
4250
4009
4708
4635
5059
5061
4981
5181
4505
4888
4069
2104
1061
1161
1257
1298
3166
2631
677
805
-756
-1836
-3197
-4771
-4689
-4778
-4457
-3267
-2282
-3575
-3449
-2585
-3169
-3794
-3450
-3502
-4293
-2488
-636
163
783
1364
1619
1067
435
598
-265
-1497
-956
-116
274
109
985
710
-136
20
-443
-1459
-2571
-2420
-2375
-2137
-1075
-533
-670
-817
-386
-608
-1112
-1123
-1243
-1347
-1271
-379
28
-316
-145
-100
-380
-562
-720
-1189
-1310
-1597
-1215
-568
-1304
-888
-552
-1159
-969
-560
-986
-1588
-897
-870
-402
498
1031
1781
2279
3057
3332
3937
3412
3641
4017
3729
4533
4303
4767
4764
4993
5156
4893
5036
4488
4519
3945
2844
1178
267
835
765
1785
3040
1577
771
272
-1019
-1879
-3404
-4343
-4504
-4095
-3747
-2211
-2139
-3172
-2472
-2526
-2978
-3553
-3117
-3975
-3821
-1556
-663
191
738
1023
972
559
421
106
-1075
-1552
-952
-324
-298
16
414
-104
-388
-342
-926
-2232
-2685
-2725
-2508
-1828
-1068
-621
-779
-596
-321
-686
-983
-1266
-1407
-1308
-1015
-254
-25
-76
50
184
-236
-513
-878
-1517
-1805
-1544
-878
-826
-459
-292
-621
-658
-493
-630
-1113
-1022
-966
-755
-88
500
1133
1643
2283
2780
3177
3382
3365
3524
3588
3872
4111
4366
4464
4602
4831
4743
4882
4620
4398
4164
3061
1393
526
856
581
1673
2927
1719
1164
472
-562
-1116
-2382
-3242
-3595
-3698
-3552
-2422
-2174
-2784
-2401
-2441
-2896
-3355
-3110
-3962
-3724
-2085
-1371
-364
63
538
486
383
530
326
-288
-810
-475
-64
27
275
631
107
-156
-301
-968
-1895
-2281
-2377
-2353
-1570
-1038
-776
-909
-833
-622
-879
-1015
-1140
-1275
-1362
-1193
-501
-112
-36
223
435
164
-263
-464
-1029
-1207
-1113
-729
-512
-291
-134
-431
-147
-294
-414
-681
-869
-966
-955
-390
-142
273
830
1344
1636
2263
2624
2751
3267
3483
3734
3940
4089
4112
4526
4783
4599
5164
5039
4439
4290
3168
1792
1255
793
938
1729
1692
1472
895
-192
-580
-1309
-2274
-2754
-3093
-3296
-3099
-2446
-2346
-2356
-2193
-2189
-2501
-2828
-3014
-3182
-2797
-2221
-1286
-768
-444
-8
39
215
210
-16
-371
-595
-532
-216
-78
-16
70
-207
-482
-805
-1222
-1787
-2139
-2037
-1695
-1305
-836
-550
-706
-636
-699
-673
-711
-776
-637
-823
-640
-285
-217
-129
107
145
87
-195
-303
-388
-767
-723
-621
-669
-698
-462
-129
-103
-19
180
-92
-294
-445
-507
-404
-310
285
633
787
1221
1570
1790
2235
2568
2895
3125
3203
3668
3926
4086
4289
4678
4701
4642
4743
3884
3034
2476
1602
1335
1570
1135
1053
840
44
-385
-1043
-1847
-2457
-2579
-3051
-3037
-2526
-2677
-2402
-2171
-2071
-2083
-2184
-2449
-2440
-2281
-2159
-1394
-1042
-768
-514
-267
-68
-99
-89
-305
-433
-484
-283
-16
9
8
-103
-399
-753
-992
-1309
-1671
-1774
-1664
-1386
-1208
-1059
-753
-724
-878
-588
-504
-778
-565
-483
-525
-319
-193
-131
-87
11
-18
-24
47
-67
-230
-405
-528
-661
-701
-681
-589
-400
-163
27
231
356
124
111
186
103
229
549
632
816
1165
1364
1668
1921
2112
2266
2453
2757
2916
3186
3596
3690
3961
3938
3684
3466
3161
2855
2545
2197
1641
1620
775
461
323
-924
-985
-1521
-1937
-2031
-2239
-2455
-2531
-2318
-2640
-2121
-2163
-2143
-1946
-1754
-1432
-1444
-869
-1005
-621
-379
-488
-193
-405
-397
-393
-449
-429
-339
-388
-323
-228
-351
-529
-680
-873
-1215
-1199
-1394
-1546
-1359
-1342
-1319
-1121
-875
-920
-708
-556
-411
-305
-336
-46
-67
-19
193
251
174
279
292
174
273
193
28
-65
-287
-395
-346
-543
-395
-387
-380
-348
-212
85
-142
217
362
467
673
825
1112
947
1259
1386
1461
1557
1785
2019
2052
2438
2523
2747
2728
2851
2871
2611
2600
2434
2266
2208
2146
1645
1608
1168
488
337
-328
-1035
-1227
-1629
-2049
-1750
-2102
-2238
-2020
-2225
-2275
-2201
-2119
-2311
-1891
-1618
-1445
-882
-742
-610
-310
-253
-314
-44
-326
-393
-210
-461
-443
-346
-350
-571
-406
-376
-706
-653
-739
-927
-859
-891
-988
-937
-1036
-1049
-819
-729
-660
-419
-263
-183
28
168
160
122
259
262
287
415
320
297
190
203
165
-10
-129
-319
-394
-475
-342
-249
-345
-110
-64
3
212
348
417
502
894
929
1257
1493
1575
1831
1830
2029
1909
2009
1913
1905
2096
1962
2171
2106
1945
1757
1677
1440
1426
1497
1219
1198
689
436
330
-70
-119
-262
-724
-986
-1150
-1487
-1611
-1692
-1688
-1732
-1586
-1517
-1687
-1645
-1688
-1554
-1304
-1121
-1019
-857
-844
-687
-377
-365
-246
-333
-316
-367
-482
-377
-604
-612
-602
-688
-664
-684
-715
-774
-580
-466
-489
-507
-598
-737
-808
-664
-550
-445
-360
-303
-104
-113
-29
173
94
165
209
340
298
213
442
392
433
477
466
260
137
231
175
295
205
233
246
231
382
543
729
603
792
909
784
974
1162
1163
1223
1384
1438
1398
1499
1695
1583
1723
1587
1338
1240
734
617
617
575
596
910
674
360
300
-220
-195
-508
-322
-363
-593
-319
-686
-668
-916
-813
-840
-889
-631
-952
-977
-1045
-1122
-1144
-925
-1139
-1203
-915
-1270
-1029
-869
-1125
-948
-868
-919
-827
-702
-722
-842
-580
-620
-767
-512
-623
-532
-422
-215
-159
-259
-157
-332
-222
-195
-109
-20
3
-37
-80
67
-255
-242
-115
-229
-86
170
295
222
410
514
484
629
672
634
624
565
631
727
670
765
873
860
804
854
842
699
722
816
901
873
1011
1061
846
871
821
932
1053
1166
1418
1297
1297
1176
997
796
508
332
181
215
-61
-45
-122
-600
-554
-532
-916
-1066
-872
-1313
-1142
-647
-954
-692
-601
-818
-727
-404
-598
-596
-235
-676
-465
-224
-473
-509
-377
-630
-878
-690
-1173
-1337
-1263
-1420
-1350
-1150
-1099
-1263
-1067
-1090
-1120
-852
-800
-705
-560
-456
-430
-341
-165
-178
124
356
332
577
592
547
569
651
509
387
453
311
309
364
420
358
428
445
453
474
392
525
564
637
715
763
625
610
708
831
858
813
928
673
780
862
914
988
983
1175
1138
1245
1184
1157
1110
1153
1267
1352
1275
1093
1210
960
1061
1120
814
691
350
-39
-331
-671
-1019
-1089
-1164
-1307
-1426
-1405
-1772
-1777
-1491
-1708
-1384
-1326
-1413
-1277
-1170
-1232
-898
-687
-743
-288
-378
-441
-482
-398
-650
-635
-474
-951
-841
-1049
-1160
-1140
-1201
-1182
-1147
-1110
-1205
-1028
-1079
-989
-782
-512
-358
-237
-59
-110
-10
89
339
408
538
673
681
733
775
869
804
904
895
804
768
597
431
375
354
367
441
484
480
568
697
775
894
923
898
896
953
884
957
1103
1058
1224
1324
1356
1283
1281
1270
1056
1189
1129
1117
1209
1098
1082
1048
858
846
931
747
764
716
647
477
410
306
-95
-269
-594
-810
-1062
-1299
-1431
-1631
-1669
-1749
-1697
-1836
-1940
-1925
-1858
-1695
-1673
-1348
-1358
-1312
-1100
-999
-924
-970
-773
-866
-778
-641
-670
-689
-839
-826
-866
-897
-1024
-1061
-1114
-1242
-1062
-904
-877
-791
-574
-519
-303
-108
55
186
176
404
435
520
545
672
735
795
1037
1033
1070
1021
1090
1024
1023
1024
828
779
607
656
581
616
681
600
783
751
847
912
895
939
1002
1001
1001
1103
1113
1156
1274
1357
1219
1249
1227
1086
1097
1130
1070
1027
1068
953
824
711
581
459
471
381
257
344
144
134
287
17
-90
-167
-443
-640
-737
-972
-1235
-1310
-1491
-1601
-1622
-1859
-1918
-1866
-1953
-1822
-1736
-1873
-1830
-1739
-1731
-1569
-1451
-1460
-1347
-1239
-1173
-1037
-1041
-1020
-972
-918
-882
-840
-847
-963
-820
-869
-812
-682
-671
-526
-347
-116
-38
187
227
309
525
518
680
749
774
825
926
954
919
1053
1042
1033
1095
1062
979
983
980
974
940
866
827
790
819
862
907
943
980
1006
1092
1087
1086
1129
1096
1172
1130
1129
1078
992
1060
1047
1112
1120
1053
1059
1036
1042
1012
953
894
695
683
629
458
455
334
266
173
108
4
-112
-266
-331
-354
-621
-678
-912
-1064
-1249
-1334
-1380
-1662
-1673
-1845
-1863
-1943
-2022
-1940
-2034
-2063
-1947
-1893
-1955
-1841
-1724
-1637
-1576
-1408
-1307
-1309
-1131
-957
-824
-742
-660
-638
-615
-669
-578
-525
-590
-452
-382
-266
-250
-100
15
17
186
256
303
290
374
441
483
626
705
771
812
881
965
1013
1024
1056
1046
977
987
1015
948
953
1020
936
953
989
947
961
1001
1034
1074
1116
1079
1096
1086
1005
1060
1006
938
927
946
910
879
1005
889
892
894
834
805
738
764
674
685
566
532
481
287
303
259
101
19
18
-199
-243
-321
-510
-559
-752
-857
-977
-1144
-1318
-1401
-1524
-1675
-1647
-1748
-1852
-1843
-1786
-1853
-1773
-1776
-1868
-1748
-1816
-1613
-1509
-1415
-1236
-1161
-965
-938
-767
-728
-656
-572
-502
-428
-438
-315
-338
-182
-143
-27
43
12
170
156
283
329
386
402
433
476
500
617
612
706
742
791
777
830
810
788
895
815
907
875
853
844
834
847
844
919
863
908
902
929
934
976
1033
981
1043
1000
1008
1027
1002
993
944
900
822
794
723
703
733
733
739
731
677
596
551
514
445
382
305
193
133
3
-4
-108
-232
-268
-433
-507
-614
-762
-844
-948
-1111
-1151
-1299
-1409
-1455
-1551
-1565
-1646
-1665
-1705
-1706
-1718
-1674
-1613
-1606
-1510
-1442
-1371
-1323
-1159
-1182
-1036
-873
-865
-593
-553
-440
-349
-294
-245
-200
-119
-120
-8
66
126
183
296
267
298
381
331
424
440
453
504
512
528
551
553
549
585
604
602
583
620
579
615
687
672
733
724
790
786
793
848
801
808
818
847
853
903
957
1018
1072
1070
1073
983
910
889
832
783
736
691
663
652
652
632
573
502
506
462
363
312
226
82
48
21
-116
-175
-265
-382
-429
-502
-620
-685
-798
-910
-911
-1010
-1085
-1118
-1148
-1227
-1276
-1241
-1435
-1454
-1407
-1422
-1335
-1299
-1271
-1264
-1195
-1206
-1068
-1031
-998
-873
-807
-696
-616
-424
-411
-263
-138
-118
-9
16
55
111
143
136
219
112
165
217
209
322
309
395
318
336
326
276
261
256
296
285
382
330
376
332
356
405
421
517
501
617
576
612
668
634
635
682
689
663
782
783
863
914
950
956
934
916
826
854
765
712
658
601
512
517
493
426
529
413
406
345
256
142
51
5
-97
-77
-163
-161
-173
-208
-326
-357
-480
-658
-625
-762
-748
-744
-777
-758
-721
-787
-891
-896
-1006
-1030
-1075
-1020
-1044
-949
-882
-888
-726
-817
-771
-727
-694
-707
-680
-615
-585
-389
-276
-138
3
124
114
234
282
115
168
83
83
181
152
192
318
372
369
458
367
293
248
221
195
177
164
123
282
268
263
282
205
219
227
229
258
303
291
404
500
478
448
408
436
442
473
475
503
599
627
702
775
732
692
728
669
611
534
389
375
353
309
285
268
222
207
202
158
85
-12
-73
-116
-135
-228
-234
-229
-263
-281
-383
-445
-517
-638
-682
-689
-800
-771
-770
-776
-711
-805
-823
-821
-827
-876
-860
-809
-780
-715
-634
-598
-626
-570
-621
-525
-524
-575
-449
-415
-286
-235
-148
-54
87
204
282
343
319
317
298
405
321
344
370
382
541
483
506
531
513
497
539
448
365
354
330
437
424
432
354
415
388
335
364
248
292
289
327
322
330
246
250
288
221
179
102
188
185
248
295
334
384
421
458
427
421
279
257
238
136
26
-20
-20
-36
22
-64
-54
-54
-135
-160
-170
-209
-294
-243
-255
-271
-337
-386
-374
-371
-430
-571
-557
-648
-698
-658
-651
-651
-623
-576
-575
-500
-607
-663
-558
-541
-545
-496
-471
-472
-374
-397
-389
-342
-430
-436
-342
-316
-342
-231
-124
-12
152
195
200
344
374
316
469
414
345
467
463
483
608
544
512
681
584
480
567
509
431
566
490
416
556
410
407
553
403
335
433
323
309
373
250
279
325
223
164
199
101
19
126
63
67
132
93
132
207
157
126
193
95
43
-14
-104
-196
-215
-231
-312
-262
-333
-376
-338
-362
-436
-411
-411
-462
-386
-413
-411
-390
-373
-402
-373
-369
-465
-401
-381
-392
-370
-340
-424
-407
-376
-453
-341
-300
-319
-224
-168
-228
-167
-176
-243
-170
-200
-231
-185
-176
-185
-123
-87
-57
-42
-16
43
104
178
215
309
382
411
404
427
451
418
447
500
506
525
564
503
611
611
502
636
591
516
560
478
399
440
320
313
377
298
319
357
403
337
337
284
209
205
120
79
136
110
38
131
32
28
0
-60
-6
-72
-67
-88
-59
-52
-103
-113
-127
-229
-250
-280
-382
-323
-428
-411
-363
-474
-478
-496
-511
-543
-537
-580
-553
-569
-584
-584
-550
-500
-538
-357
-401
-414
-396
-447
-437
-451
-471
-519
-392
-406
-367
-277
-194
-230
-157
-57
-154
-36
-82
-81
63
80
-1
105
149
53
149
142
127
167
228
207
325
397
317
448
516
478
456
497
473
490
538
526
549
604
617
608
721
662
577
647
607
499
505
439
358
463
428
409
475
434
398
423
370
248
228
145
126
90
19
-21
-58
-57
-99
-90
-180
-193
-212
-219
-186
-224
-241
-200
-180
-243
-184
-316
-326
-320
-411
-381
-451
-469
-467
-440
-439
-456
-523
-515
-549
-616
-591
-701
-636
-627
-616
-530
-545
-488
-474
-425
-435
-479
-511
-486
-528
-467
-411
-433
-261
-253
-130
-57
-50
39
36
80
103
95
114
148
146
209
193
179
210
161
224
196
215
281
253
345
415
406
466
509
451
533
547
496
553
585
569
621
712
673
706
762
688
654
682
550
523
573
439
435
500
414
405
471
403
365
351
253
159
139
57
-55
-27
-70
-157
-122
-103
-207
-192
-174
-267
-186
-203
-247
-204
-179
-255
-250
-209
-316
-304
-300
-338
-373
-342
-429
-416
-390
-518
-494
-528
-576
-597
-598
-631
-652
-661
-650
-620
-614
-554
-544
-480
-478
-471
-449
-480
-460
-461
-434
-407
-341
-316
-238
-149
-138
-64
-5
35
49
111
87
119
142
95
149
158
132
155
228
192
245
281
294
350
368
374
432
484
464
505
547
560
559
618
656
662
657
680
709
682
675
638
583
600
509
436
468
365
318
375
306
301
309
238
241
226
157
89
94
4
-45
-69
-133
-195
-201
-216
-242
-200
-290
-241
-230
-258
-262
-307
-309
-320
-328
-344
-309
-385
-357
-346
-380
-373
-434
-413
-438
-420
-475
-483
-484
-516
-515
-511
-503
-548
-465
-480
-402
-393
-398
-331
-326
-303
-316
-283
-325
-289
-320
-300
-270
-302
-248
-178
-111
-91
7
31
59
127
100
124
158
122
131
244
220
234
350
286
333
380
328
375
400
354
427
464
446
496
519
550
558
570
573
583
580
572
570
566
533
508
495
469
441
347
324
324
243
246
265
209
266
284
239
298
218
149
149
64
-3
-64
-102
-136
-156
-171
-183
-225
-214
-251
-261
-266
-360
-333
-365
-346
-336
-367
-331
-318
-346
-309
-331
-402
-359
-429
-439
-433
-478
-498
-471
-465
-498
-470
-462
-461
-438
-388
-420
-364
-317
-370
-262
-275
-323
-272
-294
-330
-304
-322
-335
-269
-255
-193
-140
-72
-37
7
73
64
101
124
140
171
215
232
279
329
337
362
374
389
370
382
412
397
423
458
459
497
516
507
565
567
535
578
553
525
560
494
474
462
409
388
365
313
262
263
250
233
226
220
201
220
200
155
137
76
42
15
-32
-80
-125
-147
-158
-199
-226
-254
-300
-298
-336
-387
-381
-408
-419
-399
-400
-424
-404
-385
-395
-381
-395
-422
-422
-420
-473
-481
-474
-517
-485
-469
-487
-459
-435
-402
-369
-344
-323
-302
-263
-228
-240
-218
-220
-228
-205
-198
-189
-189
-137
-131
-77
-34
-13
38
87
111
143
190
178
224
253
269
302
354
358
405
445
429
455
464
458
459
471
457
471
497
492
514
548
540
556
576
556
554
550
506
477
452
417
362
355
301
248
249
181
174
175
138
117
127
96
69
61
22
-14
-37
-63
-119
-140
-179
-240
-246
-272
-323
-326
-334
-380
-380
-398
-452
-436
-449
-446
-432
-419
-408
-403
-381
-384
-401
-401
-402
-441
-417
-450
-453
-435
-431
-393
-377
-357
-337
-317
-283
-247
-250
-199
-192
-172
-135
-150
-128
-106
-119
-90
-87
-85
-68
-56
-12
7
56
105
123
154
190
200
249
264
281
329
335
376
398
417
439
427
426
433
410
414
420
389
438
430
440
489
466
494
488
475
468
448
414
403
366
338
319
283
269
225
227
184
155
162
120
106
106
57
50
60
6
13
-10
-48
-61
-94
-125
-173
-190
-224
-261
-269
-298
-328
-331
-354
-388
-367
-401
-405
-380
-382
-375
-364
-354
-362
-357
-369
-384
-416
-407
-436
-441
-415
-430
-413
-386
-371
-362
-330
-313
-294
-276
-247
-243
-222
-186
-197
-165
-146
-153
-119
-104
-108
-78
-62
-60
-32
8
28
55
102
137
148
193
215
215
260
276
294
325
334
345
368
366
368
369
367
345
336
351
331
342
358
358
370
369
351
349
330
313
293
270
244
215
203
170
155
157
145
122
132
107
87
85
68
63
50
44
23
15
-5
-21
-38
-46
-73
-90
-103
-161
-158
-187
-213
-210
-233
-261
-258
-269
-298
-284
-290
-269
-256
-239
-237
-239
-232
-244
-235
-227
-224
-228
-203
-211
-196
-181
-171
-158
-153
-131
-134
-115
-116
-123
-114
-102
-97
-81
-52
-50
-27
-13
-13
6
5
15
22
38
31
56
79
82
109
128
147
143
171
166
181
202
209
221
229
237
235
251
236
224
219
215
194
183
175
146
154
142
129
118
116
105
84
85
54
44
28
12
7
16
-2
3
16
5
9
6
10
-1
2
-10
-22
-22
-21
-31
-23
-28
-38
-25
-34
-47
-52
-58
-87
-105
-116
-136
-143
-151
-180
-186
-171
-182
-174
-154
-151
-141
-124
-118
-126
-105
-100
-92
-76
-76
-69
-60
-60
-51
-35
-45
-46
-41
-45
-55
-44
-35
-38
-24
-6
0
14
24
26
33
44
30
37
46
42
37
52
53
53
72
63
86
99
101
113
143
148
152
178
182
180
188
194
176
179
174
161
155
131
115
106
93
79
70
60
38
35
37
24
14
21
7
6
-6
-27
-30
-38
-47
-60
-41
-57
-55
-38
-47
-36
-44
-42
-51
-31
-32
-34
-22
-27
-20
-25
-30
-53
-49
-71
-98
-113
-125
-158
-167
-168
-186
-185
-187
-172
-173
-139
-149
-136
-126
-127
-113
-102
-95
-85
-64
-61
-48
-47
-42
-54
-35
-37
-44
-25
-32
-20
-7
12
13
28
34
29
47
49
49
53
54
54
63
66
57
59
66
66
74
86
86
99
108
123
142
156
167
168
179
184
181
187
179
165
163
151
135
111
91
76
60
42
32
16
12
1
-6
-8
-15
-31
-38
-52
-62
-63
-79
-70
-72
-76
-80
-73
-81
-73
-75
-79
-62
-60
-54
-49
-52
-51
-40
-36
-29
-32
-36
-55
-65
-70
-89
-98
-118
-120
-130
-142
-135
-136
-133
-140
-132
-125
-109
-111
-94
-79
-74
-58
-47
-23
-23
-9
-11
3
7
10
11
21
28
15
32
31
37
38
44
47
54
55
50
59
60
58
64
79
85
89
96
105
98
100
102
102
98
93
103
110
110
112
119
124
120
117
109
95
85
69
66
57
44
37
22
7
-7
-20
-32
-34
-38
-52
-67
-73
-78
-96
-104
-107
-119
-123
-122
-129
-126
-126
-110
-103
-98
-83
-82
-61
-53
-41
-26
-16
-12
-12
-8
-8
-6
-7
-4
-7
-11
-12
-13
-22
-32
-39
-43
-60
-69
-70
-64
-68
-67
-56
-51
-52
-52
-49
-41
-38
-35
-6
-6
3
10
20
23
35
36
37
47
31
41
37
44
32
38
44
42
43
42
28
34
37
32
48
32
37
32
33
36
48
51
63
54
61
60
57
71
72
78
73
82
67
58
43
52
48
50
36
30
25
16
26
-1
-1
-15
-13
-19
-21
-26
-36
-40
-39
-35
-34
-24
-26
-14
-12
0
6
9
11
19
29
29
45
38
54
66
62
71
64
62
59
46
46
50
35
26
23
10
-4
-16
-27
-28
-34
-45
-39
-41
-37
-41
-43
-43
-48
-48
-60
-60
-50
-49
-39
-29
-19
-19
-19
-3
-9
-6
-11
-16
-12
-16
-12
-8
-12
-8
-1
-4
3
0
4
0
1
20
20
31
29
30
29
22
19
18
16
8
13
3
10
8
11
10
8
7
-1
3
0
-1
-5
-8
-9
-6
-10
-6
1
6
-7
-13
-9
-13
-12
-12
-6
-4
-7
-3
-5
-10
-16
-21
-15
-19
-16
-10
-3
-6
-3
16
18
21
17
28
28
22
25
28
33
25
33
26
27
15
4
-9
-21
-27
-41
-44
-61
-63
-63
-58
-65
-73
-70
-77
-79
-76
-74
-76
-66
-50
-42
-29
-29
-29
-22
-26
-12
-6
1
12
12
20
23
27
24
19
30
28
15
12
10
0
6
15
16
25
12
13
19
25
21
16
19
14
2
3
2
-7
-7
-11
-5
-17
-16
-22
-25
-23
-16
-6
-6
-7
-19
1
-9
-12
-7
-9
-16
-8
-7
-15
-2
-5
8
-6
0
-7
-11
-16
-26
-27
-34
-26
-26
-17
-14
-8
-3
2
8
8
9
22
20
19
19
31
35
34
43
35
27
8
9
-1
2
0
0
0
-4
3
-12
-4
-9
-18
-26
-31
-33
-23
-26
-21
-7
-14
5
0
12
12
15
19
18
27
31
37
37
47
43
40
32
30
23
18
15
18
25
31
28
23
28
20
18
10
6
5
0
-6
6
-1
2
9
12
18
14
16
1
5
9
10
9
7
10
13
8
4
5
-10
0
0
0
7
4
11
12
13
18
16
4
14
9
6
-1
-1
2
2
8
2
4
6
9
7
18
17
16
9
3
3
4
8
10
21
14
8
-1
6
-5
-9
-16
-18
-14
-14
-10
-15
-24
-36
-25
-34
-45
-51
-43
-47
-51
-42
-40
-34
-22
-15
-9
3
2
10
14
27
30
35
44
41
38
34
43
31
30
28
27
19
16
23
13
15
14
8
9
12
3
-2
1
-6
-6
6
7
6
10
13
14
7
10
12
12
17
19
20
19
19
14
24
19
12
12
10
4
2
3
3
-1
-3
-1
-1
9
4
-4
-2
0
-9
-14
-10
-6
-8
-9
-6
-6
-14
-15
-10
-11
-14
-13
-11
-22
-9
-12
-9
-9
-2
-7
-8
-2
-10
-11
-19
-8
-16
-8
-8
-14
-26
-25
-30
-37
-31
-31
-35
-28
-31
-24
-19
-23
-15
-24
-12
-15
-8
1
10
7
16
25
18
19
21
15
3
16
7
5
5
6
11
9
11
13
7
1
3
9
7
8
17
12
17
13
16
16
16
25
26
28
11
16
13
17
9
13
12
1
14
3
11
7
13
9
11
13
7
11
4
0
-1
7
2
13
0
4
7
9
6
-2
6
-1
2
-4
9
16
12
15
24
16
21
5
6
7
-6
5
0
11
0
4
1
6
-3
-10
-10
-20
-10
-22
-19
-18
-26
-21
-24
-29
-26
-34
-29
-33
-25
-9
-16
-6
-8
-3
-1
-1
2
-3
7
3
15
14
24
17
11
9
5
7
-1
0
2
3
-5
-1
-10
-10
-7
0
-7
-4
0
-2
-2
-1
6
-4
0
7
8
13
16
6
2
2
7
4
6
5
1
1
-4
3
-1
-6
-14
-13
-9
-22
-12
-6
-3
-6
-6
-3
-7
-10
-14
-12
-8
-12
-20
-14
-14
-14
-6
-1
-4
-1
-11
-13
-22
-30
-22
-27
-24
-33
-39
-37
-36
-41
-39
-48
-47
-47
-43
-37
-49
-41
-37
-28
-32
-28
-32
-32
-27
-32
-21
-28
-23
-19
-23
-15
-10
-6
-7
-3
0
1
-3
-12
-15
-15
-12
-14
-10
-10
-13
-3
4
3
6
13
8
13
21
13
17
16
20
23
29
32
29
35
32
36
34
20
8
10
18
11
20
21
16
13
16
28
23
17
16
18
8
16
17
16
13
18
25
23
26
15
12
7
1
1
6
-4
-3
-7
-3
-8
-1
9
6
5
4
5
-4
-1
-6
0
-1
-10
-6
-4
5
-13
-10
-9
-6
-7
-16
-16
-21
-17
-19
-7
-14
-13
-12
-10
-19
-12
-16
-15
-12
-12
-4
-13
-6
-15
-2
-9
-7
-8
-3
0
0
10
7
5
10
19
10
13
11
6
-3
7
7
10
15
15
12
7
16
6
13
19
25
15
19
21
20
22
28
37
21
19
19
19
16
23
27
22
22
26
34
25
29
29
26
19
26
32
23
29
13
15
13
13
7
12
-6
-4
1
-7
-4
-9
-7
-11
2
-1
12
7
12
7
7
2
-6
-4
-2
4
0
2
-4
-7
-12
-13
-15
-12
-9
-10
-18
-10
-5
-6
-4
-9
-3
-8
3
9
5
-3
-4
7
7
6
1
2
1
-2
3
3
-4
4
-7
-3
0
-7
4
-6
9
2
13
5
4
10
7
19
3
9
8
12
7
11
9
8
-1
-1
7
9
13
6
17
11
21
20
19
13
2
7
10
15
15
5
6
15
16
13
10
8
6
0
-4
-5
-13
-15
-12
-15
-19
-19
-19
-18
-19
-11
-13
-13
-7
-12
-8
-9
5
0
1
-3
-2
-7
-5
3
-6
-5
-15
-3
-12
-13
-17
-19
-11
-16
-25
-27
-27
-35
-29
-29
-28
-22
-25
-31
-23
-24
-19
-16
-13
-31
-23
-12
-18
-8
-17
-3
-15
-17
-18
-14
-15
-10
-7
-11
-10
-14
-7
-20
-6
-13
-6
-11
-5
9
7
7
1
13
7
11
14
21
10
10
11
9
23
13
9
9
-1
0
4
3
20
11
16
12
16
22
18
32
32
44
31
32
30
22
24
14
17
18
13
16
10
10
5
-6
-6
-20
-13
-9
-8
-8
-16
-10
-11
-9
-10
-16
-19
-10
-3
-3
-6
-5
-4
-16
-15
-20
-21
-32
-32
-32
-32
-40
-47
-38
-42
-38
-41
-36
-32
-38
-31
-25
-32
-33
-30
-25
-17
-15
-13
-10
-7
-14
-13
-19
-15
-12
-4
-9
-13
-1
-1
1
6
3
-13
-11
-10
-8
-6
-6
3
7
2
3
7
6
5
10
18
20
23
16
13
11
3
13
18
16
16
19
6
-2
6
1
0
-6
-3
-1
-5
1
8
13
6
9
18
16
21
16
19
15
0
12
10
2
9
17
13
15
13
9
10
7
7
7
11
9
5
3
5
7
9
20
14
7
13
8
9
10
6
-1
-7
-5
-16
-15
-11
-13
-12
-13
-10
-3
-1
-7
-6
-11
-9
-6
-13
-6
-8
-8
-10
-7
0
-8
4
6
4
3
9
8
2
15
1
3
-1
1
1
-4
0
2
-4
1
16
7
16
10
12
3
12
12
16
13
3
10
7
14
12
16
18
22
18
22
16
16
23
17
19
13
17
5
7
13
13
11
13
18
5
6
16
12
9
12
4
3
-3
3
0
4
3
3
6
-1
6
-2
10
3
14
7
2
0
-1
-2
-3
1
-3
-1
-13
-8
-16
-15
-26
-35
-35
-35
-42
-44
-31
-37
-28
-25
-22
-19
-26
-22
-14
-12
-5
-6
-11
-8
-3
-5
-3
5
-1
3
-2
-7
-10
-11
-4
-15
-10
-11
-9
-12
-5
-4
-2
3
3
14
9
13
12
19
16
17
22
25
23
25
24
29
31
17
29
24
25
20
25
25
13
20
13
8
8
16
20
25
25
26
31
31
28
32
24
24
28
19
21
19
16
20
10
16
15
-7
4
-10
-9
-10
-12
-1
-2
0
-3
6
-2
8
1
0
0
-3
0
-6
-1
1
7
3
8
4
2
-14
-7
-7
-16
-18
-18
-12
-24
-12
-21
-19
-18
-22
-25
-23
-15
-19
-19
-13
-6
-13
-8
-13
-10
-8
-8
-6
-6
-9
-17
-15
-19
-15
-20
-14
-9
-9
0
-3
-7
-6
-9
-6
0
-4
2
1
5
5
6
12
7
6
16
18
18
21
13
5
4
5
6
1
-6
-1
0
3
4
3
-4
-7
-2
3
2
2
2
-6
5
2
3
1
1
0
4
3
-8
-6
-5
1
0
0
-2
1
-6
1
-3
-9
-9
-17
-12
-12
-4
-6
-6
-10
-3
-4
-4
0
-7
-5
-3
-6
0
4
-1
-6
-13
-15
-23
-22
-31
-34
-37
-31
-32
-30
-23
-28
-15
-10
0
-7
-9
-6
-8
-11
-7
1
-7
-11
-3
-2
-8
-6
-3
-2
-12
-8
-13
-9
-6
-1
14
3
12
20
15
21
32
35
30
26
33
36
34
42
40
41
31
32
25
23
17
16
27
28
27
29
40
30
30
29
30
25
21
20
16
23
25
21
19
15
22
16
6
17
0
4
6
3
5
-1
0
-1
-3
-8
-15
-16
-24
-18
-10
-19
-22
-21
-26
-31
-25
-26
-26
-24
-18
-16
-24
-28
-29
-35
-23
-24
-19
-22
-24
-12
-22
-19
-25
-20
-21
-20
-10
-7
0
6
3
8
7
3
2
4
0
-3
7
3
16
12
15
9
10
10
5
18
10
11
4
8
6
3
13
20
13
13
23
19
26
20
24
19
14
16
14
16
19
25
13
13
9
0
-1
-5
1
3
3
7
10
11
19
13
12
5
5
12
3
12
10
11
11
6
3
-3
-6
-9
-8
-13
-12
-16
-15
-21
-14
-22
-30
-22
-31
-26
-23
-23
-29
-18
-20
-19
-13
-20
-15
-18
-19
-21
-19
-25
-27
-25
-26
-31
-35
-29
-31
-33
-35
-34
-36
-29
-28
-16
-23
-19
-13
-13
-3
-11
3
3
9
8
8
9
3
6
10
-1
-2
-5
-3
4
4
10
7
15
11
14
14
15
24
26
26
38
38
33
38
42
43
30
39
32
28
28
29
19
18
27
23
28
16
23
18
21
16
12
25
22
25
22
29
17
19
15
16
9
3
6
4
-4
-2
4
-13
-12
-18
-16
-16
-13
-18
-18
-18
-28
-32
-26
-32
-34
-25
-31
-19
-35
-29
-29
-33
-24
-27
-25
-31
-22
-29
-25
-20
-22
-28
-28
-23
-31
-31
-25
-37
-38
-29
-32
-22
-29
-23
-23
-29
-16
-26
-21
-23
-15
-17
-17
-10
-7
-6
-10
-10
-7
-6
-9
0
-4
2
-3
4
4
9
19
20
25
26
23
25
31
27
41
26
31
30
25
29
32
23
19
26
28
26
23
28
21
21
16
23
13
9
4
9
6
7
16
13
15
8
13
0
1
-9
-4
8
-2
3
-8
-5
-5
-9
-7
-10
-20
-19
-13
-19
-20
-22
-20
-25
-23
-21
-22
-23
-15
-12
-16
-4
-6
-1
3
9
7
1
0
-10
-12
-7
-15
-9
-3
-8
-6
-10
-6
-9
-1
3
-1
2
5
17
19
18
20
19
19
18
16
16
15
12
25
23
12
23
19
14
19
16
16
15
11
16
20
17
30
24
28
34
23
22
22
24
25
22
25
32
32
29
19
26
18
10
10
6
8
6
6
8
6
-3
11
4
-3
-4
-1
-4
7
11
8
12
6
10
7
7
12
9
-2
1
-4
3
-7
-12
-10
-16
-17
-17
-14
-21
-22
-30
-18
-23
-25
-28
-25
-25
-25
-16
-22
-16
-37
-24
-24
-22
-13
-13
-1
-6
-8
-2
-6
-4
-4
-7
-10
-9
0
-12
0
0
-5
3
-4
1
0
4
9
10
9
18
20
20
22
15
23
25
29
25
31
23
22
21
13
22
9
12
5
9
10
6
6
9
7
9
15
12
11
10
12
6
9
7
6
7
6
-6
1
-3
-4
-6
-10
-2
-10
-9
-19
-14
-20
-19
-16
-19
-20
-20
-13
-27
-21
-21
-25
-24
-28
-28
-33
-32
-34
-34
-26
-23
-28
-25
-23
-21
-17
-12
-15
-15
-23
-22
-17
-17
-19
-20
-13
-25
-13
-15
-12
-12
-9
-9
-14
-13
-18
-14
-16
-8
-9
-1
2
12
13
9
7
6
4
4
5
10
7
7
15
12
9
11
14
16
13
9
3
-1
2
-1
2
3
4
6
11
11
6
1
-5
-4
-1
5
0
2
3
3
5
9
6
6
7
16
10
8
6
1
0
-6
-1
-7
-14
-10
-13
-16
-9
-16
-11
-19
-14
-16
-12
0
1
3
5
8
6
0
-1
0
-6
6
7
11
0
3
1
-6
-9
-9
-11
-11
-14
-10
-8
-3
3
-6
4
-4
8
2
8
6
11
13
16
22
13
17
4
6
1
9
1
3
0
1
-3
-2
-5
-13
-9
-9
-2
-3
0
3
9
1
14
9
4
14
12
24
24
29
25
20
20
16
10
2
7
0
1
-1
4
-9
-5
-2
-3
-4
-4
0
-15
-6
-10
-3
-8
-6
-9
-5
1
3
4
-3
5
1
2
-8
-10
-13
-18
-19
-16
-20
-22
-22
-24
-30
-26
-23
-22
-14
-13
-1
-2
6
3
6
7
13
19
13
18
8
5
14
2
0
5
-1
5
1
-4
-3
-8
1
1
1
5
5
9
5
12
7
10
9
9
13
15
23
21
15
22
14
10
15
2
0
-9
-3
-3
4
8
7
7
15
9
10
17
10
15
7
18
13
15
15
16
14
19
26
28
25
30
32
29
29
19
21
16
16
13
21
16
14
17
17
18
21
23
9
13
16
14
13
18
18
13
17
19
13
7
16
13
16
15
14
13
4
10
1
6
3
-7
-3
-5
-7
-6
-12
-14
-10
-13
-10
-12
-11
-10
-12
-12
-16
-22
-22
-34
-28
-26
-23
-18
-24
-21
-32
-25
-26
-30
-31
-37
-29
-31
-29
-20
-27
-31
-15
-23
-22
-19
-16
-19
-23
-11
-14
-14
-18
-16
-16
-22
-18
-16
-17
-12
-17
-10
-22
-26
-18
-16
-16
-9
-11
-14
-14
-13
-16
-15
-16
-29
-16
-25
-14
-18
-22
-31
-31
-26
-22
-20
-24
-14
-21
-13
-14
-13
-13
-3
1
0
0
2
-1
-2
-3
-5
-1
-6
-2
-7
0
1
3
3
2
4
3
6
4
1
2
6
6
15
14
17
19
12
16
18
19
12
18
17
20
19
17
18
7
8
6
1
0
6
-1
8
4
-1
2
-5
-4
-6
-7
-4
-4
-9
-10
-12
-6
-9
-12
-9
-7
-2
1
-2
-7
-9
-10
-12
-11
-4
-5
-9
-13
-6
-2
-4
0
6
0
0
6
-1
-6
3
5
8
24
8
5
3
3
15
7
22
21
24
31
26
27
16
16
6
19
16
13
15
14
12
10
19
15
10
7
13
1
6
3
2
0
6
8
10
10
2
6
4
6
-2
6
5
3
3
6
6
2
-5
-5
0
5
14
12
19
21
19
18
18
20
19
18
16
17
5
8
9
12
8
12
19
14
15
12
20
11
15
9
13
13
13
21
16
23
16
19
15
7
2
8
-3
-1
5
-3
-3
2
-1
-10
-3
-4
-7
-5
-7
-13
-9
-10
-4
-5
-1
0
7
7
0
6
-2
3
7
4
4
1
-9
-2
-3
-7
-3
-5
-7
-12
-7
-3
-16
-9
-4
1
0
0
7
0
18
20
16
15
18
13
6
8
12
14
15
23
20
24
18
22
16
25
21
19
32
17
15
17
21
10
15
10
11
8
9
17
12
12
12
10
2
2
-4
-1
-1
-4
-13
-10
-5
-8
-3
-6
-2
-8
-6
-13
-16
-15
-2
-7
-10
-5
-22
-15
-25
-21
-25
-19
-26
-22
-24
-27
-23
-32
-24
-30
-22
-22
-20
-23
-20
-22
-23
-25
-27
-23
-27
-15
-11
-3
-18
-13
-11
-14
-19
-16
-10
-24
-17
-8
-8
-9
-2
-5
-3
-9
0
0
-2
0
-7
-6
-10
-13
-14
-6
-8
-6
-9
-9
-9
-5
-12
-16
-17
-15
-9
-8
-3
2
2
-3
2
1
0
0
0
-2
-5
-6
3
2
-1
2
4
2
-2
-3
-1
-10
-7
2
-1
-8
2
0
-10
1
4
0
-7
-1
3
2
-1
3
3
16
12
19
25
10
12
12
20
15
17
6
3
0
3
1
-1
-3
-3
3
-3
5
3
9
7
15
18
16
14
12
12
-1
-1
-4
-7
-2
-4
-5
-3
-14
-17
-16
-16
-16
-14
-7
-6
-9
-9
-10
-14
-6
3
-3
1
6
7
9
10
10
4
0
10
10
3
4
7
4
4
3
-3
-3
-8
-11
-16
-10
-10
-6
-4
-4
1
-4
6
11
4
16
17
4
12
13
19
16
16
29
18
12
11
9
8
3
4
-2
-3
-5
-10
-10
-17
-8
-11
-8
0
2
11
6
15
12
11
16
15
17
19
11
15
10
1
-3
-10
-7
-10
-7
-9
-11
-14
-16
-19
-19
-22
-19
-26
-28
-22
-23
-19
-10
-10
-13
-2
-7
-7
1
-1
-9
-3
-4
-10
0
-3
-2
-16
-2
-8
-6
-7
-12
-9
-10
0
-7
0
-2
9
1
7
13
13
5
8
16
14
16
13
17
8
8
4
12
-1
-1
-9
-8
-6
-13
-10
-9
-3
-17
-3
-2
-3
3
6
-2
6
-3
0
-3
-16
-7
-16
-14
-13
-15
-15
-7
-13
-16
-10
-12
-9
-12
-7
-7
-9
-10
-9
-15
-14
-12
-15
-11
-18
-11
-11
-10
-8
-7
-3
-11
-7
-10
-4
-2
7
9
6
6
8
6
4
15
16
13
12
22
20
18
20
22
16
19
21
19
18
20
25
16
18
16
12
12
13
6
0
13
15
9
12
13
13
13
13
18
12
16
19
14
11
9
16
22
22
17
13
9
5
-4
5
10
10
7
4
9
3
8
14
18
11
12
16
14
12
19
26
28
28
22
27
25
18
19
8
2
3
-3
-9
-6
-2
0
3
0
-7
-10
-6
-3
-9
-4
0
-3
5
0
1
-6
-6
-5
-14
-9
-7
-2
-11
-10
-9
-19
-11
-19
-17
-13
-12
-8
-16
-19
-14
-16
-14
-9
-11
-15
-13
-13
-11
-9
-6
2
-2
0
1
0
4
2
7
9
6
2
-3
-6
-9
-13
-10
-8
-15
-6
-5
-6
-4
6
6
4
9
7
13
3
12
6
2
9
18
9
4
3
10
8
6
8
1
11
1
0
-2
4
-9
-1
-2
-3
-3
-10
5
-4
6
5
12
7
7
0
6
4
0
-2
-20
-10
-15
-14
-16
-10
-16
-15
-9
-14
-13
-17
-16
-16
-13
-13
-13
-19
-14
-16
-11
-10
-10
-6
-14
-7
-8
-13
-19
-15
-16
-6
-4
-6
-9
-7
-8
-8
-4
-8
-1
-2
-4
1
6
0
10
10
16
14
7
15
3
9
2
6
5
0
9
10
7
5
16
8
9
11
9
8
9
5
4
-1
-9
-2
-7
0
-3
1
7
0
4
0
0
-6
-4
-8
-10
-14
-15
-13
-18
-19
-20
-17
-15
-13
-9
-4
-6
-6
-6
-7
-5
-3
-12
-11
-8
-10
-10
-6
0
-10
-4
1
3
3
6
0
3
9
1
3
7
-4
-16
-4
-18
-6
-9
-13
-9
-23
-12
-13
0
10
9
6
2
4
-3
0
3
3
2
-3
0
-4
-9
-3
-10
-12
-6
-8
-1
-3
3
-4
-2
7
5
20
16
15
14
12
13
10
9
12
13
12
4
10
15
4
4
10
9
3
5
7
9
6
11
9
8
9
7
15
15
10
9
14
7
9
16
6
0
0
8
1
4
5
7
2
-9
3
0
2
-1
6
1
-3
-1
-6
-5
-12
-12
-6
-1
-11
-8
-10
-10
-5
-6
-9
-19
-8
-6
-12
-9
-3
-9
-13
-7
-7
-14
-13
-12
-8
-10
-8
4
-3
3
1
10
3
5
6
-3
4
9
3
2
17
9
11
12
19
9
17
18
12
17
16
16
5
19
23
22
18
20
24
29
22
25
23
17
25
16
11
19
14
-2
4
10
9
10
11
17
12
13
18
12
15
6
10
14
9
11
7
7
5
-2
3
-3
-6
-3
-9
-1
-1
-3
-6
-12
-7
-7
-10
-12
-15
-12
-12
-7
-7
-6
-10
-18
-14
-19
-23
-15
-27
-22
-16
-18
-20
-19
-18
-13
-10
-13
-7
-7
-10
-13
-7
-2
-9
-3
-1
-3
6
13
17
10
4
1
1
4
8
-4
-1
10
5
3
4
4
-9
-7
-6
3
-1
-2
-1
-3
-5
-7
1
-6
1
1
3
1
5
7
-1
3
4
7
7
13
-1
-1
-7
-6
-2
-10
-11
-7
-1
-3
-4
-7
-7
-15
-13
-17
-9
-11
-11
-11
-10
-2
-4
0
-3
0
-3
-1
-1
-8
-8
-9
-21
-13
-27
-27
-23
-24
-13
-22
-20
-21
-20
-19
-17
-26
-29
-21
-24
-22
-15
-16
-20
-22
-22
-27
-19
-25
-31
-28
-24
-19
-22
-20
-29
-32
-33
-30
-26
-24
-25
-26
-15
-13
-5
-3
4
9
13
10
7
12
5
11
6
0
0
3
8
12
13
13
17
21
22
26
26
16
20
16
25
22
25
27
28
32
32
29
33
34
21
31
31
37
33
40
31
34
35
34
31
16
35
24
27
26
26
18
14
18
26
25
26
28
11
22
12
12
5
10
3
5
1
-12
-6
-17
-3
-13
0
-9
-14
-13
-11
-11
-6
-7
-16
-15
-18
-17
-21
-13
-13
1
-6
-4
-3
-4
3
-4
1
3
0
-2
4
-4
-1
4
3
0
-2
4
0
-4
-2
2
3
1
2
13
14
16
24
26
25
17
18
18
20
22
24
29
23
16
15
15
9
19
19
27
21
16
18
11
19
13
15
19
18
15
18
11
19
12
13
8
1
-9
-11
-5
-12
1
-12
-3
-3
5
8
0
0
2
-5
8
9
5
8
13
8
-6
9
16
10
3
7
3
-3
-11
3
2
-2
6
-4
-4
-10
-7
-9
-6
-3
-9
-7
-1
2
-1
-8
-5
-5
-5
3
0
1
0
-8
-5
-1
4
-3
-5
0
-4
-3
2
3
-7
-6
-2
-4
-1
0
-12
-12
-8
-3
-7
-3
3
-3
-1
1
5
-8
-7
-8
-3
1
5
1
-7
-7
-8
-6
-12
-3
1
1
-2
-5
-7
-11
-13
-9
-12
-2
-7
-7
-1
-1
-1
-2
0
-1
2
-10
-5
-15
-10
-18
-8
-2
-7
0
-8
-8
-9
-7
-5
-7
-12
-10
-18
-6
-16
-8
-22
-13
-6
-15
-1
-19
-3
-15
-9
-16
-13
-9
-10
-8
-9
-8
-5
6
-3
-4
-1
6
-5
9
4
1
0
9
20
7
21
15
10
15
16
6
4
7
17
14
11
21
11
20
18
26
10
5
13
7
12
4
15
3
3
9
15
5
9
19
13
19
11
7
-7
0
-2
4
1
-4
-4
-5
-4
-5
-6
-14
-12
-6
-4
-13
0
2
-4
-8
-7
-9
-10
-6
-12
-9
-2
-3
-6
-8
-13
-16
-18
-21
-26
-23
-19
-19
-18
-8
-7
-10
1
1
-1
1
-2
-7
-5
-1
-4
-6
-6
-8
-14
-16
-13
-15
-16
-19
-20
-23
-8
-13
-13
-10
-18
-21
-15
-14
-13
-13
-9
-7
-11
-1
-9
-5
-11
-1
-8
-13
-10
-13
-14
-13
-11
-15
-10
-17
-14
-18
-11
-2
-6
-10
-9
-1
3
4
12
6
6
16
12
18
15
13
6
0
3
-1
-2
-6
-9
-9
-11
-18
-20
-23
-21
-19
-18
-16
-20
-14
-11
-6
-10
-10
-10
-9
-9
-11
-2
-10
-13
-15
-7
-12
-8
-4
-6
-11
-7
-1
-11
-13
-9
2
-10
-8
-9
-10
-10
-3
5
12
19
14
9
14
10
12
14
5
12
9
10
8
12
14
2
10
5
5
4
6
6
-3
8
-1
0
-1
3
4
1
12
16
8
4
3
-8
0
0
8
-6
-4
1
-4
3
-4
4
-7
3
4
-3
-3
0
7
3
3
1
-1
0
6
0
11
4
3
5
9
7
2
6
0
3
6
14
7
12
10
4
7
8
13
13
14
20
12
10
20
9
20
17
19
25
16
19
17
19
7
16
11
4
14
12
12
6
11
5
10
14
17
12
19
12
16
22
10
17
13
15
4
9
12
13
1
11
7
-2
5
0
8
3
5
-2
3
-3
-2
-2
0
-3
-3
4
3
3
12
17
14
19
15
21
14
15
17
19
16
15
11
10
8
7
3
1
3
5
9
13
9
6
11
15
10
10
12
3
13
17
16
11
15
16
13
7
12
-1
-7
-2
-2
-8
-6
-6
-10
-11
-13
-7
-23
-8
-21
-14
-14
-12
-16
-16
-15
-18
-9
-9
-8
-9
-3
-15
-13
-15
-13
-23
-17
-14
-7
1
-7
-6
-10
-5
-10
0
1
-1
1
4
7
9
10
8
9
10
22
19
14
18
13
13
14
14
-1
4
5
3
2
0
1
1
4
-7
1
-5
-7
-1
-11
-8
-13
-16
-13
-9
-4
-2
-1
-8
0
0
-5
-3
-3
-4
-9
-8
-7
-14
-15
-13
-16
-9
-12
-14
-22
-15
-17
-19
-13
-18
-12
-16
-12
-15
-16
-20
-17
-23
-18
-14
-25
-25
-22
-15
-24
-31
-34
-28
-25
-20
-10
-11
-12
-9
-16
-14
-6
-16
-8
-7
-3
-5
-6
-6
1
3
-3
5
3
3
4
-1
-5
-2
2
7
11
16
9
5
8
16
13
4
10
4
-1
3
8
1
7
7
8
4
-1
-1
-3
2
-3
11
8
9
12
8
12
6
16
10
14
11
14
16
9
12
14
15
6
2
-2
-3
-6
1
-7
-1
-1
-4
-8
-17
-16
-18
-19
-18
-14
-11
-11
-15
-7
-10
-10
-14
0
-1
-3
3
2
3
-6
-6
-12
-13
-19
-15
-16
-12
-18
-11
-11
-19
-17
-25
-22
-19
-9
-15
-4
-4
-3
6
4
10
7
10
-1
4
-1
-5
3
-6
-6
-14
5
4
2
6
3
-1
-3
5
7
-1
-5
7
13
22
18
26
13
19
24
17
19
16
22
20
25
22
22
9
15
10
13
5
2
-4
-6
3
-7
4
6
1
-1
5
4
1
2
6
3
9
11
13
16
6
14
19
21
12
9
17
8
2
7
3
-3
3
0
3
0
-1
-5
-14
-9
-3
0
-6
-4
2
3
5
7
7
10
6
8
6
3
4
-1
6
4
5
1
-3
-6
-5
-6
-13
-12
-16
-10
-13
-10
-5
-4
-2
6
12
9
14
11
9
5
11
13
4
13
13
7
6
5
4
4
8
9
12
9
17
16
11
10
1
-2
-4
6
3
9
9
7
3
4
3
9
1
-1
5
4
15
5
9
5
10
5
2
7
6
0
0
5
-4
6
-3
-7
-18
-19
-21
-19
-15
-16
-19
-18
-16
-12
-7
-8
-1
-10
-10
-6
-6
-5
2
8
13
16
15
17
7
20
15
14
11
14
15
14
16
12
20
6
10
13
19
12
19
23
16
21
15
19
20
26
20
33
26
22
27
24
25
28
32
29
25
22
21
15
19
22
11
1
9
1
3
6
-1
-2
-2
9
12
6
6
16
9
3
9
9
4
8
7
11
12
8
9
6
-2
-12
-7
-9
-13
-12
-13
-10
-10
-13
-12
-16
-18
-13
-16
-19
-11
-15
-10
-13
-9
-7
-8
-9
-4
-5
-10
-11
-29
-13
-26
-28
-22
-27
-27
-34
-30
-31
-34
-27
-26
-20
-21
-18
-14
-15
-11
-15
-4
-12
-10
-3
-14
-9
-12
-15
-17
-22
-18
-12
-10
-10
-7
-8
-12
-7
-13
-19
-9
-19
-19
-11
-13
-10
-13
-3
2
-1
1
2
-4
0
-2
4
13
13
10
7
1
-3
-4
-9
-7
-5
-3
-12
-5
-2
-13
-13
-13
-15
-5
-4
-10
-7
-13
-12
-14
-10
-12
-8
-11
-12
-9
-10
-16
-19
-22
-23
-16
-25
-20
-24
-27
-28
-27
-28
-36
-30
-20
-17
-19
-19
-12
-16
-16
-10
-19
-19
-14
-11
-15
4
-6
-13
-9
-10
-12
-18
-10
-19
-16
-12
1
-2
4
10
10
12
19
22
15
18
15
15
10
20
20
19
18
19
16
14
19
15
10
16
19
18
26
22
30
18
22
22
25
24
21
34
26
34
23
18
20
20
16
13
10
17
25
15
20
11
13
4
6
3
8
4
3
15
10
26
23
24
21
21
18
22
18
18
10
-1
3
0
-4
-5
-1
-6
1
-4
5
-1
-4
2
6
6
-3
0
-2
2
-5
7
0
6
15
10
11
9
16
6
6
0
-8
-9
-3
-13
-7
-9
-20
-16
-17
-12
-20
-13
-17
-4
-3
0
8
14
18
14
16
11
25
19
16
9
4
9
1
4
11
2
6
16
9
22
4
8
6
-3
6
-1
2
4
7
3
10
13
15
14
16
9
6
-1
-7
-12
-16
-9
-19
-10
-14
-14
-19
-20
-18
-28
-15
-10
-16
-7
-1
-9
-10
-9
-6
-7
-6
-13
-24
-25
-25
-24
-28
-20
-25
-29
-28
-25
-31
-27
-29
-32
-31
-34
-29
-26
-16
-31
-20
-20
-17
-10
-10
-4
-15
-3
-4
0
-2
1
3
0
0
0
-2
0
-7
-4
-6
-18
-9
-14
-12
-16
-12
-12
-15
-3
-9
-3
-1
-15
-14
-8
-5
-4
10
6
6
6
4
7
-1
10
0
1
10
13
16
19
25
27
25
20
22
16
18
10
12
11
12
11
7
19
24
19
15
18
9
9
10
17
8
13
13
11
18
9
14
10
14
4
5
5
6
0
5
14
15
25
21
12
8
11
-3
4
0
-2
-10
-8
-6
-7
0
-9
-6
-10
-2
-10
-4
-1
-3
-10
-9
-2
-2
-3
-9
2
-6
0
-7
-8
-10
-10
-16
-22
-12
-22
-13
-18
-16
-13
-17
-8
-7
-6
2
2
0
10
13
8
5
6
7
7
8
13
3
6
9
6
4
3
-2
-2
4
1
7
3
5
7
7
6
3
12
12
17
9
13
13
5
10
13
12
12
16
15
9
3
4
2
0
2
3
-5
0
-6
-7
0
-9
-3
0
-5
-10
-9
-10
-7
-9
-14
-9
-7
0
-4
4
4
-4
-7
-5
-15
-18
-15
-20
-16
-23
-16
-19
-21
-16
-20
-12
-8
-21
-10
-13
-12
1
-8
0
-3
0
2
-1
3
6
5
3
4
6
0
-5
-8
-7
-4
-8
-1
-1
1
-2
-10
0
-5
-5
-9
-1
5
3
16
12
8
4
13
11
13
14
13
13
10
13
15
16
9
12
14
18
4
11
10
2
5
17
14
9
13
19
22
19
21
7
19
10
9
15
12
7
10
14
0
5
7
2
-4
0
3
-1
3
4
-6
-4
-3
2
0
-11
-6
-6
-4
1
3
0
3
10
0
-5
-1
-7
-10
-8
-3
-6
-6
-4
-2
-5
-2
-1
-3
1
3
14
7
9
8
12
13
11
10
11
9
-2
6
8
2
-2
9
0
1
2
6
2
1
4
7
15
12
25
20
18
13
14
15
17
20
25
