SAMPLES:	16678
BITSPERSAMPLE:	16
CHANNELS:	1
SAMPLERATE:	16000
NORMALIZED:	FALSE
6
5
5
3
3
-3
0
-4
0
-6
0
3
-4
-2
-7
-3
-7
-6
-7
-6
-9
0
-7
-7
2
-4
1
2
3
0
3
4
5
4
-6
-4
-5
-1
-2
-3
-6
-4
2
1
3
4
9
-2
0
-2
-2
-2
-7
1
-1
3
-1
-2
0
1
-2
-2
0
0
-1
-6
0
0
3
-1
-2
0
-3
-11
-10
-6
-7
-3
-6
-4
-13
-10
-15
-10
-13
-9
-9
-13
-5
-8
-3
-12
-10
-14
-7
-6
-1
-7
-4
-2
-6
-2
-12
-6
-11
-14
-19
-20
-19
-19
-23
-21
-20
-22
-22
-13
-10
-13
-6
-7
-4
-3
-1
-4
-1
-3
-6
3
3
7
0
5
5
4
-1
9
10
4
7
-2
2
3
7
1
2
3
3
3
7
6
3
5
1
7
6
10
3
1
0
3
2
-2
0
-5
0
0
3
-6
-2
-7
-6
-6
-6
3
-9
-5
-10
-7
-10
-10
1
4
-1
9
12
2
10
8
5
6
5
-8
-5
-14
-10
-9
-11
-5
-13
-3
-2
0
-6
-4
-5
-6
-9
-13
-10
-6
-4
-3
3
-2
5
-3
3
-4
-4
-8
-7
-3
-8
-2
-6
2
3
6
2
7
0
0
1
2
-3
-3
3
0
5
3
12
3
6
3
4
0
-9
-8
-8
-7
-12
-6
-17
-13
-10
-13
-9
-10
-9
-13
-6
0
1
5
6
8
10
4
7
10
5
12
12
13
9
9
7
6
11
10
15
16
20
13
13
13
6
11
12
10
13
8
16
9
13
12
11
11
7
8
8
9
2
2
-2
1
-6
-3
-9
0
-7
1
2
0
4
3
7
2
7
4
14
3
15
5
14
4
9
1
-1
7
-4
2
-8
-4
-6
-3
-5
6
-4
1
-3
-5
-7
-4
3
0
7
6
6
4
7
3
7
1
5
4
0
7
-7
3
4
-5
-3
0
3
-6
-1
-3
1
-2
0
-4
0
4
1
2
-3
7
1
1
-7
-7
-6
-10
-9
-10
-13
-5
-10
-9
0
-7
7
1
-6
1
-13
-10
-7
-13
0
-8
-1
0
0
1
-1
1
-2
2
-10
-3
-9
-10
-9
-5
-13
-12
-10
-7
-3
-9
-5
-6
-3
-5
-1
-5
-7
1
-4
1
3
0
0
-4
0
-4
-5
-3
-2
-2
1
-6
-3
-7
-7
-6
-9
-1
-6
3
-3
2
6
7
2
-1
3
6
4
7
9
6
5
3
4
0
6
8
3
-1
5
1
1
-2
-5
-2
-7
-4
-4
-9
-9
-8
-6
-3
-5
-1
-6
-4
-4
-4
1
-1
-4
-4
0
-5
-6
-2
-4
-1
-4
3
2
6
9
8
12
5
3
1
7
5
9
13
14
16
21
19
19
15
16
23
14
25
16
15
15
10
5
5
6
12
7
2
2
6
9
1
9
7
9
4
5
4
8
9
8
8
6
14
7
-1
5
2
0
-1
6
6
-4
-4
1
-7
-8
-6
-6
2
-1
6
2
3
5
3
0
-6
2
0
-1
2
4
5
6
-1
5
-3
3
-1
1
2
-4
3
-2
6
0
6
5
2
4
3
2
3
3
0
1
1
4
0
3
-1
-2
-7
-9
-7
-7
-7
-12
-13
-19
-15
-21
-18
-16
-13
-11
-15
-14
-17
-18
-26
-15
-11
-7
-18
-9
-9
-13
-15
-20
-18
-21
-13
-25
-20
-24
-18
-15
-13
-9
-19
-14
-17
-20
-21
-12
-22
-23
-18
-16
-17
-12
-6
-10
-9
-13
-12
-13
-9
-13
-10
-12
-6
-12
-14
-8
-4
-7
0
-3
-1
9
-5
9
-2
4
2
-1
9
6
5
-4
7
-3
-1
0
-6
1
-6
0
1
0
4
10
-2
-4
-1
-6
-14
-9
-8
-9
-7
-12
-4
-5
3
-3
0
1
2
-3
-7
3
3
4
-2
-1
0
-3
-9
-1
-13
-11
-7
-7
-3
0
-4
-2
9
2
9
10
9
10
9
8
8
2
2
1
3
7
0
0
-3
5
0
0
3
2
6
-1
3
2
4
7
13
10
12
14
13
8
3
0
-7
-5
-7
2
-8
-2
-5
-3
0
-2
2
-2
9
6
2
11
17
13
21
20
18
16
13
8
6
3
4
1
0
7
0
-3
3
6
2
3
0
3
9
8
5
6
7
11
10
6
9
15
12
-2
1
4
12
15
13
19
15
8
6
6
0
-5
-5
-4
-9
-4
-3
-5
-9
-6
-3
-6
0
4
3
4
6
3
6
4
8
11
7
9
10
6
1
4
-3
3
3
-1
0
6
5
3
0
-1
0
-6
0
-3
-1
-9
2
6
5
4
7
7
3
10
6
3
-5
-4
-2
0
-4
-1
0
-3
-4
3
7
0
0
6
13
7
7
11
4
3
7
10
10
19
19
20
17
19
16
9
10
7
13
9
4
4
11
1
7
5
2
8
3
11
6
12
16
16
14
17
19
16
14
12
9
7
8
7
14
11
15
10
7
10
7
11
15
10
9
2
7
-2
-6
-8
-12
-6
-14
-10
-19
-12
-10
-8
-9
-12
-4
-13
-7
-9
-10
-8
-9
-6
-8
-3
-7
-6
-10
-5
-11
-10
-11
-20
-16
-21
-16
-19
-16
-21
-13
-15
-6
-8
-11
-7
-10
-2
-9
-9
-8
-2
-10
-6
-2
-4
-8
-1
4
5
4
-2
4
-11
-9
-7
-3
-8
-4
-3
-9
-4
-6
-5
-10
-5
-8
-12
-14
-13
-2
0
1
2
4
1
0
7
8
2
6
6
8
8
4
0
-2
1
-3
1
-9
-2
0
-7
-3
-6
-5
-7
-9
-9
-8
-10
-8
-9
-6
-9
-3
1
-2
1
4
7
7
12
7
7
1
-5
-11
-7
-4
-9
-8
-10
-14
-13
-12
-8
-7
-10
-3
-4
-6
-2
2
6
4
0
6
5
4
1
-6
-1
1
-1
3
-3
-4
-2
-14
-9
-19
-9
-13
-15
-14
-19
-22
-14
-9
-16
-6
-17
-7
-14
-2
3
1
-2
-1
-3
-1
4
0
9
-12
2
-7
1
-6
-10
-9
-9
-6
-19
-11
-18
-5
-12
-13
-6
-5
-5
-5
-2
-4
-5
-2
4
1
-2
-4
-2
-3
-5
-6
1
-6
-1
-2
-1
-2
0
9
9
3
6
11
3
13
10
16
18
19
16
15
21
17
19
21
26
21
19
16
16
13
10
15
11
19
17
18
23
19
15
12
11
7
16
12
19
25
31
28
27
24
17
18
15
17
15
20
15
18
17
14
17
21
21
21
25
16
16
13
16
20
18
17
19
24
18
22
26
29
23
25
24
22
20
22
22
16
16
12
17
11
12
10
9
15
13
19
15
7
16
8
11
17
8
9
2
8
3
2
-1
-2
-2
-3
-6
-9
-7
-7
1
-4
-1
-10
-6
-4
-5
-4
-8
-5
-5
2
-3
0
-3
-9
0
-2
-2
-3
-6
0
-3
-7
-4
-10
-6
-12
-9
-11
-11
-10
-14
-9
-6
-7
-8
-14
-6
-5
-6
-1
-6
-9
-16
-10
-9
-11
-16
-10
-14
-21
-15
-17
-20
-21
-21
-26
-26
-25
-19
-20
-15
-18
-15
-14
-15
-10
-12
-5
-13
-9
-8
-9
-13
-13
-6
-12
-16
-15
-19
-22
-20
-18
-15
-20
-13
-16
-9
-7
-9
-7
-9
-4
-6
-4
-7
-4
-10
-4
-9
-5
-11
-7
-7
-15
-14
-15
-16
-22
-18
-28
-20
-27
-24
-23
-25
-20
-14
-13
-16
-17
-18
-14
-14
-6
-6
2
3
4
0
6
5
10
10
3
4
-4
-3
-7
-3
-4
1
6
-2
-3
-2
4
-3
2
-5
-1
2
4
12
10
16
7
10
3
10
7
6
6
-3
-2
-8
-1
-8
-9
-6
-6
-7
-6
-9
-7
-9
-3
-6
-3
-3
-6
-2
1
6
1
6
4
5
7
11
7
6
1
3
6
-2
3
3
0
-2
-8
-9
-7
-6
-7
0
10
4
8
10
17
13
20
20
13
19
8
10
12
8
15
10
12
6
1
-1
-3
-1
-1
11
6
15
9
15
13
10
10
10
9
8
18
10
22
13
21
9
13
10
9
13
7
11
10
9
7
9
6
17
10
22
23
24
26
30
35
34
40
32
33
26
29
22
18
14
12
18
17
10
9
10
5
9
9
12
9
8
7
2
4
-1
0
-5
-3
-5
-3
0
-3
2
-1
-7
-12
-6
-7
-8
-8
-10
-12
-12
-16
-21
-19
-21
-18
-18
-14
-23
-27
-25
-21
-19
-17
-17
-17
-12
-11
-7
-10
-10
-13
-10
-9
-8
-7
-5
1
-2
-2
-2
-6
-3
-1
4
-3
-4
-3
-2
-3
3
7
2
9
4
5
0
1
1
-6
-5
-5
-9
-3
-10
-11
-13
-14
-12
-22
-13
-17
-10
-14
-15
-18
-12
-9
-13
-6
-1
-3
0
2
-9
0
-6
-4
-6
-4
-5
-6
-9
-13
-10
-14
-10
-19
-23
-23
-23
-24
-21
-22
-20
-17
-17
-14
-12
-14
-14
-3
-10
-8
-11
-18
-14
-16
-14
-18
-10
-16
-9
-10
-7
-4
-7
-4
-6
-4
-11
-1
-5
-7
-5
-4
-6
3
3
9
10
11
15
6
10
4
8
10
9
7
3
4
9
8
7
10
8
6
6
10
9
10
9
12
9
12
20
16
16
12
19
22
20
22
20
14
14
15
9
13
10
10
2
11
7
3
9
-8
-3
-6
-7
12
6
5
9
3
13
5
6
4
6
7
4
6
0
3
-3
-2
-2
6
1
8
7
1
0
-3
1
2
5
2
12
2
4
6
10
15
14
18
14
13
13
10
0
-4
-3
-7
-9
-8
-12
-16
-10
-5
0
-2
-5
-2
-3
-3
0
-1
7
12
6
3
6
9
4
2
7
9
6
1
-7
-7
-3
-3
0
2
3
3
10
9
11
13
9
9
6
10
11
8
9
9
4
7
7
12
12
10
12
6
13
11
2
11
5
7
6
-3
6
0
4
6
1
7
6
9
4
6
10
7
9
10
13
9
4
7
4
7
7
-1
9
6
6
5
4
2
-7
-1
-5
-5
2
-1
5
0
1
3
-8
1
-6
3
-4
0
-9
-12
-12
-14
-7
-12
-5
-10
-6
-10
-6
-10
-9
-15
-11
-19
-18
-10
-11
-10
-10
-3
-6
0
-9
-6
-12
-9
-7
-2
-4
-11
-11
-16
-16
-17
-13
-19
-12
-14
-18
-10
-4
-3
-11
-6
-10
-6
-5
-9
-7
-9
-9
-5
-4
-10
-9
-12
-14
-16
-13
-13
-7
-4
-1
2
2
2
-2
0
0
-3
-5
0
-3
2
3
6
6
6
4
1
3
0
3
-5
-7
-10
-7
-10
-4
-10
-12
-7
-4
-6
-4
-2
-6
1
-7
2
-1
8
10
8
11
2
10
4
5
0
-6
-3
-3
-1
-3
1
-8
-10
-10
-6
-8
-2
1
3
1
3
9
6
18
10
16
20
19
20
29
30
30
31
34
30
16
18
9
7
7
1
-7
-2
-10
-10
-5
-10
-9
-14
-15
-9
-16
-18
-6
-5
3
0
10
15
8
12
21
24
23
25
16
23
19
15
12
8
9
-3
-3
-6
-5
-3
-4
-1
5
0
4
9
-7
7
0
-6
9
-2
-8
-3
-12
-11
-12
-19
-19
-17
-12
-6
0
1
8
13
25
11
16
15
10
15
7
12
1
8
-9
-3
-3
-25
-10
-4
-12
-3
7
5
21
20
31
39
34
37
33
29
25
11
19
-13
-28
-20
-56
-42
-55
-69
-54
-59
-69
-61
-48
-50
-31
-34
-23
5
-5
7
14
25
25
44
37
20
50
29
25
31
23
-4
26
1
-9
20
-26
-10
-8
-40
1
-20
-24
8
-13
23
21
29
38
41
32
54
45
54
67
37
71
39
40
32
28
11
13
-8
-16
-14
-41
-36
-56
-72
-74
-64
-104
-71
-93
-90
-67
-76
-69
-38
-27
-25
17
-21
53
35
49
67
47
72
39
31
-3
-22
-21
-74
-106
-124
-146
-126
-173
-127
-143
-91
-40
-44
18
85
153
154
249
219
272
313
268
267
296
252
241
205
140
150
109
129
-28
60
-47
-78
-91
-262
-205
-411
-406
-623
-852
-734
-925
-1198
-768
-1261
-1151
-304
-1465
-124
-100
-559
1192
303
1041
1731
1538
1884
2482
1873
2380
2381
1511
2249
793
1637
220
296
-76
-1116
-512
-1781
-1389
-2147
-1649
-2487
-1873
-2298
-2145
-1722
-2039
-1269
-1985
-622
-1423
-668
-212
-689
520
371
583
1118
1421
1504
2124
2185
2051
2719
2144
2522
1889
2030
1522
903
1115
-547
137
-1160
-1190
-1781
-2023
-2345
-2426
-2313
-2781
-1836
-2428
-1242
-1708
-807
-677
-268
358
358
971
1020
1580
1380
1920
1804
2047
2287
2084
2216
2207
2036
2196
1713
1792
1248
1240
401
280
-442
-1182
-917
-2656
-2125
-3138
-3596
-3367
-3774
-4254
-2955
-3898
-2900
-2005
-2698
-321
-863
519
1296
1521
2643
3105
2970
4348
3185
4268
3923
2848
3986
1928
2690
1559
981
510
-7
-999
-816
-2150
-1959
-2377
-3330
-2415
-4133
-2926
-3772
-3437
-3354
-3236
-3038
-2516
-2309
-1848
-1086
-893
319
196
1487
1510
2328
2817
2968
3411
3466
3474
3347
3174
2800
2537
2193
1729
1275
1025
580
428
223
218
-82
445
-64
455
383
221
716
120
357
-321
-406
-1135
-1276
-2146
-2474
-2844
-3676
-3262
-4268
-3599
-3790
-3423
-2721
-2503
-1509
-1011
167
542
1841
2004
3022
3349
3354
4116
3287
4092
3121
3204
2655
2068
1796
1111
820
125
60
-852
-636
-1599
-1487
-1856
-2271
-2109
-2778
-2544
-2913
-2882
-2900
-2793
-2691
-2351
-2131
-1721
-1213
-690
-47
629
1085
1704
2282
2371
2981
2817
2936
2962
2365
2175
1608
916
473
-177
-901
-1199
-1883
-2090
-2211
-2499
-1964
-2081
-1204
-1007
-364
641
689
2111
2331
2960
3808
3730
4223
4579
4011
4308
3939
3135
2965
1859
794
467
-1054
-1888
-2367
-4272
-3951
-5508
-5710
-6042
-6519
-6136
-6110
-5718
-5337
-3964
-4043
-1465
-1914
448
1469
1768
4460
3580
5986
5840
6579
6957
6796
6532
6487
5647
4807
4452
2238
2588
-64
-468
-1655
-3378
-3306
-5187
-5362
-6092
-6702
-6567
-6702
-6672
-5978
-5896
-4859
-4204
-3518
-1960
-1277
40
1110
1790
3057
3701
4280
5056
5055
5398
5097
4804
4296
3573
2961
1996
1018
135
-845
-1548
-2027
-2728
-2594
-2740
-2638
-2193
-1735
-1115
-47
496
1505
2480
2721
3945
4013
4481
4720
4323
4131
3490
2452
1666
823
-737
-1242
-2893
-3705
-4477
-5700
-5616
-6590
-6248
-6518
-6067
-5693
-5132
-4094
-3212
-1796
-1271
677
969
2913
3402
4445
5670
5671
6934
6380
7135
6397
6625
5673
5158
4001
2914
2001
201
-416
-2421
-2834
-4546
-5229
-6188
-6793
-7108
-7448
-7228
-7165
-6492
-6066
-4884
-4211
-2815
-1826
-516
677
1723
2769
3726
4397
4949
5389
5394
5463
5044
4715
3883
3260
2147
1374
272
-684
-1518
-2361
-2775
-3420
-3307
-3435
-3028
-2716
-2028
-1297
-386
812
1431
3006
3522
4528
5427
5400
6376
5922
5933
5378
4369
3569
2332
897
-428
-1793
-3675
-4245
-6530
-6784
-7750
-8643
-7893
-9064
-7710
-7615
-6618
-5112
-4211
-2273
-946
643
2206
3807
4827
6711
7102
8138
8737
8218
9185
7742
8011
6758
5573
4756
2573
1868
-200
-1371
-2911
-4256
-5683
-6524
-7670
-8073
-8322
-8790
-8003
-8308
-7138
-6598
-5466
-3962
-2957
-1371
-126
1254
2583
3770
4915
5540
6372
6607
6324
6675
5687
5438
4618
3308
2293
1181
-215
-1246
-2125
-3433
-3628
-4710
-4464
-5096
-4311
-3671
-3634
-1621
-1582
-31
1500
2466
3351
5594
5433
6597
8058
6613
8337
7515
6650
6313
4923
2877
2325
-15
-2089
-2857
-5755
-6348
-8202
-9280
-9745
-10401
-10281
-9891
-9684
-8342
-7053
-5833
-3377
-2198
-30
2301
3393
5586
7078
7881
9569
9409
10186
9874
9455
9124
7849
6810
5428
3619
2049
629
-1984
-2486
-4963
-6112
-7099
-8683
-8825
-9621
-9546
-9546
-9101
-8572
-7454
-6538
-4834
-3722
-2025
-76
909
2910
4231
5154
6611
7072
7193
7631
7201
6630
6152
4926
3672
2674
998
-235
-1556
-2537
-3702
-4230
-4761
-5129
-4617
-4307
-3602
-2645
-1455
-558
1104
2116
3425
4833
5805
6551
7331
7591
7507
7680
6796
6010
4840
3167
1841
137
-2058
-3021
-5405
-6515
-7729
-9636
-9245
-10526
-10365
-9570
-9762
-8518
-6876
-6075
-3576
-2011
-511
2609
3007
5742
6923
7887
9915
9272
10644
10074
9533
9346
8152
6663
5716
3622
1975
598
-2268
-2551
-5307
-6102
-7507
-8943
-8995
-10213
-9766
-9911
-9448
-9069
-7754
-6928
-5453
-4097
-2256
-644
868
2797
3544
5711
6340
7047
8143
7681
7739
7773
6501
5843
4744
3374
2058
645
-790
-1950
-2658
-3770
-4089
-4173
-4168
-3983
-2710
-2617
-850
85
943
3235
3097
5278
5793
5851
7102
6583
5860
6197
3778
3287
2713
-1019
-414
-3355
-4789
-4980
-7902
-7546
-8417
-9265
-8022
-8805
-7918
-6026
-6346
-3375
-2873
-1708
1612
1125
3715
5025
5134
7730
7209
8075
8818
7732
8666
7567
6690
6532
4406
3960
2544
160
131
-2523
-3555
-4514
-6905
-6961
-8658
-9124
-9313
-9992
-9550
-9216
-8590
-7316
-6554
-4582
-3009
-1706
767
1620
3813
5276
5966
7619
7694
7917
8356
7250
6892
5910
4523
3534
1722
575
-697
-1832
-2639
-3299
-3696
-3404
-3903
-2824
-2146
-1834
144
471
1688
3327
3689
4502
5798
4856
6056
5372
3780
4208
2169
1440
-70
-1858
-2982
-4099
-5861
-6334
-7474
-7888
-7566
-8299
-7006
-7283
-5674
-4474
-3557
-1812
-720
1141
2232
3664
4594
5974
6478
7254
7651
7523
7922
7189
7338
6158
5521
4477
3308
2229
554
-205
-2124
-2990
-4565
-5620
-6666
-7701
-8215
-8670
-8959
-9208
-8454
-8310
-6928
-6184
-4760
-2974
-1748
143
1818
3129
4856
6058
6730
7599
7587
7790
7320
6622
5468
4609
2998
1783
269
-794
-1783
-2773
-2950
-3983
-3327
-3492
-2568
-2068
-986
22
1360
2522
3193
4674
4870
5863
5421
5302
4325
3948
2532
1370
-147
-1896
-2697
-4745
-5700
-6904
-7353
-8126
-7722
-8366
-7186
-6744
-5700
-3987
-3423
-1148
-477
1632
2319
3936
4719
5975
6144
6755
7307
6507
7542
6020
6553
5466
4810
3813
3119
1852
659
159
-2265
-2238
-4264
-5147
-6010
-7237
-7793
-8137
-8779
-9008
-8099
-8437
-7041
-6195
-4862
-3252
-1677
154
1503
4048
4601
6322
7568
7357
8591
8112
7514
6991
6130
4426
3475
1720
337
-615
-2055
-2557
-3766
-3199
-4086
-3425
-2681
-2533
-920
-245
1056
1988
3455
4151
4687
5572
5396
4807
4806
3272
2506
1789
-520
-1282
-2764
-4452
-5243
-6420
-7265
-7457
-7937
-7139
-7704
-6340
-5204
-4763
-2072
-2132
-4
1517
2274
3813
4810
5489
6258
6685
6662
6913
6198
6846
5316
5378
4496
2831
3331
856
668
-399
-2195
-2465
-4235
-5090
-5770
-7164
-7216
-7939
-8825
-7840
-8568
-7688
-6589
-6618
-3812
-3557
-1548
587
1344
4486
4674
6583
7683
7637
8811
8327
7551
7404
6098
4406
3971
1173
895
-844
-2138
-2478
-4084
-3267
-4403
-3320
-3123
-2459
-1211
-216
636
2110
3460
3265
5581
4480
5315
4952
3295
3734
2008
634
-236
-2127
-3451
-3847
-6733
-5848
-7342
-8108
-6389
-8459
-6424
-5750
-5501
-2760
-2648
-1155
1462
1043
3598
4302
4572
7131
5545
7114
7112
5912
7361
5602
5210
5360
3161
3551
1867
392
979
-1907
-1751
-3330
-4946
-4394
-7077
-6915
-7254
-8884
-7847
-8546
-8552
-6696
-7435
-5216
-3827
-3349
30
243
2855
4680
5347
7539
7676
8295
9043
8367
7634
7287
5226
4784
2552
1137
33
-1835
-2110
-3784
-3836
-4433
-3921
-3737
-2939
-2470
-1061
233
893
2626
3177
4694
5013
5585
5119
5021
3810
3669
2138
538
-3
-2547
-2656
-4893
-6125
-6105
-7440
-7761
-7015
-8109
-6522
-5854
-5556
-2605
-3124
-556
858
1212
3840
3852
5384
6701
5945
7501
7026
6402
7469
5705
5763
5251
3216
3858
1586
687
592
-2084
-1888
-3732
-5184
-5153
-7223
-7512
-7804
-9221
-8573
-8844
-8496
-7511
-7329
-5094
-4254
-2582
-175
458
3584
5054
5418
8408
7741
8887
9710
8097
8303
7203
5744
4451
2749
873
48
-2085
-2490
-4135
-4423
-4145
-5107
-3514
-3676
-2686
-1429
189
215
2654
3577
3567
6335
4761
5548
5562
3429
3968
2670
196
436
-2289
-3384
-3530
-7476
-5337
-7494
-8535
-5769
-9242
-6092
-5512
-6065
-2094
-2787
-1135
1958
954
3830
4858
4323
8134
5252
7590
7520
5526
8343
5092
5568
5532
2850
3591
1996
-215
1178
-2361
-2326
-3291
-6200
-4690
-7888
-7811
-8028
-10009
-8710
-9466
-9530
-7622
-8102
-5715
-4382
-3435
-193
542
3398
5258
6044
8517
8779
9436
10348
9045
9242
8107
6454
5397
3145
1846
142
-1556
-2639
-3892
-4443
-4950
-4836
-4544
-3956
-2976
-2271
-485
420
1564
3333
4004
4884
6101
4856
5137
4478
3082
3378
395
6
-1584
-3274
-4074
-6375
-6254
-6990
-7804
-7128
-7424
-7240
-4890
-5411
-2871
-1620
-1447
2151
1242
3879
4546
5123
7007
5938
6878
6871
6239
6575
5970
4430
5523
2810
3057
2223
94
1170
-1823
-1812
-3205
-4814
-4984
-6674
-7620
-7707
-9512
-9108
-9442
-10166
-7963
-8826
-6951
-5095
-4669
-1383
16
1721
5060
5316
7848
8905
9237
10655
9659
9871
8872
7475
6228
4497
2534
1611
-925
-1647
-2831
-4309
-3823
-4842
-3788
-3918
-2872
-1989
-840
706
1304
2793
3955
4622
4682
4842
3263
3597
2764
564
187
-1740
-3080
-3498
-6052
-6455
-6218
-7942
-6460
-7059
-6769
-4650
-4792
-2603
-867
-971
2275
2347
3357
5718
4144
7367
6114
5990
7007
5225
6181
5297
3863
4537
3069
1920
2680
-247
1472
-862
-1758
-1388
-4319
-3415
-5576
-6331
-6515
-8245
-8789
-8612
-9922
-8569
-8835
-8367
-6539
-5779
-3502
-2364
514
2106
4115
6277
6908
8784
9869
9402
10253
9260
8335
7696
5630
4535
2573
1327
-331
-1812
-2529
-3685
-3802
-3472
-4036
-3111
-2360
-1572
-113
414
1769
2876
3931
4216
3872
3847
2917
2625
1485
-403
-901
-2937
-3338
-5101
-6815
-5978
-7889
-6975
-6680
-7670
-5117
-4776
-4015
-694
-1270
1411
3209
2748
6176
4716
7040
7543
6087
8060
5696
6322
6307
3892
4641
3555
1463
2764
-139
414
87
-2422
-818
-3777
-3327
-4217
-6024
-5299
-7102
-7982
-7709
-9286
-8591
-8285
-9159
-7189
-6947
-5231
-3617
-2202
462
1946
4208
5813
6764
9334
9080
10028
10266
9006
9213
7436
6300
4683
3246
1351
228
-1576
-2284
-3374
-3357
-3449
-4049
-2447
-2724
-734
-559
942
1771
3130
4029
3059
4114
2535
2657
1966
-314
-898
-2282
-4225
-4388
-6963
-7213
-7121
-8931
-6636
-7914
-6938
-4480
-5181
-1327
-769
204
3737
3083
5743
6335
6169
8602
6974
7466
7573
5375
6801
4524
3718
4368
1088
2140
713
-335
497
-1911
-1167
-1976
-3388
-2888
-4885
-4750
-5375
-7377
-7070
-8488
-8570
-8582
-9500
-8209
-8514
-6563
-5468
-4764
-1024
-823
2388
4300
5009
8114
8636
9854
10436
9880
10087
9132
7907
6968
4393
4219
1590
126
-464
-2709
-1954
-3336
-3253
-2902
-2592
-1477
-896
56
1414
2038
3016
3397
2375
2866
2096
1070
247
-1589
-2895
-3801
-5427
-7125
-7368
-8369
-8848
-7862
-8398
-6857
-6094
-4326
-2310
-900
1254
2487
4862
5903
6828
7636
8873
8157
8686
7527
6958
6773
4884
4773
3025
2573
1128
582
155
-718
-1305
-1278
-2308
-2405
-3038
-4056
-3644
-5379
-5720
-6889
-7547
-7710
-8889
-8746
-8783
-9095
-7145
-7272
-5611
-3241
-2606
588
1862
3918
6019
7418
9115
9649
10081
10358
9641
9561
8050
6404
6041
3395
2426
744
-597
-1032
-2244
-2427
-2943
-2318
-2036
-1561
-496
192
986
2122
2216
2168
2026
1641
1558
-168
-890
-2475
-3639
-4270
-6952
-7012
-7923
-9071
-8209
-8673
-7924
-6747
-5831
-3685
-2009
-610
1762
3148
5360
6233
7102
9046
8467
9356
8759
8128
8077
6684
5999
5168
3637
2813
1676
1027
543
-1083
-678
-1660
-2211
-2378
-3663
-3440
-4202
-5362
-5764
-6842
-7226
-7901
-8608
-8531
-9152
-8408
-7926
-7537
-5781
-4858
-3115
-996
282
2511
4193
5947
7277
8237
9101
9332
9682
9081
8336
7673
6491
5118
3879
2428
1414
304
-621
-1418
-1699
-1813
-2078
-1398
-1172
-698
55
561
1129
1454
1164
1313
1311
403
-248
-1198
-2114
-2844
-4506
-5396
-5990
-7084
-7022
-7513
-7417
-6754
-6419
-4915
-3797
-2642
-915
448
2205
3291
4332
5940
6539
7116
7236
7348
7521
6873
6323
5872
5019
4165
3318
2568
2186
1144
652
294
-380
-768
-1421
-1819
-2251
-3111
-3751
-4399
-5171
-5773
-6606
-6768
-7346
-7624
-7371
-7507
-6741
-6285
-5454
-4029
-3010
-1488
-88
1476
3047
3977
5333
5942
6538
6851
6471
6526
6007
5245
4493
3522
2661
1815
728
95
-619
-964
-1204
-1390
-1044
-887
-316
303
924
1493
2063
2424
2625
2660
2554
2327
1806
1224
254
-292
-1154
-2147
-2589
-3554
-3902
-4094
-4561
-4363
-4315
-3800
-3247
-2986
-2310
-1761
-985
-391
-188
613
1041
1114
1543
1449
1801
1808
1623
1905
1874
1934
1874
2039
2181
2122
2100
2143
1980
1876
1575
1262
909
193
-125
-702
-1267
-1866
-2441
-2617
-3159
-3532
-3546
-3534
-3259
-3106
-2748
-2020
-1519
-933
-442
2
572
687
906
1058
997
1081
833
524
239
-142
-543
-894
-1268
-1436
-1499
-1552
-1394
-1237
-845
-444
-71
506
930
1409
1831
2091
2458
2650
2854
2884
2859
2885
2711
2627
2450
2221
2109
1845
1636
1491
1295
1188
974
930
718
525
422
65
-42
-286
-580
-694
-1025
-1215
-1366
-1610
-1663
-1855
-1847
-1774
-1844
-1655
-1545
-1394
-1029
-908
-666
-347
-201
105
236
333
441
462
526
428
313
215
-48
-181
-411
-718
-806
-1016
-1128
-1225
-1340
-1257
-1215
-1116
-1069
-969
-743
-692
-585
-503
-481
-431
-490
-591
-646
-753
-903
-1004
-1065
-1154
-1231
-1217
-1210
-1126
-1036
-813
-589
-285
66
356
872
1224
1640
2077
2411
2805
3029
3281
3458
3524
3623
3524
3423
3322
3035
2808
2532
2135
1913
1545
1172
942
526
272
-57
-285
-484
-771
-953
-1142
-1281
-1443
-1680
-1783
-1790
-2004
-2044
-2158
-2093
-2005
-2024
-1834
-1732
-1486
-1251
-1044
-734
-537
-272
39
186
423
462
590
751
573
589
460
317
264
-75
-239
-369
-564
-740
-855
-983
-1017
-1044
-1134
-1039
-1095
-1034
-1016
-975
-827
-879
-787
-728
-749
-651
-731
-717
-620
-686
-611
-594
-449
-318
-232
-12
124
398
632
835
1144
1400
1675
1944
2195
2379
2562
2739
2811
2879
2860
2835
2744
2637
2418
2191
2003
1676
1414
1070
704
395
69
-277
-617
-907
-1142
-1410
-1570
-1782
-1918
-1916
-2125
-2080
-2063
-2060
-1883
-1863
-1670
-1500
-1364
-1053
-914
-652
-424
-259
97
226
393
628
740
876
910
921
1002
963
913
809
725
691
496
357
260
68
-40
-197
-400
-425
-622
-760
-814
-945
-929
-1096
-1137
-1132
-1230
-1175
-1325
-1295
-1238
-1337
-1284
-1259
-1227
-1127
-1114
-1048
-851
-785
-589
-442
-250
8
209
503
751
995
1278
1569
1791
2045
2208
2426
2587
2629
2676
2639
2612
2467
2236
2014
1745
1442
1087
738
371
84
-280
-610
-811
-1090
-1253
-1434
-1538
-1572
-1579
-1602
-1509
-1387
-1279
-1151
-1033
-780
-679
-501
-362
-213
-9
56
163
315
416
473
517
561
669
627
647
630
603
667
500
515
493
377
376
255
203
127
11
-77
-180
-301
-414
-575
-647
-781
-979
-1021
-1209
-1281
-1361
-1508
-1508
-1546
-1583
-1557
-1529
-1472
-1389
-1293
-1138
-1033
-867
-678
-524
-252
-98
57
365
548
772
955
1128
1396
1525
1674
1771
1875
2005
1946
1926
1922
1796
1712
1513
1294
1153
905
659
427
224
24
-184
-326
-472
-571
-597
-695
-680
-615
-649
-542
-489
-444
-315
-297
-186
-143
-82
-19
-36
74
40
56
104
72
130
126
118
213
213
265
306
341
435
407
481
490
447
475
404
363
300
133
62
-89
-225
-385
-607
-692
-885
-1030
-1142
-1307
-1325
-1389
-1467
-1435
-1451
-1382
-1327
-1265
-1147
-1062
-910
-801
-681
-500
-394
-267
-77
45
211
355
493
686
799
932
1046
1162
1259
1280
1327
1317
1297
1239
1103
1005
862
706
531
338
194
11
-130
-253
-376
-412
-482
-496
-461
-440
-352
-271
-172
-45
48
181
278
362
453
486
555
571
558
569
540
529
478
422
421
379
370
347
339
392
382
430
459
474
511
494
499
468
407
324
201
71
-87
-314
-504
-720
-948
-1139
-1389
-1539
-1674
-1808
-1878
-1928
-1908
-1843
-1781
-1628
-1496
-1293
-1083
-921
-635
-450
-232
-20
142
367
501
634
783
881
1004
1049
1119
1208
1201
1260
1248
1217
1237
1136
1076
1013
879
771
606
453
317
120
-29
-207
-371
-476
-652
-719
-793
-870
-841
-869
-807
-731
-670
-515
-421
-275
-129
-39
130
210
281
389
404
450
471
438
464
416
420
405
388
450
437
502
570
603
699
744
781
853
829
831
782
686
579
368
204
-27
-296
-534
-843
-1088
-1302
-1564
-1715
-1849
-1949
-1950
-1972
-1886
-1755
-1626
-1412
-1227
-965
-708
-499
-209
-6
218
426
555
737
862
924
1018
1055
1114
1147
1133
1174
1154
1174
1166
1132
1149
1116
1078
1050
974
924
826
712
596
443
319
127
-38
-194
-376
-515
-658
-789
-859
-945
-981
-992
-995
-942
-910
-818
-756
-671
-559
-502
-417
-338
-296
-221
-174
-125
-56
-10
70
139
235
342
437
562
677
796
918
986
1071
1115
1105
1097
995
894
749
544
334
79
-154
-413
-688
-911
-1125
-1306
-1440
-1561
-1583
-1578
-1535
-1426
-1317
-1136
-946
-760
-542
-334
-130
53
198
356
464
542
606
628
667
662
642
635
617
615
612
593
635
651
667
708
728
754
762
753
736
708
636
566
450
340
223
82
-43
-178
-283
-388
-487
-539
-590
-625
-610
-617
-595
-552
-532
-480
-440
-416
-373
-367
-362
-340
-335
-318
-300
-276
-218
-175
-101
-19
66
186
284
399
516
597
695
733
753
781
714
674
571
427
303
119
-63
-247
-427
-578
-737
-855
-925
-994
-982
-969
-912
-795
-698
-562
-415
-280
-112
9
132
243
301
365
372
388
376
338
314
265
227
218
174
174
190
195
250
273
320
383
413
448
465
480
464
436
391
309
249
148
52
-25
-126
-200
-260
-318
-330
-361
-342
-325
-310
-241
-221
-151
-116
-96
-29
-33
-15
21
-12
17
6
-3
25
7
51
70
93
167
187
257
313
343
420
414
430
436
371
345
247
133
47
-133
-256
-404
-578
-674
-830
-919
-973
-1033
-1008
-993
-922
-796
-705
-532
-389
-233
-41
72
236
356
433
529
543
566
569
528
508
434
401
341
279
254
206
200
190
175
201
216
222
247
248
264
252
247
208
179
162
89
69
15
-32
-44
-97
-101
-98
-112
-78
-88
-48
-21
-17
43
27
45
66
32
57
26
-7
12
-49
-38
-50
-79
-40
-65
-26
6
19
88
108
148
204
189
231
217
172
166
66
17
-73
-202
-275
-415
-510
-597
-711
-743
-810
-824
-804
-809
-725
-668
-577
-466
-377
-251
-146
-40
51
123
196
240
265
287
289
297
269
281
266
263
295
281
334
357
388
432
448
497
509
502
522
476
457
411
312
272
158
79
-5
-119
-161
-239
-292
-301
-335
-309
-294
-272
-187
-159
-72
-6
24
114
133
178
213
196
226
212
180
191
143
141
123
83
109
78
103
110
104
139
130
140
139
109
111
51
-6
-53
-148
-209
-319
-400
-477
-563
-620
-681
-693
-701
-695
-644
-609
-521
-440
-362
-249
-179
-61
10
64
137
143
187
177
144
152
87
78
46
-4
34
0
25
67
91
184
225
308
389
444
528
562
589
622
598
583
538
455
405
288
199
111
-4
-76
-167
-230
-268
-315
-322
-317
-312
-257
-236
-181
-114
-85
-6
17
56
98
102
129
118
121
133
119
139
136
151
179
186
225
240
263
283
286
297
263
245
199
127
61
-39
-134
-240
-348
-435
-538
-609
-666
-713
-710
-711
-663
-601
-539
-425
-341
-243
-136
-59
29
81
119
153
132
135
88
43
0
-81
-127
-192
-227
-252
-258
-247
-206
-165
-99
-21
62
164
243
328
399
455
494
525
518
518
475
447
394
319
275
189
127
77
22
-6
-36
-70
-61
-79
-56
-51
-38
-11
-9
25
22
47
50
53
63
74
86
98
112
134
165
198
232
256
280
300
312
303
294
262
220
154
64
-15
-122
-223
-325
-431
-511
-600
-652
-692
-723
-701
-676
-617
-545
-470
-355
-281
-171
-71
0
92
129
174
193
186
180
131
89
41
-41
-83
-158
-200
-233
-272
-257
-265
-239
-193
-162
-89
-26
31
107
152
227
266
300
341
343
364
359
348
335
309
289
273
244
233
218
198
199
175
176
159
142
138
113
104
92
76
77
57
54
58
44
73
71
98
128
148
194
215
252
275
274
286
263
235
210
140
87
-4
-88
-167
-281
-343
-430
-506
-547
-604
-615
-617
-604
-550
-520
-441
-367
-305
-209
-150
-67
-10
32
86
94
102
93
63
45
8
-39
-72
-118
-144
-187
-212
-221
-233
-217
-219
-203
-164
-135
-101
-63
-28
18
31
67
98
117
143
152
176
196
212
234
256
269
297
310
330
346
364
376
370
377
360
341
317
283
262
226
192
171
143
124
110
108
116
130
146
168
186
221
237
255
257
241
228
174
130
60
-13
-87
-180
-267
-347
-430
-489
-551
-585
-601
-606
-569
-543
-477
-408
-333
-250
-163
-88
-15
48
88
117
131
135
103
79
38
-7
-57
-107
-136
-177
-208
-220
-236
-224
-211
-202
-170
-154
-128
-111
-95
-71
-71
-62
-63
-73
-77
-81
-89
-82
-71
-51
-32
-1
50
87
148
193
246
285
329
366
387
390
395
378
349
325
271
247
196
171
139
117
116
120
137
170
202
240
291
328
363
380
395
377
350
298
225
141
39
-69
-184
-300
-403
-494
-573
-625
-658
-661
-647
-597
-534
-467
-379
-287
-199
-110
-35
21
64
81
88
71
38
7
-48
-96
-144
-187
-219
-228
-240
-237
-213
-188
-141
-96
-47
0
46
70
92
108
101
81
52
15
-27
-69
-104
-134
-160
-162
-168
-134
-104
-54
13
73
152
225
296
354
400
429
458
456
446
414
379
333
281
236
194
168
133
133
140
155
187
229
275
322
361
397
413
409
379
348
284
188
90
-39
-146
-282
-392
-495
-585
-648
-695
-708
-714
-661
-620
-547
-455
-348
-256
-161
-57
-1
68
94
120
107
79
57
19
-41
-85
-125
-171
-189
-217
-195
-182
-151
-99
-44
8
70
130
161
203
217
207
192
158
113
70
-7
-52
-108
-168
-208
-233
-252
-249
-225
-190
-123
-86
15
96
161
235
292
352
385
399
403
407
390
364
350
300
270
269
244
245
250
268
283
314
361
365
421
444
418
429
390
339
262
182
85
0
-154
-255
-314
-489
-546
-587
-639
-688
-673
-648
-626
-582
-512
-419
-370
-298
-233
-161
-154
-101
-101
-116
-117
-127
-151
-212
-191
-198
-209
-203
-139
-156
-109
-57
12
69
118
226
235
296
287
341
290
272
234
168
122
37
11
-81
-119
-150
-134
-211
-144
-171
-117
-44
-54
78
110
169
219
303
273
329
298
294
290
228
260
233
201
127
182
172
171
155
231
223
298
404
408
495
451
549
485
446
367
291
240
205
97
-11
-75
-197
-219
-464
-444
-511
-551
-548
-516
-456
-441
-288
-212
-191
-229
-208
-253
-128
-226
-502
-479
-1
-429
-431
-25
-787
-325
-701
-796
-290
-1235
-748
142
33
-963
424
194
-418
659
-649
792
-341
-192
696
188
63
52
1269
-281
227
-123
105
15
-211
107
200
338
292
682
535
483
137
762
82
300
-36
261
444
507
390
353
406
-36
262
-117
58
-305
273
222
679
446
676
756
392
696
119
448
243
243
256
85
12
-118
-133
-313
-558
-519
-891
-843
-1139
-927
-656
-708
-486
-481
-304
-487
-240
-320
-307
-280
4
-28
94
176
103
94
-110
-146
-221
-114
-308
-66
-288
-216
-168
-292
-211
-325
-305
-213
-293
-342
-136
-277
-59
-107
-53
-31
-77
-160
21
241
-5
383
332
354
635
585
780
759
644
788
781
690
657
824
695
661
627
324
356
220
75
34
100
-15
71
141
110
159
85
221
127
167
142
237
414
184
256
308
64
4
-86
-276
-315
-493
-595
-728
-862
-913
-997
-972
-1088
-1053
-1039
-1109
-1036
-968
-956
-757
-758
-742
-620
-681
-488
-552
-468
-573
-569
-494
-627
-423
-394
-236
-236
-94
122
127
421
714
844
1072
1228
1445
1614
1860
2128
2150
2283
2278
2575
2420
2374
2472
2422
2410
2170
2252
1934
1925
1870
1606
991
-118
-302
-755
-2193
-2420
-3220
-4212
-4265
-5910
-5634
-5832
-6677
-5318
-5638
-5266
-4208
-3315
-1683
-899
233
2099
2954
3784
4644
5285
6476
5872
5932
6198
5014
4783
4085
3093
2358
970
218
-554
-2131
-2325
-2882
-3436
-4268
-5040
-4680
-5322
-5401
-5391
-5436
-5083
-5112
-4668
-3986
-3397
-2170
-1397
-403
652
1565
2997
3758
4742
5491
6110
6492
6471
6753
6817
6440
5981
5308
4610
4147
3395
2871
2468
2132
1966
1708
1534
1561
1573
1149
-239
-1569
-1912
-3092
-4647
-5495
-7079
-7925
-8979
-10546
-10256
-10548
-10158
-8733
-8300
-7219
-5109
-2851
-441
1523
3417
5967
7272
8138
8886
9702
10529
9612
8898
8338
6781
5998
4864
3243
2307
628
-372
-1266
-2687
-3119
-3520
-4143
-5263
-6256
-6272
-6866
-7748
-7849
-8205
-8468
-8495
-8189
-7470
-6529
-5010
-3617
-2007
-232
1839
4199
5768
7453
8904
9662
10281
10408
10237
9691
8915
7568
5913
4515
2995
1542
555
-372
-1222
-1312
-1414
-1214
-519
122
1012
1742
2229
2468
2330
1417
-391
-949
-2000
-4410
-5308
-7302
-8688
-9235
-11381
-11011
-10702
-10729
-8439
-7536
-6002
-3402
-1478
1521
3473
5061
7478
8535
9358
9752
9453
10053
8723
7270
6495
4318
3533
2040
282
-466
-1707
-2175
-2743
-3349
-3318
-3516
-3245
-3597
-4223
-3901
-4218
-4770
-4667
-4913
-4935
-4827
-4846
-4065
-3760
-2474
-1285
-103
1349
2395
4464
5076
5854
6964
6816
6904
6243
5128
4397
2842
1597
64
-1210
-1732
-2763
-2823
-2944
-2644
-1472
-680
520
2098
3229
4927
6112
6703
7674
7727
7540
5730
2860
896
-356
-2814
-5468
-6805
-9217
-10133
-11965
-13276
-12046
-12559
-10924
-9598
-8534
-5607
-3309
19
2451
4323
6884
8912
10245
10514
10499
10918
10155
8287
7375
5753
4063
2684
223
-906
-2283
-3369
-4023
-5387
-5530
-5847
-5359
-5376
-5698
-4822
-4476
-4602
-4261
-3633
-3132
-2905
-2820
-1851
-1607
-357
977
1557
2965
3734
5132
5704
5790
6628
6278
5823
4907
3676
2964
1504
567
-1033
-2136
-1998
-2740
-2834
-2635
-1924
-920
229
1611
2963
4593
5686
6499
7283
7888
8131
7913
5927
2437
19
-1226
-3640
-6561
-7893
-10075
-11370
-12664
-14635
-12913
-12826
-12085
-9807
-8948
-5818
-2938
290
3145
5071
7940
10093
11486
12137
11841
12125
11456
9170
8111
6441
4080
2588
-131
-2077
-3176
-4770
-5637
-7131
-7444
-7636
-7047
-6473
-6784
-5235
-4458
-4157
-3415
-2503
-1760
-1174
-1132
-454
36
806
2010
2340
3322
3551
4718
5283
4774
5472
5121
4353
3618
2526
1760
809
-256
-1365
-2199
-2129
-2114
-2245
-1860
-1122
-204
980
2270
3525
4983
5964
6663
7275
7458
8145
8083
6462
3786
28
-2233
-3555
-6615
-8749
-9840
-11981
-12633
-14065
-14508
-12242
-12451
-10372
-8147
-6622
-2701
224
3652
6088
8052
11076
12358
13255
13222
12081
11896
9531
7492
6034
3293
983
-1176
-3760
-5174
-6212
-7394
-7619
-8708
-8174
-7311
-5968
-5202
-4412
-2417
-1801
-1431
-528
549
677
534
398
839
685
1191
1651
1454
2009
2442
3165
3170
2868
3469
2957
2030
1690
792
436
-431
-1288
-1856
-1816
-1184
-1205
-793
77
816
2199
3136
4152
5508
6055
7057
6843
7273
7583
7339
7372
4748
1617
-1914
-4688
-5611
-8790
-10659
-10933
-13175
-12994
-14091
-13763
-11236
-11752
-8654
-6368
-4560
-197
2587
5904
8132
10118
13099
13992
14272
13712
12001
11051
8255
5907
4240
774
-1527
-3689
-6125
-6906
-8091
-8338
-8442
-8975
-7515
-5863
-3991
-3367
-1968
69
174
390
1518
1542
1011
276
-631
-508
-1056
-924
-667
-877
-541
872
1406
1441
2075
2249
2278
1637
1512
1193
982
284
-636
-191
-327
397
972
569
1800
2304
3297
4390
4642
5570
5749
6497
6212
6227
6715
6194
5864
4365
2177
-1741
-4670
-6174
-8013
-9945
-11080
-11455
-12504
-12341
-13166
-11349
-10133
-9330
-5423
-4166
-830
2955
5720
8799
10176
12326
14188
14076
13550
10923
9658
7545
4173
2441
-487
-2972
-5102
-6452
-8161
-8083
-8282
-7448
-7078
-6566
-4204
-2486
-801
-911
1229
1772
1000
1293
1491
493
-527
-1071
-1588
-1631
-2005
-1229
-1335
-812
224
1065
1687
1072
2006
1853
773
1111
440
409
-212
-425
-291
-88
1047
1031
1561
2267
2726
3622
4118
4563
4917
5064
5400
5184
5490
5227
5392
4961
4473
4178
2836
-114
-4433
-5233
-6084
-8519
-9861
-10428
-11448
-10999
-12449
-11587
-8940
-9257
-5263
-3198
-1453
2938
5856
8601
9439
10529
13098
12363
11462
8882
6823
5855
1849
728
-1185
-3679
-5051
-5936
-7208
-6864
-6224
-5390
-4365
-4781
-2902
-1431
431
-420
307
2282
664
388
654
94
-859
-2092
-1749
-1461
-2535
-1670
-1712
-1232
-850
17
2145
442
895
2222
1001
1283
969
1498
928
202
838
114
1166
1075
1096
1501
1202
2415
2872
3113
3719
4156
4993
5087
5418
5529
5511
5855
5380
5276
4992
3878
-874
-4402
-5095
-6804
-9062
-10579
-11093
-12065
-11417
-12162
-10457
-8059
-7736
-3334
-1384
395
4869
7164
9013
9250
10271
11933
10529
9753
6659
4644
3432
153
-217
-2407
-4651
-5439
-5847
-6617
-5930
-4952
-4161
-3502
-3815
-1906
-425
1087
-49
978
2301
207
344
238
-845
-2043
-2844
-2412
-2732
-3496
-2269
-1928
-1413
-370
1410
2857
1557
2425
3475
2074
2116
2286
1792
431
-263
181
-514
-35
286
447
832
1073
2154
3012
3197
3954
4777
4845
5492
5572
5786
6474
5721
5920
6101
5286
3656
-1699
-4856
-5231
-8002
-10322
-10839
-12337
-12020
-11957
-12270
-9350
-8827
-6378
-2444
-1120
2234
5916
7883
9378
8748
11234
11197
9379
8967
4577
4028
990
-588
-971
-3564
-4803
-5233
-5284
-5795
-4356
-3955
-2387
-3050
-2088
-438
668
1464
212
1894
839
-275
-3
-999
-1778
-3038
-3733
-2868
-3141
-3516
-2100
-1750
-820
689
2139
2986
1800
2597
3009
1789
1525
1646
1257
-441
-830
65
-513
-93
536
217
939
1117
2661
2913
2942
3670
4554
5294
4943
6136
6242
6326
6115
6048
6516
5945
3794
-435
-4955
-5947
-7667
-11108
-11060
-12687
-12433
-10664
-12204
-8699
-6740
-6026
-675
114
3171
6586
7457
8834
7642
9245
9710
7579
7389
3512
2234
1895
-1208
-96
-2465
-3886
-3684
-4474
-4731
-4024
-3423
-3064
-2762
-2822
-1204
-371
1073
-785
80
1051
-417
-34
-1026
-1764
-2712
-2999
-2623
-2840
-3239
-1933
-1062
-341
897
2487
3608
2017
2495
3160
1301
1603
1210
42
-775
-1254
-313
-916
-617
53
193
1349
1112
2666
3334
2817
4246
4420
5636
5507
6239
6414
5765
6374
6004
7015
5446
2901
-935
-5685
-6813
-8385
-11528
-11580
-12237
-12076
-9819
-10653
-7440
-5599
-4778
7
1180
3457
6326
6838
7905
7074
7856
9294
6749
7106
3636
2343
2158
-452
668
-2375
-3562
-3960
-4186
-5015
-4398
-4197
-3594
-3020
-2866
-1027
-363
1259
-189
236
332
89
-742
-2376
-1440
-3495
-3982
-1581
-3136
-2114
-1631
-332
1756
378
4222
4256
1677
2629
2654
1846
502
892
1311
-2312
-373
-179
-858
-209
-972
1508
-558
1212
2075
2886
2960
3812
6049
4917
6760
6611
6887
6652
5725
6217
6078
5168
3199
-2838
-7292
-7189
-9427
-12533
-11842
-12089
-10904
-9093
-9085
-5180
-5549
-3243
1311
325
3302
5895
6229
6822
4895
8003
8280
6560
7605
3208
3399
1185
441
490
-3106
-3767
-4498
-4779
-5882
-4448
-4433
-2658
-2805
-1895
-363
847
1893
-720
-136
47
-155
-2703
-2364
-2356
-4853
-3268
-1503
-1611
-1691
19
2239
778
2103
5173
3528
1161
1955
3212
445
44
2078
49
-1788
-12
586
-306
-1648
883
-572
-106
567
2236
3445
1769
6046
4790
7033
6441
7518
7337
5098
6442
5624
5711
3970
1190
-5582
-8820
-8302
-10648
-13116
-10819
-11286
-8827
-8102
-7371
-3589
-6080
-1703
835
-262
3794
5375
6051
6206
5080
10071
8227
8078
7422
3301
3608
-461
837
-2031
-4552
-5518
-5389
-5840
-5691
-3883
-3523
-1191
-1935
602
287
1933
1042
-1229
-1080
-1146
-1423
-3598
-3063
-3658
-4407
-2558
-216
-312
-404
1104
2622
1263
2370
3572
2406
633
1629
2984
1091
965
2441
918
-1443
143
841
-919
-2351
-671
-1112
-688
410
2964
3586
4186
6890
7317
7983
6760
8410
6741
5390
5777
6135
5726
999
-5236
-8767
-9033
-10490
-12096
-10901
-10018
-9490
-7059
-7406
-5557
-5634
-3504
-99
-1202
1770
5998
5547
6646
6562
9493
10919
7703
9114
3257
2793
-639
-1103
-2269
-5625
-5094
-6457
-4465
-5581
-2101
-2591
-254
-778
392
702
194
1075
-2443
-2122
-2164
-1394
-3303
-2080
-2439
-2763
-2094
-455
635
-1439
-867
808
-238
442
2533
2331
1589
1497
4177
2694
1560
3102
1581
-1022
-1983
-809
-1617
-3664
-1459
-1117
-175
1361
3652
5446
4346
6640
7705
7534
6578
7251
6054
4820
4323
4896
5667
3227
-543
-7034
-8452
-8199
-10957
-11487
-10611
-10669
-7853
-8734
-6527
-5794
-6410
-496
-821
1536
4504
7124
6802
6313
7215
9498
8248
7260
5555
854
1841
-1911
80
-2331
-3569
-3984
-3838
-2896
-3528
-1619
-1993
-659
-1499
-37
-1082
303
-1340
-2502
-1553
-1503
-1260
-1632
-1632
-2322
-2949
-2900
-935
-2346
-2256
-1696
-17
785
2180
4018
3894
2524
3821
3859
1895
1494
1164
192
-2982
-1566
-1111
-1676
-1434
35
840
1470
3306
5046
4224
4650
6087
5588
6067
4995
6169
5667
5000
5044
6094
5361
2666
-4336
-9166
-8469
-11445
-12384
-11898
-10956
-9511
-7325
-6325
-4608
-5259
-1811
990
-202
2691
5231
6006
4966
5990
7666
8344
7434
7823
3163
2086
738
-923
-800
-3338
-3665
-5150
-3628
-4059
-2357
-1972
-837
-424
-120
269
436
424
-2163
-2080
-2134
-1779
-2922
-1984
-2417
-3301
-3372
-1708
-788
-1858
-1515
119
491
1512
4285
4066
3340
2795
4890
2668
1017
1997
530
-1882
-2475
-1224
-1617
-1294
-419
887
230
2831
3806
4003
4365
4214
6278
4992
6160
6040
6053
6228
4616
6395
6550
3185
-2873
-9643
-10032
-10520
-14203
-10470
-10704
-9644
-5495
-7076
-3457
-5565
-3501
582
-1513
927
3878
5400
5310
5195
7539
9342
7353
9530
3565
2212
657
-2059
-959
-3603
-2507
-5378
-2973
-2800
-1634
-895
358
104
-436
-9
-662
-576
-3902
-2859
-2828
-2057
-3089
-1979
-571
-2687
-2900
-494
-1136
-1564
-696
-671
4
1224
5156
5105
3876
4965
4758
2643
1390
423
-186
-3463
-2578
-2258
-3220
-875
224
1388
1365
4187
4535
4199
5058
5328
4755
5075
5264
5016
5793
6079
6876
6349
5055
99
-8219
-10857
-10398
-14476
-12108
-9489
-9419
-6138
-5884
-4185
-5324
-5150
-542
-1033
-1135
2954
3571
4820
5831
7168
9595
7797
10836
4694
2346
1562
-2552
-1871
-4719
-1880
-4631
-3036
-1896
-1231
-411
151
1288
-433
-724
-1545
-498
-4338
-3358
-2197
-1292
-1748
-2167
-609
-1810
-2503
-2597
-1858
-1752
-1816
-781
406
1292
4234
6309
6078
4976
5310
3888
842
-476
-335
-2363
-2376
-1112
-768
-609
1564
3001
1895
3282
4007
3946
2940
4101
3367
3553
4532
4815
5207
5523
6177
5744
3244
-3734
-9367
-9864
-11415
-14290
-9692
-8316
-6730
-4375
-3606
-3406
-5884
-3340
-1687
-2814
-1263
3602
2408
4693
7022
8474
8943
8594
9930
1931
1419
-1322
-2971
-5115
-4427
-1759
-3686
168
-272
1154
160
1044
456
-1848
-3620
-2052
-1359
-3915
-1596
-721
-621
-1198
-778
-1746
-2985
-3095
-2434
-3687
-2079
-603
158
1665
3963
6542
7003
6686
5353
4559
1015
315
-1505
-1134
-1493
-959
961
157
2333
2551
3286
1236
1697
2534
912
2025
3485
4980
5138
6921
7719
6415
6883
5380
-473
-9308
-11274
-9805
-14509
-11871
-7532
-7092
-4088
-2406
-2778
-6349
-7440
-3776
-4937
-5958
1699
3314
4685
8386
9793
11785
9033
11339
4118
-401
-2219
-5248
-5698
-7315
-1481
-3456
864
2198
2196
2042
415
113
-2869
-4527
-4343
-537
-2524
-169
2036
2535
1361
1168
-391
-4141
-5703
-5327
-6103
-5945
-2075
344
2169
3730
7781
7450
6818
4698
3956
475
-860
44
-374
652
994
3530
2008
3201
2454
2603
431
-10
739
-54
1612
2996
5053
5720
8130
7751
7486
6204
3681
-2054
-10041
-12782
-10910
-12975
-9476
-4664
-6052
-1855
-1922
-4365
-7123
-9522
-6894
-6171
-6137
1303
3764
6299
11347
10597
13005
9218
8452
3045
-3933
-4098
-6521
-5501
-5840
-561
-1082
1801
4069
1192
1237
-1826
-1109
-4197
-5081
-2844
126
1108
3365
5266
4819
2413
-251
-1905
-6676
-7896
-6765
-5695
-5695
-2145
2167
2798
3457
6236
5651
3242
2661
2523
-42
-1258
2820
3161
3134
4490
5496
3489
256
1493
-376
-1498
279
476
1318
2217
6105
6577
6691
7444
6379
5555
3007
2107
-4478
-12252
-12991
-11109
-11229
-5963
-2458
-2636
-862
-4095
-4851
-10774
-12219
-8099
-7083
-3674
3399
7667
9054
12937
10977
12358
5745
6025
20
-6398
-4318
-7055
-2438
-2783
3234
216
2739
1136
-1459
-2628
-6277
-2998
-5503
-2923
-596
4220
5105
6142
6039
4997
-502
-2791
-3746
-7910
-7985
-4436
-1775
-2500
1356
3253
1864
-378
3013
736
-1094
324
2286
1528
1470
7264
6312
5673
5233
4938
435
-1918
80
-2290
-1345
1748
3395
3725
5258
7208
5806
5770
5501
4092
1921
1331
-1915
-9628
-10404
-6564
-8011
-7927
-1709
-4414
-5173
-5290
-6774
-9307
-12610
-6122
-4166
-4313
2822
7759
5373
9886
8456
9431
5703
3608
4447
-4747
-535
-2097
-493
-1294
2033
366
-2185
-645
-4745
-3905
-7064
-2928
-3180
-2464
929
4737
4790
3949
4315
3555
-924
-3528
-1643
-4959
-4215
-1232
1175
-63
199
1838
-9
-3809
-957
-1134
-2771
-414
1902
3615
2704
6070
7371
4397
3785
3906
1016
-372
-310
1708
-155
2697
5010
4275
4552
3855
5231
2057
3867
3602
2591
1902
1495
-392
-5304
-8374
-5982
-7421
-10201
-4371
-7830
-6333
-6524
-6727
-6682
-9360
-4066
-1972
-2697
1196
5869
3447
8209
6155
7999
6082
3145
5363
-1322
1288
-404
978
-1334
316
-440
-2782
-1768
-5136
-3557
-5644
-2883
-1888
-1814
190
2778
2862
2207
1466
1203
-1539
-3509
-1154
-2395
-2442
812
2218
500
593
1567
79
-3969
-522
-520
-2045
610
2723
2832
2475
5417
5488
3288
2639
2973
-65
428
1478
2784
2700
4492
5168
3946
4327
2703
3985
1846
2563
2107
1216
2801
4168
892
-6599
-5945
-6631
-10100
-9639
-6350
-8398
-6871
-4196
-4175
-8299
-9027
-1673
-5492
-2651
2476
4353
3961
6644
7579
6444
5704
6124
4598
-1337
2940
-482
247
-434
712
-731
-2239
-1352
-4461
-4804
-5825
-1722
-3636
-2893
431
2741
682
808
1657
-494
-3244
-2789
-949
-3109
-1751
3313
2494
-11
2455
1461
-1435
-3702
676
15
-1200
2681
4817
2187
2355
5027
3008
1190
1084
2881
-298
681
3737
3632
3595
5359
6075
3808
2452
3661
2832
1432
2343
2088
3324
5147
3732
-2720
-7280
-6762
-8099
-11413
-7348
-7300
-6686
-4277
-4104
-5674
-10649
-6466
-4524
-5509
-2038
4210
3201
6079
6875
8346
7882
4656
7263
-79
1532
688
1117
892
1545
802
-1073
-303
-3607
-4306
-6665
-3670
-3904
-2828
-1980
1437
952
34
765
184
-2152
-4599
-1924
-2485
-2167
24
5147
1563
299
2404
-81
-3244
-1854
1660
163
481
5724
4996
924
3588
3689
873
-533
1771
927
-354
2354
4711
3102
4097
6188
4632
2330
2694
4007
2267
3214
3220
3587
4718
5531
-309
-6845
-6492
-7126
-10407
-8312
-5710
-6845
-4955
-4058
-4796
-10630
-8958
-5326
-6612
-4001
1686
4270
4470
6519
7226
8169
4731
6074
3182
680
2200
2098
2807
2186
1954
-286
-657
-2837
-4301
-6659
-4982
-3465
-2763
-1792
545
1354
-641
-614
-873
-1490
-5251
-2522
-1816
-1552
-312
3119
3614
-241
924
878
-2172
-3303
1210
1087
1452
3219
5933
3461
790
3761
1494
204
205
2408
807
628
3671
3438
3456
3675
5128
3047
1943
3581
3873
3177
3276
4362
6148
5421
-64
-5185
-7352
-6559
-8690
-7343
-4440
-5815
-4727
-4006
-5872
-10720
-10717
-7707
-6246
-5368
1007
4323
4264
5812
5225
7915
3493
4781
2905
1677
2731
3158
5717
3707
3494
159
418
-3122
-4426
-6451
-5135
-3410
-2695
-774
143
1738
-960
-2002
-2367
-2449
-5410
-3463
-2214
-814
-795
2674
4257
268
-446
706
-647
-3345
213
1792
2796
1435
6058
4461
616
2444
2083
1397
-613
2892
2982
1299
2211
4194
2866
1822
3469
3058
2171
2898
4672
3562
1953
4683
7157
3995
262
-5281
-7370
-5761
-7167
-5354
-4113
-2922
-3239
-4568
-6818
-11298
-12995
-9710
-6044
-5398
2037
2757
6459
3357
2812
6729
1656
3530
666
4416
2261
5242
6546
6372
4338
435
1463
-3047
-3452
-6823
-3613
-4004
-1873
-636
932
707
-1824
-2785
-3544
-3464
-5779
-3636
-2295
205
-1261
2529
3347
357
-1277
-51
447
-1693
279
3274
3285
1961
4696
3558
2097
176
2228
1892
1000
2459
3055
3130
1117
2562
2467
1940
1516
2410
3135
3525
3621
3645
2863
2674
5160
4251
-97
-5333
-6389
-4104
-5073
-5019
-2296
-1794
-3169
-4223
-6872
-10149
-13117
-10603
-5937
-4486
328
2151
6455
2389
1274
3838
1996
2143
-599
4225
3674
5407
5726
7764
5355
864
983
-355
-1486
-5742
-3034
-1981
-1025
-1946
762
611
-1844
-4326
-4018
-3109
-5621
-4894
-2913
-9
-1590
939
2000
2403
-1281
-1485
1495
107
-175
788
4265
3452
2965
3600
3628
2044
547
1561
2737
1721
1808
2435
2258
974
1452
2393
1608
1921
1536
3370
3694
3523
2301
1383
2709
2726
606
-3124
-4853
-3754
-3269
-3507
-1438
-1530
-2866
-3503
-4272
-6792
-9616
-9616
-6763
-3884
-2221
72
2944
2659
381
819
1017
1219
-700
569
2883
3552
4550
5546
6617
3390
1225
1139
1679
-664
-2325
-827
522
557
236
1421
1224
-1408
-3192
-2958
-3357
-4173
-4768
-2485
-1140
-788
301
1515
526
-1619
-1111
-1136
-1166
-1275
-286
991
2000
1763
1747
1798
742
656
635
745
847
834
550
384
910
1843
1339
1937
2245
2290
2508
2479
2586
1966
1794
1451
1768
1777
2035
369
462
1533
632
1504
2040
688
-501
-688
-1369
-1227
-2001
-3359
-2291
-610
-2359
-1880
-1477
-3423
-3061
-3789
-3280
-3574
-3597
-3437
-2933
-798
-652
-74
142
-197
-776
-577
261
101
393
1169
1880
2381
2848
2764
2359
909
-297
-205
-806
-2078
-1636
-717
-1322
-357
507
-707
-1007
-1473
-3132
-3206
-2929
-3064
-2591
-1111
-435
141
1388
1271
1796
1586
1078
1269
1767
1805
2382
4439
4572
4867
5468
5027
4595
4338
3944
3448
3452
3279
3213
3115
2150
1377
594
-141
470
-493
-447
-1033
-2619
-2139
-3255
-2759
-4067
-4289
-3556
-3506
-2453
-4378
-3254
-4439
-4856
-3518
-4023
-3053
-3842
-2760
-2224
-957
497
94
561
-243
-94
120
249
740
507
1152
1864
2668
3128
2888
2537
1422
682
363
-497
-841
-948
-560
-65
-35
165
-227
-711
-1787
-2280
-2357
-2660
-2232
-1875
-1259
-633
122
383
430
836
548
407
554
1053
1686
2540
3846
4514
4857
4835
4898
4512
3830
3698
3659
3823
3790
3759
4345
4565
3391
1135
228
-313
-2221
-1637
-1159
-2836
-3190
-3314
-3493
-3474
-4840
-5673
-4718
-3705
-4882
-4034
-3100
-4456
-3671
-3272
-2084
-1770
-2169
-2069
-1674
-208
164
1274
2075
1036
536
887
1318
977
732
1261
1657
1830
2049
2776
2045
668
84
24
-188
-746
-110
-83
-1049
-559
-316
-639
-1228
-2106
-2321
-2166
-1305
-1306
-656
-21
-301
309
605
942
852
352
222
725
1539
1953
3138
3515
3671
3950
3803
3770
2903
2682
2636
3097
3322
3576
3905
3519
3432
2382
965
475
426
-1131
-961
-817
-2928
-2569
-3367
-3909
-4072
-5360
-5537
-4836
-3765
-5149
-4034
-3198
-4043
-3090
-2667
-1839
-2080
-2045
-1769
-986
366
326
1144
1682
1022
1118
1776
2063
1402
1330
1782
1829
1896
2174
2294
1605
851
266
515
280
-505
298
81
-704
-516
-664
-1409
-2291
-2202
-2738
-1959
-1573
-1952
-660
-782
-339
33
639
760
195
482
24
1151
1529
1975
3219
3067
3432
3290
3374
3234
2744
2919
3158
3549
3304
3667
3379
2747
3500
2077
333
801
347
-581
38
-438
-1679
-2122
-3394
-3745
-3851
-5632
-6230
-4558
-4781
-5329
-3649
-3494
-3550
-3023
-2650
-1664
-1584
-2070
-2010
-947
179
86
962
1640
922
667
1605
2318
1544
1664
1879
1821
1872
1908
2277
1764
512
252
1029
332
-106
684
143
-418
-257
-416
-907
-1539
-2194
-2487
-1758
-1950
-1824
-1196
-1310
-918
-444
495
543
459
453
505
1432
1562
1933
2646
2705
2512
2877
3352
2925
2951
3304
3262
3653
3592
2880
2877
3156
2558
1753
373
-341
147
-251
-259
83
-798
-2073
-2310
-2628
-4082
-5198
-5767
-5147
-4616
-5022
-3552
-3435
-3828
-2997
-2342
-1008
-1715
-2161
-1713
-915
189
388
1637
1419
499
562
1240
1964
1387
1094
1442
1649
1510
2135
2388
1273
-15
333
658
-37
-61
228
-12
-597
203
391
-135
-629
-1497
-1367
-1169
-1256
-1154
-1106
-878
-747
105
563
211
306
150
638
1338
1581
1940
2137
1965
2170
2516
2879
2591
2408
2982
3042
3097
3336
3475
2927
3072
2470
538
-268
-182
-312
-460
385
-556
-1104
-1158
-2870
-2787
-4067
-5186
-4808
-4366
-4219
-4383
-3248
-4238
-3607
-2743
-2464
-1664
-2418
-2068
-1731
89
778
1009
2072
1296
725
1031
1739
1507
1152
1161
1538
1815
2026
2420
1965
921
75
504
30
-643
-1
-482
-425
-201
-39
93
-712
-753
-1433
-960
-645
-914
-368
-659
-49
-36
345
473
-147
218
-6
630
1122
1487
2073
1815
2408
2357
2307
2459
1996
2425
2542
2734
2630
2588
3253
2724
2644
1791
-190
69
89
-539
23
-234
-1383
-1561
-1978
-2941
-3257
-4174
-4819
-3791
-3518
-3930
-3123
-3508
-3890
-3346
-2794
-2157
-2634
-2638
-2291
-1025
340
732
1691
1682
1031
1011
1712
2055
1383
1316
1618
1574
1853
2384
2087
1336
565
393
553
7
-109
-174
-537
-680
-366
-238
-936
-821
-1362
-1489
-773
-889
-344
-339
346
336
631
1167
367
704
400
608
1109
1278
1756
1829
2231
2413
2357
2512
2083
2287
2542
2216
2226
2006
2092
1855
1546
1004
-346
-149
97
-578
117
-465
-1511
-1694
-2348
-2788
-3543
-4153
-4618
-3570
-3112
-3475
-2307
-2956
-3204
-2668
-2374
-1648
-2238
-2334
-2175
-982
283
486
1472
1206
836
947
1432
2008
1409
1438
1690
1819
2115
2106
1861
1225
410
2
502
273
-452
92
-177
-386
60
65
-754
-1074
-1219
-1914
-880
-1258
-1189
-285
-170
412
441
1012
646
509
1042
896
1659
1680
1738
2071
2124
2508
2149
2294
1660
2105
2905
2358
3055
2707
1910
1856
1354
177
-903
-783
-617
-739
201
-383
-1137
-1533
-2805
-2858
-3804
-4259
-4846
-3992
-2933
-3782
-2050
-2540
-2925
-2356
-2469
-1371
-1965
-1811
-1763
-620
866
783
1775
1441
692
614
700
1174
1237
1220
1322
2073
2494
2011
2407
1851
291
27
65
-163
-394
-159
116
155
361
414
165
-481
-1207
-1219
-994
-980
-749
-303
-106
-159
162
230
55
294
425
589
1378
1777
1822
2268
2414
2292
2248
1957
1580
1727
1710
2079
2606
2326
2449
2227
1467
497
-618
-967
-519
-917
-609
-46
-1405
-1492
-2064
-2758
-3374
-4045
-4290
-3898
-2479
-3548
-2464
-2228
-3072
-2088
-2342
-1382
-1837
-2091
-1748
-748
1103
1083
1749
1923
1284
790
879
1166
792
714
930
1723
1921
1718
2171
1809
577
266
587
-251
-555
-504
-569
98
-218
120
205
-352
-662
-739
-339
-766
-353
-92
52
173
75
224
-201
129
83
222
926
1081
1562
1896
2303
2778
2376
2137
1942
1785
1936
1872
2144
2015
1837
1903
1694
1023
-199
-776
-588
-707
-462
-151
-1019
-1371
-2054
-2888
-2869
-3828
-4254
-4094
-2979
-2746
-2820
-1814
-2750
-2256
-2222
-1859
-1130
-2165
-1917
-1618
125
1023
1362
2175
1744
1463
1086
1548
1501
986
890
1076
1565
1513
1671
1671
781
37
122
52
-346
-608
-546
-328
-244
-33
155
-322
-861
-902
-694
-405
-162
189
315
318
513
598
456
217
217
92
165
773
756
1129
1511
1868
2250
2062
2068
1846
1865
2237
2231
2084
1852
1546
1443
947
774
-329
-765
-428
-952
-363
-304
-1145
-1621
-1966
-2776
-3190
-3410
-4007
-3794
-2636
-2991
-2416
-1622
-2600
-1912
-1870
-1422
-1269
-1800
-1325
-1041
310
665
1163
1765
990
1046
1230
1621
1561
1447
1503
1176
1513
1524
1269
1226
322
-246
-15
-372
-593
-365
-298
-306
49
456
152
-269
-655
-1161
-583
-478
-201
313
229
480
521
1031
691
592
600
28
418
458
583
836
1108
1487
1406
1549
1465
1425
1840
1839
1904
2096
1635
1823
1727
1501
1138
-447
-943
-910
-910
-821
-13
-838
-1506
-1301
-2448
-2262
-2958
-3795
-3765
-2625
-2950
-2496
-1412
-2844
-1723
-1657
-1155
-805
-1611
-1260
-1454
141
590
1219
1704
535
925
784
1443
1804
1528
1455
943
1620
1462
1513
1510
346
-174
-444
-413
-510
-737
-551
-466
-29
613
479
151
-527
-1137
-620
-327
86
184
263
323
444
1352
922
857
743
114
509
938
1156
956
1082
1111
602
1046
943
736
1361
1250
1424
1965
2008
1639
1685
1590
952
-109
-1520
-1680
-689
-838
88
805
-950
-1300
-2151
-2551
-2736
-3496
-3930
-3110
-1679
-2540
-1231
-1518
-2363
-1484
-1757
-716
-1114
-1428
-1424
-310
1523
1370
2141
1562
510
274
619
1781
1447
1000
1141
1404
1795
1803
1869
955
-752
-704
-676
-771
-962
-1161
-593
-443
306
517
73
-683
-1401
-800
-135
346
369
121
358
428
966
1112
676
473
200
431
1271
1704
1410
1333
1163
853
972
1028
519
722
966
878
1759
1623
1282
1357
1119
1383
999
-230
-1127
-751
-786
-521
761
140
-731
-1206
-1929
-2004
-2737
-3441
-3150
-2415
-2149
-1780
-1391
-2113
-2277
-2267
-1629
-1116
-1297
-1257
-1035
146
724
1221
1543
1168
457
423
1330
1074
726
661
912
1258
1509
1928
1356
377
-536
-642
-466
-964
-880
-830
-569
-306
8
283
-476
-577
-828
-392
176
277
524
425
939
850
906
806
370
309
235
790
1246
1138
1198
1281
1297
1386
1263
716
412
335
188
658
913
900
1020
1433
1505
1442
770
-510
-330
-669
-224
747
292
258
-430
-596
-1003
-1775
-2316
-3323
-2427
-2603
-1918
-1361
-2559
-2110
-2902
-2137
-1624
-1831
-1621
-2269
-1028
-699
322
1287
861
1032
739
1192
1106
783
703
333
858
1434
1863
2207
1082
42
-47
-553
-285
-172
-322
-522
-513
32
-73
144
-359
-954
-675
-634
17
233
359
682
690
970
754
632
164
-138
297
614
927
1173
1235
1239
1486
1712
1482
1164
887
615
641
984
1162
1248
1639
1433
1813
1625
695
24
-667
-588
-562
559
474
151
219
-1174
-1321
-2217
-2923
-3311
-3423
-2759
-2631
-1612
-2159
-2276
-2099
-2476
-1825
-2038
-1795
-1931
-1557
-396
452
1438
1583
1624
1252
951
922
736
799
713
942
1467
1651
1302
851
91
-436
-326
-325
-195
-297
-392
-394
3
131
-164
-168
-815
-845
-541
-227
218
483
747
569
854
794
437
436
281
323
640
972
1084
1268
1472
1517
1607
1508
1211
1128
964
1049
1363
1356
1356
1340
1333
1293
1101
671
124
-191
-412
-158
139
140
59
-481
-823
-1412
-2176
-2771
-3163
-3210
-3103
-2405
-2199
-2166
-2141
-2148
-1862
-1877
-1738
-1738
-1714
-1107
-386
413
1153
1265
1230
1025
1025
987
770
856
617
915
896
880
936
200
31
-116
-175
-230
-175
-123
-383
-25
219
111
64
-269
-427
-414
-391
31
170
281
357
399
469
306
361
307
362
595
763
823
798
912
964
1074
1220
1074
910
971
1078
1169
1357
1362
1142
1115
986
899
951
637
324
242
297
181
385
421
-58
79
-474
-1041
-1489
-2384
-2677
-2707
-2340
-2382
-1995
-1908
-2358
-1982
-2215
-2029
-1859
-1986
-1519
-1129
-454
-112
285
609
422
739
791
661
639
498
800
825
908
1049
699
545
42
75
123
-69
139
-35
295
282
247
290
-41
-17
-384
-350
-225
-303
-171
-176
35
-33
8
107
-29
148
355
599
674
726
823
774
943
1059
921
952
1065
1106
1318
1476
1537
1380
1100
864
721
736
564
629
497
351
536
510
496
416
271
-252
-455
-738
-1256
-1340
-1602
-1753
-1812
-1623
-1862
-1947
-2063
-2333
-1887
-1883
-1537
-1340
-1223
-1022
-807
-362
-348
-32
-43
0
257
343
505
557
665
616
678
750
576
393
233
80
167
433
396
504
532
371
414
340
272
105
27
-65
-126
-59
-239
-303
-338
-428
-251
-133
17
151
222
361
387
656
649
584
819
719
857
1063
1083
1286
1279
1399
1293
1277
1128
707
894
497
637
683
514
711
354
481
196
262
61
-209
-37
-621
-433
-727
-879
-1008
-1488
-1401
-1732
-1470
-1699
-1619
-1491
-1737
-1290
-1438
-1109
-1147
-1134
-931
-1092
-645
-632
-428
-303
-348
-191
-248
-28
-36
92
341
190
321
350
232
421
323
392
454
485
634
514
774
545
511
542
244
293
-61
-83
-228
-291
-137
-207
31
-7
48
112
200
399
411
542
592
657
812
920
973
1099
1138
1177
1231
1207
1157
1139
1004
776
774
677
690
703
654
511
496
496
215
123
-200
-176
-216
-238
-127
-443
-422
-755
-771
-952
-1258
-1267
-1473
-1160
-1221
-857
-914
-1192
-881
-1125
-964
-1056
-1143
-1160
-1101
-875
-955
-592
-678
-704
-507
-514
-397
-397
-279
-207
24
168
284
387
281
300
418
544
480
464
494
461
483
444
358
213
36
-9
-16
-12
-72
-162
-58
35
195
358
348
345
367
502
556
693
644
443
576
705
954
1012
1116
977
836
1102
1088
1086
757
592
684
856
891
608
608
362
365
346
-177
-399
-400
-359
-119
-105
-611
-678
-523
-508
-673
-659
-846
-906
-413
-547
-413
-609
-614
-444
-468
-597
-1156
-998
-1206
-1213
-1027
-1077
-942
-947
-709
-747
-596
-503
-561
-412
-496
-428
-425
-133
7
74
140
36
114
28
82
86
75
36
68
165
87
90
62
24
208
282
348
309
225
290
427
640
623
441
212
210
324
447
474
460
529
692
739
638
516
409
690
864
849
774
725
788
720
590
295
142
204
319
400
322
408
560
695
492
276
79
77
416
374
435
305
373
441
391
261
-316
-410
-683
-679
-930
-1518
-1387
-1509
-1331
-1225
-1241
-1452
-1498
-1118
-1437
-1203
-1123
-1078
-634
-357
-236
-254
-65
-327
-236
-139
-257
-82
68
121
126
273
140
6
-47
-191
-97
26
58
69
61
-70
-149
-84
-60
-65
6
33
10
154
-18
-48
65
121
327
625
800
725
1036
1072
1034
1237
1168
1125
1156
1198
1105
1051
949
673
686
593
529
535
379
343
251
258
207
176
140
166
329
306
300
198
23
-79
-206
-261
-312
-359
-526
-631
-715
-834
-827
-893
-913
-920
-856
-862
-843
-735
-675
-588
-452
-348
-325
-374
-359
-432
-460
-413
-453
-306
-327
-323
-295
-287
-285
-329
-271
-398
-307
-154
-194
-3
-44
-104
-99
-72
-51
-175
18
-115
-90
2
-28
123
57
236
224
311
455
467
640
599
787
868
947
1079
1015
1059
886
787
664
583
578
477
526
535
503
469
396
209
155
243
292
361
485
421
295
321
68
-76
-68
-150
-200
-189
-248
-516
-499
-648
-801
-651
-688
-600
-584
-524
-603
-552
-529
-614
-354
-424
-321
-210
-201
-289
-366
-321
-421
-328
-365
-375
-315
-376
-359
-329
-366
-351
-200
-166
-226
-157
-129
-201
-211
-195
-266
-168
-108
-155
-139
-84
-51
-44
43
-40
-70
83
172
231
360
477
522
557
611
605
625
608
485
432
395
404
467
454
487
444
443
428
263
254
181
249
299
440
512
435
556
396
330
246
58
-69
-137
-123
-168
-56
-69
-194
-128
-229
-363
-373
-448
-439
-352
-170
-165
-150
-81
-128
-59
-108
-126
-211
-201
-104
-140
-43
-83
-107
-149
-177
-211
-316
-193
-236
-201
-162
-189
-149
-289
-324
-399
-382
-301
-275
-269
-364
-315
-315
-332
-324
-465
-461
-374
-246
-88
47
84
76
158
139
180
167
146
152
248
345
430
464
335
351
260
199
166
73
17
31
127
145
260
279
177
220
161
123
139
142
67
64
182
141
217
286
197
162
238
145
36
70
21
9
262
323
258
389
307
142
113
64
-57
80
185
163
324
360
213
173
32
-120
-96
-21
-72
2
88
-4
63
-33
-173
-242
-196
-214
-183
-70
-149
-160
-187
-293
-365
-407
-437
-424
-348
-290
-229
-149
-237
-284
-291
-358
-336
-253
-217
-202
-82
-29
-30
19
-39
-85
-81
-116
-159
-142
-114
-161
-91
-103
-157
-150
-186
-204
-264
-236
-221
-140
-37
-16
81
79
61
42
58
117
121
274
318
344
420
385
370
270
271
249
280
336
340
455
397
358
385
401
360
311
410
382
410
521
477
389
297
288
196
124
142
93
166
174
178
176
117
23
-117
-102
-122
-137
-52
-56
-47
-100
-93
-72
-177
-206
-278
-274
-351
-332
-300
-358
-356
-379
-328
-317
-291
-256
-227
-185
-236
-238
-246
-373
-374
-382
-356
-395
-372
-357
-441
-450
-536
-564
-566
-554
-473
-402
-240
-136
-83
0
-94
-66
-88
-3
51
113
281
257
327
264
190
88
10
63
31
125
217
248
362
370
412
407
453
426
400
526
451
531
561
499
421
405
370
243
324
235
229
316
239
187
161
123
37
89
136
41
127
134
138
172
84
21
-78
-130
-258
-204
-170
-220
-143
-151
-177
-149
-99
-142
-139
-94
-118
-89
-42
-113
-127
-119
-207
-305
-355
-468
-557
-548
-526
-511
-441
-443
-476
-453
-473
-422
-366
-285
-208
-83
-17
34
82
26
-9
-6
-58
-49
-47
-45
-62
-45
-49
-80
13
-34
55
119
209
246
290
330
315
392
354
364
387
335
316
306
315
277
242
290
183
206
151
190
172
170
243
193
239
141
187
169
140
175
117
81
10
-17
-45
-46
16
-104
-83
-104
-165
-98
-42
46
62
156
115
75
12
-111
-139
-165
-186
-193
-183
-250
-338
-367
-450
-478
-460
-438
-390
-356
-244
-262
-248
-263
-247
-176
-88
20
64
130
71
7
-34
-119
-179
-142
-134
-135
-75
-8
-5
56
70
108
145
138
95
129
197
192
337
377
372
304
310
302
225
228
228
260
230
248
304
300
347
336
331
295
210
158
121
153
119
221
235
176
76
-20
-46
-120
-75
-78
-35
15
5
33
-5
0
-18
10
58
-8
62
-12
-90
-198
-265
-315
-399
-354
-420
-373
-340
-338
-312
-355
-366
-353
-331
-352
-325
-222
-215
-77
19
59
96
64
-3
-111
-123
-209
-165
-104
-99
7
84
109
57
40
16
-24
28
28
72
167
207
231
237
219
145
144
167
136
178
228
227
243
245
267
293
329
267
262
306
250
261
252
196
156
152
98
10
-6
-46
-21
1
-51
-24
-50
-48
-50
5
53
69
93
32
45
-13
-20
15
-63
-120
-159
-230
-336
-378
-402
-405
-324
-322
-313
-312
-358
-360
-336
-315
-289
-189
-120
-103
-45
-31
3
-20
-92
-72
-68
-74
-66
-35
-32
5
89
130
136
147
114
125
72
18
49
78
129
139
186
142
88
48
11
16
24
109
153
132
165
201
223
224
246
262
253
257
222
224
217
196
193
136
7
-102
-131
-172
-172
-84
-3
46
45
28
5
-33
-42
-20
-6
-26
-32
22
-19
-53
-70
-97
-114
-228
-287
-342
-329
-345
-326
-243
-296
-255
-256
-274
-260
-219
-108
-95
-28
-69
-63
-44
-133
-111
-130
-97
-116
-54
-13
-31
95
82
150
160
156
196
172
197
121
184
146
114
140
81
107
66
86
4
-20
-4
-57
3
10
60
92
143
149
145
223
211
278
314
315
325
318
234
96
60
-38
-67
-47
-60
-48
21
60
41
93
57
41
40
-13
-25
-19
22
7
86
56
9
12
-112
-176
-255
-239
-252
-226
-236
-269
-205
-276
-235
-222
-214
-163
-113
-45
-70
-4
-48
-27
-31
-134
-129
-189
-181
-194
-89
-44
8
133
79
130
107
144
167
194
220
184
268
147
147
93
66
85
56
100
0
11
-91
-61
-69
-119
-21
-74
14
35
146
200
235
343
261
332
211
196
137
65
111
30
145
42
92
38
-10
40
-45
67
-49
46
40
54
123
20
108
-22
56
-28
-71
-32
-140
-35
-160
-94
-179
-212
-192
-308
-193
-306
-196
-206
-178
-93
-152
-5
-95
-24
-107
-90
-44
-170
-66
-191
-139
-165
-113
-82
-127
25
-40
89
74
67
108
72
139
67
137
82
73
110
52
108
63
75
-11
-67
-121
-193
-136
-167
-109
-94
-31
21
3
42
25
83
110
128
135
114
134
110
146
159
122
125
99
47
24
45
59
88
108
85
104
80
16
34
45
19
31
31
-13
-38
-38
-47
-27
-22
-88
-97
-137
-192
-173
-128
-81
-45
-7
-39
-31
-60
-107
-79
-45
-10
-22
-7
-51
-63
-49
-48
-13
-25
-13
-19
-13
-12
-10
64
73
83
44
17
-3
-39
10
-1
44
37
19
-22
-98
-111
-132
-72
-95
-101
-91
-109
-76
-94
-41
-8
28
26
19
40
-15
67
81
95
117
100
108
65
98
60
142
178
136
145
75
53
12
38
14
30
63
2
34
-19
-43
-39
-35
-41
-104
-89
-153
-111
-92
-107
-21
-5
24
-20
3
-30
-35
-3
-53
-14
-32
1
23
38
56
26
64
16
0
-15
-22
21
29
88
79
94
76
34
25
-19
-12
-50
-29
-38
-33
-12
-39
-18
-72
-61
-110
-147
-159
-182
-137
-137
-59
-64
-34
-4
-31
-11
-48
-44
-72
-53
-37
-44
33
47
99
117
116
119
97
107
49
68
44
34
38
7
40
26
41
5
-4
-23
-75
-69
-98
-78
-67
-43
-18
-29
14
14
51
63
57
81
69
86
43
70
77
84
136
128
148
130
145
127
120
132
91
139
132
142
161
166
179
151
148
65
37
-3
-50
-30
-38
-19
-16
-3
-14
-44
-56
-118
-120
-156
-170
-154
-156
-100
-81
-32
-37
-51
-118
-171
-174
-227
-194
-162
-117
-75
-41
-9
-19
9
-20
-25
-22
-60
-47
-57
-36
-50
-37
-45
-79
-77
-126
-117
-136
-127
-119
-126
-80
-114
-76
-39
-17
16
51
98
61
89
75
72
100
89
107
128
153
126
147
175
140
193
176
149
170
162
184
205
246
223
250
228
155
140
82
64
56
53
26
27
31
-5
39
19
-12
-8
-47
-79
-97
-91
-103
-40
-17
-35
-16
-77
-153
-168
-215
-250
-234
-222
-228
-183
-153
-157
-87
-110
-132
-110
-120
-138
-100
-57
-62
-16
-26
-82
-82
-136
-168
-134
-132
-140
-129
-126
-165
-138
-121
-115
-46
-30
-2
25
52
43
69
100
66
92
80
86
107
128
141
157
170
139
143
155
167
199
237
276
299
296
277
254
245
192
180
166
131
103
77
67
38
50
32
11
-10
-47
-73
-71
-63
-67
-35
-1
-1
-13
-19
-54
-72
-116
-158
-182
-207
-208
-186
-140
-142
-118
-109
-139
-149
-170
-166
-131
-85
-77
-39
-6
-49
-43
-57
-88
-101
-118
-119
-130
-121
-137
-116
-110
-142
-124
-118
-102
-93
-50
-19
9
25
23
54
53
57
98
128
136
142
150
142
143
146
162
204
226
240
256
266
259
251
250
240
215
185
161
148
139
121
124
121
87
64
23
5
-20
-48
-40
-36
-24
-15
6
25
38
25
13
-8
-53
-102
-108
-112
-110
-75
-68
-64
-79
-110
-144
-149
-179
-187
-144
-120
-102
-63
-54
-64
-66
-109
-127
-126
-133
-140
-96
-79
-87
-64
-87
-113
-126
-140
-146
-114
-95
-96
-53
-56
-68
-53
-53
-36
-2
24
53
91
105
95
113
112
112
145
167
208
240
260
264
266
240
206
202
171
157
169
177
177
192
181
162
140
107
61
47
29
7
31
32
49
72
81
69
66
38
-4
-17
-49
-69
-59
-57
-43
-24
-34
-55
-73
-112
-157
-171
-190
-193
-169
-145
-130
-119
-120
-130
-145
-174
-181
-171
-167
-143
-118
-110
-93
-97
-110
-128
-123
-143
-142
-131
-144
-128
-140
-149
-148
-143
-142
-108
-75
-68
-35
-19
-21
10
14
38
66
105
143
177
217
205
230
187
163
153
136
140
154
185
176
192
178
146
128
94
72
70
74
72
81
104
96
100
102
69
74
66
54
64
50
41
55
67
44
48
32
12
18
-16
-37
-54
-74
-96
-102
-123
-129
-118
-117
-121
-130
-143
-149
-145
-131
-140
-116
-92
-84
-61
-82
-74
-70
-58
-67
-79
-82
-98
-101
-116
-126
-131
-130
-114
-95
-87
-83
-76
-61
-64
-48
-31
-7
29
59
95
106
122
121
108
90
62
61
66
76
78
88
98
83
73
58
37
24
21
28
41
62
73
73
79
63
60
53
51
55
58
77
76
88
76
66
57
61
59
58
65
51
50
39
24
2
-23
-48
-47
-64
-71
-60
-53
-67
-73
-67
-76
-74
-63
-59
-43
-23
-17
11
12
9
2
-13
-31
-45
-55
-67
-62
-62
-76
-76
-72
-83
-75
-78
-82
-61
-47
-37
-19
4
20
44
65
52
41
34
27
7
3
-8
-8
-1
-15
-18
-28
-31
-33
-38
-42
-41
-34
-16
-7
-3
-7
6
10
7
10
12
23
36
47
32
31
28
22
28
29
36
50
74
81
80
73
56
56
41
18
16
29
32
41
35
29
22
-6
-10
-16
-23
-15
12
34
45
59
67
64
63
46
24
18
18
25
16
16
6
8
-15
-35
-39
-50
-45
-31
-20
-22
-6
1
11
17
19
19
29
27
19
18
2
-11
-26
-34
-54
-57
-66
-63
-58
-63
-57
-48
-44
-52
-51
-54
-39
-34
-24
-13
5
12
10
17
-3
-2
-16
-15
-17
-10
-3
9
33
32
41
36
32
26
21
6
10
24
28
39
51
42
28
22
-5
-23
-23
-22
-16
5
16
27
38
45
45
51
37
45
47
39
50
51
48
37
40
20
12
5
-6
-10
-3
1
-1
7
1
13
23
23
30
37
41
42
43
25
13
-8
-35
-37
-45
-48
-50
-48
-46
-48
-54
-55
-67
-70
-70
-56
-41
-28
-4
2
7
7
-6
-26
-38
-51
-55
-48
-32
-21
-13
-6
-16
-22
-27
-32
-33
-28
-22
-11
5
12
11
14
-7
-12
-24
-44
-30
-44
-45
-28
-42
-24
-29
-32
-20
-19
-3
-4
19
21
25
28
18
22
9
12
15
10
18
19
12
17
9
2
-4
-6
2
6
19
28
50
53
54
57
31
24
13
6
5
3
4
6
0
-3
-12
-30
-37
-46
-38
-34
-13
-1
13
27
27
34
16
9
3
4
-7
-6
-1
-4
-2
0
-2
-15
-16
-18
-27
-18
-12
3
15
17
23
23
22
11
10
3
3
-2
-2
-2
-6
-15
-22
-25
-29
-24
-16
-6
4
19
19
28
29
22
19
19
19
22
25
28
29
19
19
12
3
-9
-2
-2
0
9
18
29
31
28
18
18
4
6
4
11
17
13
22
19
9
-7
-19
-22
-22
-25
-13
-5
6
14
10
16
6
5
-6
-2
0
-2
8
5
6
-2
-6
-21
-21
-25
-28
-32
-26
-22
-21
-17
-24
-20
-24
-25
-21
-16
-16
-12
-9
-3
-8
-13
-25
-34
-38
-37
-32
-31
-29
-19
-11
-18
-14
-13
-8
-5
6
14
21
29
29
26
22
23
12
15
10
16
19
22
31
25
22
23
13
6
9
20
21
22
31
37
32
22
22
14
2
8
-1
0
6
11
18
18
29
19
22
12
9
8
9
3
0
6
-5
2
-14
-17
-18
-22
-28
-32
-24
-32
-30
-20
-23
-22
-23
-21
-28
-22
-14
-12
2
0
7
-10
-10
-19
-19
-19
-19
-14
-19
-15
-21
-19
-24
-25
-25
-17
-12
6
4
11
23
21
34
20
21
18
9
19
23
26
22
26
25
17
10
9
6
-5
6
6
13
20
22
15
20
8
-1
-1
-12
-10
-10
-2
0
5
4
-7
-9
-10
-18
-13
-15
-12
-11
-8
-12
-11
-7
-12
-15
-25
-29
-37
-39
-44
-41
-47
-45
-50
-58
-66
-65
-66
-62
-54
-50
-42
-42
-39
-49
-38
-44
-37
-38
-39
-25
-24
-25
-19
-22
-22
-19
-15
-2
0
14
19
25
30
37
37
46
50
51
49
62
76
71
85
86
92
85
81
79
81
78
81
86
93
86
86
88
69
68
61
50
48
40
42
50
39
41
33
28
18
13
13
6
3
-2
6
0
-5
-8
-10
-22
-27
-27
-40
-40
-45
-53
-65
-68
-70
-80
-75
-82
-82
-84
-78
-87
-79
-71
-76
-74
-68
-56
-58
-53
-46
-33
-38
-25
-23
-19
-23
-16
-8
-7
7
8
25
23
37
35
42
42
50
56
53
64
73
82
85
93
88
94
90
90
94
93
92
94
84
89
89
77
66
59
53
48
50
42
36
35
28
16
15
7
9
13
5
1
-6
-17
-22
-31
-35
-36
-40
-48
-47
-57
-68
-67
-72
-85
-94
-88
-107
-105
-105
-102
-105
-104
-100
-101
-100
-97
-88
-96
-84
-81
-73
-69
-60
-55
-53
-41
-45
-45
-31
-35
-27
-23
-12
1
7
16
18
29
30
47
43
56
64
75
82
89
98
98
104
101
107
95
111
108
107
109
108
118
103
105
92
92
92
75
68
54
53
43
45
44
34
29
25
15
3
-8
-17
-23
-28
-29
-44
-40
-43
-38
-54
-57
-57
-69
-75
-79
-76
-98
-89
-88
-94
-87
-87
-94
-95
-99
-101
-102
-98
-95
-86
-73
-66
-58
-51
-49
-46
-51
-51
-44
-45
-32
-32
-19
-16
-10
-6
1
10
15
24
33
47
48
59
65
73
89
92
90
98
100
107
98
97
98
95
99
92
100
95
103
94
96
95
83
77
76
69
69
62
47
46
37
46
37
37
35
25
16
6
0
-3
-9
-15
-22
-25
-25
-37
-40
-56
-57
-73
-80
-81
-84
-81
-84
-74
-85
-83
-89
-91
-97
-104
-98
-97
-92
-98
-87
-91
-90
-97
-92
-96
-106
-106
-108
-105
-94
-83
-85
-61
-62
-55
-48
-42
-44
-49
-42
-38
-31
-19
-3
8
23
34
49
54
64
64
64
70
72
75
86
94
107
113
111
120
121
119
117
117
114
114
118
122
126
129
128
135
129
117
110
95
96
87
79
83
79
70
68
61
49
37
21
13
6
-15
-19
-28
-45
-45
-54
-62
-76
-84
-92
-103
-105
-114
-119
-123
-130
-130
-139
-135
-139
-146
-148
-152
-150
-148
-151
-158
-145
-133
-123
-113
-100
-102
-99
-93
-83
-76
-79
-73
-63
-55
-37
-10
-13
2
7
14
24
34
44
50
71
82
100
105
114
128
135
137
137
145
147
148
161
164
164
173
176
181
178
175
161
149
146
129
126
117
109
102
101
94
82
79
63
49
33
23
12
-2
-18
-22
-38
-54
-59
-75
-95
-111
-123
-140
-142
-151
-155
-157
-160
-164
-165
-171
-177
-184
-189
-191
-194
-190
-181
-183
-177
-174
-171
-154
-151
-143
-134
-118
-110
-101
-94
-86
-78
-64
-54
-43
-41
-25
-8
-2
16
25
44
44
65
80
102
111
131
146
158
169
161
176
177
186
188
202
200
210
199
208
205
191
188
180
174
159
163
156
156
142
149
130
116
102
85
86
63
62
36
25
22
9
0
-11
-23
-48
-60
-70
-86
-105
-118
-129
-138
-160
-153
-162
-172
-174
-189
-187
-209
-208
-209
-201
-196
-191
-184
-186
-178
-177
-175
-160
-150
-141
-124
-124
-109
-110
-104
-96
-79
-67
-60
-49
-39
-17
-10
9
22
40
57
76
89
107
111
127
139
136
148
146
154
156
169
167
176
179
179
179
179
178
174
174
163
167
154
148
137
132
122
111
108
97
89
74
67
54
44
34
23
20
3
-4
-26
-44
-54
-69
-66
-74
-86
-87
-96
-117
-118
-133
-144
-145
-146
-158
-155
-149
-160
-146
-142
-135
-130
-131
-118
-119
-113
-103
-104
-94
-89
-75
-71
-58
-54
-48
-50
-46
-31
-29
-19
-13
1
12
25
32
44
54
70
75
78
98
104
108
117
126
126
117
120
124
124
123
125
124
114
117
116
108
109
109
104
94
86
85
72
62
64
59
50
36
25
22
19
9
0
-7
-12
-27
-38
-50
-54
-65
-63
-59
-66
-68
-79
-85
-93
-86
-83
-86
-82
-86
-84
-84
-81
-80
-79
-76
-72
-68
-62
-60
-56
-56
-54
-38
-42
-32
-25
-22
-17
-22
-12
-17
-4
2
3
11
17
23
22
29
38
41
47
60
60
66
72
82
78
82
79
77
82
80
82
74
69
70
75
75
70
61
63
57
58
49
45
45
34
40
38
38
27
27
22
13
1
-4
-10
-23
-30
-35
-39
-47
-47
-50
-43
-46
-49
-43
-41
-48
-57
-44
-46
-54
-66
-50
-47
-50
-45
-38
-32
-38
-29
-34
-32
-36
-25
-18
-21
-18
-19
-16
-19
-10
-7
-4
-2
0
4
17
11
14
23
20
19
22
30
22
23
25
26
25
27
27
22
28
36
29
32
26
23
23
16
19
9
16
13
9
9
9
20
12
9
10
8
-3
-2
-9
-16
-20
-35
-32
-37
-38
-46
-41
-46
-53
-53
-53
-51
-63
-60
-65
-61
-60
-54
-50
-49
-56
-54
-58
-58
-56
-59
-54
-49
-47
-52
-39
-41
-35
-31
-20
-16
-14
-7
0
-2
6
10
9
16
13
25
19
17
20
22
29
24
34
31
31
38
28
24
26
27
30
27
29
30
22
30
16
16
16
16
12
15
19
10
11
6
4
-4
5
0
-3
-4
-7
-11
-12
-12
-18
-20
-26
-22
-25
-19
-18
-20
-18
-21
-23
-23
-31
-28
-33
-31
-26
-18
-13
-11
-11
-11
-7
-13
-12
-16
-9
-6
2
-2
4
4
9
12
18
26
22
25
28
32
32
34
28
34
30
35
29
33
35
31
35
32
43
35
39
44
48
45
41
36
36
28
25
28
27
37
32
35
31
32
33
28
28
22
23
20
20
18
15
12
8
3
9
0
-3
-9
-11
-11
-16
-9
-13
-7
-13
-14
-16
-14
-15
-21
-16
-17
-29
-27
-18
-21
-15
-14
-6
-16
-13
-13
-17
-18
-22
-16
-23
-13
-23
-17
-15
-19
-20
-22
-16
-23
-17
-22
-12
-12
-7
-1
6
8
7
11
10
11
3
5
-1
5
7
7
6
10
12
7
9
10
3
7
8
4
6
4
6
-2
3
6
9
4
9
13
11
12
7
9
10
6
3
6
4
0
-1
-6
-8
-6
-12
-8
-13
-14
-10
-18
-18
-22
-26
-26
-34
-27
-28
-31
-32
-29
-30
-31
-25
-24
-21
-21
-16
-19
-14
-16
-7
-13
-16
-15
-22
-19
-20
-16
-25
-26
-31
-23
-25
-13
-14
-9
-6
-4
-6
-10
-10
-12
-10
-12
-4
-12
-3
-7
3
9
9
12
12
20
19
19
20
20
16
21
13
16
18
22
31
20
17
18
7
19
17
22
24
15
22
9
13
12
1
0
2
4
4
8
9
12
17
17
11
13
6
3
3
6
11
4
0
0
1
0
-2
-2
3
2
0
5
6
12
20
16
20
22
13
12
7
8
4
4
4
13
13
6
15
12
12
18
19
11
11
16
17
7
13
19
16
14
14
16
13
23
23
22
21
21
26
29
33
34
29
30
28
22
21
16
14
10
19
10
11
15
9
3
6
8
-3
0
-3
-2
-5
-2
-10
-11
-18
-13
-9
-13
-9
-9
-13
-15
-9
-18
-13
-17
-10
-18
-16
-18
-23
-19
-25
-19
-28
-16
-23
-20
-13
-16
-18
-18
-16
-25
-18
-16
-16
-17
-16
-21
-25
-26
-32
-31
-23
-21
-24
-15
-15
-13
-14
-10
-7
-11
-5
0
9
3
7
10
3
4
10
9
9
13
16
12
15
15
13
17
20
20
19
28
22
22
20
16
9
0
7
5
3
-2
0
1
1
-1
-2
-5
-7
-7
-4
-9
-15
-13
-16
-12
-15
-11
-13
-15
-9
-10
-3
-8
-7
-8
-8
-9
-7
0
-3
-1
-3
-1
-1
-3
1
4
4
2
-3
-2
-6
-12
-7
-4
2
-5
-1
-6
-5
-4
-6
-4
-5
-1
-6
3
-1
-4
-2
6
12
9
4
9
12
9
11
15
13
10
13
10
9
7
12
8
6
6
7
5
8
6
-6
-4
-3
-3
-1
-4
-9
-3
-1
-2
0
-11
-9
-6
-3
-5
-9
-12
-21
-22
-24
-24
-24
-31
-32
-28
-27
-25
-29
-21
-22
-26
-12
-16
-15
-23
-23
-20
-16
-10
-12
-4
-16
-19
-15
-13
-16
-16
-4
-8
-8
-3
-5
-2
4
2
9
11
3
5
6
4
6
14
6
16
3
6
17
-5
6
4
7
13
12
12
16
14
13
9
12
11
12
8
7
12
-3
7
5
13
11
6
-1
0
4
2
12
10
17
15
15
11
17
9
17
9
6
11
10
12
7
4
-7
2
-1
3
3
8
6
16
13
7
13
4
6
4
12
2
5
4
3
-3
-9
0
-5
0
-2
-5
-9
-10
-10
-6
-7
-3
-4
-6
-5
-6
1
-5
3
-3
6
3
-7
-5
-6
-2
-6
5
4
4
1
0
3
-3
-1
3
6
8
14
15
12
14
13
5
6
6
6
7
5
1
0
-7
-7
2
-5
0
3
-1
1
1
5
7
15
13
9
7
7
3
-3
2
-6
3
3
5
4
4
-3
-6
-5
-4
-8
-9
-4
-12
-10
-9
-7
-15
-16
-16
-16
-15
-4
-1
-3
-7
-5
-5
-10
-5
-1
-3
-7
-3
-7
-6
-9
-3
-7
-3
-3
-5
1
-1
4
0
11
4
2
10
3
15
14
20
30
32
31
30
34
35
38
35
35
33
31
22
21
20
16
15
15
16
16
17
13
16
7
13
13
14
15
15
21
23
16
14
15
16
19
12
16
7
12
6
-4
-1
-8
-6
-2
-7
-3
-12
-13
-10
-14
-20
-23
-16
-25
-17
-16
-10
-12
-9
-10
-4
-11
-8
-5
-12
-8
-10
-8
-19
-11
-20
-19
-17
-20
-17
-12
-10
-8
-6
-3
-10
-13
-10
-11
-11
-10
3
0
-2
2
4
-5
-3
-9
-3
-1
1
3
5
9
-2
5
-2
2
-4
-1
-6
-6
-4
-2
-5
-10
-2
-3
-3
2
3
-8
-4
-9
-9
-15
-11
-9
-15
-9
-13
-15
-11
-13
-15
-17
-19
-17
-18
-25
-24
-29
-32
-31
-27
-22
-20
-16
-19
-16
-19
-17
-20
-19
-9
-14
-10
-10
-5
-2
-3
-3
-3
-5
3
-4
-3
4
2
4
5
13
8
9
14
7
6
12
19
13
17
22
19
19
15
16
15
12
17
16
9
13
8
12
16
16
13
13
19
19
21
22
25
21
19
21
18
23
19
17
22
20
18
15
13
10
9
10
8
6
8
10
9
10
8
1
-6
-7
-6
-6
-6
-6
-5
-6
-12
-10
-6
-7
-6
-6
-7
-13
-11
-17
-16
-12
-11
-7
-10
-5
-11
-7
-5
-3
4
2
4
2
7
10
9
10
8
7
15
12
4
0
0
0
2
4
1
-1
0
0
0
-5
-10
-6
-6
0
-8
-11
-1
-2
4
0
4
-4
3
1
-3
4
1
3
0
4
-5
-4
0
-3
0
-3
-1
-5
-4
0
-13
-9
-9
-23
-5
-11
-6
-7
-19
-8
-19
-12
-11
-15
-18
-22
-20
-26
-19
-19
-16
-19
-26
-23
-31
-28
-22
-22
-16
-19
-20
-16
-16
-14
-13
-10
-6
-4
7
7
6
-1
-1
9
7
7
6
6
-3
-3
4
2
7
3
0
9
9
17
16
15
18
14
20
14
13
11
12
10
14
11
11
4
10
5
-1
8
8
16
7
10
13
15
10
14
12
11
7
8
8
0
8
0
1
-5
-1
-6
-9
-7
-12
-13
-22
-10
-19
-15
-17
-13
-16
-12
-9
-15
-9
-10
-10
-10
-4
-20
-6
-10
-18
-13
-19
-10
-14
-15
-12
-16
-14
-13
-17
-10
-9
-1
3
-1
0
-2
6
4
9
9
3
6
7
9
12
9
12
10
8
12
16
22
13
14
4
1
5
-3
-1
0
2
3
2
0
3
1
0
1
8
10
11
15
15
22
13
21
15
17
23
22
25
18
20
14
14
6
3
1
2
3
3
1
3
5
1
4
6
6
0
6
0
-4
6
12
12
17
19
20
16
14
16
4
14
16
13
11
7
6
5
7
12
9
4
4
3
4
8
9
12
9
6
4
4
9
5
5
11
13
13
8
8
10
2
7
8
4
6
10
2
3
7
4
-3
-6
-3
-6
-3
-4
0
3
7
4
7
-1
1
-1
-10
-6
-8
-3
-15
-4
-3
-10
-3
-11
-6
-9
-7
-9
-9
-6
-9
-2
-7
-3
-4
4
4
-3
-2
-3
-1
-3
6
4
5
3
9
6
2
1
-1
4
1
3
-3
7
3
0
-6
0
1
2
0
4
0
4
0
-3
13
1
11
-3
10
1
-3
3
-3
0
-3
-2
-1
0
-6
1
-4
3
-2
-1
-5
-3
-2
0
2
2
6
4
9
3
6
-2
2
7
7
7
7
1
-6
-1
-8
-9
-11
-3
-8
-11
1
-2
-6
-9
-4
-7
-2
-5
-3
-10
-13
-10
-11
-11
-11
-4
-7
0
-16
-3
-13
-9
-9
-12
0
-8
2
-6
-4
-2
4
1
2
3
7
2
